/*--------------------------------*- C++ -*----------------------------------*\
  =========                 |
  \\      /  F ield         | OpenFOAM: The Open Source CFD Toolbox
   \\    /   O peration     | Website:  https://openfoam.org
    \\  /    A nd           | Version:  7
     \\/     M anipulation  |
\*---------------------------------------------------------------------------*/
FoamFile
{
    version     2.0;
    format      ascii;
    class       volVectorField;
    location    "114";
    object      U;
}
// * * * * * * * * * * * * * * * * * * * * * * * * * * * * * * * * * * * * * //

dimensions      [0 1 -1 0 0 0 0];

internalField   nonuniform List<vector> 
175
(
(-0.273853 -0.00842738 3.9579e-20)
(-0.27037 -0.0107666 1.33414e-18)
(-0.266963 -0.0129028 -8.03835e-19)
(-0.263649 -0.0147797 -4.44596e-18)
(-0.260445 -0.0163473 -2.28245e-18)
(-0.257367 -0.0175627 2.15902e-18)
(-0.254426 -0.0183908 -2.86877e-19)
(-0.251636 -0.0188051 5.618e-19)
(-0.249005 -0.0187881 3.92491e-18)
(-0.246538 -0.0183313 6.89084e-19)
(-0.244241 -0.0174356 -1.22603e-18)
(-0.242114 -0.0161116 5.99245e-19)
(-0.240156 -0.0143792 -2.29943e-18)
(-0.238363 -0.0122676 -4.38134e-18)
(-0.236732 -0.00981528 -1.74691e-18)
(-0.235255 -0.00706841 -9.84061e-19)
(-0.233927 -0.0040836 -6.9919e-20)
(-0.232741 -0.00092159 -1.18004e-19)
(-0.27378 -0.00904199 1.89849e-18)
(-0.270298 -0.0113695 2.23915e-18)
(-0.266884 -0.0134902 -4.77946e-19)
(-0.263557 -0.0153478 -3.74719e-18)
(-0.260333 -0.0168925 -2.35828e-18)
(-0.257229 -0.0180817 2.92884e-18)
(-0.254258 -0.0188809 -2.55734e-19)
(-0.251433 -0.0192638 1.28019e-18)
(-0.248764 -0.0192135 1.91362e-18)
(-0.246258 -0.0187221 5.92388e-19)
(-0.243919 -0.017791 -7.83953e-19)
(-0.241751 -0.0164314 -2.10065e-19)
(-0.239753 -0.0146636 -2.35669e-18)
(-0.237923 -0.0125174 -4.18883e-18)
(-0.236258 -0.0100317 -2.20058e-18)
(-0.234752 -0.00725303 3.5948e-19)
(-0.233399 -0.00423775 6.99467e-19)
(-0.232195 -0.00104506 8.36588e-21)
(-0.273419 -0.00965608 4.32163e-18)
(-0.269943 -0.0119731 3.40706e-18)
(-0.266529 -0.0140793 -3.06372e-19)
(-0.263194 -0.0159186 -3.84623e-18)
(-0.259955 -0.0174413 -2.65018e-18)
(-0.25683 -0.0186051 2.2351e-18)
(-0.253834 -0.0193759 1.77514e-18)
(-0.250979 -0.0197279 2.3138e-18)
(-0.248276 -0.0196446 8.31369e-20)
(-0.245733 -0.0191186 5.21447e-19)
(-0.243357 -0.0181521 -6.04227e-19)
(-0.241151 -0.0167566 -9.87739e-19)
(-0.239115 -0.0149531 -3.02992e-18)
(-0.23725 -0.012772 -4.62892e-18)
(-0.235552 -0.0102523 -2.76819e-18)
(-0.234018 -0.00744119 1.83609e-18)
(-0.232642 -0.00439516 1.61064e-18)
(-0.23142 -0.0011736 2.77722e-20)
(-0.272771 -0.0102649 5.40624e-18)
(-0.269308 -0.0125727 4.9971e-18)
(-0.265898 -0.0146658 -5.68084e-19)
(-0.26256 -0.016488 -4.67843e-18)
(-0.259313 -0.0179901 -3.27841e-18)
(-0.256172 -0.0191298 2.05488e-18)
(-0.253155 -0.0198735 1.78718e-18)
(-0.250273 -0.0201957 3.72298e-18)
(-0.24754 -0.0200804 3.75981e-19)
(-0.244965 -0.0195209 4.86879e-19)
(-0.242554 -0.0185196 -5.50311e-19)
(-0.240313 -0.0170889 -2.10735e-18)
(-0.238243 -0.0152502 -1.90861e-18)
(-0.236344 -0.0130342 -3.75379e-18)
(-0.234616 -0.0104807 -3.70644e-18)
(-0.233054 -0.00763703 1.62766e-18)
(-0.231655 -0.00456002 2.71241e-18)
(-0.230415 -0.00130941 6.129e-21)
(-0.271838 -0.0108698 5.31822e-18)
(-0.268392 -0.0131695 4.90246e-18)
(-0.264993 -0.0152507 -1.37616e-18)
(-0.261658 -0.0170571 -4.21423e-18)
(-0.258406 -0.0185396 -4.17923e-18)
(-0.255255 -0.0196564 2.51448e-18)
(-0.25222 -0.0203738 2.03809e-18)
(-0.249317 -0.020667 3.36492e-18)
(-0.246558 -0.0205205 5.14343e-19)
(-0.243954 -0.0199279 6.19137e-19)
(-0.241512 -0.0188923 -7.09122e-19)
(-0.239238 -0.0174265 -1.39894e-18)
(-0.237136 -0.0155525 -1.12286e-18)
(-0.235206 -0.0133015 -3.36997e-18)
(-0.233448 -0.0107138 -5.15473e-18)
(-0.23186 -0.00783704 2.03497e-18)
(-0.230439 -0.00472835 1.95166e-18)
(-0.229181 -0.0014475 -1.60607e-19)
(-0.270619 -0.0114705 3.93238e-18)
(-0.267197 -0.0137635 5.31825e-18)
(-0.263814 -0.0158339 -2.77264e-18)
(-0.260487 -0.0176258 -4.50817e-18)
(-0.257236 -0.0190898 -5.62335e-18)
(-0.254079 -0.0201845 1.41106e-18)
(-0.251032 -0.0208765 2.61745e-18)
(-0.248111 -0.0211415 1.40147e-18)
(-0.24533 -0.0209642 3.9928e-19)
(-0.2427 -0.0203389 7.66072e-19)
(-0.24023 -0.0192692 -1.14858e-18)
(-0.237927 -0.0177683 -1.01941e-18)
(-0.235794 -0.0158589 -5.39087e-19)
(-0.233835 -0.0135727 -3.55062e-18)
(-0.23205 -0.0109503 -5.17082e-18)
(-0.230436 -0.00803988 9.94974e-19)
(-0.228993 -0.00489884 1.49095e-18)
(-0.227717 -0.00158698 -4.19098e-19)
(-0.269117 -0.0120662 3.24086e-18)
(-0.265725 -0.0143537 6.51975e-18)
(-0.262363 -0.0164147 -2.89685e-18)
(-0.259049 -0.0181931 -3.24209e-18)
(-0.255804 -0.0196398 -5.62496e-18)
(-0.252645 -0.0207134 1.07682e-18)
(-0.24959 -0.021381 3.60003e-18)
(-0.246656 -0.0216185 1.7351e-18)
(-0.243856 -0.021411 4.24441e-19)
(-0.241204 -0.0207534 1.09836e-18)
(-0.238709 -0.0196498 -1.87702e-18)
(-0.236378 -0.018114 1.5908e-18)
(-0.234218 -0.0161692 2.61862e-19)
(-0.232232 -0.0138475 -2.28405e-18)
(-0.23042 -0.01119 -3.75166e-18)
(-0.228783 -0.00824545 3.24937e-19)
(-0.227318 -0.00507145 1.30198e-18)
(-0.226024 -0.00172779 1.30144e-18)
(-0.267335 -0.0126548 3.01789e-18)
(-0.263977 -0.0149382 6.38114e-18)
(-0.260641 -0.0169912 -4.13142e-18)
(-0.257345 -0.0187574 -2.47895e-18)
(-0.25411 -0.0201881 -4.13838e-18)
(-0.250954 -0.0212419 1.43829e-18)
(-0.247896 -0.0218861 3.01644e-18)
(-0.244952 -0.022097 2.1542e-18)
(-0.242137 -0.0218603 -1.81362e-18)
(-0.239466 -0.0211712 1.63903e-18)
(-0.236949 -0.0200343 -3.09919e-18)
(-0.234594 -0.0184641 2.51474e-18)
(-0.232409 -0.0164841 -1.17237e-18)
(-0.230397 -0.0141271 -1.59424e-18)
(-0.22856 -0.0114347 -5.04116e-18)
(-0.226899 -0.00845579 2.49223e-20)
(-0.225413 -0.00524853 1.28548e-18)
(-0.2241 -0.00187216 9.98475e-19)
(-0.265273 -0.0132329 3.11344e-18)
(-0.261955 -0.0155138 4.68507e-18)
(-0.25865 -0.0175602 -4.24762e-18)
(-0.255378 -0.019316 -1.87665e-18)
(-0.252157 -0.0207323 -3.11223e-18)
(-0.249008 -0.0217679 2.35859e-18)
(-0.24595 -0.0223905 6.43972e-19)
(-0.243 -0.0225765 2.79942e-18)
(-0.240174 -0.022312 -2.43075e-18)
(-0.237487 -0.0215928 2.58989e-18)
(-0.234951 -0.020424 -2.79467e-18)
(-0.232575 -0.0188205 1.90644e-18)
(-0.230366 -0.0168064 -9.02351e-19)
(-0.22833 -0.014415 -1.17749e-18)
(-0.226469 -0.0116884 -5.11598e-18)
(-0.224785 -0.00867584 2.86777e-20)
(-0.223277 -0.00543598 1.5703e-18)
(-0.221946 -0.00202771 1.0406e-18)
(-0.262934 -0.0138053 3.75223e-18)
(-0.259661 -0.016085 3.61858e-18)
(-0.256393 -0.0181264 -3.05027e-18)
(-0.253148 -0.0198731 -1.40247e-18)
(-0.249946 -0.0212761 -2.44751e-18)
(-0.246808 -0.0222945 1.53167e-18)
(-0.243754 -0.022896 4.57625e-19)
(-0.240802 -0.0230576 3.94061e-18)
(-0.237969 -0.0227656 -1.44389e-18)
(-0.235269 -0.0220163 1.9437e-18)
(-0.232716 -0.0208152 -3.08506e-18)
(-0.230321 -0.0191778 1.77522e-18)
(-0.22809 -0.0171289 -9.603e-19)
)
;

boundaryField
{
    inlet
    {
        type            uniformFixedValue;
        uniformValue    constant (1 0 0);
        value           nonuniform 0();
    }
    outlet
    {
        type            pressureInletOutletVelocity;
        value           nonuniform 0();
    }
    polygon
    {
        type            fixedValue;
        value           nonuniform 0();
    }
    top
    {
        type            symmetryPlane;
    }
    bottom
    {
        type            symmetryPlane;
    }
    outside
    {
        type            zeroGradient;
    }
    procBoundary29to21
    {
        type            processor;
        value           nonuniform List<vector> 
19
(
(-0.2605 -0.0143651 2.60925e-18)
(-0.257273 -0.0166445 3.01343e-18)
(-0.254041 -0.0186806 -2.75991e-18)
(-0.250824 -0.0204169 -1.23712e-18)
(-0.247643 -0.0218044 -2.28499e-18)
(-0.244518 -0.0228024 1.27063e-18)
(-0.24147 -0.0233789 3.54157e-19)
(-0.238518 -0.023511 3.54851e-18)
(-0.235679 -0.0231859 -1.00587e-18)
(-0.232969 -0.0224001 1.78958e-18)
(-0.230402 -0.0211601 -2.03308e-18)
(-0.227989 -0.0194819 1.645e-19)
(-0.225739 -0.0173909 -1.25092e-18)
(-0.226032 -0.0147023 1.28707e-18)
(-0.224148 -0.0119406 -3.95829e-18)
(-0.222442 -0.00889366 2.98649e-19)
(-0.220912 -0.00562104 2.13346e-18)
(-0.219561 -0.00218348 1.04909e-18)
(-0.226032 -0.0147023 1.28707e-18)
)
;
    }
    procBoundary29to28
    {
        type            processor;
        value           nonuniform List<vector> 9((-0.231689 0.00235665 -2.55729e-18) (-0.231132 0.00225675 -5.84265e-19) (-0.230345 0.00215395 1.43692e-18) (-0.229328 0.00204474 1.31731e-18) (-0.228081 0.00193399 1.62244e-18) (-0.226604 0.00182252 2.20081e-18) (-0.224897 0.00171056 1.01214e-18) (-0.222958 0.00159651 -1.75372e-19) (-0.220788 0.00147034 -1.30762e-18));
    }
    procBoundary29to30
    {
        type            processor;
        value           nonuniform List<vector> 10((-0.277392 -0.00594607 -1.67974e-18) (-0.277312 -0.00656848 -1.21325e-18) (-0.276938 -0.00718916 -9.48594e-19) (-0.27627 -0.0078034 -6.82228e-19) (-0.275311 -0.00841241 -2.24349e-19) (-0.27406 -0.00901605 2.75997e-18) (-0.272521 -0.00961335 4.10418e-18) (-0.270695 -0.0102023 4.0336e-18) (-0.268584 -0.0107793 2.55131e-18) (-0.266191 -0.0113489 1.74805e-18));
    }
    procBoundary29to37
    {
        type            processor;
        value           nonuniform List<vector> 
18
(
(-0.273637 -0.00784226 -1.69803e-18)
(-0.270161 -0.0101932 7.40158e-19)
(-0.266767 -0.0123443 -1.6044e-18)
(-0.263472 -0.014239 -3.75882e-18)
(-0.260293 -0.0158272 -2.26805e-18)
(-0.257245 -0.0170656 -1.69409e-19)
(-0.25434 -0.0179189 -4.98674e-19)
(-0.251588 -0.0183601 4.55997e-20)
(-0.248999 -0.0183712 4.54975e-18)
(-0.246576 -0.0179433 5.55078e-19)
(-0.244323 -0.0170769 -1.79913e-18)
(-0.242239 -0.0157821 -6.89024e-19)
(-0.240323 -0.0140784 -2.74208e-18)
(-0.238569 -0.0119947 -5.15286e-18)
(-0.236973 -0.00956932 -1.2962e-18)
(-0.235526 -0.00684806 -4.55064e-18)
(-0.234222 -0.00388766 -8.32999e-19)
(-0.233055 -0.000746976 -2.06109e-19)
)
;
    }
}


// ************************************************************************* //
