/*--------------------------------*- C++ -*----------------------------------*\
  =========                 |
  \\      /  F ield         | OpenFOAM: The Open Source CFD Toolbox
   \\    /   O peration     | Website:  https://openfoam.org
    \\  /    A nd           | Version:  7
     \\/     M anipulation  |
\*---------------------------------------------------------------------------*/
FoamFile
{
    version     2.0;
    format      ascii;
    class       volVectorField;
    location    "14";
    object      U;
}
// * * * * * * * * * * * * * * * * * * * * * * * * * * * * * * * * * * * * * //

dimensions      [0 1 -1 0 0 0 0];

internalField   nonuniform List<vector> 
175
(
(-0.374074 0.0736848 7.77732e-17)
(-0.33113 0.072376 5.76124e-17)
(-0.289197 0.0695292 4.97783e-17)
(-0.250248 0.0655832 2.99819e-17)
(-0.213287 0.0608454 -1.61646e-17)
(-0.181373 0.0559787 -2.59064e-18)
(-0.150244 0.0523679 2.48481e-17)
(-0.125501 0.0489965 2.19704e-17)
(-0.0976107 0.0513685 -3.28889e-17)
(-0.0743106 0.0491024 -1.61304e-17)
(-0.0470621 0.0542771 -7.33519e-18)
(-0.0109608 0.0357083 -8.76555e-18)
(-0.387191 0.0664596 8.59355e-17)
(-0.343323 0.0653222 5.69768e-17)
(-0.300366 0.0628117 5.78639e-17)
(-0.260342 0.0593161 2.41063e-17)
(-0.222181 0.0551214 -1.536e-17)
(-0.18901 0.0507938 -8.52017e-19)
(-0.156513 0.0476288 2.87296e-17)
(-0.130195 0.0446336 3.30231e-17)
(-0.100791 0.0468324 -4.11229e-17)
(-0.0753382 0.0448851 -1.17559e-17)
(-0.0464508 0.0490417 -5.76138e-18)
(-0.0104627 0.0320857 -1.18932e-17)
(-0.398981 0.0590825 7.62926e-17)
(-0.354278 0.0581062 6.36284e-17)
(-0.310404 0.0559192 4.20491e-17)
(-0.269413 0.0528591 1.98318e-17)
(-0.230182 0.0491897 -1.87963e-17)
(-0.195876 0.0453833 1.39868e-18)
(-0.162159 0.0426389 3.77353e-17)
(-0.13441 0.0399979 2.07898e-17)
(-0.103653 0.0419931 -3.14118e-17)
(-0.0763049 0.0403321 -8.61373e-18)
(-0.0459134 0.0436308 -5.52262e-18)
(-0.0100311 0.0285283 -1.64615e-17)
(-0.409401 0.0515402 5.12192e-17)
(-0.363955 0.0507224 4.41573e-17)
(-0.319269 0.0488556 2.99291e-17)
(-0.277425 0.0462273 1.57183e-17)
(-0.237253 0.043075 -2.65514e-17)
(-0.201941 0.0397845 4.36103e-18)
(-0.167155 0.037441 5.39122e-17)
(-0.138133 0.0351438 1.09521e-17)
(-0.106188 0.0369112 -2.03201e-18)
(-0.0771895 0.0355189 -6.55602e-18)
(-0.0454338 0.0381514 -5.80496e-18)
(-0.00964519 0.0250788 -2.4576e-17)
(-0.418416 0.0438773 4.12203e-17)
(-0.372319 0.0432059 3.19883e-17)
(-0.326928 0.0416468 2.20438e-17)
(-0.284344 0.0394388 1.39052e-17)
(-0.243362 0.036791 -3.93882e-17)
(-0.207182 0.0340095 1.03104e-17)
(-0.171477 0.0320504 5.25303e-17)
(-0.141352 0.0300947 2.03284e-18)
(-0.108383 0.031615 -2.63608e-18)
(-0.0779765 0.0304749 -6.13337e-18)
(-0.0450142 0.0325595 -6.10151e-18)
(-0.00930342 0.0215579 -3.76126e-17)
(-0.425991 0.0361112 4.24254e-17)
(-0.379341 0.0355751 2.34339e-17)
(-0.333353 0.034312 1.72084e-17)
(-0.290146 0.0325137 1.25201e-17)
(-0.248484 0.0303582 -6.03801e-17)
(-0.211575 0.0280798 2.06602e-17)
(-0.175105 0.0264906 6.07613e-17)
(-0.144054 0.024876 -8.99337e-18)
(-0.11023 0.0261342 -3.83375e-18)
(-0.0786539 0.025228 -7.51087e-18)
(-0.044659 0.0268467 -5.9289e-18)
(-0.00900838 0.0179281 -3.21991e-17)
(-0.432096 0.0282523 2.17517e-17)
(-0.384994 0.0278427 1.73004e-17)
(-0.33852 0.0268665 1.4235e-17)
(-0.294809 0.0254702 1.16206e-17)
(-0.252599 0.0237977 -6.47117e-17)
(-0.215105 0.0220189 9.76084e-18)
(-0.178022 0.0207885 5.10837e-17)
(-0.146228 0.0195165 -2.48149e-17)
(-0.11172 0.0205018 -5.15739e-18)
(-0.0792107 0.0198125 -8.78291e-18)
(-0.0443701 0.0210278 -6.91393e-18)
(-0.00876283 0.0141897 -3.40839e-17)
(-0.436703 0.0203119 1.28848e-17)
(-0.389254 0.0200227 1.37435e-17)
(-0.342409 0.0193275 1.37189e-17)
(-0.298316 0.0183285 1.0058e-17)
(-0.255693 0.0171332 -5.23071e-17)
(-0.217759 0.0158539 5.90256e-18)
(-0.180217 0.0149747 2.44704e-17)
(-0.147866 0.0140499 -2.00659e-17)
(-0.112844 0.0147553 -6.90702e-18)
(-0.0796374 0.0142688 -1.14799e-17)
(-0.0441486 0.0151229 -7.44287e-18)
(-0.00857041 0.0103367 -4.45189e-17)
(-0.439789 0.0123256 6.50847e-18)
(-0.392103 0.0121521 1.44431e-17)
(-0.345007 0.0117324 1.49776e-17)
(-0.300656 0.0111265 7.61787e-18)
(-0.257756 0.0104023 -2.26499e-17)
(-0.219529 0.00962145 5.55415e-18)
(-0.181682 0.00908676 3.11983e-17)
(-0.148959 0.00851301 -2.051e-17)
(-0.113598 0.00893279 -9.0632e-18)
(-0.0799262 0.00863561 -1.63123e-17)
(-0.0439967 0.00914622 -7.32276e-18)
(-0.00843602 0.00634932 -3.80306e-17)
(-0.393529 0.00422441 1.71373e-17)
(-0.346305 0.00406469 1.82864e-17)
(-0.301825 0.00383849 7.07607e-18)
(-0.258786 0.00357546 2.30014e-18)
(-0.220413 0.00328914 8.60518e-18)
(-0.182413 0.00309464 4.47733e-17)
(-0.149507 0.00287916 -2.77377e-17)
(-0.113977 0.00300882 -1.24958e-17)
(-0.0800725 0.0028956 3.70249e-18)
(-0.0439188 0.0030591 1.99745e-17)
(-0.00836589 0.00215736 -1.31413e-17)
(-0.159897 0.0808429 2.39096e-17)
(-0.135493 0.0736307 9.63002e-18)
(-0.112656 0.0680381 -3.44581e-18)
(-0.0972935 0.0639825 3.09913e-17)
(-0.078631 0.0664972 -1.6174e-18)
(-0.069186 0.0633969 2.09205e-18)
(-0.0501374 0.0710134 2.52374e-18)
(-0.0151667 0.0353822 9.18399e-18)
(-0.312804 0.0978228 7.97317e-17)
(-0.274142 0.0952291 6.29197e-17)
(-0.23697 0.09057 2.81606e-17)
(-0.203042 0.0845346 4.32298e-17)
(-0.1717 0.0775383 2.8655e-17)
(-0.145629 0.070779 -8.04586e-18)
(-0.120958 0.0655947 2.77508e-18)
(-0.103533 0.0616309 1.56744e-17)
(-0.0828398 0.0642496 3.68184e-18)
(-0.0702661 0.0612257 -1.57409e-17)
(-0.0496469 0.0683116 9.14979e-19)
(-0.0138642 0.0357641 7.02942e-18)
(-0.329427 0.0923559 8.47737e-17)
(-0.28959 0.0901102 6.75195e-17)
(-0.251119 0.0859211 3.81127e-17)
(-0.215819 0.0804121 4.52695e-17)
(-0.182951 0.0739769 3.65488e-17)
(-0.15529 0.0676648 -1.20624e-17)
(-0.128866 0.0628734 9.93005e-18)
(-0.109455 0.0590044 1.82502e-17)
(-0.0868111 0.0616549 8.47239e-18)
(-0.0712638 0.0587544 -2.2376e-17)
(-0.0490566 0.0653668 6.53655e-19)
(-0.0129115 0.0361694 5.41566e-18)
(-0.345187 0.0868087 8.57274e-17)
(-0.304246 0.0848848 6.31072e-17)
(-0.264548 0.0811396 3.46956e-17)
(-0.227955 0.0761316 3.98822e-17)
(-0.193643 0.0702351 2.0245e-17)
(-0.164476 0.0643522 -6.63931e-18)
(-0.136388 0.0599278 1.70827e-17)
(-0.115085 0.0561387 8.75589e-18)
(-0.090585 0.0587488 1.55079e-17)
(-0.0722409 0.0559883 -2.05659e-17)
(-0.048406 0.0621886 1.26678e-18)
(-0.0121676 0.0367158 5.30141e-18)
(-0.360057 0.0809301 8.27351e-17)
(-0.318088 0.0793044 6.5165e-17)
(-0.277244 0.075985 4.81213e-17)
(-0.239441 0.0714662 3.98357e-17)
(-0.203769 0.066102 8.10714e-18)
(-0.173186 0.0606519 -4.14343e-18)
(-0.143531 0.0565853 2.55228e-17)
(-0.120445 0.0528933 1.50026e-17)
(-0.0941913 0.0553898 -3.07607e-18)
(-0.0732465 0.052805 -2.32757e-17)
(-0.047718 0.0585787 -1.04739e-17)
(-0.0115274 0.0371009 -7.90508e-18)
)
;

boundaryField
{
    inlet
    {
        type            uniformFixedValue;
        uniformValue    constant (1 0 0);
        value           nonuniform 0();
    }
    outlet
    {
        type            pressureInletOutletVelocity;
        value           nonuniform 0();
    }
    polygon
    {
        type            fixedValue;
        value           uniform (0 0 0);
    }
    top
    {
        type            symmetryPlane;
    }
    bottom
    {
        type            symmetryPlane;
    }
    outside
    {
        type            zeroGradient;
    }
    procBoundary34to26
    {
        type            processor;
        value           nonuniform List<vector> 
11
(
(-0.393529 -0.00422437 2.30392e-17)
(-0.346305 -0.00406471 2.36821e-17)
(-0.301825 -0.00383856 5.93602e-18)
(-0.258786 -0.00357557 2.58428e-17)
(-0.220413 -0.00328927 1.35419e-17)
(-0.182413 -0.00309477 6.68986e-17)
(-0.149507 -0.00287927 -1.5283e-17)
(-0.113977 -0.0030089 -1.65891e-17)
(-0.0800725 -0.00289565 2.33546e-17)
(-0.0439188 -0.00305913 2.37695e-17)
(-0.00836589 -0.00215737 7.79379e-18)
)
;
    }
    procBoundary34to35
    {
        type            processor;
        value           nonuniform List<vector> 
11
(
(-0.417695 0.0734992 4.1426e-17)
(-0.431683 0.0662616 2.29038e-17)
(-0.444262 0.0588806 1.40083e-17)
(-0.45539 0.0513371 1.04579e-17)
(-0.465025 0.0436843 -2.60586e-17)
(-0.473131 0.0359387 -2.96497e-17)
(-0.479672 0.0281088 -3.60345e-17)
(-0.484615 0.0202038 -7.92743e-18)
(-0.487932 0.0122575 2.23155e-17)
(-0.441336 0.00429918 -3.68758e-19)
(-0.441336 0.00429918 -3.68758e-19)
)
;
    }
    procBoundary34to42
    {
        type            processor;
        value           nonuniform List<vector> 
13
(
(-0.147542 0.0838572 2.08779e-17)
(-0.124875 0.0761874 1.60601e-17)
(-0.103941 0.0701717 -1.37931e-17)
(-0.0906987 0.0660288 3.98603e-17)
(-0.0741297 0.0683619 -9.07446e-18)
(-0.0679435 0.0652516 9.21547e-18)
(-0.0504766 0.0734335 -9.51093e-18)
(-0.017025 0.0350163 1.44369e-17)
(-0.295339 0.10311 6.91057e-17)
(-0.257919 0.100144 6.5362e-17)
(-0.222117 0.0949935 1.68299e-17)
(-0.189635 0.0884139 3.057e-17)
(-0.189635 0.0884139 3.057e-17)
)
;
    }
    procBoundary34to43
    {
        type            processor;
        value           nonuniform List<vector> 4((-0.352436 0.0983395 2.58625e-17) (-0.370153 0.0926627 3.40966e-17) (-0.386941 0.0869292 3.05563e-17) (-0.402769 0.0808907 3.2669e-17));
    }
}


// ************************************************************************* //
