/*--------------------------------*- C++ -*----------------------------------*\
  =========                 |
  \\      /  F ield         | OpenFOAM: The Open Source CFD Toolbox
   \\    /   O peration     | Website:  https://openfoam.org
    \\  /    A nd           | Version:  7
     \\/     M anipulation  |
\*---------------------------------------------------------------------------*/
FoamFile
{
    version     2.0;
    format      ascii;
    class       volVectorField;
    location    "106";
    object      U;
}
// * * * * * * * * * * * * * * * * * * * * * * * * * * * * * * * * * * * * * //

dimensions      [0 1 -1 0 0 0 0];

internalField   nonuniform List<vector> 
175
(
(1.27051 0.170477 4.6723e-18)
(1.26793 0.184639 -2.73176e-18)
(1.26404 0.190837 -1.71743e-18)
(1.26059 0.202189 -6.2222e-19)
(1.25766 0.211618 -2.90072e-18)
(1.25541 0.222917 -8.42387e-19)
(1.27268 0.17192 2.89581e-18)
(1.2702 0.185817 -2.64777e-18)
(1.26641 0.191915 -3.16764e-18)
(1.26309 0.203106 -2.46175e-18)
(1.2603 0.212384 -4.37991e-18)
(1.2582 0.223529 -2.21935e-18)
(1.27479 0.173328 2.46313e-18)
(1.2724 0.186964 -2.4233e-18)
(1.26872 0.192957 -3.07862e-18)
(1.26554 0.203983 -2.20023e-18)
(1.26289 0.21311 -4.19774e-18)
(1.26094 0.224095 -1.70164e-18)
(1.27686 0.174703 3.29224e-18)
(1.27456 0.188079 -3.78745e-18)
(1.27098 0.193964 -1.48552e-18)
(1.26794 0.204821 -3.54192e-18)
(1.26543 0.213794 -2.57381e-18)
(1.26363 0.224615 -1.49835e-18)
(1.27889 0.176044 2.81211e-18)
(1.27668 0.18916 -9.12661e-19)
(1.27321 0.194935 -1.38529e-18)
(1.2703 0.205621 -3.06179e-18)
(1.26792 0.214437 4.12542e-19)
(1.26628 0.225091 2.68903e-19)
(1.28087 0.177351 2.5493e-18)
(1.27875 0.190209 -9.26348e-19)
(1.2754 0.19587 -1.44316e-18)
(1.27261 0.206383 -3.77842e-18)
(1.27037 0.215041 1.83114e-18)
(1.2828 0.178627 2.36943e-18)
(1.28077 0.191225 -9.65424e-19)
(1.27754 0.19677 -2.68094e-18)
(1.27488 0.207108 -4.72258e-18)
(1.27278 0.215606 5.88901e-19)
(1.2847 0.179871 2.03841e-18)
(1.28274 0.192207 -8.90085e-19)
(1.27965 0.197633 -3.69343e-18)
(1.2771 0.207797 -4.28736e-18)
(1.27514 0.216133 -5.57938e-19)
(1.28655 0.181084 1.85093e-18)
(1.28466 0.193156 -8.28932e-19)
(1.28171 0.198461 -4.49303e-18)
(1.27928 0.208452 -4.03535e-18)
(1.27745 0.216625 -5.59902e-19)
(1.28836 0.182264 1.47743e-18)
(1.28654 0.194064 -1.87411e-18)
(1.28374 0.199239 -4.13567e-18)
(1.28142 0.209051 -2.43184e-18)
(1.27973 0.217053 4.82301e-19)
(1.24655 0.154712 1.20835e-17)
(1.24245 0.171813 3.03674e-18)
(1.23761 0.179385 -2.50366e-18)
(1.23246 0.192674 2.26105e-18)
(1.22801 0.204121 -7.17566e-19)
(1.24911 0.156415 8.86829e-18)
(1.24522 0.173221 2.77796e-18)
(1.24043 0.180657 -4.47433e-18)
(1.23548 0.19378 1.82016e-18)
(1.23119 0.205019 -8.93772e-19)
(1.25164 0.158089 1.01382e-17)
(1.24791 0.174601 2.34309e-18)
(1.24321 0.181898 -1.85871e-18)
(1.23844 0.194846 1.82207e-18)
(1.23432 0.205879 -8.82466e-19)
(1.25413 0.159735 9.32427e-18)
(1.25056 0.175952 4.09217e-18)
(1.24596 0.18311 -1.49517e-18)
(1.24136 0.195873 -7.45095e-19)
(1.2374 0.206699 -7.44263e-19)
(1.25659 0.161353 7.03693e-18)
(1.25317 0.177274 4.0364e-18)
(1.24866 0.184291 7.75636e-19)
(1.24424 0.196861 -6.64107e-19)
(1.24044 0.20748 -2.79367e-18)
(1.259 0.162942 6.37311e-18)
(1.25575 0.178565 2.90015e-20)
(1.25133 0.185441 2.92505e-19)
(1.24708 0.197812 -3.07107e-18)
(1.24344 0.208224 -4.69392e-18)
(1.24038 0.220561 -1.26562e-18)
(1.26138 0.164501 5.61584e-18)
(1.25827 0.179827 2.59377e-20)
(1.25396 0.18656 -3.16513e-20)
(1.24988 0.198725 -2.87388e-18)
(1.24639 0.20893 -4.06806e-18)
(1.2435 0.221054 -8.98841e-19)
(1.26372 0.16603 4.90522e-18)
(1.26076 0.181058 7.13297e-20)
(1.25654 0.187649 -3.27173e-19)
(1.25263 0.199602 -4.84995e-18)
(1.24929 0.2096 -3.55192e-18)
(1.24657 0.221505 -2.91983e-19)
(1.26602 0.167531 5.96684e-18)
(1.26319 0.182261 3.13986e-19)
(1.25909 0.188707 1.5134e-18)
(1.25533 0.200445 -2.7022e-18)
(1.25213 0.210235 -3.49985e-18)
(1.24958 0.221919 -1.76439e-18)
(1.26828 0.168998 5.17798e-18)
(1.26559 0.183427 -1.26615e-18)
(1.26159 0.189723 -2.97666e-19)
(1.258 0.201234 -7.31985e-19)
(1.25495 0.210812 -3.29302e-18)
(1.25255 0.222263 -1.43329e-18)
(1.22333 0.139116 1.75487e-17)
(1.21603 0.159194 5.59765e-18)
(1.21117 0.1689 -6.01146e-18)
(1.20366 0.183656 8.64891e-18)
(1.19794 0.197576 -5.00716e-18)
(1.22621 0.14075 1.61808e-17)
(1.21903 0.16054 2.34459e-18)
(1.21437 0.169981 -5.43017e-18)
(1.20706 0.184643 7.78753e-18)
(1.2016 0.198309 -4.56685e-18)
(1.22862 0.142376 1.49859e-17)
(1.22179 0.161863 2.7198e-18)
(1.21712 0.171042 -4.34286e-18)
(1.21005 0.185602 1.28001e-17)
(1.20472 0.199009 -3.90862e-18)
(1.23085 0.143979 1.64743e-17)
(1.22442 0.163163 4.98571e-18)
(1.2197 0.172097 -3.53317e-18)
(1.21286 0.186537 8.74066e-18)
(1.20765 0.199688 -8.32486e-19)
(1.23309 0.145557 1.5276e-17)
(1.22704 0.16444 4.65706e-18)
(1.22227 0.173143 -2.92928e-18)
(1.21567 0.187447 7.99327e-18)
(1.21058 0.200344 -7.75002e-19)
(1.23535 0.147113 1.4391e-17)
(1.22965 0.165694 4.23861e-18)
(1.22485 0.174178 -4.92726e-18)
(1.21849 0.188331 7.21571e-18)
(1.21353 0.200976 -6.69759e-19)
(1.2376 0.148647 1.33856e-17)
(1.23223 0.166925 4.02794e-18)
(1.22742 0.1752 -4.2086e-18)
(1.2213 0.189189 6.51457e-18)
(1.21646 0.201582 -5.63979e-19)
(1.23982 0.150158 1.26256e-17)
(1.23478 0.168133 3.77109e-18)
(1.22996 0.176208 -3.68229e-18)
(1.22408 0.190021 5.88274e-18)
(1.21935 0.202163 -4.3899e-19)
(1.24201 0.151644 1.39256e-17)
(1.2373 0.169318 3.64275e-18)
(1.23246 0.177202 -3.26304e-18)
(1.22683 0.190829 5.40843e-18)
(1.22219 0.202721 -6.14662e-19)
(1.24418 0.153105 1.09471e-17)
(1.23979 0.170482 3.41609e-18)
(1.23495 0.178183 -2.88958e-18)
(1.22956 0.191613 2.41901e-18)
(1.22502 0.203257 -6.05005e-19)
(1.08526 0.134693 1.75918e-17)
(1.13136 0.13602 -4.36921e-17)
(1.16076 0.190259 -9.10304e-18)
(1.09377 0.123236 2.78375e-17)
(1.13894 0.127344 -5.89943e-18)
(1.16986 0.174222 -1.28436e-17)
(1.10167 0.111405 2.72649e-17)
(1.14559 0.118013 -3.69467e-17)
(1.17896 0.158609 -1.31915e-17)
(1.10859 0.102136 6.22299e-17)
(1.1514 0.1104 -1.07577e-18)
(1.18648 0.146638 3.7875e-17)
(1.11388 0.0849499 1.632e-17)
(1.15547 0.0956217 2.59837e-18)
(1.19371 0.124279 5.14486e-18)
)
;

boundaryField
{
    inlet
    {
        type            uniformFixedValue;
        uniformValue    constant (1 0 0);
        value           nonuniform 0();
    }
    outlet
    {
        type            pressureInletOutletVelocity;
        value           nonuniform 0();
    }
    polygon
    {
        type            fixedValue;
        value           nonuniform 0();
    }
    top
    {
        type            symmetryPlane;
    }
    bottom
    {
        type            symmetryPlane;
    }
    outside
    {
        type            zeroGradient;
    }
    procBoundary57to49
    {
        type            processor;
        value           nonuniform List<vector> 
35
(
(1.2539 0.234186 5.24076e-18)
(1.25685 0.234624 3.50561e-18)
(1.25976 0.235012 3.67019e-18)
(1.26262 0.235348 2.0507e-18)
(1.26543 0.235636 3.61257e-18)
(1.26887 0.225524 3.70059e-19)
(1.26887 0.225524 3.70059e-19)
(1.27142 0.225916 3.86951e-19)
(1.27391 0.226267 1.67496e-18)
(1.27635 0.226584 5.63112e-19)
(1.27875 0.226826 6.3186e-19)
(1.22408 0.217439 -4.85066e-18)
(1.22743 0.218153 -4.12305e-18)
(1.23073 0.218822 -3.45038e-18)
(1.23399 0.219446 -2.72045e-18)
(1.23721 0.220025 -1.98495e-18)
(1.23721 0.220025 -1.98495e-18)
(1.23801 0.232964 8.50346e-18)
(1.24132 0.233224 1.02714e-17)
(1.24457 0.233438 9.75221e-18)
(1.24776 0.233611 9.3228e-18)
(1.2509 0.233702 7.13125e-18)
(1.19161 0.212765 -1.03405e-17)
(1.19563 0.213346 -9.64401e-18)
(1.19899 0.213884 -8.63755e-18)
(1.20213 0.214392 -7.60906e-18)
(1.20528 0.214868 -6.77472e-18)
(1.20846 0.21531 -5.84208e-18)
(1.21162 0.215716 -5.11695e-18)
(1.21474 0.216089 -4.5678e-18)
(1.21782 0.216429 -3.9051e-18)
(1.22088 0.216738 -3.08268e-18)
(1.07613 0.146058 4.99751e-18)
(1.12314 0.14443 -4.89373e-18)
(1.15064 0.206709 1.23483e-17)
)
;
    }
    procBoundary57to56
    {
        type            processor;
        value           nonuniform List<vector> 5((1.06667 0.0754304 5.6969e-18) (1.07336 0.0704592 6.11975e-17) (1.0792 0.064926 9.82067e-18) (1.08402 0.0601708 -1.79354e-17) (1.08764 0.0505134 -1.25926e-17));
    }
    procBoundary57to58
    {
        type            processor;
        value           nonuniform List<vector> 5((1.28997 0.183363 2.13882e-18) (1.28823 0.194937 -1.8601e-18) (1.28555 0.200043 -3.8498e-18) (1.28333 0.209756 -2.22841e-18) (1.28175 0.217656 5.61284e-19));
    }
}


// ************************************************************************* //
