/*--------------------------------*- C++ -*----------------------------------*\
  =========                 |
  \\      /  F ield         | OpenFOAM: The Open Source CFD Toolbox
   \\    /   O peration     | Website:  https://openfoam.org
    \\  /    A nd           | Version:  7
     \\/     M anipulation  |
\*---------------------------------------------------------------------------*/
FoamFile
{
    version     2.0;
    format      ascii;
    class       volVectorField;
    location    "74";
    object      U;
}
// * * * * * * * * * * * * * * * * * * * * * * * * * * * * * * * * * * * * * //

dimensions      [0 1 -1 0 0 0 0];

internalField   nonuniform List<vector> 
250
(
(1.24925 -0.216694 8.42625e-18)
(1.24483 -0.235151 7.97354e-18)
(1.23725 -0.242387 2.9769e-18)
(1.23115 -0.25635 4.01444e-18)
(1.22439 -0.267449 -1.89753e-18)
(1.21852 -0.281166 -5.10257e-18)
(1.21244 -0.294423 1.35325e-18)
(1.2068 -0.309438 -2.14349e-18)
(1.20092 -0.325917 -7.87769e-18)
(1.19582 -0.343146 -1.32195e-17)
(1.18976 -0.364501 -1.1262e-18)
(1.18588 -0.384847 4.24394e-18)
(1.24169 -0.212082 6.71566e-18)
(1.2366 -0.231684 8.00047e-18)
(1.22858 -0.239592 4.15007e-18)
(1.22165 -0.25486 6.18183e-18)
(1.21419 -0.266988 -2.99898e-18)
(1.20723 -0.282134 -5.2419e-18)
(1.20015 -0.296776 1.1919e-18)
(1.19314 -0.31362 -1.26509e-18)
(1.18583 -0.331964 -1.0895e-17)
(1.17832 -0.351874 -1.56666e-17)
(1.16991 -0.375924 3.35089e-18)
(1.16133 -0.400499 3.33962e-18)
(1.23399 -0.206841 8.853e-18)
(1.22845 -0.227143 1.06381e-17)
(1.22011 -0.235103 3.97941e-18)
(1.21249 -0.250876 7.84035e-18)
(1.20449 -0.263235 -1.3797e-17)
(1.19658 -0.278787 -7.1473e-18)
(1.18862 -0.293737 2.34063e-18)
(1.18036 -0.310977 -1.40009e-18)
(1.1718 -0.329628 -1.38088e-17)
(1.16259 -0.349936 -2.02936e-17)
(1.15207 -0.374326 5.74002e-18)
(1.2263 -0.201774 2.5246e-18)
(1.22014 -0.222942 1.28555e-17)
(1.21139 -0.231205 4.07089e-18)
(1.20295 -0.247764 1.47277e-18)
(1.19427 -0.260639 -1.49e-17)
(1.18521 -0.276958 -8.03574e-18)
(1.17612 -0.292625 -9.07341e-18)
(1.16621 -0.310822 -5.28975e-19)
(1.15585 -0.330378 -3.13821e-18)
(1.1442 -0.351869 -2.62634e-17)
(1.1309 -0.377143 1.16122e-17)
(1.21857 -0.196459 5.00424e-18)
(1.21182 -0.218318 1.6468e-17)
(1.20271 -0.226699 4.89818e-18)
(1.19345 -0.243781 -5.1193e-18)
(1.18411 -0.256894 -2.01946e-17)
(1.17393 -0.273608 -8.82016e-18)
(1.16373 -0.289585 -6.39492e-18)
(1.15221 -0.308146 -1.45602e-17)
(1.13997 -0.327987 -8.99851e-18)
(1.12581 -0.349785 -1.79656e-17)
(1.10959 -0.374981 1.37733e-18)
(1.31116 -0.258394 1.29143e-20)
(1.30718 -0.275056 3.11502e-18)
(1.30289 -0.283107 6.25643e-19)
(1.30029 -0.297434 -1.54836e-18)
(1.29803 -0.309511 -3.16713e-18)
(1.2975 -0.32421 -1.25184e-19)
(1.29756 -0.338044 -2.61251e-18)
(1.2973 -0.351584 -3.4513e-18)
(1.29031 -0.360395 -1.46965e-18)
(1.30614 -0.255316 -4.06491e-19)
(1.3019 -0.272182 -7.81117e-19)
(1.29732 -0.280254 1.1912e-18)
(1.29424 -0.294577 -1.21187e-18)
(1.29155 -0.306787 4.33979e-19)
(1.29044 -0.321883 4.65503e-20)
(1.29037 -0.336913 3.5944e-18)
(1.2918 -0.35345 -4.00153e-18)
(1.29212 -0.36898 -2.08758e-19)
(1.30088 -0.252045 -1.83801e-19)
(1.2964 -0.269182 7.25085e-19)
(1.29144 -0.277459 1.49336e-18)
(1.28789 -0.291937 -1.77113e-18)
(1.2847 -0.304286 -1.62331e-18)
(1.28291 -0.319465 -9.62518e-19)
(1.28192 -0.334413 -2.11218e-18)
(1.28222 -0.350635 1.66322e-18)
(1.28197 -0.366149 -2.5793e-18)
(1.27645 -0.379035 -8.76173e-18)
(1.29537 -0.2485 -5.10773e-19)
(1.29071 -0.265808 1.32532e-20)
(1.2854 -0.274136 2.37355e-18)
(1.28143 -0.288638 -1.60188e-18)
(1.27774 -0.301074 -1.21512e-18)
(1.27542 -0.316502 -3.22715e-19)
(1.27396 -0.332209 -6.1942e-19)
(1.2745 -0.350119 1.36829e-20)
(1.27674 -0.368894 1.24126e-18)
(1.27885 -0.387339 -5.20115e-18)
(1.28963 -0.244732 2.86446e-18)
(1.28482 -0.262215 2.40902e-18)
(1.27913 -0.270616 9.31203e-19)
(1.27476 -0.285141 1.55811e-19)
(1.27053 -0.29755 -2.11333e-18)
(1.2675 -0.312797 -7.46029e-19)
(1.26488 -0.328137 -1.85163e-18)
(1.2635 -0.3455 -2.69471e-18)
(1.26319 -0.364021 -2.61251e-18)
(1.26421 -0.384113 -2.81239e-19)
(1.28364 -0.240701 1.8183e-18)
(1.27875 -0.258302 4.81459e-19)
(1.2727 -0.266701 2.19198e-18)
(1.26798 -0.281203 -8.3055e-20)
(1.26326 -0.293595 -2.33366e-18)
(1.25973 -0.308881 -5.22024e-19)
(1.25668 -0.324461 -1.1793e-18)
(1.25501 -0.34238 -1.5448e-18)
(1.25456 -0.361773 -2.04616e-18)
(1.25602 -0.383019 -1.29248e-18)
(1.27744 -0.236426 3.09921e-18)
(1.27254 -0.254134 1.31381e-18)
(1.26613 -0.262491 2.51027e-18)
(1.2611 -0.276925 8.07268e-19)
(1.25586 -0.289147 -3.11093e-18)
(1.25168 -0.304143 -8.14719e-19)
(1.24761 -0.31924 -1.5865e-18)
(1.24441 -0.336502 -2.14153e-18)
(1.2417 -0.355434 -3.0305e-18)
(1.24068 -0.376874 -1.46475e-18)
(1.24155 -0.401452 -6.56275e-19)
(1.27103 -0.231892 3.52584e-18)
(1.26624 -0.249695 1.54006e-18)
(1.25952 -0.257942 3.27149e-18)
(1.25426 -0.272298 1.72929e-18)
(1.24859 -0.284357 -3.76188e-18)
(1.244 -0.299201 -8.65365e-19)
(1.23943 -0.314138 -1.35402e-18)
(1.23576 -0.331166 -1.94904e-18)
(1.23242 -0.349708 -3.69957e-18)
(1.23002 -0.370386 -2.53564e-18)
(1.2283 -0.394553 1.20407e-19)
(1.26429 -0.227127 4.54731e-18)
(1.25974 -0.245059 3.17692e-18)
(1.25274 -0.253099 3.99898e-18)
(1.24731 -0.267324 3.24107e-18)
(1.24119 -0.27907 -1.28718e-18)
(1.23611 -0.293518 -1.22193e-18)
(1.23069 -0.307903 -1.49151e-18)
(1.22591 -0.324306 -1.91911e-18)
(1.22119 -0.342219 -7.6504e-18)
(1.2172 -0.361986 -3.99106e-18)
(1.21325 -0.385486 1.50416e-18)
(1.25701 -0.222114 5.35045e-18)
(1.25267 -0.240253 2.87529e-18)
(1.24534 -0.247964 4.75877e-18)
(1.23966 -0.26206 4.57906e-18)
(1.23317 -0.273496 -2.34217e-18)
(1.22776 -0.287595 -1.34152e-18)
(1.22192 -0.301457 -1.58453e-18)
(1.21663 -0.317212 -7.79881e-20)
(1.2111 -0.334349 -7.86383e-18)
(1.20613 -0.352771 -7.81713e-18)
(1.20047 -0.374915 2.99289e-18)
(1.19611 -0.397731 -2.27702e-18)
(1.38217 -0.287069 3.82801e-18)
(1.37785 -0.286441 -2.19969e-18)
(1.36759 -0.283657 -3.94342e-18)
(1.3455 -0.278363 -6.44186e-18)
(1.30237 -0.267601 -2.15685e-18)
(1.22723 -0.249555 1.86513e-18)
(1.11016 -0.222289 -3.68508e-18)
(0.948511 -0.186391 -4.16677e-19)
(0.752785 -0.145395 -7.54214e-19)
(1.38254 -0.287333 -1.18713e-18)
(1.38 -0.287906 1.29283e-18)
(1.37349 -0.286332 2.12959e-18)
(1.35848 -0.283218 2.49517e-18)
(1.32671 -0.275405 3.94028e-19)
(1.26721 -0.261102 -2.88201e-19)
(1.16783 -0.237582 1.65725e-18)
(1.02102 -0.204279 6.49623e-19)
(0.831017 -0.163418 4.50956e-19)
(1.38162 -0.28715 7.7185e-20)
(1.38019 -0.288888 -9.03521e-19)
(1.37631 -0.288311 -1.22803e-18)
(1.36684 -0.287164 -1.22497e-18)
(1.34481 -0.282051 -1.41131e-20)
(1.30008 -0.271443 1.7664e-19)
(1.2194 -0.251952 -5.33889e-19)
(1.09127 -0.221895 -2.95035e-19)
(0.913214 -0.181866 3.03328e-20)
(1.37934 -0.286498 4.60307e-20)
(1.37852 -0.289489 5.07364e-19)
(1.37629 -0.289812 6.26863e-19)
(1.37084 -0.290538 1.75151e-19)
(1.35659 -0.28799 3.34673e-19)
(1.3248 -0.281192 -1.36061e-19)
(1.26219 -0.266386 1.05186e-19)
(1.15435 -0.241053 -1.7731e-19)
(0.992279 -0.204075 -5.32857e-20)
(1.37553 -0.285297 5.85357e-20)
(1.375 -0.28967 3.16506e-20)
(1.37373 -0.290786 -4.58127e-19)
(1.37108 -0.293218 -1.80633e-19)
(1.36286 -0.292851 -1.26258e-19)
(1.34227 -0.289442 -3.31841e-19)
(1.29718 -0.278992 -1.64666e-19)
(1.21205 -0.258364 1.65172e-19)
(1.07258 -0.224793 -1.15532e-19)
(1.36991 -0.283513 1.47373e-20)
(1.3694 -0.289577 1.39989e-19)
(1.36845 -0.291557 1.27837e-20)
(1.36743 -0.295826 3.94518e-20)
(1.36323 -0.297679 6.79186e-20)
(1.35106 -0.297883 -3.91001e-21)
(1.32056 -0.292553 -1.26402e-20)
(1.25642 -0.278397 -1.73872e-19)
(1.14062 -0.251228 -1.12203e-20)
(1.36225 -0.280821 3.76246e-19)
(1.36159 -0.288816 4.28013e-20)
(1.36059 -0.291635 -4.54197e-19)
(1.36047 -0.297635 -3.79234e-19)
(1.35905 -0.301223 -2.33556e-19)
(1.35365 -0.304153 -4.1911e-19)
(1.33644 -0.302684 -6.69089e-19)
(1.29416 -0.293747 -3.51984e-19)
(1.2076 -0.272216 -3.56915e-19)
(1.35215 -0.277104 3.3569e-19)
(1.35111 -0.287417 4.68675e-19)
(1.34961 -0.291379 -2.49129e-19)
(1.34942 -0.299698 -2.68561e-19)
(1.3488 -0.305824 -3.10264e-19)
(1.34668 -0.312572 -1.05199e-19)
(1.33752 -0.316521 -5.8741e-19)
(1.31097 -0.315273 -7.81256e-19)
(1.24864 -0.303209 -1.12306e-18)
(1.33919 -0.271824 3.30313e-19)
(1.33773 -0.284481 7.30392e-19)
(1.3358 -0.289338 -8.46371e-20)
(1.33577 -0.299368 -7.57586e-19)
(1.33607 -0.306871 -1.06672e-18)
(1.33716 -0.315582 -5.16244e-19)
(1.33579 -0.322335 -1.39596e-18)
(1.32562 -0.325781 -1.55552e-18)
(1.29178 -0.320463 -1.13882e-18)
(1.32264 -0.26509 4.27192e-19)
(1.3197 -0.280847 1.79098e-18)
(1.31625 -0.287861 3.96962e-20)
(1.31484 -0.301191 -1.33373e-18)
(1.31362 -0.312293 -1.66242e-18)
(1.31402 -0.325772 -3.23187e-19)
(1.31378 -0.338577 -1.90154e-18)
(1.30983 -0.350708 -2.35915e-18)
(1.29122 -0.35751 -1.69023e-18)
)
;

boundaryField
{
    inlet
    {
        type            uniformFixedValue;
        uniformValue    constant (1 0 0);
        value           nonuniform 0();
    }
    outlet
    {
        type            pressureInletOutletVelocity;
        value           nonuniform 0();
    }
    polygon
    {
        type            fixedValue;
        value           nonuniform 0();
    }
    top
    {
        type            symmetryPlane;
    }
    bottom
    {
        type            symmetryPlane;
    }
    outside
    {
        type            zeroGradient;
    }
    procBoundary1to0
    {
        type            processor;
        value           nonuniform List<vector> 
11
(
(1.21088 -0.191149 3.77741e-18)
(1.2035 -0.21367 2.03371e-17)
(1.19402 -0.222196 6.02716e-18)
(1.18388 -0.239794 -2.71351e-18)
(1.17385 -0.253152 -1.05659e-17)
(1.16248 -0.27024 -2.49798e-17)
(1.15108 -0.286527 -8.60046e-18)
(1.13788 -0.305414 -1.27861e-17)
(1.12369 -0.325423 -6.87198e-18)
(1.10684 -0.34742 -9.5276e-18)
(1.08758 -0.372288 -1.12149e-17)
)
;
    }
    procBoundary1to2
    {
        type            processor;
        value           nonuniform List<vector> 9((1.38039 -0.286298 -1.04137e-17) (1.37347 -0.284367 2.1209e-18) (1.3582 -0.280186 5.97865e-18) (1.32748 -0.272537 1.54499e-17) (1.27159 -0.258742 7.33887e-18) (1.1804 -0.237214 -6.74071e-18) (1.04709 -0.206967 1.11887e-17) (0.874121 -0.169755 9.69447e-19) (0.67691 -0.130031 3.02612e-18));
    }
    procBoundary1to5
    {
        type            processor;
        value           nonuniform List<vector> 
29
(
(1.17773 -0.414909 -9.32239e-18)
(1.14959 -0.434241 -1.88154e-17)
(1.1406 -0.399195 5.63653e-18)
(1.1406 -0.399195 5.63653e-18)
(1.1151 -0.403515 4.95116e-18)
(1.08994 -0.401187 6.25131e-18)
(1.26214 -0.358308 -7.66972e-18)
(1.28314 -0.379461 1.90193e-18)
(1.28314 -0.379461 1.90193e-18)
(1.25218 -0.383008 -6.13942e-18)
(1.27179 -0.400072 -6.99987e-18)
(1.26321 -0.403676 -5.92555e-18)
(1.25795 -0.405518 -5.57136e-18)
(1.25795 -0.405518 -5.57136e-18)
(1.24416 -0.426932 -5.47067e-18)
(1.22912 -0.421043 -4.8512e-18)
(1.21114 -0.410963 -4.69755e-18)
(1.21114 -0.410963 -4.69755e-18)
(1.18972 -0.429165 -7.53538e-18)
(0.547046 -0.105615 -8.96213e-19)
(0.618588 -0.12106 4.58579e-19)
(0.700042 -0.136947 1.09513e-19)
(0.782666 -0.1588 1.41126e-19)
(0.876391 -0.179505 -3.06048e-19)
(0.961979 -0.209795 -1.68035e-19)
(1.05864 -0.234715 3.46652e-20)
(1.12816 -0.274991 -1.0759e-18)
(1.21176 -0.300142 -2.26901e-18)
(1.23805 -0.352733 -4.50605e-18)
)
;
    }
}


// ************************************************************************* //
