/*--------------------------------*- C++ -*----------------------------------*\
  =========                 |
  \\      /  F ield         | OpenFOAM: The Open Source CFD Toolbox
   \\    /   O peration     | Website:  https://openfoam.org
    \\  /    A nd           | Version:  7
     \\/     M anipulation  |
\*---------------------------------------------------------------------------*/
FoamFile
{
    version     2.0;
    format      ascii;
    class       volVectorField;
    location    "64";
    object      U;
}
// * * * * * * * * * * * * * * * * * * * * * * * * * * * * * * * * * * * * * //

dimensions      [0 1 -1 0 0 0 0];

internalField   nonuniform List<vector> 
115
(
(-0.231676 1.6932e-05 1.2896e-18)
(-0.231406 3.73535e-05 1.53396e-18)
(-0.231026 6.19096e-05 1.54647e-19)
(-0.230514 9.1268e-05 -2.09693e-19)
(-0.229846 0.000126247 -4.8033e-20)
(-0.228995 0.000167856 2.71942e-20)
(-0.227927 0.000217341 -4.25095e-19)
(-0.226603 0.000276253 -2.50194e-20)
(-0.189536 -0.000563165 -2.28161e-18)
(-0.188415 -0.00061788 -3.21377e-18)
(-0.187225 -0.000694596 -3.74982e-18)
(-0.18596 -0.000793435 -1.57602e-18)
(-0.184611 -0.000915371 1.17919e-18)
(-0.183169 -0.00106208 -2.95633e-18)
(-0.181625 -0.00123536 -3.67347e-19)
(-0.210944 -4.76548e-05 2.71221e-19)
(-0.210491 -6.41115e-05 -1.28526e-18)
(-0.210003 -9.58046e-05 -2.38904e-18)
(-0.209473 -0.000142982 -3.64791e-18)
(-0.208891 -0.000207278 -1.51373e-18)
(-0.208249 -0.000291148 -1.04209e-18)
(-0.207536 -0.000393804 3.93157e-19)
(-0.206744 -0.000517018 -1.97009e-18)
(-0.205861 -0.000663438 -5.29063e-19)
(-0.204875 -0.000836269 -1.56246e-18)
(-0.203772 -0.00103936 -1.26296e-18)
(-0.202536 -0.00127735 -3.92829e-19)
(-0.201149 -0.00155591 -5.68046e-19)
(-0.199591 -0.00188187 -5.69066e-19)
(-0.197839 -0.00226356 9.252e-20)
(-0.195866 -0.00271121 -3.61617e-19)
(-0.201073 -0.000267723 1.48286e-18)
(-0.200319 -0.000303221 -1.31332e-18)
(-0.199515 -0.000358732 -2.24522e-18)
(-0.198653 -0.000433577 -1.98714e-18)
(-0.197724 -0.00052771 -2.76814e-19)
(-0.19672 -0.000642166 -1.43437e-18)
(-0.195633 -0.000779699 1.41941e-18)
(-0.194452 -0.000942558 -8.20694e-19)
(-0.193167 -0.0011336 -5.11026e-19)
(-0.191765 -0.00135655 -2.67102e-18)
(-0.190233 -0.00161593 -2.24829e-18)
(-0.188556 -0.00191721 -4.67531e-19)
(-0.186719 -0.00226707 -1.02846e-18)
(-0.184701 -0.00267345 -1.09683e-18)
(-0.182483 -0.00314609 -6.25877e-19)
(-0.180039 -0.00369687 -4.6614e-19)
(-0.225173 0.000124107 2.6983e-19)
(-0.225134 0.000121078 -6.53946e-19)
(-0.225082 0.000107108 -4.86225e-18)
(-0.225009 8.29844e-05 -1.72418e-18)
(-0.224906 5.04603e-05 -2.12719e-18)
(-0.22476 1.05589e-05 -7.42948e-19)
(-0.224562 -3.77333e-05 -6.24379e-20)
(-0.224305 -9.86155e-05 -8.16072e-19)
(-0.223975 -0.000173017 -2.6132e-19)
(-0.22356 -0.000262569 -1.18801e-18)
(-0.223044 -0.000369467 -5.11838e-19)
(-0.222411 -0.00049638 -5.5642e-19)
(-0.22164 -0.000646591 -5.96227e-19)
(-0.22071 -0.000824074 -2.92884e-19)
(-0.219593 -0.0010337 -5.15548e-20)
(-0.218259 -0.00128148 -4.06727e-19)
(-0.216669 -0.00157486 -3.06728e-19)
(-0.219021 4.1031e-05 -2.83001e-19)
(-0.218808 3.29823e-05 -2.74971e-18)
(-0.218571 1.12645e-05 -4.67441e-18)
(-0.218303 -2.42861e-05 -2.24013e-18)
(-0.217992 -7.22215e-05 -3.18808e-18)
(-0.217634 -0.000130555 -9.70526e-19)
(-0.217218 -0.000205871 8.80551e-21)
(-0.216733 -0.000297998 -8.7718e-19)
(-0.216169 -0.000408393 -3.4186e-19)
(-0.215511 -0.000539583 -2.05836e-18)
(-0.214745 -0.000694595 -8.50937e-19)
(-0.213856 -0.000877077 -3.94361e-19)
(-0.212824 -0.00109151 -4.49787e-19)
(-0.211627 -0.00134328 -3.48335e-19)
(-0.210241 -0.00163899 -1.49743e-20)
(-0.208636 -0.00198678 -5.19419e-19)
(-0.206778 -0.00239672 -2.72946e-19)
(-0.231413 5.1798e-05 7.22029e-18)
(-0.231549 5.21344e-05 6.56492e-19)
(-0.23168 4.99576e-05 -1.5104e-18)
(-0.231798 4.58164e-05 -6.15882e-19)
(-0.231894 4.0673e-05 -8.90071e-19)
(-0.231958 3.45107e-05 4.60174e-19)
(-0.23198 2.36037e-05 1.84828e-19)
(-0.231948 1.29492e-05 -4.45335e-19)
(-0.231851 -5.08654e-07 2.71832e-19)
(-0.231676 -1.7225e-05 -6.22175e-20)
(-0.231406 -3.75478e-05 4.28071e-19)
(-0.231026 -6.20045e-05 -2.50677e-19)
(-0.230514 -9.12667e-05 -5.18777e-19)
(-0.229846 -0.000126155 -1.8497e-19)
(-0.228995 -0.000167682 -1.57143e-20)
(-0.227927 -0.000217099 -3.57967e-19)
(-0.226603 -0.000275955 -2.13162e-19)
(-0.229324 6.82345e-05 2.06179e-18)
(-0.229403 6.85253e-05 3.94589e-19)
(-0.229474 6.32152e-05 -3.99442e-18)
(-0.229528 5.20587e-05 -1.19721e-18)
(-0.229556 3.33524e-05 -2.9141e-18)
(-0.229551 5.18194e-06 -4.90779e-19)
(-0.229501 -2.62484e-05 2.88295e-20)
(-0.229394 -6.24087e-05 -1.81594e-18)
(-0.229219 -0.000106805 -2.58191e-19)
(-0.228964 -0.000160421 -1.57166e-18)
(-0.228613 -0.000224466 -2.17385e-19)
(-0.228149 -0.000300519 -1.10346e-18)
(-0.227551 -0.000390534 -1.21009e-18)
(-0.226796 -0.000496887 -3.30035e-19)
(-0.225857 -0.000622501 -4.56323e-20)
(-0.224701 -0.000770984 -5.45608e-19)
(-0.223289 -0.000946817 -3.99577e-19)
)
;

boundaryField
{
    inlet
    {
        type            uniformFixedValue;
        uniformValue    constant (1 0 0);
        value           nonuniform 0();
    }
    outlet
    {
        type            pressureInletOutletVelocity;
        value           nonuniform 0();
    }
    polygon
    {
        type            fixedValue;
        value           nonuniform 0();
    }
    top
    {
        type            symmetryPlane;
    }
    bottom
    {
        type            symmetryPlane;
    }
    outside
    {
        type            zeroGradient;
    }
    procBoundary27to19
    {
        type            processor;
        value           nonuniform List<vector> 
17
(
(-0.176533 -0.00096715 -1.06405e-18)
(-0.174979 -0.00105136 -1.39351e-18)
(-0.173335 -0.00116068 -1.49225e-18)
(-0.171595 -0.00129515 -1.85624e-18)
(-0.169749 -0.00145562 -1.00548e-18)
(-0.167789 -0.0016439 -2.63451e-18)
(-0.17997 -0.00143772 -8.97996e-19)
(-0.165706 -0.00186268 -1.60487e-18)
(-0.17997 -0.00143772 -8.97996e-19)
(-0.178193 -0.0016726 -7.57073e-19)
(-0.176283 -0.00194428 -2.9218e-18)
(-0.174226 -0.00225794 -1.70389e-18)
(-0.172009 -0.00261979 -3.70658e-19)
(-0.169618 -0.00303744 -4.21457e-19)
(-0.167034 -0.00351986 -7.34634e-19)
(-0.16424 -0.00407807 -5.52859e-19)
(-0.161214 -0.00472551 -2.0902e-19)
)
;
    }
    procBoundary27to26
    {
        type            processor;
        value           nonuniform List<vector> 6((-0.19364 -0.00323748 -2.38669e-19) (-0.19364 -0.00323748 -2.38669e-19) (-0.177344 -0.00434047 -2.21278e-19) (-0.214782 -0.00192318 -1.76653e-19) (-0.204625 -0.00288142 -1.39375e-19) (-0.221576 -0.00115563 -1.40609e-19));
    }
    procBoundary27to28
    {
        type            processor;
        value           nonuniform List<vector> 7((-0.190599 -0.000531118 -1.44705e-18) (-0.211372 -4.63287e-05 -1.88114e-18) (-0.201786 -0.00025368 -1.14991e-18) (-0.225207 0.000114801 -2.07731e-18) (-0.21922 3.59102e-05 -4.08787e-18) (-0.231282 4.85858e-05 2.87616e-18) (-0.229248 6.22032e-05 -2.0246e-18));
    }
    procBoundary27to34
    {
        type            processor;
        value           nonuniform List<vector> 2((-0.224976 0.000346536 5.61877e-20) (-0.224976 -0.000346197 -3.74269e-20));
    }
    procBoundary27to35
    {
        type            processor;
        value           nonuniform List<vector> 
18
(
(-0.228964 0.000160137 1.51951e-19)
(-0.228613 0.000224278 6.70177e-19)
(-0.228149 0.000300429 1.01639e-19)
(-0.227551 0.000390539 -2.15705e-19)
(-0.226796 0.000496981 1.49107e-19)
(-0.225857 0.000622675 8.7088e-20)
(-0.224701 0.000771227 -4.06995e-20)
(-0.223289 0.000947116 2.74653e-19)
(-0.231413 -5.25083e-05 5.05885e-18)
(-0.231549 -5.28559e-05 -1.50785e-18)
(-0.23168 -5.06721e-05 -1.00764e-18)
(-0.231798 -4.64978e-05 -2.67856e-19)
(-0.231894 -4.12983e-05 2.2047e-19)
(-0.231958 -3.50705e-05 2.33352e-18)
(-0.23198 -2.41279e-05 5.5431e-19)
(-0.231949 -1.34223e-05 3.7543e-19)
(-0.231851 1.20931e-07 1.30198e-18)
(-0.231851 1.20931e-07 1.30198e-18)
)
;
    }
}


// ************************************************************************* //
