/*--------------------------------*- C++ -*----------------------------------*\
  =========                 |
  \\      /  F ield         | OpenFOAM: The Open Source CFD Toolbox
   \\    /   O peration     | Website:  https://openfoam.org
    \\  /    A nd           | Version:  7
     \\/     M anipulation  |
\*---------------------------------------------------------------------------*/
FoamFile
{
    version     2.0;
    format      ascii;
    class       volVectorField;
    location    "6";
    object      U;
}
// * * * * * * * * * * * * * * * * * * * * * * * * * * * * * * * * * * * * * //

dimensions      [0 1 -1 0 0 0 0];

internalField   nonuniform List<vector> 
250
(
(1.00536 0.33942 2.5971e-18)
(0.967596 0.358784 4.8687e-19)
(0.92304 0.377846 -4.32525e-18)
(0.868105 0.395044 2.47128e-18)
(0.807163 0.410012 1.92385e-17)
(0.73036 0.418775 5.74233e-17)
(0.654449 0.427428 8.42603e-17)
(0.54861 0.413591 5.58645e-17)
(0.431996 0.398664 8.275e-18)
(0.192477 0.196423 1.30407e-17)
(1.0275 0.349921 3.97741e-18)
(0.99335 0.371711 -7.61021e-20)
(0.953216 0.394216 -6.25021e-19)
(0.903594 0.414773 1.32439e-18)
(0.848723 0.436301 3.03618e-18)
(0.779892 0.448915 4.39388e-17)
(0.709751 0.470133 5.83882e-17)
(0.61962 0.458501 1.01943e-17)
(0.49631 0.451712 4.62309e-17)
(0.246058 0.22053 1.1437e-17)
(1.04869 0.358918 3.23131e-18)
(1.01725 0.383006 2.02947e-18)
(0.980073 0.40915 1.96658e-18)
(0.932751 0.433638 1.4604e-18)
(0.87977 0.461637 2.97482e-18)
(0.811661 0.479896 3.09207e-17)
(0.740219 0.509217 3.53714e-17)
(0.646512 0.501686 2.09243e-17)
(0.505359 0.486034 3.02288e-17)
(0.229756 0.224828 1.37373e-18)
(1.06998 0.365896 2.02736e-18)
(1.04201 0.391549 -3.54441e-18)
(1.00892 0.42081 -6.25154e-18)
(0.966755 0.447907 1.53703e-19)
(0.918498 0.48267 3.0208e-18)
(0.858744 0.504939 3.27467e-17)
(0.788761 0.547893 3.6989e-17)
(0.708189 0.543424 -2.82538e-18)
(0.546015 0.522012 1.75653e-17)
(0.246517 0.235846 5.02292e-18)
(1.06764 0.398069 -3.81176e-18)
(1.03864 0.429895 4.18421e-18)
(1.00145 0.459169 2.11235e-20)
(0.957349 0.498464 1.88361e-18)
(0.903096 0.524176 2.40685e-17)
(0.834925 0.567603 2.70531e-17)
(0.746488 0.566316 3.09786e-18)
(0.576772 0.529757 1.07647e-17)
(0.236893 0.230937 2.44231e-18)
(1.00101 0.00105551 -7.96906e-18)
(1.00126 0.00104913 -1.82941e-18)
(1.00153 0.00101689 -1.96235e-18)
(1.00179 0.000958925 -3.73846e-18)
(1.00204 0.000877141 -2.23076e-18)
(1.00226 0.000774704 -7.95216e-18)
(1.00245 0.000655354 -2.03942e-18)
(1.00261 0.000522798 -8.30426e-18)
(1.00273 0.000380363 -3.74263e-18)
(1.00281 0.000230998 -2.20676e-18)
(1.00286 7.74655e-05 -8.47152e-18)
(0.998373 -0.000524997 2.74523e-18)
(0.997954 -0.000517151 6.38452e-18)
(0.997545 -0.000489661 1.44949e-17)
(0.997167 -0.000445458 3.3984e-18)
(0.996834 -0.000388731 -1.36313e-17)
(0.996554 -0.000323824 -7.1727e-19)
(0.996328 -0.000254326 -1.33585e-17)
(0.996157 -0.000182596 1.0769e-17)
(0.996041 -0.000109861 2.98666e-18)
(0.995982 -3.66685e-05 -1.26938e-17)
(1.00186 0.00164416 -1.6276e-17)
(1.00226 0.00155686 -1.41416e-17)
(1.00265 0.00143641 -1.15379e-20)
(1.00299 0.00128787 -1.38504e-17)
(1.00328 0.0011173 -8.8944e-18)
(1.00352 0.000930722 -1.59539e-17)
(1.00371 0.000733199 -6.55143e-18)
(1.00385 0.000528423 2.44311e-19)
(1.00394 0.00031892 -1.35796e-17)
(1.00398 0.000106623 -6.06015e-18)
(0.997271 0.000687956 -2.86275e-18)
(0.996635 0.000643294 -2.10828e-18)
(0.996036 0.000596913 -1.80826e-19)
(0.995502 0.000546021 -2.37964e-18)
(0.99505 0.000487452 -3.06373e-18)
(0.994684 0.000418767 -3.1896e-18)
(0.994399 0.000339128 -2.19875e-18)
(0.994188 0.000249586 -3.06354e-19)
(0.994047 0.000152634 -1.98936e-18)
(0.993976 5.13416e-05 -1.88378e-18)
(1.00238 0.00236255 -1.11027e-17)
(1.0028 0.00221627 -1.05661e-17)
(1.00318 0.00203251 -1.28886e-18)
(1.00351 0.00181692 -9.79616e-18)
(1.00377 0.00157573 -2.41088e-18)
(1.00396 0.00131479 -1.02455e-17)
(1.00409 0.00103883 -9.91509e-19)
(1.00419 0.000751286 -4.70828e-19)
(1.00425 0.000454809 -9.74985e-18)
(1.00428 0.000152328 -1.25718e-18)
(0.995721 0.00254664 -2.15772e-17)
(0.99484 0.00237746 -2.21187e-17)
(0.994029 0.00217971 -8.28542e-18)
(0.993319 0.00195437 -2.01789e-17)
(0.992728 0.00170249 -8.00256e-18)
(0.992255 0.00142609 -1.90522e-17)
(0.991889 0.00112873 -5.42976e-18)
(0.991616 0.000815565 -5.59713e-18)
(0.99143 0.00049247 -1.9379e-17)
(0.991334 0.000164586 -4.66735e-18)
(1.00251 0.00453079 -5.04094e-18)
(1.0028 0.00428879 -2.24463e-18)
(1.00305 0.0039733 2.42544e-18)
(1.00325 0.00359018 -3.73168e-19)
(1.00338 0.00314711 1.83978e-18)
(1.00345 0.00265248 -3.4419e-18)
(1.0035 0.00211438 3.44677e-18)
(1.00353 0.0015401 4.3031e-18)
(1.00355 0.000937097 1.55267e-19)
(1.00357 0.000314708 2.52247e-18)
(0.99347 0.00475598 -7.70221e-18)
(0.992144 0.00440168 -1.83359e-17)
(0.990918 0.00400382 -1.92849e-17)
(0.989837 0.00356524 -1.94515e-17)
(0.988923 0.00308787 -1.763e-17)
(0.988176 0.00257445 -7.62184e-18)
(0.987582 0.00202994 -1.7391e-17)
(0.987124 0.00146225 -1.90293e-17)
(0.986802 0.000880853 -1.90168e-17)
(0.986631 0.000293953 -1.45689e-17)
(1.00199 0.00924573 4.93016e-19)
(1.00205 0.00876341 -4.78719e-18)
(1.0021 0.00812337 -3.35633e-18)
(1.0021 0.00733907 -5.9326e-18)
(1.00204 0.00642868 -3.93575e-18)
(1.00194 0.00541221 1.43471e-18)
(1.00184 0.00430894 -2.97943e-18)
(1.00177 0.00313535 -2.4645e-18)
(1.00175 0.00190666 -6.36733e-18)
(1.00175 0.000640249 -8.02863e-18)
(0.989777 0.00934186 -1.58618e-17)
(0.987524 0.00869333 -6.30363e-18)
(0.985436 0.00795325 -1.6699e-17)
(0.983588 0.00712384 -6.15963e-18)
(0.982018 0.00620581 -9.10065e-18)
(0.980729 0.0052023 -1.84272e-17)
(0.979694 0.00412147 -1.10025e-17)
(0.978885 0.00297979 -1.88339e-17)
(0.978305 0.00179886 -6.04439e-18)
(0.97799 0.000600691 -5.66672e-18)
(1.00041 0.0166377 -3.59947e-18)
(0.999997 0.0157696 -3.12784e-18)
(0.999576 0.014624 -5.66493e-18)
(0.999104 0.0132209 -2.33955e-19)
(0.998577 0.01159 1.37758e-17)
(0.998038 0.00976524 -9.20722e-19)
(0.997562 0.00778162 1.31335e-17)
(0.997221 0.00566799 -3.46269e-18)
(0.99704 0.00345145 5.21125e-19)
(0.996984 0.00116052 1.48271e-17)
(0.98379 0.0196826 -1.40215e-18)
(0.979935 0.0183963 -1.19587e-18)
(0.976341 0.0168842 -1.69887e-18)
(0.973133 0.0151581 -9.08899e-19)
(0.970389 0.0132266 -6.52702e-19)
(0.968119 0.0111025 -1.31505e-18)
(0.966286 0.00880401 -9.94369e-19)
(0.964834 0.00636908 -1.30114e-18)
(0.963767 0.00384336 -1.08909e-18)
(0.963165 0.00128174 -2.78342e-18)
(0.996325 0.0305493 -1.09273e-19)
(0.994681 0.029111 -1.34829e-18)
(0.993081 0.0271527 -1.88471e-18)
(0.991471 0.0246904 1.67991e-18)
(0.989851 0.0217649 1.68367e-17)
(0.988301 0.0184281 2.47126e-18)
(0.986957 0.0147498 1.7016e-17)
(0.985983 0.0107829 1.92011e-19)
(0.985442 0.0065913 2.28492e-18)
(0.985276 0.0022242 2.11115e-17)
(0.974618 0.0383768 5.62258e-18)
(0.967839 0.036116 2.25541e-18)
(0.961381 0.0333666 5.48972e-18)
(0.955483 0.0301471 3.82212e-18)
(0.950323 0.0264647 9.955e-18)
(0.945975 0.0223448 1.04376e-17)
(0.942418 0.0178042 1.11782e-17)
(0.939552 0.0129327 8.9167e-18)
(0.937395 0.00780942 4.33185e-18)
(0.936089 0.00259754 9.56636e-18)
(0.988474 0.0583655 -1.47748e-17)
(0.984172 0.0561138 -2.51533e-18)
(0.979979 0.0528379 -1.78655e-17)
(0.975822 0.0485108 -2.08038e-18)
(0.971703 0.0431678 -7.59558e-18)
(0.967775 0.0368601 -2.29855e-17)
(0.964304 0.0297414 -1.06471e-17)
(0.961703 0.0218763 -2.41035e-17)
(0.960172 0.0134775 -2.55686e-18)
(0.959786 0.00458506 -5.4295e-18)
(0.961283 0.0760263 -1.10749e-17)
(0.948886 0.0724954 -9.36215e-18)
(0.936642 0.0678602 -7.9837e-18)
(0.925 0.0621249 -2.8401e-18)
(0.914404 0.0552508 2.16817e-17)
(0.90514 0.0472769 -5.69011e-18)
(0.897368 0.0381082 2.45889e-17)
(0.890938 0.028016 -4.37879e-18)
(0.886022 0.0169749 -1.96418e-18)
(0.882564 0.00562346 3.96468e-17)
(0.976504 0.110374 1.99688e-17)
(0.966355 0.108382 1.98958e-17)
(0.956198 0.104445 2.61631e-18)
(0.945959 0.0982629 2.27273e-17)
(0.935598 0.0896604 1.95202e-18)
(0.925387 0.0784243 2.45084e-17)
(0.915826 0.0648468 -3.03507e-18)
(0.908079 0.0485948 1.57095e-18)
(0.902834 0.0307581 3.13972e-17)
(0.901757 0.0107184 -6.18451e-18)
(0.95013 0.151862 9.97898e-18)
(0.927487 0.148623 9.59481e-18)
(0.903549 0.142902 9.0282e-18)
(0.87889 0.134533 2.25334e-17)
(0.854497 0.123209 5.09151e-17)
(0.831306 0.108884 2.67836e-17)
(0.810226 0.0906325 5.7716e-17)
(0.791465 0.0693314 1.40206e-17)
(0.776916 0.043106 2.59865e-17)
(0.762799 0.0147271 7.22225e-17)
(0.970801 0.2085 3.99453e-19)
(0.948344 0.212325 -2.87493e-18)
(0.924422 0.213629 -6.64539e-18)
(0.899183 0.21122 -6.47434e-18)
(0.872193 0.2038 -3.43234e-17)
(0.843558 0.189604 -8.23807e-18)
(0.813883 0.1684 -5.16584e-17)
(0.784555 0.134156 -1.27835e-17)
(0.7593 0.0949506 -1.11745e-17)
(0.748644 0.0359617 -6.37862e-17)
(0.97078 0.298639 5.2984e-18)
(0.934979 0.30794 1.3473e-17)
(0.893448 0.313057 2.85558e-17)
(0.84428 0.312916 5.22235e-18)
(0.788035 0.305805 2.21861e-17)
(0.724059 0.290665 -4.50391e-18)
(0.655028 0.264597 4.90797e-17)
(0.577094 0.22778 6.2713e-17)
(0.510657 0.170149 1.84354e-17)
(0.391817 0.0842931 8.07525e-17)
)
;

boundaryField
{
    inlet
    {
        type            uniformFixedValue;
        uniformValue    constant (1 0 0);
        value           uniform (1 0 0);
    }
    outlet
    {
        type            pressureInletOutletVelocity;
        value           nonuniform 0();
    }
    polygon
    {
        type            fixedValue;
        value           uniform (0 0 0);
    }
    top
    {
        type            symmetryPlane;
    }
    bottom
    {
        type            symmetryPlane;
    }
    outside
    {
        type            zeroGradient;
    }
    procBoundary8to4
    {
        type            processor;
        value           nonuniform List<vector> 
20
(
(0.391817 -0.0842931 1.40189e-17)
(0.748644 -0.0359617 6.95413e-19)
(0.762799 -0.0147271 5.06842e-17)
(0.901757 -0.0107184 -3.74533e-17)
(0.882564 -0.00562346 5.35582e-17)
(0.959786 -0.00458506 1.44848e-17)
(0.936089 -0.00259754 4.90396e-18)
(0.985276 -0.0022242 2.06222e-17)
(0.963165 -0.00128174 -8.77946e-18)
(0.996984 -0.00116052 -8.54308e-18)
(0.97799 -0.000600691 1.16998e-17)
(1.00175 -0.000640249 -2.01186e-17)
(0.986631 -0.000293953 3.16404e-18)
(1.00357 -0.000314708 -1.21615e-18)
(0.991334 -0.000164586 -1.9768e-18)
(1.00428 -0.000152328 -1.57847e-18)
(0.993976 -5.13416e-05 6.46674e-19)
(1.00398 -0.000106623 5.33986e-19)
(0.995982 3.66685e-05 1.14886e-17)
(1.00286 -7.74655e-05 -3.85671e-18)
)
;
    }
    procBoundary8to9
    {
        type            processor;
        value           nonuniform List<vector> 9((1.09442 0.400852 -1.08031e-18) (1.06933 0.434649 -1.89916e-18) (1.03892 0.465331 1.05444e-18) (0.998208 0.510477 3.73255e-18) (0.955592 0.54215 1.76176e-17) (0.88682 0.605754 1.95838e-17) (0.826013 0.615947 5.90925e-18) (0.62375 0.590321 7.80263e-18) (0.279898 0.256095 1.52172e-18));
    }
    procBoundary8to12
    {
        type            processor;
        value           nonuniform List<vector> 
27
(
(1.0362 0.319789 6.01945e-18)
(1.05522 0.328321 -6.52253e-19)
(1.07391 0.335532 1.7941e-18)
(1.09241 0.341144 -6.42668e-18)
(1.09195 0.3713 1.76511e-19)
(1.09195 0.3713 1.76511e-19)
(1.00077 0.00103788 -2.26481e-18)
(0.99878 -0.000512364 -1.29948e-17)
(0.99878 -0.000512364 -1.29948e-17)
(1.00147 0.00169519 -8.60022e-18)
(0.997908 0.000732391 -2.90183e-18)
(1.00196 0.00246705 -2.28704e-18)
(0.996628 0.00268598 -8.10916e-18)
(1.00223 0.00469587 1.32113e-18)
(0.994842 0.00506216 -1.70644e-17)
(1.00194 0.00956315 -4.10202e-18)
(0.992108 0.00989345 -8.44961e-18)
(1.00087 0.017219 1.15894e-17)
(0.987759 0.0207279 -4.18179e-19)
(0.998095 0.0314706 1.39064e-17)
(0.981473 0.0401295 7.25609e-18)
(0.992978 0.0596469 -4.5168e-18)
(0.973442 0.078464 1.13508e-17)
(0.986727 0.110702 4.06707e-18)
(0.971093 0.152887 2.23625e-17)
(0.991904 0.202803 -7.2072e-18)
(1.00134 0.286826 2.15887e-18)
)
;
    }
}


// ************************************************************************* //
