/*--------------------------------*- C++ -*----------------------------------*\
  =========                 |
  \\      /  F ield         | OpenFOAM: The Open Source CFD Toolbox
   \\    /   O peration     | Website:  https://openfoam.org
    \\  /    A nd           | Version:  7
     \\/     M anipulation  |
\*---------------------------------------------------------------------------*/
FoamFile
{
    version     2.0;
    format      ascii;
    class       volVectorField;
    location    "76";
    object      U;
}
// * * * * * * * * * * * * * * * * * * * * * * * * * * * * * * * * * * * * * //

dimensions      [0 1 -1 0 0 0 0];

internalField   nonuniform List<vector> 
175
(
(-0.221477 -0.00270843 -9.04129e-20)
(-0.220037 -0.00238589 -5.41823e-19)
(-0.218748 -0.00207663 -9.32163e-20)
(-0.2176 -0.00178288 -8.45401e-19)
(-0.216582 -0.00150681 2.09325e-19)
(-0.234836 -0.000214557 -5.53353e-19)
(-0.233374 -0.000184499 1.32098e-18)
(-0.232097 -0.000152991 4.49571e-19)
(-0.230995 -0.000120453 -1.05784e-18)
(-0.230058 -8.73663e-05 5.16873e-19)
(-0.229276 -5.42935e-05 2.1156e-19)
(-0.228636 -2.17328e-05 2.01988e-19)
(-0.228126 9.46617e-06 -4.33316e-19)
(-0.227734 3.90393e-05 5.41245e-19)
(-0.227444 7.09539e-05 -5.06575e-19)
(-0.227244 9.71822e-05 -3.88332e-19)
(-0.227119 0.000120608 1.35609e-18)
(-0.227057 0.000140231 -1.47542e-18)
(-0.227042 0.000155776 3.10843e-19)
(-0.227062 0.000167008 -4.05514e-19)
(-0.227105 0.000173641 -2.66234e-18)
(-0.227157 0.000175372 -5.06445e-19)
(-0.23459 -0.000472484 -9.94688e-20)
(-0.233129 -0.000411125 1.26772e-18)
(-0.231852 -0.000349744 4.15893e-19)
(-0.230749 -0.000288956 -1.03831e-18)
(-0.229811 -0.000229423 6.78356e-19)
(-0.229027 -0.000171831 4.89962e-19)
(-0.228385 -0.000117006 7.60509e-19)
(-0.227872 -6.571e-05 7.5626e-19)
(-0.227475 -1.85648e-05 4.88267e-19)
(-0.227181 2.59607e-05 -3.61679e-21)
(-0.226976 6.85125e-05 -7.30098e-19)
(-0.226846 0.00010366 1.01859e-18)
(-0.226777 0.000132483 -1.05221e-18)
(-0.226755 0.000154915 6.62502e-19)
(-0.226768 0.000170802 -1.35792e-18)
(-0.226803 0.000179895 -1.63908e-18)
(-0.226846 0.000181921 -3.98886e-19)
(-0.234099 -0.000729917 3.36648e-19)
(-0.23264 -0.000637343 8.9764e-19)
(-0.231362 -0.000546109 3.66075e-19)
(-0.230259 -0.000457009 -1.3056e-18)
(-0.229318 -0.000370866 3.22352e-19)
(-0.228531 -0.000288501 8.55207e-19)
(-0.227884 -0.000210764 1.44733e-18)
(-0.227365 -0.000138307 1.23009e-18)
(-0.22696 -7.20969e-05 4.96665e-19)
(-0.226657 -1.50331e-05 4.37615e-19)
(-0.226441 3.9908e-05 -1.19813e-18)
(-0.226299 8.65689e-05 9.38823e-19)
(-0.226218 0.000124315 -9.10171e-19)
(-0.226182 0.000153384 1.19291e-18)
(-0.226179 0.000173731 -1.43623e-18)
(-0.226197 0.00018515 -8.54886e-19)
(-0.226223 0.000187403 -3.1966e-19)
(-0.233363 -0.000986025 3.07882e-19)
(-0.231905 -0.000862512 7.28338e-19)
(-0.230628 -0.000741735 3.0606e-19)
(-0.229523 -0.000624676 -1.20505e-18)
(-0.228579 -0.000512338 1.15959e-19)
(-0.227786 -0.000405711 1.38185e-18)
(-0.227132 -0.000305791 1.60935e-18)
(-0.226603 -0.000213441 1.01494e-18)
(-0.226187 -0.000129598 5.32058e-19)
(-0.22587 -5.48476e-05 9.31577e-19)
(-0.225639 8.65307e-06 -9.31284e-19)
(-0.225479 6.72185e-05 1.32289e-19)
(-0.225378 0.000113881 1.269e-19)
(-0.225321 0.000149367 7.11652e-19)
(-0.225295 0.000173926 -1.84458e-18)
(-0.225288 0.000187398 -1.62019e-19)
(-0.225287 0.000189575 -2.88757e-19)
(-0.232382 -0.00124096 3.65833e-19)
(-0.230927 -0.00108691 6.91875e-19)
(-0.22965 -0.000937012 2.96443e-19)
(-0.228542 -0.000792442 -7.01924e-19)
(-0.227594 -0.000654372 1.60901e-20)
(-0.226793 -0.000523951 1.48555e-18)
(-0.226128 -0.000402304 2.04046e-18)
(-0.225587 -0.000290398 8.90801e-19)
(-0.225155 -0.000189191 6.1387e-19)
(-0.22482 -9.96559e-05 6.39795e-19)
(-0.224567 -2.34061e-05 -9.05288e-19)
(-0.224384 4.47354e-05 -6.07401e-19)
(-0.224256 9.94037e-05 4.8233e-20)
(-0.22417 0.000140866 4.35396e-19)
(-0.224113 0.000169227 -1.4807e-18)
(-0.224072 0.000184348 -7.684e-19)
(-0.224035 0.000186048 -2.57867e-19)
(-0.231155 -0.00149457 5.21073e-19)
(-0.229703 -0.00131047 8.07832e-19)
(-0.228426 -0.00113196 2.69757e-19)
(-0.227315 -0.000960396 -3.58267e-19)
(-0.22636 -0.000797131 -8.29074e-21)
(-0.22555 -0.000643461 1.17529e-18)
(-0.224873 -0.000500637 2.02329e-18)
(-0.224315 -0.000369729 1.06448e-20)
(-0.223863 -0.000251744 -1.36433e-19)
(-0.223505 -0.000147631 4.39159e-19)
(-0.223225 -5.8006e-05 -1.16115e-18)
(-0.223011 1.49791e-05 -4.07368e-19)
(-0.22285 7.95904e-05 1.06382e-20)
(-0.222728 0.000126705 -9.96005e-19)
(-0.222631 0.000158385 -1.45567e-18)
(-0.222547 0.000174664 -1.49976e-18)
(-0.222465 0.000175394 -2.93787e-19)
(-0.229682 -0.00174669 2.02274e-19)
(-0.228233 -0.00153308 4.53949e-19)
(-0.226956 -0.00132654 2.8872e-19)
(-0.225842 -0.0011286 -9.60241e-20)
(-0.224879 -0.000940777 4.81396e-21)
(-0.224057 -0.000764515 3.83131e-19)
(-0.223363 -0.000601193 1.57596e-18)
(-0.222785 -0.00045199 -1.00388e-18)
(-0.222309 -0.000317959 -8.27136e-21)
(-0.221922 -0.000200055 3.37023e-19)
(-0.22161 -9.8996e-05 -6.2883e-19)
(-0.221359 -1.73251e-05 -1.7818e-19)
(-0.221157 5.37952e-05 -4.22053e-20)
(-0.220991 0.000105507 -1.42799e-18)
(-0.220846 0.000139857 -4.35771e-19)
(-0.22071 0.00015668 -1.03526e-18)
(-0.220573 0.000155877 -2.16933e-19)
(-0.227964 -0.00199777 -5.48895e-20)
(-0.226518 -0.00175533 1.78301e-19)
(-0.22524 -0.00152143 3.36164e-19)
(-0.22412 -0.00129778 -5.90085e-19)
(-0.223147 -0.00108608 -7.47455e-22)
(-0.222311 -0.000887918 -2.98901e-19)
(-0.221597 -0.000704787 1.43743e-18)
(-0.220995 -0.000537968 -1.48546e-18)
(-0.22049 -0.000388568 2.12275e-19)
(-0.220069 -0.00025757 3.04318e-19)
(-0.219719 -0.000145609 -3.02565e-19)
(-0.219424 -5.30914e-05 1.03159e-19)
(-0.219174 1.76375e-05 -4.99783e-20)
(-0.218955 7.56896e-05 -2.22083e-18)
(-0.218754 0.000112045 -6.43686e-19)
(-0.218558 0.000128778 -7.92451e-19)
(-0.218355 0.000125641 -1.53073e-18)
(-0.226 -0.00224907 -3.57265e-19)
(-0.224557 -0.00197863 -6.43535e-20)
(-0.223277 -0.00171824 -1.8698e-19)
(-0.22215 -0.00146979 -5.45925e-19)
(-0.221165 -0.00123511 3.79268e-20)
(-0.220311 -0.00101593 -2.79835e-19)
(-0.219575 -0.000813864 8.00721e-19)
(-0.218944 -0.000630256 -1.54692e-18)
(-0.218405 -0.000466238 5.48809e-19)
(-0.217944 -0.000322783 2.97467e-19)
(-0.217549 -0.000200481 -1.04361e-18)
(-0.217204 -9.99816e-05 3.8693e-19)
(-0.216898 -2.36073e-05 -1.30783e-19)
(-0.216618 3.57719e-05 -1.0982e-18)
(-0.216351 7.49002e-05 -9.10536e-19)
(-0.216084 9.11481e-05 -6.70855e-19)
(-0.215806 8.46469e-05 -3.14346e-18)
(-0.223789 -0.0024965 -1.87777e-19)
(-0.222349 -0.00219903 -2.86122e-19)
(-0.221066 -0.00191322 -1.36455e-19)
(-0.21993 -0.00164114 -6.36895e-19)
(-0.218931 -0.00138477 8.68419e-20)
(-0.218055 -0.00114599 -3.11291e-19)
(-0.217292 -0.000926508 3.62483e-19)
(-0.216628 -0.00072775 -1.13401e-18)
(-0.216049 -0.000550877 1.12108e-18)
(-0.215543 -0.000396851 3.41168e-19)
(-0.215096 -0.000266215 -1.01555e-18)
(-0.214694 -0.000159371 7.82573e-19)
(-0.214324 -7.64325e-05 -1.56434e-19)
(-0.213974 -1.93115e-05 -1.84173e-19)
(-0.213632 1.57799e-05 -1.35536e-18)
(-0.213285 2.67851e-05 -6.70135e-19)
(-0.212922 1.95912e-05 -2.53169e-18)
)
;

boundaryField
{
    inlet
    {
        type            uniformFixedValue;
        uniformValue    constant (1 0 0);
        value           nonuniform 0();
    }
    outlet
    {
        type            pressureInletOutletVelocity;
        value           nonuniform 0();
    }
    polygon
    {
        type            fixedValue;
        value           nonuniform 0();
    }
    top
    {
        type            symmetryPlane;
    }
    bottom
    {
        type            symmetryPlane;
    }
    outside
    {
        type            zeroGradient;
    }
    procBoundary28to20
    {
        type            processor;
        value           nonuniform List<vector> 
18
(
(-0.219091 -0.00290576 -2.94433e-20)
(-0.217647 -0.00256198 -6.02543e-19)
(-0.216348 -0.00223301 -3.11767e-20)
(-0.215183 -0.00192123 -8.7477e-19)
(-0.215682 -0.0012504 -3.88129e-19)
(-0.214141 -0.00162892 8.06956e-20)
(-0.215682 -0.0012504 -3.88129e-19)
(-0.214887 -0.00101547 2.53441e-20)
(-0.214185 -0.000803547 -9.73318e-19)
(-0.213562 -0.000615813 1.13853e-18)
(-0.213005 -0.000453242 3.70741e-19)
(-0.2125 -0.000316366 -1.28555e-18)
(-0.212033 -0.000205547 4.32377e-19)
(-0.211593 -0.000121081 -3.7445e-19)
(-0.211167 -6.25508e-05 -4.58946e-19)
(-0.210742 -3.00333e-05 -1.99935e-18)
(-0.210306 -2.14044e-05 -7.59223e-19)
(-0.209848 -3.33495e-05 -2.39568e-18)
)
;
    }
    procBoundary28to21
    {
        type            processor;
        value           nonuniform List<vector> 2((-0.223077 -0.00304191 2.45031e-19) (-0.225395 -0.0028035 2.22679e-19));
    }
    procBoundary28to27
    {
        type            processor;
        value           nonuniform List<vector> 10((-0.227207 0.000172357 -1.07413e-18) (-0.226886 0.000177098 -1.22541e-18) (-0.226244 0.000180774 -1.59803e-18) (-0.225279 0.000180811 -8.50995e-19) (-0.223989 0.000174755 -2.0307e-19) (-0.22237 0.000161075 3.61042e-19) (-0.22042 0.000137978 1.04898e-18) (-0.218133 0.000103479 1.91952e-18) (-0.215505 5.60707e-05 3.28127e-18) (-0.21253 -1.08617e-05 2.60886e-18));
    }
    procBoundary28to29
    {
        type            processor;
        value           nonuniform List<vector> 9((-0.23649 -0.0002428 -1.23272e-20) (-0.236243 -0.000533255 1.66349e-20) (-0.235749 -0.000823072 4.61667e-20) (-0.235009 -0.00111132 4.80511e-20) (-0.234023 -0.00139801 -1.02496e-20) (-0.23279 -0.00168292 -1.10272e-19) (-0.23131 -0.0019658 3.20568e-19) (-0.229585 -0.00224702 2.63336e-19) (-0.227613 -0.00252763 2.35207e-19));
    }
    procBoundary28to36
    {
        type            processor;
        value           nonuniform List<vector> 
17
(
(-0.234837 3.61923e-05 -5.65154e-19)
(-0.233376 3.42452e-05 1.10762e-18)
(-0.232098 3.52269e-05 4.86264e-19)
(-0.230996 3.89085e-05 -1.27379e-18)
(-0.23006 4.49979e-05 5.61866e-19)
(-0.229278 5.31307e-05 -6.60632e-20)
(-0.228638 6.3049e-05 -2.96241e-19)
(-0.228128 7.43089e-05 -8.75592e-19)
(-0.227735 8.63958e-05 7.17811e-19)
(-0.227446 9.8578e-05 -1.16116e-18)
(-0.227245 0.00011011 -7.33511e-20)
(-0.227121 0.000120955 9.08582e-19)
(-0.227058 0.000130349 -2.31056e-18)
(-0.227043 0.000137991 1.53283e-19)
(-0.227063 0.000143564 4.05002e-19)
(-0.227105 0.000146749 -2.92371e-18)
(-0.227157 0.000147229 -5.52189e-19)
)
;
    }
}


// ************************************************************************* //
