/*--------------------------------*- C++ -*----------------------------------*\
  =========                 |
  \\      /  F ield         | OpenFOAM: The Open Source CFD Toolbox
   \\    /   O peration     | Website:  https://openfoam.org
    \\  /    A nd           | Version:  7
     \\/     M anipulation  |
\*---------------------------------------------------------------------------*/
FoamFile
{
    version     2.0;
    format      ascii;
    class       volVectorField;
    location    "116";
    object      U;
}
// * * * * * * * * * * * * * * * * * * * * * * * * * * * * * * * * * * * * * //

dimensions      [0 1 -1 0 0 0 0];

internalField   nonuniform List<vector> 
175
(
(-0.210705 -0.0254209 5.48394e-18)
(-0.209942 -0.0219859 -2.04157e-18)
(-0.208923 -0.0180144 -6.50673e-18)
(-0.207619 -0.0136362 3.894e-18)
(-0.206011 -0.0090146 -1.95447e-18)
(-0.204099 -0.00428383 -8.24952e-18)
(-0.20184 0.000413076 -2.52233e-18)
(-0.199231 0.00490646 2.13801e-19)
(-0.196249 0.0090833 1.70398e-18)
(-0.192903 0.0128555 -5.96971e-18)
(-0.189091 0.0161381 4.92425e-18)
(-0.184881 0.0189498 7.67541e-18)
(-0.214944 -0.0301307 -4.13295e-18)
(-0.215036 -0.0314142 -3.79856e-18)
(-0.215088 -0.0318815 -1.42509e-18)
(-0.215068 -0.0315118 -4.84074e-18)
(-0.214944 -0.0303114 2.6671e-18)
(-0.21468 -0.028314 -2.88001e-18)
(-0.214241 -0.0255811 5.38111e-18)
(-0.213592 -0.0222008 -2.36641e-18)
(-0.2127 -0.0182864 -5.92567e-18)
(-0.211538 -0.0139672 5.52561e-19)
(-0.210082 -0.00940157 -2.42921e-18)
(-0.208327 -0.00472654 -9.3871e-18)
(-0.206239 -7.11207e-05 -3.45575e-18)
(-0.203805 0.00435179 -3.00361e-18)
(-0.200988 0.00847179 2.41384e-18)
(-0.197804 0.012185 -4.30336e-18)
(-0.194137 0.0154043 3.98775e-18)
(-0.190057 0.01814 5.46277e-18)
(-0.217704 -0.0300797 -5.23915e-18)
(-0.21783 -0.0313828 -1.55844e-18)
(-0.217922 -0.0318755 -4.55281e-19)
(-0.21795 -0.0315372 -6.46727e-18)
(-0.217884 -0.0303738 3.27055e-18)
(-0.217691 -0.0284186 -1.70342e-18)
(-0.217334 -0.0257327 6.70542e-18)
(-0.216783 -0.0224033 -3.53728e-18)
(-0.216002 -0.0185422 -1.79301e-18)
(-0.214965 -0.0142785 2.19593e-18)
(-0.213645 -0.00976691 1.39073e-18)
(-0.212035 -0.00514808 -1.24981e-17)
(-0.2101 -0.000568189 -4.68019e-18)
(-0.207825 0.00382037 -6.63376e-18)
(-0.205162 0.00788558 3.58705e-18)
(-0.202129 0.0115387 -3.57124e-18)
(-0.198598 0.0146919 4.38279e-18)
(-0.194641 0.017347 4.26952e-18)
(-0.22012 -0.0300149 -4.42673e-18)
(-0.220267 -0.0313386 -2.69907e-18)
(-0.220385 -0.0318576 5.26372e-19)
(-0.220447 -0.0315513 -5.62912e-18)
(-0.220424 -0.0304253 1.08059e-18)
(-0.220285 -0.0285126 -1.04297e-18)
(-0.219996 -0.0258734 5.29767e-18)
(-0.219525 -0.0225943 -1.39634e-18)
(-0.218839 -0.0187858 -2.2234e-18)
(-0.217911 -0.0145767 -2.46529e-19)
(-0.216713 -0.0101182 5.2585e-19)
(-0.215232 -0.00555387 -1.36168e-17)
(-0.213435 -0.00103087 -5.99154e-18)
(-0.211303 0.00330674 -6.40376e-18)
(-0.208784 0.00731621 8.79954e-19)
(-0.205889 0.0109088 -3.89257e-18)
(-0.202485 0.0139951 6.00587e-18)
(-0.198643 0.0165679 3.61726e-18)
(-0.222198 -0.0299444 -4.85444e-18)
(-0.222353 -0.0312884 -4.35206e-18)
(-0.222484 -0.031833 -2.05392e-18)
(-0.222566 -0.0315576 -6.03753e-18)
(-0.222572 -0.0304677 -7.09054e-19)
(-0.222472 -0.0285958 -5.35577e-19)
(-0.222234 -0.0260016 5.01761e-18)
(-0.221829 -0.0227708 1.83912e-20)
(-0.221223 -0.019013 -3.23531e-18)
(-0.220388 -0.0148564 -2.84563e-18)
(-0.219294 -0.0104495 -6.69355e-19)
(-0.217929 -0.00593754 -1.29043e-17)
(-0.216254 -0.00146673 -8.02425e-18)
(-0.214252 0.00281682 -7.17777e-18)
(-0.211862 0.00676971 -1.23528e-18)
(-0.209096 0.0103008 -5.26658e-18)
(-0.205808 0.0133187 4.04262e-18)
(-0.202072 0.0158068 -1.37422e-18)
(-0.223943 -0.0298738 -6.55302e-18)
(-0.224094 -0.0312372 -6.85079e-18)
(-0.224225 -0.0318062 -4.9895e-18)
(-0.224313 -0.0315602 -7.8202e-18)
(-0.224334 -0.0305044 -2.35447e-18)
(-0.224259 -0.0286711 -1.79062e-19)
(-0.224059 -0.0261194 1.60775e-18)
(-0.223703 -0.0229346 9.32366e-19)
(-0.22316 -0.0192249 -4.66709e-18)
(-0.222403 -0.0151185 -5.62803e-18)
(-0.221399 -0.0107614 -2.09102e-18)
(-0.220133 -0.00630021 -1.03772e-17)
(-0.218567 -0.00188155 -1.11548e-17)
(-0.216681 0.00234934 -9.23864e-18)
(-0.214408 0.00624601 -2.93856e-18)
(-0.211757 0.0097148 -7.59043e-18)
(-0.208576 0.0126628 3.23402e-18)
(-0.204937 0.0150639 -1.83647e-18)
(-0.225359 -0.0298053 -6.4749e-18)
(-0.225495 -0.0311874 -6.92456e-18)
(-0.225613 -0.0317797 -5.20194e-18)
(-0.225695 -0.0315615 -7.32574e-18)
(-0.225717 -0.030538 -4.16485e-18)
(-0.225653 -0.0287413 -3.77929e-18)
(-0.225475 -0.0262298 2.64822e-18)
(-0.225155 -0.0230883 2.1545e-18)
(-0.22466 -0.0194244 -7.67686e-18)
(-0.223965 -0.0153657 -4.99418e-18)
(-0.223036 -0.0110565 -3.49784e-18)
(-0.221855 -0.00664446 -1.01592e-17)
(-0.220382 -0.00227673 -1.13706e-17)
(-0.218597 0.00190204 -7.85004e-18)
(-0.216429 0.00574317 -4.63522e-18)
(-0.213881 0.00914904 -1.1407e-17)
(-0.210796 0.012026 -1.23576e-18)
(-0.207247 0.014338 -2.5611e-18)
(-0.22645 -0.0297401 -4.30831e-18)
(-0.226559 -0.031141 -8.33828e-18)
(-0.226653 -0.0317562 -6.10971e-18)
(-0.226716 -0.031565 -8.16394e-18)
(-0.226725 -0.0305727 -6.63818e-18)
(-0.226659 -0.028811 -3.9632e-18)
(-0.226489 -0.026338 4.43409e-18)
(-0.22619 -0.023238 3.65376e-18)
(-0.225729 -0.0196177 -8.24426e-18)
(-0.225081 -0.0156047 -5.03864e-18)
(-0.224212 -0.0113413 -5.76195e-18)
(-0.223101 -0.00697639 -7.47196e-18)
(-0.221707 -0.00265674 -8.69356e-18)
(-0.220009 0.00147495 -7.36458e-18)
(-0.217932 0.00525667 -6.93005e-18)
(-0.215475 0.00859843 -1.24876e-17)
(-0.212476 0.0114035 -3.93962e-19)
(-0.209006 0.0136253 9.86042e-19)
(-0.227219 -0.0296769 -2.96378e-18)
(-0.22729 -0.0310979 -7.74844e-18)
(-0.227348 -0.0317373 -8.05449e-18)
(-0.227379 -0.0315741 -6.69193e-18)
(-0.227364 -0.0306135 -6.21768e-18)
(-0.227282 -0.028887 -4.66505e-18)
(-0.227107 -0.0264524 3.62365e-18)
(-0.226815 -0.0233934 5.50256e-18)
(-0.226373 -0.019816 -6.39175e-18)
(-0.225757 -0.0158475 -1.35272e-18)
(-0.224932 -0.0116288 -4.58187e-18)
(-0.223877 -0.00730956 -5.84554e-18)
(-0.222546 -0.00303549 -7.7024e-18)
(-0.220922 0.00105765 -3.17242e-18)
(-0.218923 0.00477413 -5.41361e-18)
(-0.216544 0.0080524 -1.10385e-17)
(-0.21362 0.0107868 1.34799e-18)
(-0.21022 0.0129191 4.73249e-18)
(-0.227666 -0.0296136 -2.27365e-18)
(-0.227689 -0.0310536 -5.09948e-18)
(-0.227701 -0.0317154 -7.79429e-18)
(-0.227689 -0.0315781 -6.12383e-18)
(-0.227637 -0.0306469 -6.88986e-18)
(-0.227527 -0.0289531 -6.05684e-18)
(-0.227333 -0.026554 -1.64045e-19)
(-0.227033 -0.0235335 4.21539e-18)
(-0.226596 -0.0199966 -6.24384e-18)
(-0.225998 -0.0160706 2.56136e-18)
(-0.225202 -0.0118956 -4.23398e-18)
(-0.224187 -0.00762244 -5.2968e-18)
(-0.222905 -0.00339854 -8.19091e-18)
(-0.221341 0.000625341 5.0037e-19)
(-0.219408 0.00430928 -1.83901e-19)
(-0.217092 0.00752902 -6.75712e-18)
(-0.214231 0.0101928 3.80349e-18)
(-0.21089 0.0122342 4.33624e-18)
(-0.206669 0.0136179 2.79324e-20)
)
;

boundaryField
{
    inlet
    {
        type            uniformFixedValue;
        uniformValue    constant (1 0 0);
        value           nonuniform 0();
    }
    outlet
    {
        type            pressureInletOutletVelocity;
        value           nonuniform 0();
    }
    polygon
    {
        type            fixedValue;
        value           nonuniform 0();
    }
    top
    {
        type            symmetryPlane;
    }
    bottom
    {
        type            symmetryPlane;
    }
    outside
    {
        type            zeroGradient;
    }
    procBoundary35to27
    {
        type            processor;
        value           nonuniform List<vector> 
19
(
(-0.227792 -0.0295769 -2.24528e-18)
(-0.227758 -0.0310162 -3.44075e-18)
(-0.227713 -0.0316786 -5.12554e-18)
(-0.227647 -0.0315443 -2.48258e-18)
(-0.227547 -0.0306188 -4.8255e-18)
(-0.227396 -0.0289343 -4.34306e-18)
(-0.227171 -0.0265486 3.22672e-19)
(-0.22685 -0.023546 3.56822e-18)
(-0.226404 -0.020032 -3.58748e-18)
(-0.225809 -0.0161345 3.10948e-18)
(-0.225029 -0.0119934 -5.24058e-18)
(-0.22404 -0.00776073 -5.63723e-18)
(-0.222793 -0.0035862 -5.25087e-18)
(-0.22127 0.000371208 5.98289e-20)
(-0.219383 0.00400597 -1.34323e-19)
(-0.21712 0.00715169 -4.02534e-18)
(-0.21431 0.00972651 7.63275e-18)
(-0.211018 0.0116569 4.81675e-18)
(-0.206839 0.0129062 3.60766e-18)
)
;
    }
    procBoundary35to34
    {
        type            processor;
        value           nonuniform List<vector> 
11
(
(-0.179991 0.0212513 1.21905e-17)
(-0.185262 0.0203523 1.3781e-17)
(-0.189936 0.0194645 1.28698e-17)
(-0.194023 0.0185878 9.23507e-18)
(-0.197532 0.017726 7.6922e-18)
(-0.200473 0.0168793 7.65296e-18)
(-0.202853 0.016047 4.4656e-18)
(-0.204676 0.0152264 2.53859e-18)
(-0.205948 0.0144132 1.31591e-18)
(-0.205948 0.0144132 1.31591e-18)
(-0.201855 0.0143432 2.50315e-18)
)
;
    }
    procBoundary35to36
    {
        type            processor;
        value           nonuniform List<vector> 9((-0.214841 -0.0280763 2.22493e-18) (-0.217569 -0.0280114 4.30189e-18) (-0.219967 -0.0279315 4.22909e-18) (-0.222039 -0.027846 2.00205e-18) (-0.223789 -0.0277608 6.01365e-19) (-0.225222 -0.0276779 -2.47048e-19) (-0.22634 -0.0275981 -6.99577e-19) (-0.227146 -0.0275186 -9.90182e-19) (-0.227641 -0.0274397 -1.10726e-18));
    }
    procBoundary35to43
    {
        type            processor;
        value           nonuniform List<vector> 
19
(
(-0.211834 -0.0301908 -4.12591e-18)
(-0.211877 -0.0314532 -3.22899e-18)
(-0.211874 -0.0318928 1.03284e-18)
(-0.211791 -0.031489 -4.31489e-18)
(-0.211593 -0.0302482 2.95304e-18)
(-0.211244 -0.0282046 -4.69535e-18)
(-0.211244 -0.0282046 -4.69535e-18)
(-0.206887 -0.0252196 3.01572e-18)
(-0.205995 -0.0217082 -2.41683e-18)
(-0.204833 -0.0176608 -3.92765e-18)
(-0.203373 -0.0132084 3.78877e-18)
(-0.201598 -0.00851998 -2.2967e-18)
(-0.19951 -0.00372437 -8.90552e-18)
(-0.197071 0.00101433 -1.89741e-18)
(-0.194279 0.00556828 -1.46878e-18)
(-0.191116 0.00979202 1.46429e-18)
(-0.187596 0.0136086 -3.94331e-18)
(-0.183629 0.0169374 2.06112e-18)
(-0.179277 0.0198038 6.24788e-18)
)
;
    }
}


// ************************************************************************* //
