/*--------------------------------*- C++ -*----------------------------------*\
  =========                 |
  \\      /  F ield         | OpenFOAM: The Open Source CFD Toolbox
   \\    /   O peration     | Website:  https://openfoam.org
    \\  /    A nd           | Version:  7
     \\/     M anipulation  |
\*---------------------------------------------------------------------------*/
FoamFile
{
    version     2.0;
    format      ascii;
    class       volVectorField;
    location    "6";
    object      U;
}
// * * * * * * * * * * * * * * * * * * * * * * * * * * * * * * * * * * * * * //

dimensions      [0 1 -1 0 0 0 0];

internalField   nonuniform List<vector> 
175
(
(0.897888 0.0151465 6.79925e-19)
(0.889512 0.0163681 1.15496e-18)
(0.880538 0.0176079 2.91279e-19)
(0.870968 0.0188574 1.1725e-18)
(0.860805 0.0201146 -8.36884e-19)
(0.892961 0.000737123 1.39528e-19)
(0.883562 0.000799553 -2.29095e-18)
(0.873391 0.000863284 9.69689e-19)
(0.862435 0.00092784 7.393e-19)
(0.850686 0.000993014 -2.0688e-18)
(0.838135 0.00105904 5.69452e-19)
(0.824766 0.00112675 1.66919e-19)
(0.810552 0.00119777 1.15464e-18)
(0.795437 0.00127459 -4.21814e-19)
(0.779331 0.00136059 1.46455e-18)
(0.762099 0.00145999 -1.41699e-19)
(0.74355 0.00157753 -1.05042e-18)
(0.723435 0.00171815 3.15436e-18)
(0.701449 0.00188656 -5.37735e-19)
(0.677235 0.00208682 3.5272e-18)
(0.650397 0.0023222 4.76516e-18)
(0.620514 0.00259525 8.08935e-19)
(0.893064 0.00223825 -7.92618e-19)
(0.883686 0.00242747 -1.92569e-18)
(0.873541 0.00262069 9.61655e-19)
(0.862614 0.0028165 5.9498e-19)
(0.850898 0.00301435 -2.83707e-18)
(0.838385 0.00321499 -3.70579e-19)
(0.825059 0.00342103 -9.79694e-19)
(0.810892 0.00363741 -1.07599e-18)
(0.79583 0.00387167 -1.75071e-19)
(0.779783 0.00413407 8.71945e-19)
(0.762614 0.00443721 7.89725e-19)
(0.744134 0.00479526 -1.02288e-18)
(0.724094 0.00522285 2.33533e-18)
(0.702189 0.00573366 -5.77202e-19)
(0.678063 0.00633931 4.98665e-18)
(0.651321 0.00704865 2.02805e-18)
(0.621543 0.00786806 7.93996e-19)
(0.893267 0.00373755 -1.5777e-18)
(0.883932 0.00405271 -9.63709e-19)
(0.873836 0.00437445 8.70713e-19)
(0.862967 0.00470046 1.21259e-18)
(0.851317 0.00502984 -2.4618e-18)
(0.838879 0.00536392 -1.54104e-18)
(0.825638 0.00570712 -2.25285e-18)
(0.811566 0.00606772 -1.64262e-18)
(0.796609 0.0064584 -1.95594e-19)
(0.780676 0.0068963 3.59073e-19)
(0.763633 0.00740244 2.10638e-18)
(0.745289 0.00800039 -1.57745e-18)
(0.725397 0.00871437 2.21302e-18)
(0.703651 0.00956694 -1.3283e-18)
(0.679698 0.010577 4.35478e-18)
(0.653146 0.0117587 2.06152e-19)
(0.623575 0.0131218 7.45764e-19)
(0.893568 0.00522974 -1.24241e-18)
(0.884295 0.00566939 -5.64921e-19)
(0.874273 0.00611806 6.91748e-19)
(0.863489 0.00657253 1.05327e-18)
(0.851937 0.0070316 -2.20852e-18)
(0.83961 0.0074972 -3.09978e-18)
(0.826494 0.00797561 -2.06917e-18)
(0.812561 0.0084785 -9.56619e-19)
(0.797758 0.00902375 -4.96933e-19)
(0.781995 0.00963541 -6.1569e-19)
(0.765136 0.0103429 1.77637e-18)
(0.746993 0.0111793 -2.54599e-19)
(0.727318 0.0121783 8.24734e-20)
(0.705807 0.0133712 -1.18541e-19)
(0.682108 0.0147841 4.53426e-18)
(0.655833 0.0164363 -1.44484e-18)
(0.626568 0.0183406 3.42193e-19)
(0.893961 0.0067125 -1.2646e-18)
(0.88477 0.00727471 -6.23403e-19)
(0.874844 0.00784817 4.17886e-19)
(0.864171 0.00842881 1.055e-19)
(0.852747 0.00901513 -1.92078e-18)
(0.840565 0.00960971 -3.55266e-18)
(0.827613 0.0102207 -2.71337e-18)
(0.813862 0.0108633 -6.81979e-19)
(0.79926 0.0115606 -9.45708e-19)
(0.783718 0.0123437 2.10555e-19)
(0.767099 0.0132503 1.98125e-18)
(0.749217 0.014323 1.3385e-18)
(0.729823 0.0156049 6.33272e-19)
(0.708616 0.0171359 2.4211e-19)
(0.685247 0.018949 3.23114e-18)
(0.659332 0.0210683 4.61713e-20)
(0.630463 0.0235097 -3.49738e-19)
(0.894441 0.00818298 -1.44689e-18)
(0.885351 0.0088653 -1.02318e-18)
(0.875542 0.00956086 1.84274e-19)
(0.865006 0.0102648 -4.13309e-19)
(0.853738 0.0109752 -1.53479e-18)
(0.841733 0.0116956 -2.97313e-18)
(0.828979 0.0124359 -2.45017e-18)
(0.81545 0.013215 1.10925e-18)
(0.801093 0.0140611 3.69274e-19)
(0.785818 0.0150124 6.48988e-19)
(0.769491 0.0161153 2.51783e-18)
(0.751924 0.0174215 7.7329e-19)
(0.732871 0.0189834 1.25386e-18)
(0.712031 0.0208493 3.05682e-18)
(0.689061 0.0230589 2.71656e-18)
(0.66358 0.0256408 1.67834e-18)
(0.635189 0.0286137 -1.15735e-18)
(0.895003 0.00963854 -5.42935e-19)
(0.88603 0.0104381 -4.75471e-19)
(0.876358 0.0112525 -6.30415e-20)
(0.865981 0.0120762 -7.1765e-19)
(0.854895 0.0129072 -1.04377e-18)
(0.843097 0.0137495 -1.13243e-18)
(0.830575 0.0146153 -1.34592e-18)
(0.817304 0.0155269 2.9878e-18)
(0.80323 0.0165181 -3.84583e-19)
(0.788266 0.0176341 8.82357e-19)
(0.772277 0.0189297 1.13798e-18)
(0.755074 0.0204659 4.27597e-19)
(0.736413 0.0223045 1.72683e-18)
(0.715997 0.0245017 3.55085e-18)
(0.693485 0.0271034 -1.31292e-20)
(0.668504 0.0301424 9.75566e-19)
(0.640664 0.0336398 -1.9665e-18)
(0.89564 0.0110777 2.48339e-19)
(0.8868 0.0119912 -1.41536e-19)
(0.877283 0.012921 -3.52088e-19)
(0.867086 0.0138606 5.87031e-19)
(0.856205 0.0148081 -6.98852e-19)
(0.84464 0.0157682 5.10915e-19)
(0.832379 0.0167553 -1.34204e-18)
(0.819398 0.0177953 3.44916e-18)
(0.805643 0.0189274 -1.00536e-18)
(0.791028 0.0202041 1.0861e-18)
(0.775416 0.0216886 1.54593e-19)
(0.758619 0.0234513 -2.13926e-20)
(0.740396 0.0255626 1.93517e-18)
(0.720451 0.0280868 5.01534e-18)
(0.698448 0.0310755 3.50274e-19)
(0.674024 0.0345652 8.60988e-19)
(0.646797 0.0385786 3.30482e-19)
(0.896347 0.0124979 1.08726e-18)
(0.887652 0.0135217 2.31657e-19)
(0.878307 0.014563 7.14456e-19)
(0.868308 0.0156146 4.41538e-19)
(0.857654 0.0166743 -5.61673e-19)
(0.846344 0.0177477 6.08146e-19)
(0.834371 0.0188514 -2.98498e-19)
(0.821707 0.0200151 2.96257e-18)
(0.808302 0.0212835 -1.63199e-18)
(0.794066 0.0227163 1.41062e-18)
(0.778866 0.0243851 1.66883e-18)
(0.762512 0.0263694 -6.80624e-19)
(0.744763 0.0287484 1.91931e-18)
(0.725328 0.0315938 2.45572e-18)
(0.703877 0.0349623 1.07383e-18)
(0.680055 0.0388936 8.44118e-19)
(0.653494 0.0434117 3.24368e-18)
(0.897115 0.0138859 7.67742e-19)
(0.888579 0.015015 6.45901e-19)
(0.879419 0.0161623 4.76703e-19)
(0.869633 0.0173198 6.46685e-19)
(0.859224 0.0184854 -6.11662e-19)
(0.848191 0.0196657 9.12328e-19)
(0.836526 0.0208794 2.53575e-19)
(0.824204 0.0221601 1.59695e-18)
(0.811173 0.0235581 -2.59098e-18)
(0.797344 0.0251401 1.5138e-18)
(0.782582 0.0269864 1.40833e-18)
(0.766698 0.0291852 -1.70293e-18)
(0.749454 0.0318243 1.96198e-18)
(0.73056 0.0349822 6.2747e-19)
(0.709694 0.0387207 2.10243e-18)
(0.686511 0.0430817 7.28234e-19)
(0.660658 0.0480906 1.91619e-18)
)
;

boundaryField
{
    inlet
    {
        type            uniformFixedValue;
        uniformValue    constant (1 0 0);
        value           nonuniform 0();
    }
    outlet
    {
        type            pressureInletOutletVelocity;
        value           nonuniform 0();
    }
    polygon
    {
        type            fixedValue;
        value           nonuniform 0();
    }
    top
    {
        type            symmetryPlane;
    }
    bottom
    {
        type            symmetryPlane;
    }
    outside
    {
        type            zeroGradient;
    }
    procBoundary28to20
    {
        type            processor;
        value           nonuniform List<vector> 
18
(
(0.898651 0.0163432 5.45955e-19)
(0.890433 0.0176499 1.25363e-18)
(0.881644 0.0189745 1.88526e-19)
(0.872287 0.0203082 1.32996e-18)
(0.850049 0.0213874 1.2746e-18)
(0.862367 0.0216495 -5.5285e-19)
(0.850049 0.0213874 1.2746e-18)
(0.838694 0.0226968 6.81364e-19)
(0.826715 0.0240807 1.054e-18)
(0.814058 0.0255949 -2.31501e-18)
(0.800636 0.0273133 1.54622e-18)
(0.786311 0.0293246 1.99027e-18)
(0.770896 0.0317251 -9.04213e-19)
(0.754152 0.0346105 2.13018e-18)
(0.735796 0.0380656 1.47226e-18)
(0.715512 0.0421561 3.43895e-18)
(0.692968 0.0469265 7.11576e-19)
(0.667825 0.0524033 2.03001e-18)
)
;
    }
    procBoundary28to21
    {
        type            processor;
        value           nonuniform List<vector> 2((0.905672 0.0139549 2.12269e-21) (0.905033 0.0127857 1.01751e-19));
    }
    procBoundary28to27
    {
        type            processor;
        value           nonuniform List<vector> 10((0.587145 0.00290831 3.65225e-18) (0.588291 0.00880252 3.48589e-18) (0.590554 0.0146733 4.03235e-18) (0.593885 0.0205061 1.97618e-18) (0.59822 0.0262842 5.2805e-19) (0.603477 0.0319901 -8.4498e-19) (0.609564 0.0376095 -2.41618e-18) (0.616381 0.0431311 -4.7219e-18) (0.623823 0.0485327 -7.87201e-18) (0.631781 0.0537645 -6.42228e-18));
    }
    procBoundary28to29
    {
        type            processor;
        value           nonuniform List<vector> 9((0.901607 0.000676607 -1.59212e-19) (0.901692 0.00205485 -2.48013e-19) (0.90186 0.00343199 -3.38894e-19) (0.902108 0.0048033 -2.6319e-19) (0.902431 0.00616689 -2.01399e-19) (0.902827 0.00752041 8.5276e-20) (0.903291 0.00886163 -6.75281e-19) (0.903816 0.0101894 -2.63669e-19) (0.904399 0.0115013 3.58943e-20));
    }
    procBoundary28to36
    {
        type            processor;
        value           nonuniform List<vector> 
17
(
(0.892961 -0.000737131 1.38259e-19)
(0.883562 -0.00079956 -2.02762e-18)
(0.873391 -0.000863291 8.03903e-19)
(0.862435 -0.000927846 1.59407e-18)
(0.850686 -0.00099302 -1.96902e-18)
(0.838135 -0.00105904 1.4693e-18)
(0.824766 -0.00112676 1.21027e-18)
(0.810552 -0.00119778 1.7941e-18)
(0.795437 -0.00127459 -8.57453e-19)
(0.779331 -0.0013606 2.41413e-18)
(0.762099 -0.00145999 -6.4923e-19)
(0.74355 -0.00157753 6.00426e-19)
(0.723435 -0.00171816 4.62487e-18)
(0.701449 -0.00188656 -9.50851e-19)
(0.677235 -0.00208682 2.22365e-18)
(0.650397 -0.0023222 5.61789e-18)
(0.620514 -0.00259525 9.92961e-19)
)
;
    }
}


// ************************************************************************* //
