/*--------------------------------*- C++ -*----------------------------------*\
  =========                 |
  \\      /  F ield         | OpenFOAM: The Open Source CFD Toolbox
   \\    /   O peration     | Website:  https://openfoam.org
    \\  /    A nd           | Version:  7
     \\/     M anipulation  |
\*---------------------------------------------------------------------------*/
FoamFile
{
    version     2.0;
    format      ascii;
    class       volVectorField;
    location    "22";
    object      U;
}
// * * * * * * * * * * * * * * * * * * * * * * * * * * * * * * * * * * * * * //

dimensions      [0 1 -1 0 0 0 0];

internalField   nonuniform List<vector> 
175
(
(-0.265612 0.0311204 4.48479e-18)
(-0.247458 0.0280624 -9.44592e-19)
(-0.231262 0.0248967 -3.53434e-18)
(-0.217067 0.0216919 6.98491e-19)
(-0.20487 0.0185247 -6.7334e-19)
(-0.194621 0.0154804 -3.00057e-18)
(-0.186201 0.0126446 -1.88167e-18)
(-0.179459 0.0101091 -1.12473e-18)
(-0.174148 0.00795377 -2.89001e-19)
(-0.170032 0.00626936 -1.0773e-18)
(-0.166728 0.00509965 5.73384e-19)
(-0.163995 0.00454103 1.42665e-18)
(-0.41633 0.0399372 -1.46386e-17)
(-0.389029 0.0386466 -1.50072e-17)
(-0.362759 0.0370381 -6.81257e-18)
(-0.337731 0.0351391 -1.31289e-17)
(-0.314136 0.0329778 4.28168e-19)
(-0.292143 0.0305854 -4.46162e-18)
(-0.271902 0.0279985 4.10768e-18)
(-0.253533 0.0252611 -9.69703e-19)
(-0.237121 0.0224259 -3.25811e-18)
(-0.222714 0.0195541 -5.89178e-19)
(-0.210311 0.0167141 -9.97092e-19)
(-0.199864 0.0139824 -3.29069e-18)
(-0.19126 0.0114353 -2.19895e-18)
(-0.184351 0.00915529 -1.57556e-18)
(-0.178893 0.00721228 -3.70861e-19)
(-0.174657 0.0056854 -1.03262e-18)
(-0.171259 0.00461671 4.31355e-19)
(-0.168469 0.00409635 1.07242e-18)
(-0.422976 0.0353727 -1.78607e-17)
(-0.395532 0.0342382 -9.49761e-18)
(-0.369106 0.0328219 -5.01524e-18)
(-0.343911 0.0311478 -1.61002e-17)
(-0.320138 0.0292411 4.18201e-19)
(-0.297961 0.0271294 -3.7216e-18)
(-0.27753 0.024845 4.88191e-18)
(-0.258967 0.0224265 -1.62651e-18)
(-0.242361 0.0199204 -1.53625e-18)
(-0.227763 0.0173805 -1.27701e-19)
(-0.215171 0.0148672 -2.99121e-19)
(-0.204545 0.0124476 -3.91239e-18)
(-0.195771 0.0101891 -2.52563e-18)
(-0.188707 0.00816436 -2.07599e-18)
(-0.183112 0.00643462 -3.27289e-19)
(-0.178763 0.00507057 -1.1808e-18)
(-0.175274 0.00411094 4.04265e-19)
(-0.172424 0.00363531 9.10581e-19)
(-0.428818 0.0307509 -1.53329e-17)
(-0.401249 0.0297734 -1.32648e-17)
(-0.374686 0.0285504 -3.9685e-18)
(-0.349343 0.0271032 -1.5035e-17)
(-0.325415 0.0254532 -3.56392e-18)
(-0.303076 0.0236246 -3.79741e-18)
(-0.282478 0.0216453 3.49925e-18)
(-0.263745 0.0195487 -3.22082e-19)
(-0.246968 0.0173748 -1.94496e-18)
(-0.232199 0.0151702 -1.08286e-18)
(-0.21944 0.0129869 -7.99148e-19)
(-0.208653 0.0108832 -4.13581e-18)
(-0.199728 0.00891717 -2.83429e-18)
(-0.192524 0.00715176 -2.13919e-18)
(-0.186804 0.00563995 -6.94735e-19)
(-0.18235 0.00444396 -1.38976e-18)
(-0.178776 0.00359808 5.32872e-19)
(-0.175868 0.00317138 8.97873e-19)
(-0.433845 0.0261026 -1.73525e-17)
(-0.406166 0.0252792 -1.77435e-17)
(-0.379484 0.0242474 -1.04527e-17)
(-0.354015 0.0230248 -1.62722e-17)
(-0.329953 0.0216301 -6.52804e-18)
(-0.307475 0.0200834 -4.02757e-18)
(-0.286733 0.0184084 2.94487e-18)
(-0.267853 0.0166332 5.33228e-19)
(-0.250928 0.0147917 -2.40497e-18)
(-0.236011 0.0129231 -1.94154e-18)
(-0.223108 0.0110713 -1.18895e-18)
(-0.21218 0.00928561 -4.08522e-18)
(-0.203122 0.00761498 -3.14402e-18)
(-0.195797 0.00611268 -2.31496e-18)
(-0.189967 0.00482348 -9.34669e-19)
(-0.18542 0.00380012 -1.58093e-18)
(-0.18177 0.00307244 2.5577e-19)
(-0.178807 0.00269955 2.74244e-19)
(-0.438045 0.0214335 -2.27884e-17)
(-0.410274 0.0207617 -2.37529e-17)
(-0.383493 0.0199186 -1.71082e-17)
(-0.357916 0.0189188 -1.96353e-17)
(-0.333742 0.0177774 -9.2538e-18)
(-0.311147 0.0165111 -4.19805e-18)
(-0.290284 0.0151392 -1.78515e-19)
(-0.271281 0.0136848 1.13455e-18)
(-0.254231 0.0121753 -3.00476e-18)
(-0.239191 0.0106429 -2.98105e-18)
(-0.226166 0.0091234 -1.63566e-18)
(-0.215121 0.00765708 -3.69404e-18)
(-0.205951 0.00628398 -3.57573e-18)
(-0.198522 0.00504766 -2.57116e-18)
(-0.192599 0.00398467 -1.08197e-18)
(-0.187974 0.00313802 -1.79069e-18)
(-0.184257 0.00253319 3.03579e-19)
(-0.181247 0.002219 3.27986e-19)
(-0.441412 0.0167422 -2.22073e-17)
(-0.413566 0.0162201 -2.35986e-17)
(-0.386703 0.015564 -1.75411e-17)
(-0.36104 0.0147854 -1.86633e-17)
(-0.336775 0.0138962 -1.16771e-17)
(-0.314085 0.0129094 -8.62473e-18)
(-0.293125 0.01184 4.11687e-19)
(-0.274023 0.0107059 1.86265e-18)
(-0.256873 0.00952848 -4.34364e-18)
(-0.241733 0.00833275 -2.64594e-18)
(-0.22861 0.00714653 -2.07822e-18)
(-0.21747 0.00600109 -3.7336e-18)
(-0.20821 0.00492759 -3.59415e-18)
(-0.200699 0.00395987 -2.31754e-18)
(-0.194701 0.00312634 -1.18988e-18)
(-0.190011 0.00246008 -2.09089e-18)
(-0.18624 0.00198234 -1.14429e-19)
(-0.183192 0.00173119 1.52258e-19)
(-0.443941 0.0120257 -1.53588e-17)
(-0.416036 0.0116519 -2.61747e-17)
(-0.389111 0.011182 -1.95253e-17)
(-0.363382 0.010624 -1.98983e-17)
(-0.339047 0.00998662 -1.47425e-17)
(-0.316286 0.00927907 -8.97929e-18)
(-0.295253 0.00851218 1.62788e-18)
(-0.276076 0.00769873 2.77013e-18)
(-0.258851 0.00685402 -4.38475e-18)
(-0.243636 0.0059959 -2.70018e-18)
(-0.230439 0.00514426 -2.77313e-18)
(-0.219228 0.00432144 -3.17163e-18)
(-0.2099 0.00354972 -3.17226e-18)
(-0.202326 0.00285322 -2.29144e-18)
(-0.196272 0.00225212 -1.41266e-18)
(-0.191535 0.00176902 -2.09586e-18)
(-0.187723 0.00142203 8.88201e-20)
(-0.184646 0.0012379 5.40401e-19)
(-0.445626 0.00729361 -1.17578e-17)
(-0.417682 0.00706778 -2.37512e-17)
(-0.390714 0.00678349 -2.32143e-17)
(-0.36494 0.00644579 -1.69665e-17)
(-0.340559 0.00605984 -1.35629e-17)
(-0.317749 0.0056313 -9.64524e-18)
(-0.296666 0.0051667 4.82986e-19)
(-0.27744 0.00467376 3.91558e-18)
(-0.260164 0.00416175 -3.44434e-18)
(-0.244899 0.00364143 -1.31462e-18)
(-0.231653 0.00312479 -2.48546e-18)
(-0.220395 0.0026253 -2.81392e-18)
(-0.211022 0.00215636 -2.94745e-18)
(-0.203407 0.00173236 -1.77295e-18)
(-0.197316 0.00136504 -1.31463e-18)
(-0.192547 0.0010665 -1.99229e-18)
(-0.188708 0.000853395 2.78364e-19)
(-0.185613 0.000739916 9.8106e-19)
(-0.446468 0.00257591 -1.05554e-17)
(-0.418503 0.00249225 -1.61292e-17)
(-0.391513 0.00238804 -2.16859e-17)
(-0.365716 0.00226521 -1.53294e-17)
(-0.341311 0.00212571 -1.37897e-17)
(-0.318477 0.00197163 -1.07363e-17)
(-0.297369 0.00180535 -3.14286e-18)
(-0.278117 0.00162965 2.88595e-18)
(-0.260817 0.00144779 -3.28605e-18)
(-0.245526 0.00126353 1.19365e-19)
(-0.232256 0.00108099 -2.55458e-18)
(-0.220975 0.000904797 -2.62848e-18)
(-0.21158 0.000739501 -2.9046e-18)
(-0.203945 0.000589868 -1.25126e-18)
(-0.197836 0.000459736 -7.78077e-19)
(-0.193051 0.000352583 -1.52077e-18)
(-0.189199 0.000276672 5.55153e-19)
(-0.186094 0.000235343 9.61942e-19)
(-0.18309 0.000227303 7.98816e-19)
)
;

boundaryField
{
    inlet
    {
        type            uniformFixedValue;
        uniformValue    constant (1 0 0);
        value           nonuniform 0();
    }
    outlet
    {
        type            pressureInletOutletVelocity;
        value           nonuniform 0();
    }
    polygon
    {
        type            fixedValue;
        value           nonuniform 0();
    }
    top
    {
        type            symmetryPlane;
    }
    bottom
    {
        type            symmetryPlane;
    }
    outside
    {
        type            zeroGradient;
    }
    procBoundary35to27
    {
        type            processor;
        value           nonuniform List<vector> 
19
(
(-0.446468 -0.00257587 -1.04303e-17)
(-0.418503 -0.00249218 -1.18629e-17)
(-0.391513 -0.00238795 -1.52704e-17)
(-0.365716 -0.00226509 -8.23583e-18)
(-0.341311 -0.00212558 -9.94376e-18)
(-0.318477 -0.0019715 -8.26645e-18)
(-0.297369 -0.00180523 -2.53054e-18)
(-0.278117 -0.00162956 2.45061e-18)
(-0.260817 -0.00144773 -1.88228e-18)
(-0.245526 -0.00126348 3.33506e-19)
(-0.232256 -0.00108097 -2.8236e-18)
(-0.220975 -0.000904785 -2.66953e-18)
(-0.21158 -0.000739485 -2.31268e-18)
(-0.203945 -0.000589836 -1.22056e-18)
(-0.197836 -0.000459682 -7.81862e-19)
(-0.193051 -0.000352504 -1.16944e-18)
(-0.189199 -0.000276573 1.03503e-18)
(-0.186094 -0.00023523 1.08958e-18)
(-0.18309 -0.000227185 1.14321e-18)
)
;
    }
    procBoundary35to34
    {
        type            processor;
        value           nonuniform List<vector> 
11
(
(-0.161263 0.00457917 2.94663e-18)
(-0.165699 0.00411272 3.10937e-18)
(-0.169612 0.0036338 2.92225e-18)
(-0.173014 0.00315563 2.34621e-18)
(-0.175913 0.00267472 2.06061e-18)
(-0.178317 0.00218996 2.00361e-18)
(-0.180233 0.00170222 1.48146e-18)
(-0.181664 0.00121287 1.23229e-18)
(-0.182615 0.000722376 1.06675e-18)
(-0.182615 0.000722376 1.06675e-18)
(-0.180208 0.000258981 1.09714e-18)
)
;
    }
    procBoundary35to36
    {
        type            processor;
        value           nonuniform List<vector> 9((-0.444435 0.0408821 5.40839e-18) (-0.451209 0.0362005 1.17663e-17) (-0.457163 0.0314615 9.52039e-18) (-0.462287 0.0266991 -1.7853e-19) (-0.466571 0.0219188 -5.90808e-18) (-0.470007 0.0171186 -8.85833e-18) (-0.472588 0.0122946 -9.96728e-18) (-0.474311 0.0074558 -1.05762e-17) (-0.475172 0.00263704 -1.09741e-17));
    }
    procBoundary35to43
    {
        type            processor;
        value           nonuniform List<vector> 
19
(
(-0.408895 0.0444841 -1.48606e-17)
(-0.381755 0.0430345 -1.29944e-17)
(-0.355662 0.0412314 -9.686e-19)
(-0.330823 0.039105 -1.17316e-17)
(-0.307427 0.0366868 1.32942e-18)
(-0.285641 0.0340116 -6.0819e-18)
(-0.285641 0.0340116 -6.0819e-18)
(-0.258963 0.0341456 2.63631e-18)
(-0.24103 0.0307409 -1.24418e-18)
(-0.225054 0.0272235 -2.46771e-18)
(-0.211077 0.02367 7.47751e-19)
(-0.199089 0.0201657 -7.29307e-19)
(-0.189039 0.0168052 -2.89981e-18)
(-0.180804 0.0136829 -1.61173e-18)
(-0.174228 0.0108995 -1.16184e-18)
(-0.169061 0.00854184 -2.25702e-19)
(-0.165059 0.00671208 -8.76195e-19)
(-0.161839 0.00546188 2.55355e-19)
(-0.159151 0.00488838 1.29255e-18)
)
;
    }
}


// ************************************************************************* //
