/*--------------------------------*- C++ -*----------------------------------*\
  =========                 |
  \\      /  F ield         | OpenFOAM: The Open Source CFD Toolbox
   \\    /   O peration     | Website:  https://openfoam.org
    \\  /    A nd           | Version:  7
     \\/     M anipulation  |
\*---------------------------------------------------------------------------*/
FoamFile
{
    version     2.0;
    format      ascii;
    class       volVectorField;
    location    "8";
    object      U;
}
// * * * * * * * * * * * * * * * * * * * * * * * * * * * * * * * * * * * * * //

dimensions      [0 1 -1 0 0 0 0];

internalField   nonuniform List<vector> 
175
(
(1.2648 0.307343 5.5684e-18)
(1.27148 0.325525 -3.41551e-18)
(1.28073 0.343992 -1.33553e-17)
(1.29139 0.365465 -3.86003e-19)
(1.30158 0.381539 2.74016e-18)
(1.28922 0.395344 -2.7005e-17)
(1.26908 0.306511 5.65185e-18)
(1.27606 0.324151 4.82811e-18)
(1.28548 0.341896 -4.28248e-18)
(1.29587 0.36191 -5.84151e-19)
(1.30361 0.375428 2.01369e-18)
(1.28275 0.382356 -2.50659e-17)
(1.27348 0.305575 4.89292e-18)
(1.2808 0.322648 2.48103e-18)
(1.29043 0.339608 -3.6461e-18)
(1.30041 0.358033 -6.91565e-20)
(1.30512 0.368725 -9.49661e-18)
(1.27777 0.304535 5.37331e-18)
(1.2854 0.321012 9.56966e-18)
(1.29511 0.337125 -2.17789e-18)
(1.30432 0.353841 -9.34738e-18)
(1.30523 0.361485 -1.00042e-17)
(1.2819 0.303402 4.80241e-18)
(1.28974 0.319262 7.17064e-18)
(1.29935 0.334473 -1.88309e-17)
(1.30737 0.349371 -9.45532e-18)
(1.30365 0.353778 -1.98166e-17)
(1.28588 0.30219 5.19151e-18)
(1.29384 0.317413 5.2587e-18)
(1.30318 0.331674 -1.88264e-17)
(1.30959 0.344657 -1.01477e-17)
(1.30044 0.345676 -2.9529e-17)
(1.28972 0.300906 4.31684e-18)
(1.29773 0.315478 3.94704e-18)
(1.3066 0.328743 -9.66638e-18)
(1.31096 0.339727 -1.11361e-17)
(1.29562 0.337244 -1.94768e-17)
(1.29342 0.299559 1.25815e-17)
(1.3014 0.313467 2.49696e-18)
(1.30962 0.325699 -9.09292e-18)
(1.31154 0.33462 -1.13929e-17)
(1.28933 0.328555 -1.90793e-17)
(1.29699 0.298166 3.58299e-18)
(1.30482 0.311394 1.28611e-18)
(1.31211 0.322541 -1.58764e-17)
(1.31098 0.329308 -1.16939e-17)
(1.28092 0.31958 -2.72976e-17)
(1.30033 0.296632 1.96476e-18)
(1.30799 0.309204 -6.9936e-19)
(1.31441 0.319342 -2.3334e-17)
(1.31067 0.324191 -1.14587e-17)
(1.27411 0.311171 -2.65997e-17)
(1.21562 0.320629 -7.67693e-19)
(1.21783 0.344868 -9.44216e-18)
(1.22183 0.371298 -9.30804e-18)
(1.22721 0.404244 -4.61637e-18)
(1.23512 0.437074 -6.47331e-18)
(1.22098 0.319706 -4.6522e-19)
(1.22376 0.343443 -2.27049e-18)
(1.22848 0.369203 -7.52834e-18)
(1.23478 0.401282 2.51171e-18)
(1.24383 0.432805 2.80047e-18)
(1.22647 0.318649 -7.25459e-18)
(1.22989 0.341847 -2.60019e-18)
(1.23542 0.366887 -1.29907e-17)
(1.24275 0.398012 9.68821e-18)
(1.25298 0.428106 1.21582e-18)
(1.23186 0.317458 -6.3575e-18)
(1.23589 0.340082 -2.97935e-18)
(1.24218 0.364355 -1.17032e-17)
(1.25042 0.394445 7.35313e-18)
(1.26163 0.423015 1.514e-18)
(1.23707 0.316147 -1.20096e-17)
(1.24164 0.338168 -3.10765e-18)
(1.2486 0.361638 -9.68778e-18)
(1.2576 0.390625 1.41924e-17)
(1.26952 0.417592 1.86355e-18)
(1.24211 0.31473 -1.03306e-17)
(1.24718 0.336123 -2.78123e-18)
(1.25472 0.358762 -7.52938e-18)
(1.26435 0.38659 1.3269e-17)
(1.27673 0.411886 2.25139e-19)
(1.24701 0.313216 -1.62427e-17)
(1.25251 0.333963 -2.81001e-18)
(1.26058 0.355749 -1.43606e-17)
(1.27071 0.38237 5.00333e-18)
(1.28332 0.40594 -9.39325e-19)
(1.25176 0.311615 -8.47931e-18)
(1.25766 0.331699 -1.09165e-17)
(1.26618 0.352616 -4.70027e-18)
(1.2767 0.377994 -3.27445e-18)
(1.28932 0.3998 -1.71582e-18)
(1.25636 0.309949 -8.68457e-18)
(1.2626 0.32936 -2.47326e-18)
(1.2715 0.349404 -4.53401e-18)
(1.28228 0.373507 -9.92374e-18)
(1.29462 0.393513 -3.44558e-18)
(1.29096 0.417375 -1.89737e-17)
(1.26074 0.308101 -1.34982e-18)
(1.26724 0.32681 -2.01452e-18)
(1.27643 0.345945 -5.008e-18)
(1.28735 0.36875 -1.02813e-17)
(1.29953 0.387 5.43695e-18)
(1.294 0.407208 -1.61055e-17)
(1.16568 0.309676 -1.79976e-17)
(1.16101 0.335754 8.85064e-18)
(1.1566 0.365543 -1.20717e-17)
(1.15159 0.399423 -1.66973e-17)
(1.14501 0.439362 2.03107e-18)
(1.17255 0.308883 -2.01849e-17)
(1.16876 0.334548 6.82902e-18)
(1.16541 0.363901 -1.07197e-17)
(1.16169 0.397274 -1.05182e-17)
(1.1568 0.436928 1.99435e-18)
(1.17757 0.308011 -1.80695e-17)
(1.17428 0.333242 8.41199e-19)
(1.17158 0.362129 -5.20379e-18)
(1.16876 0.394923 -9.37409e-18)
(1.16523 0.434182 1.63105e-18)
(1.18224 0.307076 -1.61034e-17)
(1.17947 0.331852 8.65606e-20)
(1.17747 0.360236 -9.59039e-18)
(1.17562 0.392373 -1.39388e-17)
(1.1735 0.431117 -4.22245e-18)
(1.1871 0.306061 -9.52859e-18)
(1.18492 0.330354 2.58164e-20)
(1.18367 0.358196 -8.98755e-18)
(1.18287 0.389608 -1.29806e-17)
(1.18217 0.427728 -4.73269e-18)
(1.17934 0.469506 -6.91968e-18)
(1.19202 0.30496 -8.76873e-18)
(1.19042 0.328747 3.74832e-19)
(1.1899 0.356012 -8.44249e-18)
(1.19009 0.386639 -1.26948e-17)
(1.19073 0.42404 -4.87992e-18)
(1.19008 0.464542 -6.69594e-18)
(1.19683 0.30378 -7.50196e-18)
(1.19577 0.327041 -2.29657e-19)
(1.19591 0.353701 -1.27251e-17)
(1.19702 0.383493 -1.15135e-17)
(1.19886 0.420089 -4.87948e-18)
(1.20029 0.459149 -6.76046e-18)
(1.20151 0.302529 -6.59009e-18)
(1.20094 0.325248 -3.66427e-19)
(1.20169 0.351279 -1.14375e-17)
(1.20365 0.380193 -1.05543e-17)
(1.20658 0.415906 -4.68223e-18)
(1.20998 0.453381 -6.27392e-18)
(1.20605 0.301216 -6.30474e-18)
(1.20594 0.32338 -4.52782e-19)
(1.20724 0.348761 -1.03564e-17)
(1.20999 0.376766 -9.82353e-18)
(1.21388 0.411529 -4.72037e-18)
(1.2191 0.447319 -5.33249e-18)
(1.21049 0.299817 -5.37722e-18)
(1.21081 0.321395 -2.91348e-19)
(1.2126 0.346081 -9.39472e-18)
(1.21607 0.373104 -9.59754e-18)
(1.22078 0.406797 -4.2462e-18)
(1.22775 0.440717 -5.08783e-18)
(0.93251 0.219331 -1.61961e-18)
(0.986219 0.213202 -9.29309e-18)
(1.011 0.456792 9.77214e-18)
(0.96165 0.219201 3.96588e-18)
(1.00607 0.203615 -5.58241e-18)
(1.03479 0.415099 1.34266e-17)
(0.985369 0.215697 2.19659e-18)
(1.02613 0.195583 8.65743e-20)
(1.05487 0.377453 1.99232e-17)
(1.00444 0.209112 9.34667e-20)
(1.04548 0.188551 4.34179e-18)
(1.07248 0.344263 -1.68018e-17)
(1.02004 0.200397 -4.02703e-19)
(1.0632 0.181771 8.39772e-19)
(1.08857 0.314903 1.95273e-18)
)
;

boundaryField
{
    inlet
    {
        type            uniformFixedValue;
        uniformValue    constant (1 0 0);
        value           nonuniform 0();
    }
    outlet
    {
        type            pressureInletOutletVelocity;
        value           nonuniform 0();
    }
    polygon
    {
        type            fixedValue;
        value           nonuniform 0();
    }
    top
    {
        type            symmetryPlane;
    }
    bottom
    {
        type            symmetryPlane;
    }
    outside
    {
        type            zeroGradient;
    }
    procBoundary41to33
    {
        type            processor;
        value           nonuniform List<vector> 
36
(
(1.20833 0.362618 -1.64179e-17)
(1.17983 0.339871 -1.67804e-17)
(1.27438 0.368736 -2.18811e-17)
(1.27438 0.368736 -2.18811e-17)
(1.26341 0.354643 -3.05218e-17)
(1.24972 0.340194 -3.81223e-17)
(1.2335 0.325542 -3.42073e-17)
(1.21496 0.310853 -3.08232e-17)
(1.19441 0.296274 -2.83998e-17)
(1.17128 0.281947 -2.55463e-17)
(1.15247 0.268761 -2.43799e-17)
(1.24024 0.488517 -1.36818e-17)
(1.24957 0.481431 -4.4093e-18)
(1.25886 0.473694 -4.38722e-18)
(1.26707 0.465374 -4.84774e-18)
(1.274 0.456522 -2.86171e-18)
(1.27981 0.447213 -2.1945e-17)
(1.28457 0.437535 -2.06613e-17)
(1.28839 0.427577 -1.94738e-17)
(1.28839 0.427577 -1.94738e-17)
(1.23359 0.398752 -1.53205e-17)
(1.23131 0.384439 -1.47909e-17)
(1.1333 0.484092 -1.19669e-18)
(1.14726 0.481315 -1.47642e-18)
(1.15782 0.477938 -1.05348e-18)
(1.16838 0.473988 -7.17907e-18)
(1.16838 0.473988 -7.17907e-18)
(1.17294 0.528345 -1.67876e-17)
(1.18629 0.523025 -1.56532e-17)
(1.19893 0.516932 -1.48587e-17)
(1.21082 0.510126 -1.39306e-17)
(1.22179 0.502713 -1.31761e-17)
(1.23207 0.49441 -1.26913e-17)
(0.898361 0.216298 8.09e-18)
(0.967126 0.224137 -5.98141e-18)
(0.980522 0.502727 1.0783e-18)
)
;
    }
    procBoundary41to48
    {
        type            processor;
        value           nonuniform List<vector> 4((0.982247 0.108073 9.24543e-18) (0.98632 0.105783 1.31725e-17) (0.992489 0.102842 2.99146e-18) (1.00083 0.0998729 3.7454e-19));
    }
    procBoundary41to49
    {
        type            processor;
        value           nonuniform List<vector> 
34
(
(1.26021 0.290843 -1.05416e-17)
(1.2642 0.290381 -9.28074e-18)
(1.26826 0.289833 -3.50604e-19)
(1.27224 0.289198 -7.22703e-18)
(1.2761 0.288484 -6.28526e-18)
(1.27985 0.2877 -6.37031e-18)
(1.2835 0.286854 2.31566e-18)
(1.28706 0.285948 2.65259e-18)
(1.29052 0.285002 9.02409e-18)
(1.29382 0.283917 1.61344e-17)
(1.21495 0.299415 1.51918e-18)
(1.21495 0.299415 1.51918e-18)
(1.21984 0.2989 -4.27926e-18)
(1.2248 0.298275 -9.69146e-18)
(1.22968 0.29754 -1.5448e-17)
(1.23443 0.296705 -1.53438e-17)
(1.23905 0.295781 -6.57663e-19)
(1.24356 0.294773 -6.99881e-18)
(1.24796 0.293688 -1.38673e-17)
(1.25223 0.292541 -1.34371e-17)
(1.25635 0.29124 -1.2073e-17)
(1.17067 0.286444 1.53103e-17)
(1.17679 0.286005 1.41553e-17)
(1.18138 0.285498 1.23453e-17)
(1.18564 0.28494 6.32646e-18)
(1.19004 0.284318 5.17236e-18)
(1.19449 0.283626 4.55824e-18)
(1.19886 0.282869 4.31986e-18)
(1.20314 0.282052 4.31044e-18)
(1.2073 0.281181 3.68586e-18)
(1.2114 0.280246 3.58047e-18)
(1.03336 0.190436 -8.16328e-19)
(1.07881 0.174863 2.38493e-18)
(1.10339 0.288814 -8.45615e-18)
)
;
    }
    procBoundary41to50
    {
        type            processor;
        value           nonuniform List<vector> 5((1.30325 0.296025 1.7262e-18) (1.31042 0.307882 -1.95465e-18) (1.31497 0.316589 -2.20415e-17) (1.3059 0.318217 -1.12598e-17) (1.25656 0.299374 -2.62596e-17));
    }
    procBoundary41to56
    {
        type            processor;
        value           uniform (1.01071 0.0969733 -1.63277e-20);
    }
}


// ************************************************************************* //
