/*--------------------------------*- C++ -*----------------------------------*\
  =========                 |
  \\      /  F ield         | OpenFOAM: The Open Source CFD Toolbox
   \\    /   O peration     | Website:  https://openfoam.org
    \\  /    A nd           | Version:  7
     \\/     M anipulation  |
\*---------------------------------------------------------------------------*/
FoamFile
{
    version     2.0;
    format      ascii;
    class       volScalarField;
    location    "74";
    object      p;
}
// * * * * * * * * * * * * * * * * * * * * * * * * * * * * * * * * * * * * * //

dimensions      [0 2 -2 0 0 0 0];

internalField   nonuniform List<scalar> 
8000
(
-0.000569951
-0.00193985
-0.00332679
-0.00484399
-0.00641268
-0.00799815
-0.00957406
-0.0111156
-0.0126029
-0.0140202
-0.0153549
-0.0165974
-0.0177381
-0.0187765
-0.0197085
-0.0205333
-0.021252
-0.021867
-0.0223822
-0.0228023
-0.0231332
-0.0233816
-0.0235546
-0.0236603
-0.0237069
-0.0237031
-0.0236576
-0.0235793
-0.0234769
-0.023359
-0.0232335
-0.0231081
-0.0229899
-0.0228854
-0.0228003
-0.0227398
-0.0227084
-0.0227097
-0.0227472
-0.0228234
-0.0229402
-0.0230991
-0.0233013
-0.0235472
-0.0238372
-0.0241714
-0.0245494
-0.0249708
-0.025435
-0.0259413
-0.0264889
-0.0270769
-0.0277045
-0.0283708
-0.029075
-0.0298162
-0.0305938
-0.031407
-0.0322552
-0.0331377
-0.034054
-0.0350036
-0.0359859
-0.0370006
-0.038047
-0.039125
-0.0402342
-0.0413741
-0.0425442
-0.0437441
-0.0449732
-0.0462309
-0.0475162
-0.048828
-0.050165
-0.0515254
-0.0529071
-0.0543073
-0.0557228
-0.0571495
-0.0585825
-0.0600159
-0.0614424
-0.0628534
-0.0642386
-0.0655856
-0.0668798
-0.068104
-0.0692382
-0.0702576
-0.0711414
-0.0718489
-0.0723906
-0.0726422
-0.0729019
-0.0724012
-0.0736039
-0.0715327
-0.0790551
-0.0754391
-0.000601075
-0.00196577
-0.00335497
-0.00485907
-0.00641063
-0.0079795
-0.00953997
-0.0110679
-0.0125437
-0.0139514
-0.0152783
-0.0165143
-0.0176529
-0.0186904
-0.0196222
-0.0204479
-0.0211684
-0.0217861
-0.0223047
-0.0227288
-0.0230643
-0.0233177
-0.0234961
-0.0236075
-0.0236599
-0.0236621
-0.0236227
-0.0235505
-0.023454
-0.0233416
-0.0232214
-0.023101
-0.0229872
-0.0228866
-0.022805
-0.0227474
-0.0227183
-0.0227216
-0.0227603
-0.0228372
-0.022954
-0.0231124
-0.0233135
-0.0235579
-0.023846
-0.0241777
-0.0245529
-0.0249711
-0.0254319
-0.0259344
-0.0264779
-0.0270618
-0.027685
-0.0283467
-0.0290463
-0.0297828
-0.0305556
-0.031364
-0.0322073
-0.033085
-0.0339964
-0.0349411
-0.0359186
-0.0369285
-0.0379708
-0.0390449
-0.0401501
-0.041286
-0.0424525
-0.0436491
-0.044875
-0.0461293
-0.0474112
-0.0487197
-0.0500534
-0.0514105
-0.0527889
-0.054186
-0.0555983
-0.0570219
-0.0584519
-0.0598824
-0.061306
-0.0627142
-0.0640964
-0.0654401
-0.0667304
-0.0679495
-0.069077
-0.0700859
-0.0709553
-0.071637
-0.0721455
-0.0723379
-0.0725358
-0.0719136
-0.072845
-0.0706358
-0.0763846
-0.0738452
-0.000624975
-0.00198648
-0.00337944
-0.00487134
-0.00640769
-0.00796139
-0.00950759
-0.0110229
-0.0124882
-0.0138874
-0.015208
-0.0164408
-0.017575
-0.01861
-0.019541
-0.0203671
-0.0210892
-0.0217093
-0.0222312
-0.0226593
-0.0229992
-0.0232575
-0.0234412
-0.0235581
-0.0236164
-0.0236243
-0.0235907
-0.0235241
-0.023433
-0.0233258
-0.0232104
-0.0230942
-0.0229844
-0.0228872
-0.0228084
-0.0227531
-0.0227258
-0.0227302
-0.0227696
-0.0228465
-0.0229629
-0.0231205
-0.0233203
-0.0235631
-0.0238492
-0.0241787
-0.0245514
-0.024967
-0.0254248
-0.0259244
-0.0264649
-0.0270456
-0.0276657
-0.0283243
-0.0290207
-0.0297542
-0.0305239
-0.0313292
-0.0321695
-0.0330443
-0.0339529
-0.0348949
-0.0358698
-0.0368775
-0.0379159
-0.0389858
-0.0400873
-0.0412199
-0.0423822
-0.0435732
-0.0447937
-0.0460431
-0.0473199
-0.0486231
-0.0499515
-0.0513031
-0.052676
-0.0540673
-0.0554739
-0.0568916
-0.0583156
-0.0597399
-0.0611572
-0.062559
-0.0639346
-0.0652715
-0.0665547
-0.0677659
-0.0688848
-0.0698828
-0.0707395
-0.0714009
-0.0718861
-0.0720274
-0.0721616
-0.0714271
-0.0720854
-0.0697918
-0.0740399
-0.0721324
-0.000642956
-0.00200479
-0.0034009
-0.00488247
-0.00640548
-0.00794543
-0.00947856
-0.0109823
-0.0124377
-0.0138289
-0.015143
-0.0163691
-0.0175027
-0.018536
-0.0194664
-0.020293
-0.0210165
-0.021639
-0.0221638
-0.0225955
-0.0229395
-0.0232023
-0.0233909
-0.0235129
-0.0235764
-0.0235896
-0.0235613
-0.0234998
-0.0234137
-0.0233112
-0.0232001
-0.0230879
-0.0229816
-0.0228875
-0.0228113
-0.0227581
-0.0227324
-0.0227378
-0.0227778
-0.0228547
-0.0229709
-0.0231277
-0.0233264
-0.0235677
-0.0238519
-0.0241793
-0.0245497
-0.0249626
-0.0254177
-0.0259143
-0.0264516
-0.027029
-0.0276456
-0.0283007
-0.0289935
-0.0297231
-0.0304889
-0.0312903
-0.0321264
-0.0329968
-0.0339008
-0.0348378
-0.0358073
-0.0368081
-0.0378438
-0.0389112
-0.0400082
-0.0411347
-0.0422925
-0.0434826
-0.0447011
-0.0459461
-0.0472192
-0.0485189
-0.0498434
-0.051191
-0.0525595
-0.0539464
-0.0553483
-0.0567612
-0.0581802
-0.0595993
-0.0610113
-0.0624074
-0.063777
-0.0651072
-0.0663832
-0.0675858
-0.0686947
-0.0696795
-0.0705204
-0.0711573
-0.0716138
-0.0717017
-0.0717626
-0.0709213
-0.0713025
-0.0689698
-0.0720022
-0.0703305
-0.000656335
-0.0020201
-0.00341871
-0.00489158
-0.00640294
-0.00793064
-0.00945201
-0.0109452
-0.0123916
-0.0137755
-0.0150839
-0.0163065
-0.0174372
-0.0184687
-0.0193986
-0.0202258
-0.0209507
-0.0215753
-0.0221029
-0.0225379
-0.0228858
-0.0231527
-0.0233458
-0.0234724
-0.0235406
-0.0235587
-0.0235351
-0.0234783
-0.0233967
-0.0232984
-0.0231912
-0.0230826
-0.0229794
-0.022888
-0.0228141
-0.0227627
-0.0227382
-0.0227445
-0.0227848
-0.0228617
-0.0229773
-0.0231332
-0.0233306
-0.0235703
-0.0238526
-0.0241777
-0.0245455
-0.0249558
-0.0254079
-0.0259013
-0.0264354
-0.0270094
-0.0276226
-0.0282742
-0.0289633
-0.0296894
-0.0304517
-0.0312496
-0.0320824
-0.0329499
-0.0338515
-0.0347866
-0.0357546
-0.0367585
-0.0377869
-0.0388474
-0.0399418
-0.0410694
-0.0422248
-0.0434036
-0.0446134
-0.0458561
-0.0471237
-0.0484173
-0.0497362
-0.0510784
-0.0524418
-0.0538235
-0.0552203
-0.0566282
-0.0580421
-0.0594561
-0.060863
-0.0622539
-0.0636182
-0.064943
-0.0662129
-0.0674086
-0.0685095
-0.0694835
-0.0703107
-0.0709254
-0.071354
-0.071392
-0.0713825
-0.0704486
-0.070567
-0.0682011
-0.0702539
-0.0685822
-0.000666118
-0.00203226
-0.00343276
-0.00489832
-0.00639973
-0.00791682
-0.00942791
-0.0109119
-0.0123504
-0.0137278
-0.0150312
-0.0162502
-0.0173787
-0.0184088
-0.0193384
-0.0201662
-0.0208924
-0.021519
-0.0220492
-0.0224872
-0.0228385
-0.0231093
-0.0233063
-0.0234371
-0.0235097
-0.0235321
-0.0235127
-0.0234601
-0.0233824
-0.0232878
-0.023184
-0.0230785
-0.022978
-0.0228888
-0.0228167
-0.0227666
-0.0227431
-0.0227499
-0.0227903
-0.0228668
-0.0229817
-0.0231365
-0.0233324
-0.0235703
-0.0238506
-0.0241734
-0.0245386
-0.0249461
-0.0253953
-0.0258856
-0.0264165
-0.0269872
-0.0275969
-0.0282449
-0.0289304
-0.0296526
-0.0304109
-0.0312045
-0.0320328
-0.032895
-0.0337902
-0.0347183
-0.0356804
-0.0366687
-0.0376971
-0.0387567
-0.0398449
-0.0409619
-0.0421123
-0.0432994
-0.0445125
-0.0457435
-0.0470092
-0.0483014
-0.0496178
-0.0509568
-0.0523166
-0.0536946
-0.0550874
-0.0564912
-0.0579011
-0.0593109
-0.0607137
-0.0621004
-0.0634605
-0.064781
-0.0660465
-0.0672371
-0.0683324
-0.0692986
-0.0701163
-0.0707143
-0.0711214
-0.0711201
-0.0710509
-0.0700443
-0.0699296
-0.0675321
-0.0688024
-0.0669335
-0.000673035
-0.00204137
-0.00344305
-0.00490257
-0.0063957
-0.00790386
-0.00940627
-0.0108824
-0.0123143
-0.0136863
-0.0149857
-0.0162021
-0.0173281
-0.0183571
-0.0192864
-0.0201147
-0.0208422
-0.0214707
-0.0220032
-0.022444
-0.0227984
-0.0230725
-0.0232732
-0.0234077
-0.023484
-0.0235101
-0.0234945
-0.0234454
-0.0233711
-0.0232796
-0.0231787
-0.0230756
-0.0229773
-0.0228899
-0.0228191
-0.0227701
-0.0227471
-0.0227541
-0.0227942
-0.0228701
-0.022984
-0.0231374
-0.0233317
-0.0235677
-0.0238457
-0.0241661
-0.0245288
-0.0249334
-0.0253797
-0.025867
-0.0263947
-0.0269622
-0.0275686
-0.0282134
-0.0288957
-0.0296148
-0.0303702
-0.0311611
-0.0319872
-0.0328481
-0.0337438
-0.0346734
-0.0356284
-0.0366224
-0.037645
-0.0386987
-0.0397847
-0.0409022
-0.0420481
-0.0432203
-0.0444246
-0.0456691
-0.0469242
-0.0482071
-0.049516
-0.0508486
-0.0522024
-0.0535747
-0.0549622
-0.0563608
-0.0577656
-0.0591708
-0.060569
-0.0619515
-0.0633077
-0.0646245
-0.0658868
-0.0670742
-0.0681664
-0.0691285
-0.0699418
-0.0705304
-0.0709262
-0.0708992
-0.0707865
-0.0697294
-0.0694247
-0.0669951
-0.0676551
-0.0654362
-0.000677604
-0.00204748
-0.00344964
-0.00490428
-0.00639077
-0.00789173
-0.00938709
-0.0108568
-0.0122831
-0.0136503
-0.0149457
-0.0161595
-0.017285
-0.0183135
-0.0192431
-0.0200721
-0.0208008
-0.021431
-0.0219656
-0.0224089
-0.022766
-0.023043
-0.0232467
-0.0233844
-0.0234639
-0.0234933
-0.0234809
-0.0234347
-0.0233632
-0.0232742
-0.0231755
-0.0230744
-0.0229777
-0.0228915
-0.0228216
-0.0227731
-0.0227502
-0.0227569
-0.0227965
-0.0228715
-0.0229841
-0.0231361
-0.0233286
-0.0235625
-0.0238382
-0.0241561
-0.024516
-0.0249177
-0.0253608
-0.0258448
-0.026369
-0.0269327
-0.0275353
-0.0281759
-0.0288538
-0.0295682
-0.0303185
-0.0311039
-0.0319237
-0.0327768
-0.0336624
-0.0345807
-0.0355395
-0.0365263
-0.0375455
-0.0385959
-0.0396764
-0.0407868
-0.0419279
-0.0430997
-0.0442975
-0.0455174
-0.0467797
-0.0480644
-0.0493732
-0.0507046
-0.0520566
-0.0534268
-0.054812
-0.0562085
-0.0576113
-0.0590146
-0.0604114
-0.0617928
-0.0631485
-0.0644654
-0.0657285
-0.0669173
-0.0680118
-0.0689761
-0.0697926
-0.0703815
-0.070778
-0.0707412
-0.0706078
-0.0695247
-0.0690853
-0.0666255
-0.0668276
-0.0641715
-0.000680259
-0.0020508
-0.00345271
-0.00490356
-0.0063851
-0.00788078
-0.00937108
-0.0108364
-0.012259
-0.0136236
-0.0149177
-0.0161304
-0.0172533
-0.0182807
-0.0192099
-0.0200392
-0.0207688
-0.0214003
-0.0219366
-0.022382
-0.0227414
-0.0230209
-0.0232272
-0.0233676
-0.0234497
-0.0234817
-0.0234718
-0.0234281
-0.0233587
-0.0232717
-0.0231747
-0.0230749
-0.0229791
-0.0228936
-0.022824
-0.0227754
-0.0227521
-0.0227581
-0.0227967
-0.0228705
-0.0229817
-0.023132
-0.0233227
-0.0235546
-0.0238282
-0.0241438
-0.0245014
-0.0249008
-0.0253416
-0.0258232
-0.0263451
-0.0269066
-0.027507
-0.0281456
-0.0288217
-0.0295346
-0.0302837
-0.0310683
-0.031888
-0.0327426
-0.0336321
-0.0345519
-0.0355021
-0.0364858
-0.0375014
-0.0385483
-0.0396266
-0.0407358
-0.0418749
-0.0430433
-0.0442423
-0.0454723
-0.0467245
-0.0480002
-0.0493008
-0.0506253
-0.0519712
-0.0533358
-0.0547157
-0.0561072
-0.0575053
-0.0589043
-0.0602971
-0.0616752
-0.0630282
-0.0643431
-0.0656052
-0.066794
-0.0678903
-0.0688574
-0.0696793
-0.0702732
-0.0706775
-0.070648
-0.0705325
-0.0694519
-0.0689554
-0.0664677
-0.0663804
-0.0632262
-0.00068083
-0.0020504
-0.00345084
-0.00489838
-0.00637591
-0.00786732
-0.00935342
-0.0108148
-0.0122337
-0.013595
-0.0148858
-0.0160972
-0.0172215
-0.01825
-0.0191805
-0.0200115
-0.0207429
-0.0213765
-0.021915
-0.0223627
-0.0227245
-0.0230063
-0.0232149
-0.0233574
-0.0234415
-0.0234751
-0.0234666
-0.0234242
-0.0233561
-0.0232701
-0.0231739
-0.0230747
-0.0229792
-0.0228938
-0.0228241
-0.0227751
-0.0227514
-0.0227566
-0.0227938
-0.0228657
-0.0229748
-0.0231225
-0.0233103
-0.0235389
-0.0238091
-0.0241209
-0.0244745
-0.0248695
-0.0253057
-0.0257826
-0.0262994
-0.0268557
-0.0274506
-0.0280834
-0.0287535
-0.02946
-0.0302024
-0.0309798
-0.0317915
-0.0326369
-0.0335153
-0.0344303
-0.0353781
-0.0363568
-0.037367
-0.0384083
-0.0394802
-0.0405822
-0.0417142
-0.0428755
-0.0440647
-0.0452811
-0.0465263
-0.0478022
-0.0491013
-0.050423
-0.0517658
-0.0531274
-0.0545045
-0.0558936
-0.0572899
-0.0586879
-0.0600808
-0.06146
-0.0628157
-0.0641352
-0.0654041
-0.0666022
-0.0677112
-0.068694
-0.0695371
-0.0701539
-0.0705901
-0.0705771
-0.0704811
-0.0694069
-0.0689002
-0.0663559
-0.0660815
-0.0623678
0.0794373
0.0851417
0.0872207
0.0895864
0.0905473
0.0906572
0.08957
0.0872442
0.0834385
0.0779384
0.070316
0.0602098
0.0467912
0.0294496
0.00625893
-0.024144
-0.0676603
-0.1249
-0.210355
-0.312711
0.0737197
0.079194
0.0811268
0.0832536
0.0839967
0.083875
0.0825574
0.0799956
0.075956
0.0702224
0.0623922
0.0520328
0.0384163
0.0207381
-0.00299367
-0.0346493
-0.0804285
-0.139475
-0.205194
-0.253562
0.0682449
0.0735395
0.0753189
0.0772105
0.0776881
0.0772674
0.0756035
0.0726421
0.068136
0.0618492
0.0533667
0.0422064
0.0275754
0.00851203
-0.0170295
-0.0505433
-0.0963883
-0.15061
-0.194481
-0.245583
0.0629608
0.0680652
0.0696828
0.0713453
0.0715574
0.0708301
0.0688055
0.0654246
0.0604283
0.0535633
0.0444045
0.0324385
0.0168348
-0.00339215
-0.0301377
-0.0643781
-0.107826
-0.155791
-0.185429
-0.227796
0.0578378
0.0627282
0.0641742
0.0656128
0.065576
0.0645654
0.0622166
0.058469
0.0530594
0.0457276
0.0360526
0.0235117
0.0072924
-0.0135016
-0.0404661
-0.0742253
-0.113741
-0.152966
-0.176543
-0.20669
0.0528763
0.0575362
0.0588033
0.0600221
0.0597507
0.0584802
0.0558438
0.0517816
0.04603
0.0383295
0.0282695
0.0153322
-0.00125299
-0.0222192
-0.0486919
-0.0810424
-0.116169
-0.144826
-0.16728
-0.182361
0.0480864
0.0525032
0.0535888
0.0545916
0.054096
0.0525829
0.0496849
0.045344
0.0393003
0.0313013
0.0209594
0.00779132
-0.0089004
-0.0296585
-0.0550426
-0.0851734
-0.11632
-0.135108
-0.157379
-0.160762
0.0434755
0.047634
0.0485397
0.0493303
0.0486203
0.0468787
0.0437406
0.0391504
0.0328552
0.0246129
0.0140591
0.000749151
-0.0159375
-0.0363471
-0.0603544
-0.0875129
-0.114408
-0.126514
-0.146581
-0.142212
0.0390499
0.0429212
0.0436577
0.0442373
0.0433264
0.0413709
0.0380153
0.0332056
0.0267013
0.0182803
0.00762471
-0.00561775
-0.0219002
-0.0413349
-0.063249
-0.0868311
-0.10982
-0.119683
-0.135159
-0.126876
0.0348186
0.0383539
0.0389474
0.0393091
0.038211
0.0360504
0.0324939
0.0274859
0.0208034
0.0122432
0.00151864
-0.011684
-0.0277475
-0.0466728
-0.0672964
-0.0881949
-0.107892
-0.117983
-0.130483
-0.112995
0.14564
0.15456
0.158903
0.164235
0.168491
0.172339
0.175503
0.177932
0.179454
0.179916
0.179057
0.176688
0.172311
0.165762
0.155816
0.142678
0.123779
0.102777
0.0752479
0.0623155
0.137579
0.146383
0.150058
0.154912
0.158398
0.161352
0.163426
0.164569
0.164571
0.163245
0.160267
0.15542
0.148158
0.138346
0.124601
0.107426
0.0838397
0.0594767
0.0292752
0.0330671
0.130195
0.138724
0.142032
0.146533
0.149561
0.152018
0.153512
0.154022
0.15333
0.151265
0.147501
0.141835
0.133602
0.122719
0.107547
0.0889735
0.0631032
0.0375516
0.00327891
0.0110428
0.12347
0.13163
0.134771
0.138996
0.141719
0.143855
0.14497
0.145062
0.143897
0.141302
0.136913
0.130514
0.121303
0.109238
0.0923492
0.071942
0.043016
0.0154288
-0.0234191
-0.0142963
0.116979
0.124761
0.12776
0.131716
0.134144
0.135954
0.136674
0.136309
0.134597
0.131349
0.126151
0.118777
0.108305
0.0947491
0.0757951
0.0531946
0.0208415
-0.00903163
-0.0511977
-0.0401529
0.110511
0.11793
0.120758
0.124429
0.126547
0.128003
0.1283
0.127444
0.125153
0.121227
0.115209
0.106882
0.0952281
0.0803246
0.0595349
0.0350519
-0.000258883
-0.032088
-0.0770506
-0.0650823
0.104069
0.111137
0.113784
0.117166
0.118983
0.120092
0.11999
0.118685
0.115881
0.111376
0.104686
0.0956124
0.0830548
0.0671154
0.0448759
0.0187221
-0.0193756
-0.0541779
-0.102389
-0.0900234
0.0977148
0.104438
0.106915
0.110021
0.111566
0.112363
0.111917
0.110236
0.10702
0.102066
0.0948705
0.0852455
0.0720306
0.0552784
0.0319719
0.00445328
-0.0354557
-0.0725866
-0.123976
-0.114855
0.091488
0.0978708
0.100195
0.103042
0.10435
0.104871
0.104138
0.10215
0.0986134
0.093321
0.0857644
0.0757569
0.0621381
0.0447734
0.0207901
-0.00841441
-0.0504344
-0.093836
-0.149546
-0.150288
0.0853933
0.0914366
0.0936332
0.0962361
0.0973482
0.0976338
0.0966758
0.0944556
0.0906974
0.0851857
0.0774201
0.0672002
0.0533449
0.0355351
0.0115272
-0.018111
-0.0588647
-0.101706
-0.156277
-0.143869
0.394366
0.393592
0.394899
0.393864
0.395906
0.394621
0.397958
0.396391
0.401989
0.400215
0.409948
0.408239
0.42595
0.424997
0.45935
0.460763
0.533839
0.543406
0.70805
0.769345
0.394363
0.393593
0.394896
0.393873
0.395903
0.394643
0.397964
0.396445
0.402023
0.400347
0.410057
0.408559
0.42625
0.425771
0.460123
0.462683
0.535855
0.547805
0.71363
0.762117
0.394361
0.393591
0.39489
0.393873
0.395896
0.39465
0.397958
0.396467
0.402023
0.400406
0.410079
0.408705
0.426328
0.426125
0.460322
0.463505
0.536253
0.548931
0.71392
0.749658
0.394357
0.393587
0.394882
0.393876
0.395885
0.394657
0.397944
0.396489
0.402011
0.400466
0.410083
0.408858
0.426382
0.426501
0.460476
0.464337
0.536446
0.549483
0.713005
0.730725
0.394352
0.39358
0.394871
0.393874
0.395868
0.394659
0.39792
0.396501
0.40198
0.400503
0.410047
0.408958
0.426341
0.426742
0.460386
0.464775
0.535871
0.548565
0.709353
0.705599
0.394347
0.393571
0.394858
0.393872
0.395847
0.394657
0.397888
0.396504
0.401931
0.400521
0.409975
0.409018
0.426225
0.426885
0.46011
0.464919
0.534683
0.546449
0.703257
0.674309
0.39434
0.39356
0.394842
0.393867
0.395821
0.394651
0.397847
0.396497
0.401865
0.40052
0.409866
0.409034
0.426029
0.426919
0.45963
0.464736
0.53283
0.543129
0.694516
0.636623
0.394333
0.393546
0.394824
0.393861
0.395791
0.394641
0.397797
0.396482
0.40178
0.400499
0.40972
0.409003
0.425749
0.426837
0.458944
0.464221
0.530312
0.538663
0.682862
0.592123
0.394326
0.393528
0.394804
0.393851
0.395758
0.394625
0.397742
0.396455
0.401684
0.400454
0.409545
0.408921
0.425396
0.426629
0.458053
0.463345
0.527128
0.533065
0.668191
0.54041
0.394316
0.393511
0.394777
0.393839
0.395713
0.394606
0.397665
0.396428
0.401556
0.40041
0.409329
0.408841
0.424991
0.426422
0.457086
0.462427
0.523608
0.527077
0.651306
0.480343
0.394316
0.393511
0.394777
0.393839
0.395713
0.394606
0.397665
0.396428
0.401556
0.40041
0.409329
0.408841
0.424991
0.426422
0.457086
0.462427
0.523607
0.527077
0.651306
0.480343
0.394326
0.393528
0.394804
0.393851
0.395758
0.394624
0.397742
0.396455
0.401684
0.400454
0.409545
0.408921
0.425396
0.426629
0.458053
0.463345
0.527128
0.533065
0.668191
0.54041
0.394333
0.393546
0.394824
0.393861
0.395791
0.394641
0.397797
0.396482
0.40178
0.400499
0.40972
0.409003
0.425749
0.426837
0.458944
0.464221
0.530312
0.538663
0.682862
0.592123
0.39434
0.39356
0.394842
0.393867
0.395821
0.394651
0.397847
0.396497
0.401865
0.40052
0.409866
0.409034
0.426029
0.426919
0.45963
0.464736
0.53283
0.543129
0.694516
0.636623
0.394347
0.393571
0.394858
0.393872
0.395847
0.394657
0.397888
0.396504
0.401931
0.400521
0.409975
0.409018
0.426225
0.426885
0.46011
0.464919
0.534683
0.546449
0.703257
0.674309
0.394352
0.39358
0.394871
0.393874
0.395868
0.394659
0.39792
0.396501
0.40198
0.400503
0.410047
0.408958
0.426341
0.426742
0.460386
0.464775
0.535871
0.548565
0.709353
0.705599
0.394357
0.393587
0.394882
0.393876
0.395885
0.394657
0.397944
0.396489
0.402011
0.400466
0.410083
0.408858
0.426382
0.426501
0.460476
0.464337
0.536446
0.549483
0.713005
0.730725
0.394361
0.393591
0.39489
0.393873
0.395896
0.39465
0.397958
0.396467
0.402023
0.400406
0.410079
0.408705
0.426328
0.426125
0.460322
0.463505
0.536253
0.548931
0.71392
0.749658
0.394363
0.393593
0.394896
0.393873
0.395903
0.394643
0.397964
0.396445
0.402023
0.400347
0.410057
0.408559
0.42625
0.425771
0.460123
0.462683
0.535855
0.547805
0.71363
0.762117
0.394366
0.393592
0.394899
0.393864
0.395906
0.394621
0.397958
0.396391
0.401989
0.400215
0.409948
0.408239
0.42595
0.424997
0.45935
0.460763
0.533839
0.543406
0.70805
0.769345
0.0853931
0.0914364
0.093633
0.096236
0.0973481
0.0976337
0.0966757
0.0944555
0.0906973
0.0851856
0.07742
0.0672002
0.0533448
0.0355351
0.0115272
-0.018111
-0.0588647
-0.101706
-0.156277
-0.143869
0.0914878
0.0978706
0.100195
0.103042
0.10435
0.104871
0.104138
0.10215
0.0986133
0.093321
0.0857643
0.0757568
0.0621381
0.0447734
0.0207901
-0.00841438
-0.0504343
-0.0938359
-0.149546
-0.150287
0.0977146
0.104438
0.106915
0.110021
0.111566
0.112363
0.111917
0.110236
0.10702
0.102066
0.0948705
0.0852454
0.0720306
0.0552783
0.0319719
0.00445331
-0.0354556
-0.0725866
-0.123976
-0.114855
0.104069
0.111137
0.113784
0.117166
0.118983
0.120092
0.11999
0.118685
0.115881
0.111375
0.104686
0.0956124
0.0830547
0.0671154
0.0448759
0.0187221
-0.0193756
-0.0541779
-0.102389
-0.0900234
0.110511
0.11793
0.120758
0.124429
0.126547
0.128003
0.1283
0.127444
0.125153
0.121227
0.115209
0.106882
0.0952281
0.0803246
0.0595349
0.0350519
-0.000258853
-0.0320879
-0.0770505
-0.0650823
0.116979
0.124761
0.12776
0.131716
0.134144
0.135954
0.136674
0.136308
0.134597
0.131349
0.126151
0.118777
0.108305
0.094749
0.0757952
0.0531946
0.0208415
-0.0090316
-0.0511977
-0.0401529
0.12347
0.13163
0.134771
0.138996
0.141719
0.143854
0.14497
0.145062
0.143897
0.141302
0.136913
0.130514
0.121303
0.109238
0.0923492
0.071942
0.043016
0.0154288
-0.0234191
-0.0142963
0.130195
0.138724
0.142031
0.146533
0.14956
0.152017
0.153512
0.154022
0.15333
0.151265
0.147501
0.141835
0.133602
0.122719
0.107547
0.0889735
0.0631032
0.0375516
0.00327893
0.0110428
0.137579
0.146383
0.150058
0.154912
0.158398
0.161352
0.163426
0.164569
0.164571
0.163245
0.160267
0.15542
0.148158
0.138346
0.124601
0.107426
0.0838397
0.0594767
0.0292752
0.0330671
0.14564
0.15456
0.158903
0.164235
0.168491
0.172339
0.175503
0.177932
0.179454
0.179916
0.179057
0.176688
0.172311
0.165762
0.155816
0.142678
0.123779
0.102777
0.0752479
0.0623155
0.0348183
0.0383536
0.0389472
0.0393089
0.0382108
0.0360502
0.0324937
0.0274857
0.0208032
0.0122431
0.00151856
-0.0116841
-0.0277475
-0.0466728
-0.0672964
-0.0881948
-0.107892
-0.117983
-0.130482
-0.112994
0.0390497
0.042921
0.0436575
0.0442371
0.0433262
0.0413707
0.0380151
0.0332055
0.0267012
0.0182802
0.00762463
-0.0056178
-0.0219002
-0.0413348
-0.0632489
-0.086831
-0.109819
-0.119683
-0.135159
-0.126876
0.0434752
0.0476338
0.0485395
0.0493301
0.0486201
0.0468785
0.0437404
0.0391503
0.0328551
0.0246128
0.014059
0.000749102
-0.0159376
-0.0363471
-0.0603543
-0.0875128
-0.114407
-0.126514
-0.146581
-0.142212
0.0480862
0.052503
0.0535886
0.0545914
0.0540959
0.0525827
0.0496848
0.0453439
0.0393002
0.0313012
0.0209593
0.00779127
-0.00890042
-0.0296585
-0.0550426
-0.0851733
-0.11632
-0.135108
-0.157379
-0.160762
0.0528761
0.057536
0.0588031
0.0600219
0.0597505
0.0584801
0.0558437
0.0517814
0.0460299
0.0383294
0.0282694
0.0153321
-0.00125301
-0.0222192
-0.0486919
-0.0810424
-0.116169
-0.144826
-0.16728
-0.182361
0.0578376
0.0627281
0.064174
0.0656126
0.0655758
0.0645653
0.0622164
0.0584689
0.0530592
0.0457275
0.0360525
0.0235116
0.00729238
-0.0135016
-0.0404661
-0.0742253
-0.113741
-0.152966
-0.176543
-0.20669
0.0629606
0.068065
0.0696827
0.0713451
0.0715572
0.07083
0.0688053
0.0654244
0.0604282
0.0535632
0.0444045
0.0324384
0.0168348
-0.00339215
-0.0301377
-0.064378
-0.107826
-0.155791
-0.185429
-0.227796
0.0682448
0.0735393
0.0753187
0.0772103
0.077688
0.0772673
0.0756034
0.072642
0.0681359
0.0618491
0.0533667
0.0422063
0.0275753
0.00851202
-0.0170295
-0.0505432
-0.0963882
-0.15061
-0.194481
-0.245583
0.0737195
0.0791938
0.0811267
0.0832534
0.0839965
0.0838749
0.0825573
0.0799955
0.0759559
0.0702224
0.0623921
0.0520327
0.0384163
0.0207381
-0.00299365
-0.0346492
-0.0804285
-0.139475
-0.205193
-0.253562
0.0794371
0.0851416
0.0872205
0.0895862
0.0905472
0.0906571
0.0895698
0.0872441
0.0834384
0.0779383
0.070316
0.0602098
0.0467911
0.0294496
0.00625894
-0.0241439
-0.0676603
-0.1249
-0.210355
-0.312711
-0.000680834
-0.00205041
-0.00345086
-0.0048984
-0.00637594
-0.00786737
-0.00935347
-0.0108148
-0.0122338
-0.013595
-0.0148858
-0.0160973
-0.0172216
-0.0182501
-0.0191806
-0.0200116
-0.020743
-0.0213765
-0.0219151
-0.0223627
-0.0227245
-0.0230064
-0.0232149
-0.0233574
-0.0234415
-0.0234752
-0.0234666
-0.0234243
-0.0233561
-0.0232702
-0.0231739
-0.0230747
-0.0229793
-0.0228938
-0.0228241
-0.0227751
-0.0227514
-0.0227566
-0.0227938
-0.0228658
-0.0229748
-0.0231226
-0.0233103
-0.023539
-0.0238092
-0.024121
-0.0244746
-0.0248696
-0.0253058
-0.0257827
-0.0262995
-0.0268558
-0.0274507
-0.0280836
-0.0287537
-0.0294603
-0.0302027
-0.0309802
-0.0317922
-0.0326381
-0.0335168
-0.0344292
-0.0353772
-0.0363563
-0.0373667
-0.0384081
-0.0394801
-0.0405823
-0.0417145
-0.0428762
-0.0440663
-0.0452837
-0.0465291
-0.0478011
-0.0491001
-0.0504222
-0.0517653
-0.0531269
-0.0545042
-0.0558934
-0.0572898
-0.0586878
-0.0600807
-0.06146
-0.0628157
-0.0641352
-0.0654041
-0.0666023
-0.0677112
-0.0686941
-0.0695372
-0.0701539
-0.0705902
-0.0705771
-0.0704811
-0.0694069
-0.0689002
-0.0663559
-0.0660815
-0.0623678
-0.000680272
-0.00205085
-0.00345277
-0.00490365
-0.00638522
-0.00788092
-0.00937125
-0.0108366
-0.0122592
-0.0136239
-0.014918
-0.0161306
-0.0172536
-0.0182809
-0.0192101
-0.0200394
-0.020769
-0.0214005
-0.0219368
-0.0223821
-0.0227416
-0.023021
-0.0232273
-0.0233677
-0.0234498
-0.0234818
-0.0234718
-0.0234281
-0.0233588
-0.0232717
-0.0231747
-0.0230749
-0.0229791
-0.0228936
-0.0228241
-0.0227755
-0.0227522
-0.0227583
-0.0227969
-0.0228707
-0.0229819
-0.0231323
-0.0233229
-0.0235548
-0.0238285
-0.0241441
-0.0245017
-0.0249011
-0.0253418
-0.0258234
-0.0263453
-0.0269068
-0.0275071
-0.0281457
-0.0288217
-0.0295345
-0.0302835
-0.0310679
-0.0318874
-0.0327416
-0.0336306
-0.0345527
-0.0355026
-0.0364859
-0.0375014
-0.0385482
-0.0396263
-0.0407354
-0.0418744
-0.0430424
-0.0442404
-0.0454694
-0.046721
-0.0480007
-0.0493016
-0.0506259
-0.0519717
-0.0533361
-0.054716
-0.0561074
-0.0575055
-0.0589045
-0.0602973
-0.0616754
-0.0630283
-0.0643432
-0.0656053
-0.0667942
-0.0678904
-0.0688575
-0.0696794
-0.0702732
-0.0706776
-0.0706481
-0.0705325
-0.069452
-0.0689554
-0.0664677
-0.0663804
-0.0632262
-0.000677627
-0.00204755
-0.00344975
-0.00490443
-0.00639097
-0.00789196
-0.00938737
-0.0108572
-0.0122835
-0.0136507
-0.0149461
-0.0161599
-0.0172854
-0.018314
-0.0192435
-0.0200725
-0.0208012
-0.0214314
-0.0219659
-0.0224092
-0.0227663
-0.0230433
-0.0232469
-0.0233846
-0.023464
-0.0234934
-0.0234809
-0.0234348
-0.0233632
-0.0232743
-0.0231756
-0.0230745
-0.0229777
-0.0228916
-0.0228218
-0.0227732
-0.0227504
-0.0227572
-0.0227967
-0.0228718
-0.0229844
-0.0231364
-0.023329
-0.0235629
-0.0238387
-0.0241566
-0.0245165
-0.0249182
-0.0253613
-0.0258452
-0.0263694
-0.0269331
-0.0275356
-0.0281761
-0.028854
-0.0295684
-0.0303187
-0.0311041
-0.0319239
-0.0327773
-0.0336628
-0.0345794
-0.0355388
-0.0365258
-0.0375448
-0.0385953
-0.0396759
-0.0407863
-0.0419275
-0.0430997
-0.0442987
-0.0455197
-0.0467814
-0.0480639
-0.0493725
-0.0507041
-0.0520562
-0.0534266
-0.054812
-0.0562085
-0.0576114
-0.0590148
-0.0604116
-0.0617931
-0.0631488
-0.0644657
-0.0657287
-0.0669175
-0.068012
-0.0689763
-0.0697928
-0.0703816
-0.0707781
-0.0707413
-0.0706078
-0.0695247
-0.0690853
-0.0666255
-0.0668276
-0.0641715
-0.000673066
-0.00204146
-0.0034432
-0.00490278
-0.00639598
-0.00790419
-0.00940666
-0.0108829
-0.0123148
-0.0136868
-0.0149863
-0.0162027
-0.0173287
-0.0183577
-0.019287
-0.0201153
-0.0208428
-0.0214712
-0.0220037
-0.0224444
-0.0227988
-0.0230729
-0.0232734
-0.0234079
-0.0234841
-0.0235103
-0.0234946
-0.0234455
-0.0233711
-0.0232796
-0.0231787
-0.0230757
-0.0229774
-0.02289
-0.0228193
-0.0227703
-0.0227474
-0.0227544
-0.0227945
-0.0228705
-0.0229844
-0.0231379
-0.0233323
-0.0235683
-0.0238463
-0.0241667
-0.0245294
-0.0249341
-0.0253803
-0.0258676
-0.0263953
-0.0269627
-0.0275691
-0.0282137
-0.0288959
-0.029615
-0.0303702
-0.031161
-0.0319869
-0.0328475
-0.0337432
-0.034674
-0.0356278
-0.0366216
-0.0376445
-0.0386981
-0.039784
-0.0409014
-0.0420475
-0.0432193
-0.0444222
-0.0456661
-0.0469226
-0.0482068
-0.049516
-0.0508486
-0.0522025
-0.0535748
-0.0549624
-0.056361
-0.0577659
-0.0591711
-0.0605694
-0.0619519
-0.0633081
-0.0646249
-0.0658871
-0.0670745
-0.0681667
-0.0691287
-0.069942
-0.0705306
-0.0709263
-0.0708993
-0.0707866
-0.0697294
-0.0694247
-0.0669951
-0.0676551
-0.0654362
-0.000666158
-0.00203238
-0.00343295
-0.00489859
-0.00640008
-0.00791724
-0.00942841
-0.0109125
-0.0123511
-0.0137285
-0.0150319
-0.016251
-0.0173795
-0.0184096
-0.0193392
-0.0201669
-0.0208931
-0.0215197
-0.0220498
-0.0224878
-0.022839
-0.0231097
-0.0233067
-0.0234374
-0.0235099
-0.0235322
-0.0235128
-0.0234601
-0.0233824
-0.0232878
-0.0231841
-0.0230785
-0.0229781
-0.0228889
-0.0228169
-0.0227669
-0.0227434
-0.0227503
-0.0227907
-0.0228674
-0.0229823
-0.0231372
-0.0233332
-0.0235711
-0.0238514
-0.0241742
-0.0245395
-0.0249469
-0.0253961
-0.0258864
-0.0264172
-0.0269878
-0.0275974
-0.0282453
-0.0289307
-0.0296528
-0.030411
-0.0312045
-0.0320327
-0.0328948
-0.0337899
-0.0347173
-0.0356801
-0.0366686
-0.0376961
-0.0387556
-0.039844
-0.040961
-0.042111
-0.0432984
-0.0445129
-0.0457441
-0.0470092
-0.0483009
-0.0496173
-0.0509565
-0.0523165
-0.0536946
-0.0550876
-0.0564915
-0.0579014
-0.0593113
-0.0607141
-0.0621009
-0.063461
-0.0647815
-0.066047
-0.0672376
-0.0683328
-0.0692989
-0.0701165
-0.0707144
-0.0711215
-0.0711201
-0.0710509
-0.0700443
-0.0699296
-0.0675321
-0.0688023
-0.0669335
-0.000656383
-0.00202024
-0.00341895
-0.00489191
-0.00640336
-0.00793116
-0.00945263
-0.0109459
-0.0123924
-0.0137763
-0.0150848
-0.0163074
-0.0174381
-0.0184697
-0.0193996
-0.0202268
-0.0209516
-0.0215762
-0.0221037
-0.0225386
-0.0228864
-0.0231532
-0.0233462
-0.0234727
-0.0235409
-0.0235589
-0.0235353
-0.0234784
-0.0233967
-0.0232984
-0.0231913
-0.0230827
-0.0229796
-0.0228882
-0.0228143
-0.022763
-0.0227386
-0.022745
-0.0227854
-0.0228624
-0.022978
-0.023134
-0.0233315
-0.0235712
-0.0238536
-0.0241787
-0.0245465
-0.0249567
-0.0254088
-0.0259022
-0.0264363
-0.0270102
-0.0276233
-0.0282747
-0.0289637
-0.0296897
-0.0304518
-0.0312495
-0.0320822
-0.0329494
-0.0338509
-0.0347861
-0.0357535
-0.0367569
-0.0377861
-0.0388465
-0.0399407
-0.0410682
-0.042224
-0.0434026
-0.0446119
-0.0458547
-0.0471227
-0.0484167
-0.0497358
-0.0510782
-0.0524417
-0.0538236
-0.0552205
-0.0566285
-0.0580425
-0.0594567
-0.0608636
-0.0622545
-0.0636189
-0.0649436
-0.0662135
-0.0674092
-0.06851
-0.0694838
-0.070311
-0.0709256
-0.0713541
-0.071392
-0.0713825
-0.0704486
-0.070567
-0.0682011
-0.0702538
-0.0685822
-0.000643012
-0.00200496
-0.00340117
-0.00488286
-0.00640598
-0.00794604
-0.00947929
-0.0109831
-0.0124386
-0.0138299
-0.015144
-0.01637
-0.0175039
-0.0185372
-0.0194675
-0.0202941
-0.0210176
-0.02164
-0.0221647
-0.0225963
-0.0229402
-0.0232029
-0.0233914
-0.0235133
-0.0235767
-0.0235899
-0.0235614
-0.0234999
-0.0234138
-0.0233112
-0.0232002
-0.0230881
-0.0229818
-0.0228878
-0.0228116
-0.0227585
-0.0227328
-0.0227384
-0.0227784
-0.0228555
-0.0229717
-0.0231287
-0.0233274
-0.0235688
-0.0238531
-0.0241805
-0.0245508
-0.0249638
-0.0254188
-0.0259153
-0.0264526
-0.0270299
-0.0276464
-0.0283013
-0.0289939
-0.0297234
-0.030489
-0.0312902
-0.0321262
-0.0329964
-0.0339001
-0.034837
-0.0358065
-0.0368073
-0.0378425
-0.0389098
-0.0400069
-0.0411334
-0.0422911
-0.0434814
-0.0447002
-0.0459453
-0.0472185
-0.0485182
-0.0498429
-0.0511907
-0.0525594
-0.0539464
-0.0553485
-0.0567616
-0.0581807
-0.0595999
-0.061012
-0.0624081
-0.0637777
-0.065108
-0.0663838
-0.0675864
-0.0686952
-0.06968
-0.0705208
-0.0711576
-0.071614
-0.0717017
-0.0717626
-0.0709213
-0.0713024
-0.0689698
-0.0720021
-0.0703305
-0.000625039
-0.00198667
-0.00337976
-0.00487178
-0.00640827
-0.00796209
-0.00950843
-0.0110239
-0.0124892
-0.0138886
-0.0152092
-0.0164421
-0.0175764
-0.0186113
-0.0195423
-0.0203684
-0.0210904
-0.0217105
-0.0222322
-0.0226602
-0.023
-0.0232582
-0.0234418
-0.0235586
-0.0236167
-0.0236246
-0.0235909
-0.0235242
-0.0234331
-0.0233259
-0.0232105
-0.0230944
-0.0229846
-0.0228875
-0.0228088
-0.0227536
-0.0227264
-0.0227309
-0.0227704
-0.0228474
-0.022964
-0.0231216
-0.0233215
-0.0235644
-0.0238505
-0.02418
-0.0245528
-0.0249683
-0.0254262
-0.0259257
-0.0264661
-0.0270466
-0.0276666
-0.028325
-0.0290212
-0.0297545
-0.030524
-0.0313291
-0.0321692
-0.0330437
-0.0339521
-0.034894
-0.0358686
-0.0368761
-0.0379146
-0.0389844
-0.0400858
-0.0412184
-0.0423808
-0.0435718
-0.0447923
-0.0460419
-0.047319
-0.0486224
-0.0499509
-0.0513028
-0.0526759
-0.0540674
-0.0554741
-0.056892
-0.0583162
-0.0597406
-0.061158
-0.0625598
-0.0639355
-0.0652723
-0.0665555
-0.0677666
-0.0688854
-0.0698832
-0.0707399
-0.0714012
-0.0718863
-0.0720275
-0.0721616
-0.071427
-0.0720854
-0.0697917
-0.0740399
-0.0721324
-0.000601145
-0.00196599
-0.00335533
-0.00485958
-0.00641128
-0.0079803
-0.00954092
-0.011069
-0.0125449
-0.0139527
-0.0152797
-0.0165158
-0.0176544
-0.0186919
-0.0196237
-0.0204493
-0.0211697
-0.0217874
-0.0223058
-0.0227299
-0.0230652
-0.0233184
-0.0234967
-0.023608
-0.0236603
-0.0236624
-0.0236229
-0.0235506
-0.0234541
-0.0233417
-0.0232215
-0.0231011
-0.0229874
-0.0228869
-0.0228054
-0.0227479
-0.022719
-0.0227224
-0.0227613
-0.0228382
-0.0229552
-0.0231137
-0.0233149
-0.0235594
-0.0238475
-0.0241792
-0.0245544
-0.0249727
-0.0254333
-0.0259358
-0.0264792
-0.0270629
-0.0276859
-0.0283475
-0.0290469
-0.0297832
-0.0305557
-0.0313639
-0.0322069
-0.0330843
-0.0339955
-0.0349401
-0.0359174
-0.0369271
-0.0379693
-0.0390432
-0.0401484
-0.0412843
-0.0424508
-0.0436476
-0.0448736
-0.046128
-0.0474101
-0.0487189
-0.0500528
-0.0514102
-0.0527888
-0.0541861
-0.0555986
-0.0570225
-0.0584527
-0.0598832
-0.0613069
-0.0627151
-0.0640973
-0.065441
-0.0667313
-0.0679503
-0.0690777
-0.0700864
-0.0709557
-0.0716372
-0.0721457
-0.0723379
-0.0725358
-0.0719136
-0.0728449
-0.0706357
-0.0763845
-0.0738451
-0.000570027
-0.00194008
-0.00332718
-0.00484455
-0.00641341
-0.00799905
-0.00957512
-0.0111168
-0.0126043
-0.0140217
-0.0153564
-0.016599
-0.0177398
-0.0187782
-0.0197102
-0.020535
-0.0212535
-0.0218685
-0.0223835
-0.0228035
-0.0231342
-0.0233824
-0.0235553
-0.0236609
-0.0237073
-0.0237034
-0.0236578
-0.0235794
-0.023477
-0.0233591
-0.0232336
-0.0231083
-0.0229902
-0.0228858
-0.0228008
-0.0227404
-0.0227091
-0.0227106
-0.0227482
-0.0228245
-0.0229415
-0.0231006
-0.0233028
-0.0235488
-0.023839
-0.0241731
-0.0245512
-0.0249726
-0.0254367
-0.0259429
-0.0264903
-0.0270782
-0.0277056
-0.0283716
-0.0290756
-0.0298166
-0.0305939
-0.0314068
-0.0322547
-0.033137
-0.034053
-0.0350024
-0.0359844
-0.0369989
-0.0380453
-0.0391232
-0.0402323
-0.0413722
-0.0425424
-0.0437424
-0.0449717
-0.0462295
-0.047515
-0.0488271
-0.0501644
-0.0515251
-0.052907
-0.0543075
-0.0557232
-0.0571501
-0.0585833
-0.0600168
-0.0614434
-0.0628545
-0.0642397
-0.0655866
-0.0668807
-0.0681049
-0.0692389
-0.0702581
-0.0711418
-0.0718492
-0.0723908
-0.0726423
-0.0729019
-0.0724011
-0.0736038
-0.0715326
-0.0790549
-0.0754391
0.39296
0.392721
0.392623
0.392268
0.391864
0.391128
0.390208
0.388854
0.386944
0.384648
0.380994
0.376446
0.369045
0.36007
0.345384
0.328639
0.300748
0.272093
0.224669
0.181028
0.393011
0.392727
0.392716
0.392324
0.392045
0.39129
0.390586
0.389274
0.387751
0.385481
0.382329
0.378089
0.371349
0.363266
0.349284
0.334406
0.30666
0.280975
0.231899
0.190779
0.393062
0.392742
0.3928
0.392386
0.392198
0.391439
0.390875
0.389604
0.388252
0.386164
0.383311
0.379431
0.373175
0.365812
0.352481
0.338849
0.311516
0.287607
0.237341
0.197782
0.393122
0.392763
0.392896
0.392455
0.392376
0.391605
0.391228
0.389979
0.388969
0.386932
0.384556
0.380948
0.3754
0.368711
0.356309
0.343946
0.317255
0.295245
0.243515
0.205644
0.393189
0.392789
0.393
0.392534
0.392568
0.391786
0.391604
0.39038
0.389685
0.387751
0.385893
0.382575
0.37784
0.371812
0.360553
0.349379
0.323648
0.303359
0.250127
0.213917
0.393263
0.392819
0.393113
0.39262
0.392773
0.391978
0.392005
0.390798
0.390459
0.388609
0.387335
0.384284
0.380492
0.375081
0.365197
0.355125
0.330702
0.311967
0.257268
0.222676
0.393342
0.392854
0.393232
0.392711
0.392989
0.392179
0.392425
0.391233
0.391272
0.389499
0.388871
0.386058
0.38335
0.378501
0.37024
0.361177
0.338473
0.321107
0.265085
0.232042
0.393425
0.392894
0.393355
0.392807
0.393214
0.392387
0.39286
0.391678
0.392117
0.390412
0.390486
0.387881
0.386395
0.382054
0.375676
0.36752
0.347013
0.330796
0.273762
0.242102
0.393511
0.392936
0.393483
0.392906
0.393443
0.3926
0.393306
0.392132
0.392985
0.391343
0.392161
0.389744
0.389604
0.385708
0.381506
0.374133
0.356372
0.341051
0.28352
0.252946
0.393599
0.392981
0.393613
0.393007
0.393676
0.392815
0.393757
0.392589
0.393866
0.392282
0.393879
0.391634
0.392942
0.389429
0.387723
0.381009
0.366601
0.351883
0.294638
0.264655
0.393688
0.393029
0.393743
0.393109
0.393909
0.39303
0.394208
0.393044
0.39475
0.393222
0.395617
0.393537
0.396372
0.393202
0.39429
0.388153
0.377759
0.363294
0.307445
0.277279
0.393777
0.393078
0.393873
0.39321
0.394139
0.393243
0.394654
0.393494
0.395627
0.394154
0.397355
0.395439
0.399851
0.397015
0.401164
0.395519
0.389955
0.375283
0.322329
0.290806
0.393863
0.393129
0.394
0.393309
0.394364
0.393451
0.39509
0.393934
0.396486
0.395069
0.399069
0.397321
0.403332
0.400849
0.408252
0.403062
0.403294
0.387904
0.33975
0.305105
0.393947
0.39318
0.394123
0.393405
0.394581
0.393652
0.395511
0.394359
0.397317
0.395958
0.400737
0.399168
0.406765
0.404674
0.415453
0.41077
0.417764
0.401369
0.360289
0.319829
0.394026
0.393231
0.394241
0.393497
0.394789
0.393843
0.395911
0.394765
0.398109
0.396811
0.402337
0.400959
0.410096
0.408454
0.422644
0.418638
0.43325
0.41602
0.384654
0.334358
0.394099
0.393282
0.394353
0.393582
0.394984
0.394024
0.396288
0.395148
0.398855
0.39762
0.403849
0.402675
0.413276
0.412152
0.429687
0.426644
0.449522
0.431944
0.414089
0.347987
0.394164
0.393334
0.394457
0.393661
0.395164
0.394191
0.396636
0.395503
0.399546
0.398373
0.405255
0.404293
0.416259
0.41572
0.436446
0.434722
0.466148
0.449233
0.449836
0.360057
0.394219
0.393387
0.394551
0.393738
0.39533
0.394343
0.396954
0.395824
0.400176
0.399059
0.40654
0.405783
0.419005
0.419095
0.4428
0.442763
0.48271
0.467941
0.493218
0.369487
0.394264
0.393435
0.394635
0.393781
0.395477
0.394468
0.397236
0.396104
0.400736
0.399668
0.407686
0.40713
0.421473
0.422217
0.448621
0.450638
0.498705
0.48818
0.544846
0.375476
0.394293
0.393503
0.3947
0.393876
0.395593
0.394617
0.397467
0.396383
0.401205
0.400236
0.408659
0.408351
0.423609
0.425065
0.453784
0.458132
0.513624
0.510085
0.604144
0.386376
0.394293
0.393503
0.3947
0.393876
0.395593
0.394617
0.397467
0.396383
0.401205
0.400236
0.408659
0.408351
0.423609
0.425065
0.453784
0.458132
0.513624
0.510085
0.604144
0.386376
0.394264
0.393435
0.394635
0.393781
0.395477
0.394468
0.397236
0.396104
0.400736
0.399668
0.407686
0.40713
0.421473
0.422217
0.448621
0.450638
0.498705
0.48818
0.544846
0.375476
0.394219
0.393387
0.394551
0.393738
0.39533
0.394343
0.396954
0.395824
0.400176
0.399059
0.40654
0.405783
0.419005
0.419095
0.4428
0.442763
0.48271
0.467941
0.493218
0.369487
0.394164
0.393334
0.394457
0.393661
0.395164
0.394191
0.396636
0.395503
0.399546
0.398373
0.405255
0.404293
0.416259
0.41572
0.436446
0.434722
0.466148
0.449233
0.449836
0.360057
0.394099
0.393282
0.394353
0.393582
0.394984
0.394024
0.396288
0.395148
0.398855
0.39762
0.403849
0.402675
0.413276
0.412152
0.429687
0.426644
0.449522
0.431944
0.414089
0.347987
0.394026
0.393231
0.394241
0.393497
0.394789
0.393843
0.395911
0.394765
0.398109
0.396811
0.402337
0.400959
0.410096
0.408454
0.422644
0.418638
0.43325
0.41602
0.384655
0.334358
0.393947
0.39318
0.394123
0.393405
0.394581
0.393652
0.395511
0.394359
0.397317
0.395958
0.400737
0.399168
0.406765
0.404674
0.415453
0.41077
0.417764
0.401369
0.360289
0.319829
0.393863
0.393129
0.394
0.393309
0.394364
0.393451
0.39509
0.393934
0.396486
0.395069
0.399069
0.397322
0.403332
0.400849
0.408252
0.403062
0.403295
0.387904
0.33975
0.305105
0.393777
0.393078
0.393873
0.39321
0.394139
0.393243
0.394654
0.393494
0.395627
0.394154
0.397355
0.395439
0.399851
0.397015
0.401164
0.395519
0.389955
0.375283
0.322329
0.290806
0.393688
0.393029
0.393743
0.393109
0.393909
0.39303
0.394208
0.393044
0.39475
0.393223
0.395617
0.393537
0.396372
0.393202
0.39429
0.388153
0.377759
0.363294
0.307445
0.277279
0.393599
0.392981
0.393613
0.393008
0.393676
0.392815
0.393757
0.392589
0.393866
0.392282
0.393879
0.391634
0.392942
0.389429
0.387723
0.381009
0.366601
0.351883
0.294638
0.264655
0.393511
0.392936
0.393483
0.392906
0.393443
0.3926
0.393306
0.392132
0.392985
0.391343
0.392161
0.389744
0.389604
0.385708
0.381506
0.374133
0.356372
0.341051
0.28352
0.252946
0.393425
0.392894
0.393355
0.392807
0.393214
0.392387
0.39286
0.391678
0.392117
0.390412
0.390486
0.387881
0.386395
0.382054
0.375676
0.36752
0.347013
0.330796
0.273762
0.242102
0.393342
0.392854
0.393232
0.392711
0.392989
0.392179
0.392425
0.391233
0.391272
0.389499
0.388871
0.386058
0.38335
0.378501
0.37024
0.361177
0.338473
0.321107
0.265085
0.232042
0.393263
0.392819
0.393113
0.39262
0.392773
0.391978
0.392005
0.390799
0.390459
0.388609
0.387335
0.384284
0.380492
0.375081
0.365197
0.355125
0.330702
0.311967
0.257268
0.222676
0.393189
0.392789
0.393
0.392534
0.392568
0.391786
0.391604
0.39038
0.389685
0.387751
0.385893
0.382575
0.37784
0.371812
0.360553
0.349379
0.323649
0.303359
0.250127
0.213917
0.393122
0.392763
0.392896
0.392455
0.392376
0.391605
0.391228
0.389979
0.388969
0.386932
0.384556
0.380948
0.3754
0.368711
0.356309
0.343946
0.317255
0.295245
0.243515
0.205644
0.393062
0.392742
0.3928
0.392386
0.392198
0.391439
0.390875
0.389604
0.388252
0.386164
0.383311
0.379431
0.373175
0.365812
0.352481
0.338849
0.311516
0.287607
0.237341
0.197782
0.393011
0.392727
0.392716
0.392324
0.392045
0.39129
0.390586
0.389274
0.387751
0.385481
0.382329
0.378089
0.371349
0.363266
0.349284
0.334406
0.30666
0.280975
0.231899
0.190779
0.39296
0.392721
0.392623
0.392268
0.391864
0.391128
0.390208
0.388854
0.386944
0.384648
0.380994
0.376446
0.369045
0.36007
0.345384
0.328639
0.300748
0.272093
0.224669
0.181028
-0.000502964
-0.00187843
-0.00326805
-0.00480595
-0.00640459
-0.00801868
-0.00962052
-0.0111848
-0.0126913
-0.0141244
-0.0154716
-0.0167236
-0.0178736
-0.0189152
-0.0198488
-0.0206736
-0.0213907
-0.0220027
-0.0225135
-0.0229281
-0.0232525
-0.0234934
-0.0236582
-0.0237551
-0.0237924
-0.0237788
-0.0237234
-0.0236351
-0.0235227
-0.0233948
-0.0232597
-0.0231252
-0.0229983
-0.0228857
-0.0227932
-0.0227261
-0.0226887
-0.022685
-0.0227181
-0.0227906
-0.0229044
-0.023061
-0.0232615
-0.0235064
-0.023796
-0.0241302
-0.0245087
-0.0249311
-0.0253966
-0.0259045
-0.0264539
-0.027044
-0.0276738
-0.0283424
-0.029049
-0.0297927
-0.0305728
-0.0313885
-0.0322392
-0.0331241
-0.0340429
-0.0349949
-0.0359797
-0.036997
-0.0380463
-0.0391272
-0.0402395
-0.0413826
-0.0425563
-0.04376
-0.0449932
-0.0462552
-0.0475452
-0.0488621
-0.0502047
-0.0515712
-0.0529596
-0.0543674
-0.0557914
-0.0572276
-0.0586715
-0.0601173
-0.0615582
-0.0629859
-0.0643907
-0.065761
-0.067083
-0.0683407
-0.0695155
-0.0705859
-0.0715304
-0.0723201
-0.0729465
-0.0733529
-0.0737517
-0.0735193
-0.0750629
-0.0735126
-0.0831995
-0.0819767
-0.000344928
-0.00180374
-0.003174
-0.0047579
-0.0063983
-0.00805123
-0.00968783
-0.0112818
-0.0128131
-0.0142661
-0.0156286
-0.0168917
-0.0180485
-0.0190978
-0.020036
-0.0208622
-0.0215782
-0.0221872
-0.0226932
-0.0231015
-0.0234183
-0.0236504
-0.0238053
-0.0238913
-0.023917
-0.0238912
-0.023823
-0.0237217
-0.0235962
-0.0234553
-0.0233074
-0.0231604
-0.0230216
-0.0228977
-0.0227946
-0.0227175
-0.0226711
-0.0226592
-0.0226849
-0.0227508
-0.0228589
-0.0230106
-0.0232068
-0.0234482
-0.0237347
-0.0240665
-0.0244429
-0.0248635
-0.0253275
-0.025834
-0.0263821
-0.0269709
-0.0275994
-0.0282667
-0.0289719
-0.0297141
-0.0304925
-0.0313064
-0.0321551
-0.033038
-0.0339545
-0.0349043
-0.0358867
-0.0369015
-0.0379483
-0.0390266
-0.0401363
-0.0412769
-0.042448
-0.0436492
-0.0448801
-0.04614
-0.0474282
-0.0487436
-0.050085
-0.0514508
-0.052839
-0.0542472
-0.0556723
-0.0571106
-0.0585574
-0.0600072
-0.0614533
-0.0628877
-0.0643006
-0.0656806
-0.0670132
-0.0682857
-0.0694741
-0.0705591
-0.0715167
-0.0723173
-0.0729402
-0.0733475
-0.0736519
-0.0734276
-0.0749449
-0.072511
-0.0861541
-0.0762244
-4.72334e-05
-0.00174258
-0.00306584
-0.00472129
-0.00640116
-0.00809196
-0.00976182
-0.0113839
-0.0129386
-0.0144109
-0.015789
-0.0170645
-0.0182311
-0.0192851
-0.020225
-0.0210515
-0.021766
-0.0223717
-0.0228729
-0.023275
-0.0235843
-0.0238077
-0.023953
-0.0240284
-0.0240426
-0.0240047
-0.023924
-0.0238098
-0.0236713
-0.0235174
-0.0233567
-0.0231972
-0.0230463
-0.0229109
-0.022797
-0.0227098
-0.0226541
-0.0226336
-0.0226516
-0.0227106
-0.0228126
-0.0229589
-0.0231505
-0.0233877
-0.0236709
-0.0239996
-0.0243736
-0.0247921
-0.0252543
-0.0257594
-0.0263063
-0.026894
-0.0275215
-0.0281878
-0.028892
-0.0296332
-0.0304106
-0.0312234
-0.0320709
-0.0329525
-0.0338677
-0.0348158
-0.0357966
-0.0368095
-0.0378542
-0.0389305
-0.0400378
-0.041176
-0.0423446
-0.0435433
-0.0447716
-0.0460288
-0.0473143
-0.048627
-0.0499658
-0.051329
-0.0527146
-0.0541203
-0.0555427
-0.0569783
-0.0584223
-0.0598691
-0.0613117
-0.0627419
-0.0641496
-0.0655227
-0.0668467
-0.0681048
-0.0692758
-0.0703356
-0.0712568
-0.0720069
-0.0725562
-0.0728747
-0.0729895
-0.0727912
-0.0735189
-0.0719311
-0.0820853
-0.0718398
0.000383699
-0.00174797
-0.00294731
-0.00471004
-0.00641579
-0.00813997
-0.00983784
-0.0114835
-0.0130579
-0.0145466
-0.0159377
-0.0172231
-0.0183969
-0.0194558
-0.0203981
-0.0212253
-0.0219387
-0.0225415
-0.0230385
-0.023435
-0.0237375
-0.0239531
-0.0240896
-0.0241553
-0.0241592
-0.0241102
-0.024018
-0.0238919
-0.0237414
-0.0235754
-0.0234028
-0.0232317
-0.0230696
-0.0229235
-0.0227995
-0.0227029
-0.0226384
-0.0226099
-0.0226206
-0.022673
-0.022769
-0.02291
-0.0230969
-0.0233301
-0.0236097
-0.0239353
-0.0243065
-0.0247225
-0.0251825
-0.0256855
-0.0262304
-0.0268162
-0.0274419
-0.0281063
-0.0288086
-0.0295478
-0.030323
-0.0311335
-0.0319785
-0.0328574
-0.0337697
-0.0347149
-0.0356924
-0.0367019
-0.0377431
-0.0388155
-0.039919
-0.041053
-0.0422174
-0.0434117
-0.0446353
-0.0458877
-0.0471681
-0.0484755
-0.0498085
-0.0511656
-0.0525445
-0.0539427
-0.0553569
-0.0567831
-0.0582162
-0.0596502
-0.0610777
-0.0624895
-0.0638749
-0.0652204
-0.0665101
-0.067725
-0.0688419
-0.0698335
-0.0706686
-0.0713117
-0.0717283
-0.0718863
-0.0717755
-0.0714172
-0.0712792
-0.0707077
-0.0769901
-0.06885
0.00130662
-0.00185898
-0.0028151
-0.00472907
-0.00643795
-0.0081894
-0.00990661
-0.0115692
-0.0131581
-0.0146589
-0.0160599
-0.017353
-0.0185326
-0.0195954
-0.0205405
-0.0213674
-0.02208
-0.0226809
-0.0231745
-0.0235667
-0.0238639
-0.0240734
-0.0242028
-0.0242608
-0.0242562
-0.0241983
-0.0240966
-0.0239608
-0.0238002
-0.0236243
-0.0234417
-0.0232608
-0.0230893
-0.022934
-0.0228013
-0.0226966
-0.0226245
-0.0225889
-0.022593
-0.0226394
-0.02273
-0.022866
-0.0230483
-0.0232773
-0.023553
-0.0238751
-0.0242429
-0.0246558
-0.0251127
-0.0256128
-0.0261547
-0.0267376
-0.0273602
-0.0280216
-0.0287206
-0.0294564
-0.0302281
-0.0310349
-0.031876
-0.0327509
-0.0336589
-0.0345996
-0.0355724
-0.036577
-0.0376131
-0.0386801
-0.0397779
-0.0409061
-0.0420643
-0.043252
-0.0444687
-0.0457138
-0.0469862
-0.0482849
-0.0496084
-0.0509549
-0.052322
-0.0537068
-0.0551057
-0.0565141
-0.0579264
-0.0593358
-0.0607339
-0.0621105
-0.0634533
-0.0647472
-0.065974
-0.067112
-0.0681345
-0.0690101
-0.0697018
-0.0701687
-0.0703706
-0.0702685
-0.069833
-0.0691112
-0.0684935
-0.0687752
-0.0718025
-0.0678412
0.00153822
-0.00186482
-0.00280003
-0.00475493
-0.00646412
-0.0082315
-0.00995724
-0.0116293
-0.0132264
-0.0147346
-0.0161419
-0.0174402
-0.0186237
-0.0196893
-0.020636
-0.0214645
-0.0221758
-0.0227755
-0.0232672
-0.0236567
-0.0239504
-0.0241558
-0.0242806
-0.0243334
-0.024323
-0.0242589
-0.0241506
-0.0240079
-0.0238403
-0.0236571
-0.0234673
-0.0232792
-0.0231006
-0.0229385
-0.0227991
-0.022688
-0.0226098
-0.0225684
-0.0225671
-0.0226083
-0.0226939
-0.0228253
-0.0230032
-0.0232279
-0.0234995
-0.0238175
-0.0241814
-0.0245903
-0.0250433
-0.0255394
-0.0260773
-0.026656
-0.0272744
-0.0279314
-0.028626
-0.0293571
-0.030124
-0.0309258
-0.0317617
-0.0326312
-0.0335337
-0.0344686
-0.0354355
-0.0364339
-0.0374634
-0.0385238
-0.0396145
-0.0407353
-0.0418856
-0.0430649
-0.0442727
-0.0455079
-0.0467697
-0.0480566
-0.049367
-0.0506987
-0.0520489
-0.0534143
-0.0547906
-0.0561725
-0.0575536
-0.0589258
-0.0602795
-0.0616026
-0.0628806
-0.0640956
-0.0652261
-0.066246
-0.0671236
-0.0678213
-0.068296
-0.0685032
-0.068402
-0.067947
-0.0670815
-0.0658345
-0.0646182
-0.0642198
-0.0643995
-0.0618198
0.00118353
-0.00183291
-0.00287977
-0.0047746
-0.00648745
-0.00825377
-0.009978
-0.0116515
-0.0132503
-0.0147607
-0.0161703
-0.0174708
-0.0186563
-0.0197234
-0.0206712
-0.0215002
-0.0222127
-0.0228115
-0.0233024
-0.0236909
-0.0239833
-0.0241869
-0.0243097
-0.0243602
-0.0243472
-0.0242802
-0.0241688
-0.0240227
-0.0238515
-0.0236645
-0.0234707
-0.0232786
-0.0230958
-0.0229295
-0.0227859
-0.0226705
-0.022588
-0.0225424
-0.0225369
-0.0225739
-0.0226553
-0.0227824
-0.0229559
-0.0231763
-0.0234435
-0.023757
-0.0241163
-0.0245205
-0.0249686
-0.0254597
-0.0259925
-0.026566
-0.027179
-0.0278305
-0.0285194
-0.0292448
-0.0300057
-0.0308015
-0.0316313
-0.0324945
-0.0333904
-0.0343187
-0.0352787
-0.0362701
-0.0372923
-0.0383451
-0.0394279
-0.0405402
-0.0416816
-0.0428514
-0.0440487
-0.0452726
-0.0465217
-0.0477945
-0.0490888
-0.050402
-0.0517309
-0.0530714
-0.0544182
-0.0557652
-0.0571045
-0.0584265
-0.0597193
-0.0609685
-0.0621563
-0.0632613
-0.0642573
-0.065113
-0.0657904
-0.0662442
-0.0664228
-0.0662734
-0.0657422
-0.0647555
-0.0632131
-0.0611112
-0.0588056
-0.0568161
-0.0546309
-0.0503359
0.000973542
-0.00180939
-0.00294228
-0.00479013
-0.00648796
-0.00824407
-0.00995671
-0.0116238
-0.0132172
-0.0147245
-0.0161321
-0.0174316
-0.0186167
-0.019684
-0.0206321
-0.0214616
-0.0221745
-0.0227746
-0.0232657
-0.0236542
-0.0239473
-0.0241515
-0.0242748
-0.0243258
-0.0243136
-0.0242473
-0.0241365
-0.0239909
-0.0238199
-0.023633
-0.0234389
-0.0232462
-0.0230625
-0.0228949
-0.0227497
-0.0226324
-0.0225477
-0.0224995
-0.022491
-0.0225248
-0.0226026
-0.0227259
-0.0228953
-0.0231113
-0.0233737
-0.0236823
-0.0240363
-0.0244351
-0.0248776
-0.0253629
-0.0258898
-0.0264571
-0.027064
-0.0277091
-0.0283916
-0.0291106
-0.029865
-0.0306542
-0.0314775
-0.032334
-0.0332233
-0.0341448
-0.0350979
-0.0360823
-0.0370973
-0.0381425
-0.0392175
-0.0403216
-0.0414541
-0.0426142
-0.0438009
-0.0450129
-0.0462485
-0.0475059
-0.0487823
-0.0500745
-0.0513786
-0.0526894
-0.0540006
-0.0553046
-0.0565917
-0.0578501
-0.0590653
-0.0602195
-0.0612911
-0.0622536
-0.0630751
-0.0637172
-0.0641331
-0.0642672
-0.0640574
-0.0634398
-0.0623447
-0.0606717
-0.0582912
-0.0551697
-0.0515576
-0.0477996
-0.0434758
-0.0364268
0.000763231
-0.00179305
-0.00297732
-0.00478535
-0.00645327
-0.00818995
-0.00988139
-0.011534
-0.013115
-0.0146134
-0.0160143
-0.0173092
-0.0184913
-0.0195569
-0.0205042
-0.0213334
-0.0220467
-0.0226473
-0.02314
-0.0235302
-0.0238236
-0.0240304
-0.0241565
-0.0242108
-0.0242022
-0.0241401
-0.0240337
-0.0238925
-0.0237258
-0.0235428
-0.0233524
-0.0231627
-0.0229814
-0.0228156
-0.0226716
-0.0225547
-0.0224697
-0.0224205
-0.0224105
-0.022442
-0.022517
-0.0226368
-0.0228023
-0.0230138
-0.0232714
-0.0235747
-0.0239232
-0.0243161
-0.0247526
-0.0252316
-0.0257521
-0.0263131
-0.0269135
-0.0275523
-0.0282285
-0.0289411
-0.0296895
-0.0304726
-0.0312899
-0.0321407
-0.0330242
-0.0339401
-0.0348876
-0.0358662
-0.0368755
-0.0379147
-0.0389834
-0.0400807
-0.0412058
-0.0423576
-0.0435349
-0.0447359
-0.0459587
-0.0472008
-0.0484588
-0.0497287
-0.0510056
-0.0522831
-0.0535535
-0.0548071
-0.0560321
-0.0572138
-0.0583344
-0.0593719
-0.0602999
-0.0610863
-0.0616927
-0.0620733
-0.0621734
-0.0619293
-0.0612716
-0.06013
-0.0584241
-0.0560402
-0.052836
-0.0487458
-0.0439141
-0.0385534
-0.0322438
-0.0227004
0.000565235
-0.00177082
-0.00297861
-0.00474503
-0.00637203
-0.00807958
-0.00974027
-0.0113701
-0.0129312
-0.0144145
-0.0158034
-0.0170896
-0.0182653
-0.0193265
-0.020271
-0.0210986
-0.021811
-0.0224114
-0.0229044
-0.0232958
-0.0235928
-0.0237997
-0.0239298
-0.0239888
-0.0239863
-0.0239312
-0.0238326
-0.0236995
-0.0235411
-0.0233661
-0.023183
-0.0229999
-0.0228244
-0.0226634
-0.0225231
-0.0224089
-0.0223256
-0.0222771
-0.0222666
-0.0222969
-0.0223698
-0.0224867
-0.0226486
-0.0228559
-0.0231087
-0.0234069
-0.0237499
-0.0241371
-0.0245677
-0.0250409
-0.0255556
-0.0261108
-0.0267057
-0.0273391
-0.0280103
-0.0287182
-0.0294622
-0.0302413
-0.0310549
-0.0319022
-0.0327827
-0.0336956
-0.0346404
-0.0356165
-0.0366232
-0.0376597
-0.0387253
-0.0398191
-0.0409399
-0.0420865
-0.0432571
-0.0444496
-0.0456616
-0.0468897
-0.0481299
-0.0493772
-0.0506253
-0.0518662
-0.0530905
-0.0542862
-0.0554387
-0.0565304
-0.0575397
-0.0584407
-0.0592023
-0.0597877
-0.0601536
-0.0602489
-0.0600141
-0.0593814
-0.0582782
-0.0566295
-0.0543476
-0.0513109
-0.047372
-0.0424393
-0.0365731
-0.0298656
-0.0218275
-0.0103402
0.000390581
-0.00173348
-0.00294212
-0.00465788
-0.00623389
-0.00790153
-0.0095216
-0.0111197
-0.0126527
-0.0141139
-0.0154849
-0.0167571
-0.0179221
-0.0189752
-0.0199136
-0.0207367
-0.0214458
-0.0220437
-0.0225345
-0.0229242
-0.0232202
-0.023431
-0.0235607
-0.0236251
-0.0236296
-0.0235836
-0.0234955
-0.0233739
-0.0232273
-0.0230639
-0.0228918
-0.0227188
-0.0225522
-0.0223989
-0.0222648
-0.0221554
-0.0220756
-0.0220292
-0.0220197
-0.0220497
-0.0221213
-0.0222361
-0.0223951
-0.0225989
-0.0228477
-0.0231416
-0.0234801
-0.0238628
-0.0242889
-0.0247578
-0.0252685
-0.0258202
-0.026412
-0.0270429
-0.0277121
-0.0284188
-0.029162
-0.0299411
-0.0307552
-0.0316037
-0.0324857
-0.0334007
-0.0343479
-0.0353265
-0.0363357
-0.0373747
-0.0384424
-0.0395376
-0.0406589
-0.0418045
-0.0429725
-0.04416
-0.0453638
-0.0465798
-0.047803
-0.0490271
-0.0502444
-0.0514453
-0.0526182
-0.053749
-0.0548207
-0.0558128
-0.0567006
-0.0574552
-0.0580421
-0.0584213
-0.0585463
-0.0583631
-0.0578096
-0.0568158
-0.0553073
-0.0532048
-0.0504139
-0.0468085
-0.0422396
-0.0365994
-0.0298858
-0.0220817
-0.0126364
0.000218477
0.000240125
-0.00167516
-0.00286554
-0.00451479
-0.00602942
-0.00764453
-0.00921348
-0.0107696
-0.0122656
-0.0136966
-0.0150424
-0.0162944
-0.0174429
-0.0184828
-0.0194103
-0.0202243
-0.0209254
-0.021516
-0.0219999
-0.0223827
-0.0226721
-0.0228779
-0.0230105
-0.0230743
-0.0230853
-0.0230488
-0.0229729
-0.0228653
-0.0227336
-0.0225852
-0.0224275
-0.0222679
-0.0221132
-0.0219701
-0.0218446
-0.0217421
-0.0216675
-0.0216248
-0.0216176
-0.0216487
-0.0217204
-0.0218343
-0.0219918
-0.0221937
-0.0224403
-0.0227319
-0.0230683
-0.0234491
-0.0238738
-0.0243419
-0.0248526
-0.025405
-0.0259984
-0.0266319
-0.0273047
-0.028016
-0.0287648
-0.0295504
-0.0303719
-0.0312285
-0.0321194
-0.0330437
-0.0340005
-0.0349889
-0.0360079
-0.0370562
-0.0381325
-0.0392354
-0.0403629
-0.0415128
-0.0426824
-0.0438684
-0.0450667
-0.0462723
-0.0474791
-0.0486795
-0.0498646
-0.0510232
-0.0521419
-0.053205
-0.0541932
-0.0550841
-0.0558508
-0.0564622
-0.0568816
-0.057067
-0.0569698
-0.0565342
-0.0556962
-0.0543851
-0.0525242
-0.0500305
-0.0468038
-0.0427157
-0.0376192
-0.0313979
-0.0240028
-0.0153273
-0.00480681
0.00891315
0.000111943
-0.00159212
-0.00274638
-0.0043078
-0.00574978
-0.00729748
-0.00880388
-0.0103065
-0.0117554
-0.0131467
-0.0144587
-0.0156824
-0.0168072
-0.0178267
-0.0187365
-0.0195344
-0.0202204
-0.020796
-0.0212646
-0.0216316
-0.0219053
-0.0220976
-0.0222208
-0.0222847
-0.0222949
-0.0222653
-0.0222025
-0.0221112
-0.0219972
-0.0218669
-0.0217267
-0.0215834
-0.0214434
-0.0213131
-0.0211984
-0.021105
-0.0210375
-0.0210004
-0.0209974
-0.0210315
-0.0211052
-0.0212207
-0.0213793
-0.0215822
-0.02183
-0.0221232
-0.0224618
-0.0228458
-0.0232746
-0.0237479
-0.0242651
-0.0248255
-0.0254283
-0.0260726
-0.0267576
-0.0274824
-0.0282462
-0.0290478
-0.0298864
-0.030761
-0.0316705
-0.0326138
-0.0335897
-0.034597
-0.0356344
-0.0367003
-0.0377929
-0.0389103
-0.04005
-0.0412094
-0.0423852
-0.0435732
-0.0447686
-0.0459657
-0.0471574
-0.0483351
-0.0494887
-0.0506058
-0.0516719
-0.0526697
-0.0535786
-0.0543746
-0.0550295
-0.0555106
-0.0557797
-0.0557932
-0.0555013
-0.0548467
-0.0537645
-0.0521829
-0.0500237
-0.0472002
-0.0436085
-0.0391199
-0.033592
-0.0269051
-0.018974
-0.00962927
0.00165819
0.0158564
4.0786e-06
-0.00148166
-0.00258067
-0.00402966
-0.00538654
-0.00684987
-0.00828149
-0.0097177
-0.0111081
-0.0124488
-0.013717
-0.0149028
-0.0159944
-0.0169843
-0.0178669
-0.0186388
-0.0192994
-0.0198489
-0.0202896
-0.0206258
-0.0208662
-0.0210249
-0.0211182
-0.0211619
-0.0211791
-0.0211632
-0.0211133
-0.0210382
-0.0209439
-0.0208346
-0.0207151
-0.0205912
-0.0204688
-0.020354
-0.0202528
-0.0201708
-0.0201129
-0.0200839
-0.0200878
-0.0201279
-0.0202073
-0.0203281
-0.0204924
-0.0207015
-0.0209563
-0.0212576
-0.0216058
-0.0220008
-0.0224425
-0.0229305
-0.0234644
-0.0240435
-0.0246669
-0.0253339
-0.0260433
-0.0267943
-0.0275855
-0.028416
-0.0292843
-0.0301893
-0.0311295
-0.0321035
-0.0331096
-0.0341463
-0.0352118
-0.0363041
-0.0374209
-0.0385599
-0.0397182
-0.0408924
-0.0420788
-0.0432727
-0.0444686
-0.0456602
-0.0468396
-0.0479975
-0.049123
-0.0502029
-0.0512217
-0.0521611
-0.0529997
-0.0537122
-0.0542696
-0.054638
-0.0547782
-0.0546457
-0.0541893
-0.0533509
-0.0520651
-0.0502591
-0.0478537
-0.0447593
-0.0408702
-0.0360597
-0.0301918
-0.0231461
-0.0148111
-0.00498127
0.00680461
0.0211949
-8.34768e-05
-0.00134034
-0.00236219
-0.00367353
-0.00493165
-0.00629275
-0.00763688
-0.00899283
-0.0103128
-0.0115907
-0.0128037
-0.01394
-0.0149871
-0.0159356
-0.0167789
-0.017512
-0.018133
-0.0186412
-0.0190369
-0.0193235
-0.0195125
-0.0196276
-0.0196992
-0.0197397
-0.0197161
-0.0196652
-0.019615
-0.0195611
-0.019492
-0.0194084
-0.0193138
-0.019213
-0.0191118
-0.0190158
-0.0189313
-0.0188638
-0.018819
-0.0188018
-0.0188168
-0.0188677
-0.0189581
-0.0190906
-0.0192676
-0.0194908
-0.0197616
-0.020081
-0.0204495
-0.0208674
-0.0213347
-0.021851
-0.0224158
-0.0230284
-0.0236878
-0.024393
-0.0251428
-0.0259358
-0.0267704
-0.0276452
-0.0285584
-0.0295083
-0.030493
-0.0315107
-0.0325591
-0.0336364
-0.0347401
-0.0358678
-0.037017
-0.0381847
-0.0393677
-0.0405622
-0.041764
-0.0429681
-0.0441686
-0.0453586
-0.0465299
-0.0476728
-0.0487756
-0.0498247
-0.050804
-0.0516945
-0.0524741
-0.053117
-0.0535934
-0.0538686
-0.053903
-0.053651
-0.0530607
-0.0520736
-0.0506236
-0.0486379
-0.0460362
-0.0427277
-0.0386062
-0.0335491
-0.0274277
-0.0201221
-0.0115036
-0.00135363
0.0107086
0.0250925
-0.000146022
-0.00116176
-0.00208149
-0.00323237
-0.00437729
-0.00561919
-0.00686338
-0.00812547
-0.00936285
-0.0105656
-0.0117111
-0.0127857
-0.0137757
-0.01467
-0.0154601
-0.0161391
-0.0167033
-0.0171496
-0.017475
-0.0176764
-0.0177613
-0.0177533
-0.0176847
-0.0176021
-0.0176037
-0.0176342
-0.0176418
-0.0176192
-0.0175778
-0.0175224
-0.0174555
-0.0173811
-0.0173039
-0.0172299
-0.0171651
-0.0171159
-0.0170883
-0.0170878
-0.0171195
-0.017188
-0.0172972
-0.0174503
-0.0176502
-0.0178991
-0.0181987
-0.0185501
-0.0189541
-0.0194111
-0.019921
-0.0204834
-0.0210976
-0.0217626
-0.0224773
-0.02324
-0.0240491
-0.0249028
-0.0257991
-0.0267358
-0.0277106
-0.0287212
-0.0297651
-0.03084
-0.0319431
-0.033072
-0.0342239
-0.0353959
-0.0365851
-0.0377883
-0.0390019
-0.040222
-0.041444
-0.0426628
-0.0438724
-0.0450654
-0.0462336
-0.0473669
-0.0484535
-0.0494793
-0.050428
-0.0512803
-0.0520135
-0.0526017
-0.0530144
-0.0532168
-0.0531686
-0.0528239
-0.0521303
-0.0510288
-0.0494536
-0.0473319
-0.044583
-0.041116
-0.0368262
-0.0315961
-0.0253044
-0.0178327
-0.00904318
0.00127783
0.0134314
0.0276478
-0.000173956
-0.000938732
-0.00172939
-0.00270241
-0.00371997
-0.00482858
-0.00596135
-0.00711707
-0.00826014
-0.00937532
-0.010441
-0.0114409
-0.0123607
-0.013187
-0.0139095
-0.0145189
-0.0150109
-0.0153825
-0.0156292
-0.0157453
-0.0157434
-0.0156782
-0.0156287
-0.0156056
-0.0154664
-0.0153253
-0.0152309
-0.0151775
-0.0151412
-0.0151068
-0.0150665
-0.0150197
-0.0149694
-0.0149209
-0.0148807
-0.0148553
-0.0148516
-0.0148757
-0.0149335
-0.0150302
-0.0151704
-0.015358
-0.0155961
-0.0158873
-0.0162336
-0.0166362
-0.017096
-0.0176132
-0.0181875
-0.0188183
-0.0195045
-0.0202447
-0.0210369
-0.0218792
-0.0227692
-0.0237042
-0.0246817
-0.0256988
-0.0267524
-0.0278395
-0.0289572
-0.0301023
-0.0312718
-0.0324627
-0.0336718
-0.034896
-0.0361321
-0.0373768
-0.0386263
-0.0398767
-0.0411234
-0.0423612
-0.0435841
-0.0447849
-0.0459551
-0.0470847
-0.0481619
-0.0491726
-0.0501002
-0.0509252
-0.0516251
-0.0521735
-0.0525401
-0.0526898
-0.0525822
-0.0521713
-0.0514044
-0.0502224
-0.04856
-0.0463447
-0.0434963
-0.0399247
-0.0355277
-0.0301937
-0.023808
-0.0162533
-0.00738879
0.00298246
0.0150876
0.0290524
-0.000162439
-0.000671747
-0.00130678
-0.00209488
-0.0029763
-0.00394575
-0.0049607
-0.00600238
-0.00704234
-0.00805907
-0.00903195
-0.00994162
-0.0107722
-0.0115075
-0.0121342
-0.0126394
-0.0130148
-0.0132524
-0.0133378
-0.0132435
-0.0129509
-0.0124976
-0.0119969
-0.0116256
-0.011559
-0.011638
-0.0117481
-0.0118488
-0.0119256
-0.0119782
-0.0120079
-0.01202
-0.0120207
-0.0120177
-0.0120194
-0.0120342
-0.0120703
-0.0121352
-0.0122359
-0.0123786
-0.0125686
-0.0128104
-0.0131076
-0.0134631
-0.0138789
-0.0143563
-0.014896
-0.0154978
-0.0161611
-0.0168847
-0.0176669
-0.0185055
-0.0193981
-0.0203416
-0.021333
-0.0223688
-0.0234456
-0.0245596
-0.0257072
-0.0268847
-0.0280885
-0.0293149
-0.0305604
-0.0318216
-0.0330952
-0.034378
-0.0356665
-0.0369575
-0.0382473
-0.039532
-0.0408072
-0.0420679
-0.0433083
-0.0445213
-0.0456987
-0.0468307
-0.0479056
-0.0489093
-0.0498254
-0.0506346
-0.0513143
-0.0518384
-0.0521767
-0.0522944
-0.0521513
-0.0517012
-0.0508918
-0.0496641
-0.0479532
-0.0456878
-0.0427888
-0.0391675
-0.0347254
-0.0293569
-0.0229536
-0.0153998
-0.00655604
0.00374926
0.0156716
0.0292188
-8.57524e-05
-0.000328962
-0.00078597
-0.00139723
-0.00214559
-0.00298381
-0.00388853
-0.00482495
-0.00577172
-0.00670106
-0.00759421
-0.00842894
-0.00918918
-0.00985676
-0.0104172
-0.010856
-0.0111653
-0.0113394
-0.0113645
-0.0112041
-0.0108433
-0.0104051
-0.0101088
-0.00977257
-0.00944293
-0.00922749
-0.00912207
-0.00909446
-0.00910177
-0.00911852
-0.00912993
-0.00913317
-0.00913047
-0.00912834
-0.00913453
-0.0091578
-0.00920667
-0.00928944
-0.00941363
-0.00958603
-0.00981247
-0.0100979
-0.0104462
-0.0108604
-0.0113425
-0.0118937
-0.0125143
-0.0132038
-0.0139609
-0.0147838
-0.0156699
-0.0166161
-0.0176189
-0.0186745
-0.0197785
-0.0209266
-0.0221141
-0.0233365
-0.024589
-0.0258673
-0.0271668
-0.0284834
-0.029813
-0.0311519
-0.0324965
-0.0338435
-0.0351894
-0.0365311
-0.0378652
-0.0391879
-0.0404952
-0.0417825
-0.0430442
-0.0442737
-0.0454631
-0.046603
-0.047682
-0.0486864
-0.0496002
-0.0504041
-0.0510759
-0.05159
-0.0519165
-0.0520209
-0.0518634
-0.0513984
-0.0505734
-0.0493296
-0.0476024
-0.0453221
-0.0424111
-0.0387826
-0.0343417
-0.0289882
-0.0226194
-0.0151213
-0.00635726
0.00381631
0.0154935
0.0287153
0.000201264
0.000274974
3.46637e-05
-0.000376671
-0.000954326
-0.00162464
-0.00237572
-0.00316162
-0.00396487
-0.00475244
-0.00550527
-0.00619765
-0.00681085
-0.00732265
-0.0077136
-0.00796375
-0.00805929
-0.00798919
-0.00772886
-0.00720431
-0.00629521
-0.00497983
-0.00362342
-0.00287584
-0.00261138
-0.00264474
-0.00281326
-0.00302194
-0.00321888
-0.00338526
-0.0035172
-0.00362079
-0.00370575
-0.00378429
-0.00386893
-0.0039722
-0.00410582
-0.00428058
-0.00450596
-0.00479016
-0.00513994
-0.00556067
-0.00605628
-0.00662938
-0.00728124
-0.00801195
-0.00882048
-0.00970478
-0.0106619
-0.0116881
-0.012779
-0.0139297
-0.0151349
-0.0163889
-0.0176859
-0.0190201
-0.0203856
-0.0217768
-0.0231882
-0.0246145
-0.026051
-0.0274933
-0.0289372
-0.0303792
-0.031816
-0.0332447
-0.0346625
-0.0360668
-0.0374551
-0.0388243
-0.0401712
-0.0414919
-0.0427817
-0.0440348
-0.045244
-0.0464005
-0.0474937
-0.0485105
-0.0494354
-0.05025
-0.0509323
-0.051457
-0.0517952
-0.0519136
-0.0517736
-0.0513305
-0.0505323
-0.0493206
-0.0476322
-0.0454007
-0.042552
-0.0390029
-0.0346633
-0.0294394
-0.0232354
-0.0159428
-0.00742502
0.00246093
0.01375
0.0262088
0.000201474
0.000275624
3.57775e-05
-0.000375073
-0.000952228
-0.00162203
-0.00237259
-0.00315797
-0.0039607
-0.00474777
-0.00550012
-0.00619205
-0.00680485
-0.00731627
-0.00770689
-0.00795674
-0.00805196
-0.00798153
-0.00772094
-0.00719626
-0.00628682
-0.00496932
-0.00360748
-0.00286091
-0.00259842
-0.00263397
-0.00280444
-0.00301481
-0.00321313
-0.00338062
-0.00351343
-0.00361767
-0.00370309
-0.00378191
-0.00386667
-0.00396995
-0.00410345
-0.004278
-0.0045031
-0.00478698
-0.00513641
-0.00555677
-0.00605203
-0.0066248
-0.00727637
-0.00800685
-0.00881521
-0.00969942
-0.0106565
-0.0116828
-0.0127739
-0.0139249
-0.0151304
-0.0163848
-0.0176823
-0.019017
-0.0203831
-0.0217749
-0.0231869
-0.0246139
-0.0260511
-0.0274939
-0.0289384
-0.0303809
-0.0318182
-0.0332472
-0.0346653
-0.0360699
-0.0374582
-0.0388275
-0.0401743
-0.0414949
-0.0427846
-0.0440374
-0.0452464
-0.0464026
-0.0474955
-0.048512
-0.0494366
-0.0502508
-0.0509328
-0.0514573
-0.0517953
-0.0519135
-0.0517734
-0.0513301
-0.0505318
-0.0493201
-0.0476316
-0.0454001
-0.0425513
-0.0390023
-0.0346627
-0.0294389
-0.0232349
-0.0159424
-0.00742465
0.00246127
0.0137503
0.026209
-8.55355e-05
-0.000328274
-0.000784789
-0.00139553
-0.00214335
-0.00298101
-0.00388517
-0.00482103
-0.00576726
-0.00669608
-0.00758874
-0.00842302
-0.00918285
-0.00985008
-0.0104102
-0.0108488
-0.0111578
-0.0113317
-0.0113565
-0.0111958
-0.0108344
-0.0103954
-0.0101005
-0.00976386
-0.00943439
-0.00921978
-0.00911542
-0.00908892
-0.00909723
-0.00911482
-0.00912688
-0.00913059
-0.00912819
-0.0091262
-0.0091324
-0.00915554
-0.0092042
-0.00928667
-0.00941052
-0.00958253
-0.00980858
-0.0100936
-0.0104415
-0.0108554
-0.0113372
-0.0118882
-0.0125087
-0.0131981
-0.0139553
-0.0147783
-0.0156646
-0.0166112
-0.0176144
-0.0186704
-0.019775
-0.0209236
-0.0221118
-0.0233348
-0.024588
-0.025867
-0.0271671
-0.0284843
-0.0298145
-0.0311539
-0.0324989
-0.0338462
-0.0351924
-0.0365343
-0.0378684
-0.0391912
-0.0404985
-0.0417856
-0.0430471
-0.0442763
-0.0454655
-0.0466051
-0.0476837
-0.0486879
-0.0496013
-0.0504049
-0.0510764
-0.0515902
-0.0519165
-0.0520207
-0.0518631
-0.0513979
-0.0505729
-0.049329
-0.0476018
-0.0453214
-0.0424104
-0.038782
-0.0343411
-0.0289877
-0.0226189
-0.0151209
-0.00635689
0.00381663
0.0154937
0.0287156
-0.000162225
-0.00067104
-0.00130556
-0.00209311
-0.00297396
-0.00394283
-0.0049572
-0.0059983
-0.00703771
-0.0080539
-0.0090263
-0.00993554
-0.0107658
-0.0115007
-0.0121271
-0.0126321
-0.0130073
-0.0132447
-0.0133301
-0.0132356
-0.0129427
-0.0124887
-0.0119873
-0.0116157
-0.0115502
-0.0116306
-0.011742
-0.0118439
-0.0119217
-0.011975
-0.0120053
-0.0120178
-0.0120187
-0.0120158
-0.0120174
-0.012032
-0.0120678
-0.0121324
-0.0122327
-0.012375
-0.0125646
-0.0128059
-0.0131028
-0.0134579
-0.0138734
-0.0143507
-0.0148902
-0.0154919
-0.0161553
-0.0168791
-0.0176616
-0.0185005
-0.0193935
-0.0203375
-0.0213295
-0.0223659
-0.0234434
-0.0245581
-0.0257064
-0.0268846
-0.028089
-0.029316
-0.030562
-0.0318238
-0.0330978
-0.0343809
-0.0356697
-0.0369608
-0.0382507
-0.0395354
-0.0408105
-0.0420711
-0.0433112
-0.044524
-0.0457011
-0.0468328
-0.0479073
-0.0489106
-0.0498264
-0.0506353
-0.0513147
-0.0518385
-0.0521766
-0.0522941
-0.0521509
-0.0517007
-0.0508912
-0.0496634
-0.0479525
-0.0456871
-0.0427881
-0.0391669
-0.0347248
-0.0293564
-0.0229532
-0.0153994
-0.00655567
0.00374957
0.0156719
0.029219
-0.000173752
-0.000938016
-0.00172815
-0.0027006
-0.00371756
-0.00482557
-0.00595773
-0.00711286
-0.00825535
-0.00937
-0.0104352
-0.0114347
-0.0123541
-0.0131801
-0.0139023
-0.0145115
-0.0150035
-0.015375
-0.0156216
-0.0157377
-0.0157356
-0.0156704
-0.0156213
-0.0155989
-0.0154603
-0.0153198
-0.0152262
-0.0151736
-0.015138
-0.0151043
-0.0150644
-0.0150179
-0.0149676
-0.0149192
-0.0148788
-0.0148532
-0.0148491
-0.0148728
-0.0149302
-0.0150265
-0.0151662
-0.0153533
-0.0155911
-0.0158819
-0.0162279
-0.0166303
-0.01709
-0.0176072
-0.0181816
-0.0188126
-0.0194991
-0.0202396
-0.0210323
-0.0218752
-0.0227657
-0.0237015
-0.0246797
-0.0256974
-0.0267517
-0.0278396
-0.0289579
-0.0301037
-0.0312738
-0.0324651
-0.0336746
-0.0348992
-0.0361355
-0.0373803
-0.0386299
-0.0398803
-0.0411269
-0.0423645
-0.0435871
-0.0447876
-0.0459575
-0.0470867
-0.0481636
-0.0491739
-0.0501011
-0.0509259
-0.0516254
-0.0521735
-0.0525399
-0.0526894
-0.0525818
-0.0521707
-0.0514037
-0.0502218
-0.0485593
-0.046344
-0.0434957
-0.039924
-0.0355271
-0.0301932
-0.0238075
-0.0162529
-0.00738844
0.00298277
0.0150879
0.0290527
-0.000145833
-0.00116104
-0.00208023
-0.00323052
-0.00437483
-0.0056161
-0.00685968
-0.00812115
-0.00935795
-0.0105602
-0.0117052
-0.0127794
-0.0137691
-0.0146631
-0.0154529
-0.0161318
-0.0166959
-0.0171423
-0.0174677
-0.0176692
-0.0177541
-0.0177462
-0.0176779
-0.0175957
-0.017598
-0.0176293
-0.0176378
-0.017616
-0.0175752
-0.0175203
-0.0174538
-0.0173796
-0.0173024
-0.0172283
-0.0171634
-0.0171139
-0.0170858
-0.0170849
-0.0171162
-0.0171842
-0.0172928
-0.0174455
-0.017645
-0.0178936
-0.0181928
-0.0185441
-0.018948
-0.019405
-0.0199149
-0.0204776
-0.0210921
-0.0217575
-0.0224727
-0.023236
-0.0240458
-0.0249002
-0.0257972
-0.0267346
-0.0277101
-0.0287214
-0.0297661
-0.0308416
-0.0319453
-0.0330747
-0.034227
-0.0353993
-0.0365888
-0.0377921
-0.0390057
-0.0402257
-0.0414476
-0.0426662
-0.0438754
-0.0450682
-0.046236
-0.0473689
-0.0484551
-0.0494806
-0.0504289
-0.0512808
-0.0520138
-0.0526016
-0.0530141
-0.0532163
-0.053168
-0.0528232
-0.0521296
-0.0510281
-0.0494529
-0.0473311
-0.0445823
-0.0411154
-0.0368256
-0.0315956
-0.025304
-0.0178323
-0.00904284
0.00127813
0.0134317
0.027648
-8.33071e-05
-0.00133963
-0.00236094
-0.00367167
-0.00492917
-0.00628963
-0.00763313
-0.00898847
-0.0103078
-0.0115853
-0.0127977
-0.0139337
-0.0149804
-0.0159288
-0.0167718
-0.0175049
-0.0181259
-0.0186341
-0.01903
-0.0193167
-0.0195059
-0.0196213
-0.0196934
-0.0197344
-0.0197116
-0.0196612
-0.0196118
-0.0195585
-0.01949
-0.0194068
-0.0193124
-0.0192118
-0.0191105
-0.0190145
-0.0189296
-0.0188618
-0.0188166
-0.018799
-0.0188134
-0.0188639
-0.0189537
-0.0190857
-0.0192623
-0.0194851
-0.0197556
-0.0200748
-0.0204433
-0.0208612
-0.0213286
-0.0218451
-0.0224103
-0.0230233
-0.0236833
-0.0243891
-0.0251395
-0.0259332
-0.0267686
-0.0276442
-0.0285582
-0.0295088
-0.0304943
-0.0315125
-0.0325616
-0.0336393
-0.0347435
-0.0358715
-0.0370209
-0.0381887
-0.0393717
-0.0405661
-0.0417677
-0.0429715
-0.0441717
-0.0453614
-0.0465323
-0.0476748
-0.0487771
-0.0498258
-0.0508047
-0.0516949
-0.0524742
-0.0531168
-0.053593
-0.053868
-0.0539023
-0.0536502
-0.0530599
-0.0520727
-0.0506228
-0.0486371
-0.0460355
-0.042727
-0.0386056
-0.0335486
-0.0274272
-0.0201217
-0.0115033
-0.00135335
0.0107089
0.0250927
4.22685e-06
-0.00148096
-0.00257943
-0.00402781
-0.00538407
-0.00684676
-0.00827775
-0.00971335
-0.0111032
-0.0124433
-0.0137111
-0.0148965
-0.0159878
-0.0169775
-0.01786
-0.0186319
-0.0192925
-0.0198421
-0.020283
-0.0206194
-0.0208602
-0.0210193
-0.0211131
-0.0211573
-0.0211751
-0.0211599
-0.0211106
-0.0210361
-0.0209423
-0.0208333
-0.020714
-0.0205901
-0.0204677
-0.0203528
-0.0202513
-0.0201688
-0.0201106
-0.0200811
-0.0200844
-0.020124
-0.0202029
-0.0203232
-0.0204871
-0.0206957
-0.0209503
-0.0212515
-0.0215995
-0.0219945
-0.0224364
-0.0229247
-0.0234589
-0.0240384
-0.0246624
-0.02533
-0.0260401
-0.0267918
-0.0275839
-0.0284152
-0.0292843
-0.0301901
-0.031131
-0.0321056
-0.0331124
-0.0341496
-0.0352155
-0.036308
-0.0374251
-0.0385642
-0.0397224
-0.0408965
-0.0420827
-0.0432763
-0.0444719
-0.045663
-0.046842
-0.0479995
-0.0491245
-0.050204
-0.0512224
-0.0521614
-0.0529996
-0.0537119
-0.0542691
-0.0546372
-0.0547774
-0.0546448
-0.0541884
-0.05335
-0.0520642
-0.0502583
-0.0478529
-0.0447587
-0.0408696
-0.0360592
-0.0301914
-0.0231457
-0.0148108
-0.004981
0.00680483
0.021195
0.000112068
-0.00159144
-0.00274516
-0.00430598
-0.00574735
-0.00729441
-0.00880019
-0.0103023
-0.0117505
-0.0131413
-0.0144529
-0.0156763
-0.0168009
-0.0178202
-0.0187299
-0.0195277
-0.0202138
-0.0207896
-0.0212585
-0.0216257
-0.0218999
-0.0220926
-0.0222163
-0.0222807
-0.0222915
-0.0222626
-0.0222003
-0.0221095
-0.0219959
-0.0218659
-0.0217258
-0.0215825
-0.0214424
-0.0213119
-0.021197
-0.0211031
-0.0210352
-0.0209976
-0.020994
-0.0210276
-0.0211008
-0.0212158
-0.021374
-0.0215765
-0.0218241
-0.0221171
-0.0224556
-0.0228396
-0.0232686
-0.0237421
-0.0242597
-0.0248205
-0.0254239
-0.0260688
-0.0267546
-0.0274802
-0.0282447
-0.0290472
-0.0298866
-0.030762
-0.0316722
-0.0326162
-0.0335927
-0.0346006
-0.0356383
-0.0367045
-0.0377973
-0.0389147
-0.0400545
-0.0412137
-0.0423892
-0.0435769
-0.044772
-0.0459686
-0.0471598
-0.048337
-0.0494901
-0.0506068
-0.0516725
-0.0526698
-0.0535784
-0.0543741
-0.0550288
-0.0555097
-0.0557787
-0.0557922
-0.0555002
-0.0548456
-0.0537635
-0.052182
-0.0500229
-0.0471995
-0.0436079
-0.0391194
-0.0335916
-0.0269048
-0.0189737
-0.00962903
0.00165839
0.0158565
0.000240229
-0.0016745
-0.00286437
-0.00451302
-0.00602704
-0.00764154
-0.00920988
-0.0107654
-0.0122609
-0.0136914
-0.0150368
-0.0162884
-0.0174368
-0.0184765
-0.019404
-0.020218
-0.0209192
-0.02151
-0.0219942
-0.0223773
-0.0226671
-0.0228734
-0.0230065
-0.0230709
-0.0230824
-0.0230464
-0.022971
-0.022864
-0.0227326
-0.0225844
-0.0224268
-0.0222671
-0.0221123
-0.021969
-0.0218432
-0.0217403
-0.0216652
-0.0216221
-0.0216143
-0.0216449
-0.021716
-0.0218295
-0.0219866
-0.0221881
-0.0224345
-0.0227259
-0.0230622
-0.023443
-0.0238679
-0.0243362
-0.0248473
-0.0254002
-0.0259942
-0.0266284
-0.0273019
-0.0280139
-0.0287635
-0.0295499
-0.0303723
-0.0312297
-0.0321213
-0.0330463
-0.0340037
-0.0349927
-0.036012
-0.0370606
-0.0381372
-0.0392401
-0.0403675
-0.0415173
-0.0426866
-0.0438722
-0.0450701
-0.0462752
-0.0474815
-0.0486814
-0.0498659
-0.051024
-0.0521423
-0.0532049
-0.0541928
-0.0550834
-0.0558499
-0.0564611
-0.0568805
-0.0570658
-0.0569686
-0.056533
-0.0556952
-0.0543841
-0.0525234
-0.0500297
-0.0468031
-0.0427152
-0.0376188
-0.0313976
-0.0240025
-0.015327
-0.00480663
0.00891329
0.000390666
-0.00173285
-0.00294099
-0.00465618
-0.00623159
-0.00789864
-0.00951813
-0.0111156
-0.0126482
-0.0141089
-0.0154795
-0.0167515
-0.0179163
-0.0189692
-0.0199076
-0.0207308
-0.02144
-0.0220381
-0.0225292
-0.0229192
-0.0232157
-0.023427
-0.0235572
-0.0236221
-0.0236272
-0.0235816
-0.023494
-0.0233728
-0.0232264
-0.0230632
-0.0228912
-0.0227182
-0.0225515
-0.0223979
-0.0222635
-0.0221537
-0.0220734
-0.0220265
-0.0220165
-0.022046
-0.0221171
-0.0222314
-0.02239
-0.0225935
-0.0228421
-0.0231357
-0.0234742
-0.0238569
-0.0242832
-0.0247523
-0.0252634
-0.0258156
-0.0264079
-0.0270395
-0.0277094
-0.0284169
-0.0291609
-0.0299408
-0.0307558
-0.031605
-0.0324878
-0.0334035
-0.0343513
-0.0353304
-0.03634
-0.0373793
-0.0384471
-0.0395424
-0.0406636
-0.0418091
-0.0429767
-0.0441638
-0.0453671
-0.0465827
-0.0478053
-0.0490289
-0.0502456
-0.0514459
-0.0526184
-0.0537488
-0.0548201
-0.0558118
-0.0566995
-0.0574539
-0.0580407
-0.0584199
-0.0585449
-0.0583619
-0.0578084
-0.0568148
-0.0553064
-0.0532041
-0.0504132
-0.0468079
-0.0422392
-0.0365991
-0.0298856
-0.0220815
-0.0126362
0.000218595
0.000565304
-0.00177022
-0.00297753
-0.0047434
-0.00636984
-0.00807682
-0.00973695
-0.0113663
-0.0129269
-0.0144098
-0.0157983
-0.0170842
-0.0182598
-0.0193209
-0.0202653
-0.021093
-0.0218055
-0.0224062
-0.0228995
-0.0232913
-0.0235887
-0.0237961
-0.0239266
-0.0239862
-0.0239842
-0.0239295
-0.0238313
-0.0236986
-0.0235404
-0.0233655
-0.0231825
-0.0229994
-0.0228238
-0.0226625
-0.0225219
-0.0224073
-0.0223235
-0.0222745
-0.0222636
-0.0222933
-0.0223657
-0.0224822
-0.0226437
-0.0228507
-0.0231033
-0.0234013
-0.0237442
-0.0241315
-0.0245623
-0.0250357
-0.0255507
-0.0261065
-0.0267019
-0.027336
-0.0280078
-0.0287165
-0.0294613
-0.0302412
-0.0310556
-0.0319037
-0.0327849
-0.0336985
-0.034644
-0.0356205
-0.0366276
-0.0376644
-0.0387301
-0.0398239
-0.0409447
-0.042091
-0.0432613
-0.0444535
-0.0456649
-0.0468925
-0.0481322
-0.0493789
-0.0506263
-0.0518667
-0.0530905
-0.0542857
-0.0554379
-0.0565293
-0.0575384
-0.0584392
-0.0592008
-0.0597862
-0.060152
-0.0602475
-0.0600128
-0.0593803
-0.0582773
-0.0566287
-0.0543469
-0.0513105
-0.0473717
-0.042439
-0.0365729
-0.0298654
-0.0218274
-0.0103401
0.000763287
-0.00179247
-0.0029763
-0.0047838
-0.0064512
-0.00818734
-0.00987826
-0.0115304
-0.0131109
-0.0146089
-0.0160095
-0.0173042
-0.0184861
-0.0195516
-0.0204989
-0.0213282
-0.0220416
-0.0226425
-0.0231356
-0.0235261
-0.0238199
-0.0240272
-0.0241537
-0.0242085
-0.0242004
-0.0241386
-0.0240326
-0.0238917
-0.0237252
-0.0235424
-0.023352
-0.0231622
-0.0229808
-0.0228148
-0.0226704
-0.0225531
-0.0224677
-0.0224181
-0.0224076
-0.0224386
-0.0225132
-0.0226326
-0.0227977
-0.0230089
-0.0232663
-0.0235694
-0.0239178
-0.0243108
-0.0247474
-0.0252267
-0.0257476
-0.026309
-0.0269099
-0.0275493
-0.0282262
-0.0289396
-0.0296887
-0.0304727
-0.0312908
-0.0321423
-0.0330265
-0.033943
-0.0348911
-0.0358703
-0.0368799
-0.0379194
-0.0389882
-0.0400855
-0.0412105
-0.0423621
-0.043539
-0.0447396
-0.045962
-0.0472034
-0.0484609
-0.0497302
-0.0510065
-0.0522835
-0.0535533
-0.0548065
-0.056031
-0.0572124
-0.0583328
-0.0593702
-0.0602982
-0.0610845
-0.061691
-0.0620718
-0.0621721
-0.0619281
-0.0612707
-0.0601292
-0.0584235
-0.0560397
-0.0528357
-0.0487456
-0.0439139
-0.0385533
-0.0322437
-0.0227004
0.000973589
-0.00180884
-0.00294133
-0.00478868
-0.00648602
-0.00824162
-0.00995378
-0.0116204
-0.0132134
-0.0147203
-0.0161276
-0.0174269
-0.0186119
-0.0196791
-0.0206273
-0.0214568
-0.0221699
-0.0227702
-0.0232617
-0.0236505
-0.0239439
-0.0241486
-0.0242723
-0.0243238
-0.024312
-0.0242461
-0.0241356
-0.0239902
-0.0238195
-0.0236326
-0.0234386
-0.0232457
-0.0230619
-0.0228941
-0.0227486
-0.0226309
-0.0225458
-0.0224972
-0.0224883
-0.0225216
-0.022599
-0.0227219
-0.022891
-0.0231067
-0.0233689
-0.0236773
-0.0240313
-0.0244302
-0.0248728
-0.0253583
-0.0258855
-0.0264533
-0.0270606
-0.0277064
-0.0283896
-0.0291092
-0.0298644
-0.0306544
-0.0314783
-0.0323356
-0.0332256
-0.0341477
-0.0351014
-0.0360862
-0.0371016
-0.0381471
-0.0392222
-0.0403263
-0.0414587
-0.0426185
-0.0438049
-0.0450164
-0.0462516
-0.0475084
-0.0487842
-0.0500758
-0.0513793
-0.0526895
-0.0540003
-0.0553038
-0.0565905
-0.0578486
-0.0590635
-0.0602176
-0.0612892
-0.0622517
-0.0630734
-0.0637156
-0.0641317
-0.064266
-0.0640564
-0.0634391
-0.0623441
-0.0606713
-0.0582909
-0.0551695
-0.0515575
-0.0477995
-0.0434758
-0.0364268
0.00118357
-0.00183239
-0.00287889
-0.00477326
-0.00648564
-0.0082515
-0.00997528
-0.0116484
-0.0132468
-0.0147569
-0.0161662
-0.0174665
-0.0186518
-0.019719
-0.0206667
-0.0214958
-0.0222085
-0.0228075
-0.0232987
-0.0236876
-0.0239804
-0.0241844
-0.0243076
-0.0243584
-0.0243458
-0.0242792
-0.0241681
-0.0240222
-0.0238511
-0.0236642
-0.0234704
-0.0232782
-0.0230953
-0.0229287
-0.0227848
-0.0226691
-0.0225863
-0.0225403
-0.0225343
-0.0225709
-0.0226519
-0.0227787
-0.022952
-0.0231721
-0.023439
-0.0237524
-0.0241117
-0.0245159
-0.0249642
-0.0254555
-0.0259886
-0.0265625
-0.027176
-0.0278281
-0.0285176
-0.0292436
-0.0300052
-0.0308017
-0.0316322
-0.0324961
-0.0333927
-0.0343215
-0.0352821
-0.0362739
-0.0372965
-0.0383494
-0.0394323
-0.0405447
-0.041686
-0.0428555
-0.0440525
-0.045276
-0.0465246
-0.0477968
-0.0490906
-0.0504032
-0.0517315
-0.0530713
-0.0544177
-0.0557642
-0.0571032
-0.0584248
-0.0597174
-0.0609665
-0.0621543
-0.0632593
-0.0642555
-0.0651114
-0.065789
-0.066243
-0.0664219
-0.0662727
-0.0657417
-0.0647551
-0.0632128
-0.0611111
-0.0588056
-0.0568161
-0.054631
-0.0503359
0.00153825
-0.00186433
-0.00279921
-0.00475369
-0.00646246
-0.00822942
-0.00995476
-0.0116264
-0.0132232
-0.0147311
-0.0161381
-0.0174363
-0.0186197
-0.0196852
-0.0206319
-0.0214605
-0.022172
-0.0227719
-0.0232639
-0.0236537
-0.0239478
-0.0241535
-0.0242787
-0.0243318
-0.0243218
-0.024258
-0.02415
-0.0240074
-0.02384
-0.0236568
-0.023467
-0.0232788
-0.0231001
-0.0229378
-0.0227981
-0.0226867
-0.0226082
-0.0225664
-0.0225647
-0.0226056
-0.0226909
-0.0228219
-0.0229995
-0.023224
-0.0234954
-0.0238133
-0.0241772
-0.0245862
-0.0250393
-0.0255355
-0.0260738
-0.0266529
-0.0272717
-0.0279292
-0.0286243
-0.0293561
-0.0301236
-0.030926
-0.0317626
-0.0326328
-0.0335359
-0.0344713
-0.0354387
-0.0364375
-0.0374674
-0.0385279
-0.0396187
-0.0407395
-0.0418897
-0.0430688
-0.0442762
-0.0455111
-0.0467724
-0.0480588
-0.0493686
-0.0506997
-0.0520493
-0.0534142
-0.0547899
-0.0561714
-0.0575521
-0.0589241
-0.0602776
-0.0616006
-0.0628786
-0.0640937
-0.0652243
-0.0662444
-0.0671222
-0.0678201
-0.0682951
-0.0685025
-0.0684015
-0.0679468
-0.0670814
-0.0658345
-0.0646182
-0.0642199
-0.0643996
-0.0618199
0.00130666
-0.00185852
-0.00281436
-0.00472794
-0.00643645
-0.00818752
-0.00990436
-0.0115666
-0.0131552
-0.0146557
-0.0160565
-0.0173495
-0.018529
-0.0195918
-0.0205369
-0.0213638
-0.0220767
-0.0226777
-0.0231716
-0.0235641
-0.0238616
-0.0240714
-0.0242012
-0.0242595
-0.0242552
-0.0241975
-0.0240961
-0.0239604
-0.0238
-0.023624
-0.0234414
-0.0232605
-0.0230888
-0.0229334
-0.0228005
-0.0226954
-0.022623
-0.0225871
-0.0225909
-0.022637
-0.0227272
-0.0228629
-0.023045
-0.0232738
-0.0235494
-0.0238713
-0.0242391
-0.024652
-0.0251091
-0.0256093
-0.0261515
-0.0267347
-0.0273578
-0.0280196
-0.0287191
-0.0294555
-0.0302278
-0.0310351
-0.0318769
-0.0327523
-0.0336609
-0.0346021
-0.0355754
-0.0365804
-0.0376167
-0.0386839
-0.0397818
-0.04091
-0.0420681
-0.0432556
-0.044472
-0.0457167
-0.0469886
-0.0482868
-0.0496098
-0.0509558
-0.0523223
-0.0537066
-0.055105
-0.056513
-0.0579249
-0.0593341
-0.060732
-0.0621086
-0.0634514
-0.0647454
-0.0659723
-0.0671105
-0.0681332
-0.069009
-0.069701
-0.0701681
-0.0703702
-0.0702683
-0.069833
-0.0691113
-0.0684936
-0.0687753
-0.0718027
-0.0678413
0.000383775
-0.00174757
-0.00294663
-0.00470902
-0.00641445
-0.00813829
-0.00983584
-0.0114812
-0.0130554
-0.0145437
-0.0159347
-0.0172199
-0.0183936
-0.0194526
-0.0203949
-0.0212222
-0.0219357
-0.0225388
-0.0230359
-0.0234327
-0.0237355
-0.0239514
-0.0240882
-0.0241542
-0.0241583
-0.0241096
-0.0240175
-0.0238916
-0.0237411
-0.0235752
-0.0234026
-0.0232314
-0.0230692
-0.0229229
-0.0227987
-0.0227018
-0.0226371
-0.0226083
-0.0226187
-0.0226708
-0.0227665
-0.0229073
-0.023094
-0.023327
-0.0236064
-0.023932
-0.0243031
-0.0247192
-0.0251793
-0.0256824
-0.0262276
-0.0268137
-0.0274397
-0.0281046
-0.0288073
-0.029547
-0.0303227
-0.0311337
-0.0319793
-0.0328588
-0.0337716
-0.0347172
-0.0356951
-0.036705
-0.0377464
-0.038819
-0.0399225
-0.0410566
-0.0422208
-0.0434149
-0.0446383
-0.0458903
-0.0471703
-0.0484772
-0.0498098
-0.0511663
-0.0525447
-0.0539425
-0.0553562
-0.056782
-0.0582149
-0.0596486
-0.0610759
-0.0624877
-0.063873
-0.0652186
-0.0665085
-0.0677236
-0.0688407
-0.0698325
-0.0706679
-0.0713112
-0.071728
-0.0718862
-0.0717755
-0.0714173
-0.0712794
-0.0707079
-0.0769903
-0.0688501
-4.71448e-05
-0.00174222
-0.00306522
-0.00472039
-0.00639997
-0.00809049
-0.00976007
-0.0113819
-0.0129364
-0.0144085
-0.0157864
-0.0170617
-0.0182283
-0.0192823
-0.0202222
-0.0210488
-0.0217634
-0.0223693
-0.0228707
-0.023273
-0.0235826
-0.0238062
-0.0239518
-0.0240274
-0.0240419
-0.0240042
-0.0239236
-0.0238095
-0.0236711
-0.0235172
-0.0233565
-0.0231969
-0.023046
-0.0229104
-0.0227963
-0.0227089
-0.0226529
-0.0226322
-0.02265
-0.0227087
-0.0228104
-0.0229565
-0.0231479
-0.023385
-0.023668
-0.0239967
-0.0243707
-0.0247892
-0.0252515
-0.0257567
-0.0263038
-0.0268918
-0.0275196
-0.0281863
-0.0288909
-0.0296326
-0.0304104
-0.0312237
-0.0320716
-0.0329537
-0.0338693
-0.0348179
-0.035799
-0.0368122
-0.0378571
-0.0389335
-0.0400409
-0.0411791
-0.0423476
-0.0435461
-0.0447742
-0.0460311
-0.0473162
-0.0486286
-0.0499669
-0.0513296
-0.0527147
-0.05412
-0.0555421
-0.0569773
-0.058421
-0.0598676
-0.0613101
-0.0627402
-0.0641479
-0.0655211
-0.0668452
-0.0681035
-0.0692747
-0.0703348
-0.0712562
-0.0720064
-0.072556
-0.0728746
-0.0729895
-0.0727913
-0.073519
-0.0719313
-0.0820855
-0.07184
-0.000344836
-0.00180342
-0.00317346
-0.00475712
-0.00639728
-0.00804996
-0.00968633
-0.0112801
-0.0128111
-0.014264
-0.0156264
-0.0168893
-0.0180462
-0.0190954
-0.0200336
-0.0208599
-0.021576
-0.0221851
-0.0226913
-0.0230999
-0.0234168
-0.0236491
-0.0238043
-0.0238905
-0.0239164
-0.0238907
-0.0238227
-0.0237215
-0.023596
-0.0234552
-0.0233073
-0.0231602
-0.0230213
-0.0228972
-0.022794
-0.0227167
-0.0226701
-0.022658
-0.0226835
-0.0227492
-0.0228571
-0.0230086
-0.0232046
-0.0234458
-0.0237323
-0.024064
-0.0244404
-0.024861
-0.0253251
-0.0258317
-0.02638
-0.0269691
-0.0275979
-0.0282655
-0.028971
-0.0297136
-0.0304923
-0.0313066
-0.0321557
-0.033039
-0.0339559
-0.034906
-0.0358888
-0.0369038
-0.0379508
-0.0390293
-0.040139
-0.0412795
-0.0424506
-0.0436517
-0.0448824
-0.046142
-0.0474298
-0.0487449
-0.0500859
-0.0514513
-0.0528392
-0.054247
-0.0556717
-0.0571097
-0.0585563
-0.0600059
-0.0614519
-0.0628862
-0.0642991
-0.0656792
-0.0670119
-0.0682846
-0.0694731
-0.0705583
-0.0715162
-0.0723169
-0.07294
-0.0733474
-0.0736519
-0.0734277
-0.074945
-0.0725112
-0.0861542
-0.0762245
-0.000502878
-0.00187816
-0.00326759
-0.0048053
-0.00640374
-0.00801763
-0.00961928
-0.0111834
-0.0126897
-0.0141226
-0.0154697
-0.0167217
-0.0178716
-0.0189132
-0.0198468
-0.0206717
-0.0213889
-0.022001
-0.0225119
-0.0229267
-0.0232513
-0.0234924
-0.0236574
-0.0237544
-0.0237919
-0.0237784
-0.0237231
-0.0236349
-0.0235225
-0.0233947
-0.0232596
-0.023125
-0.0229981
-0.0228853
-0.0227927
-0.0227254
-0.0226879
-0.022684
-0.0227169
-0.0227892
-0.0229028
-0.0230593
-0.0232597
-0.0235045
-0.023794
-0.0241282
-0.0245067
-0.024929
-0.0253946
-0.0259026
-0.0264522
-0.0270424
-0.0276725
-0.0283414
-0.0290483
-0.0297923
-0.0305727
-0.0313887
-0.0322397
-0.033125
-0.0340441
-0.0349964
-0.0359815
-0.0369989
-0.0380484
-0.0391294
-0.0402417
-0.0413849
-0.0425585
-0.043762
-0.0449951
-0.0462569
-0.0475466
-0.0488632
-0.0502054
-0.0515716
-0.0529597
-0.0543672
-0.0557908
-0.0572268
-0.0586705
-0.0601162
-0.0615569
-0.0629846
-0.0643894
-0.0657598
-0.0670819
-0.0683397
-0.0695147
-0.0705852
-0.0715299
-0.0723198
-0.0729464
-0.0733528
-0.0737518
-0.0735194
-0.0750631
-0.0735127
-0.0831996
-0.0819768
)
;

boundaryField
{
    inlet
    {
        type            zeroGradient;
    }
    outlet
    {
        type            fixedValue;
        value           uniform 0;
    }
    polygon
    {
        type            zeroGradient;
    }
    top
    {
        type            symmetryPlane;
    }
    bottom
    {
        type            symmetryPlane;
    }
    outside
    {
        type            slip;
    }
}


// ************************************************************************* //
