/*--------------------------------*- C++ -*----------------------------------*\
  =========                 |
  \\      /  F ield         | OpenFOAM: The Open Source CFD Toolbox
   \\    /   O peration     | Website:  https://openfoam.org
    \\  /    A nd           | Version:  7
     \\/     M anipulation  |
\*---------------------------------------------------------------------------*/
FoamFile
{
    version     2.0;
    format      ascii;
    class       volVectorField;
    location    "12";
    object      U;
}
// * * * * * * * * * * * * * * * * * * * * * * * * * * * * * * * * * * * * * //

dimensions      [0 1 -1 0 0 0 0];

internalField   nonuniform List<vector> 
125
(
(1.087 0.221196 -3.42489e-18)
(1.12184 0.208629 -4.26897e-19)
(1.15701 0.191431 -2.47135e-18)
(1.19178 0.169592 -1.59704e-19)
(1.22544 0.143433 -4.49716e-19)
(1.25736 0.113579 -1.15458e-19)
(1.28703 0.080879 -1.86844e-19)
(1.31404 0.0463314 1.1257e-19)
(1.33813 0.0109555 -1.91691e-18)
(1.35911 -0.0242973 -2.10275e-18)
(1.37699 -0.0584058 -5.06767e-18)
(1.39176 -0.0906986 -1.9063e-18)
(1.40344 -0.120566 -4.00111e-18)
(0.999358 0.214382 -2.0915e-19)
(1.02896 0.211775 -2.21274e-19)
(1.06083 0.206085 3.26e-19)
(1.09448 0.196863 1.6917e-19)
(1.12928 0.183752 -4.83276e-19)
(1.16456 0.166521 1.21372e-18)
(1.19964 0.145146 -1.48392e-19)
(1.23387 0.119919 5.91927e-19)
(1.26659 0.0914171 -3.9334e-19)
(1.2972 0.0604172 -1.07711e-18)
(1.32519 0.0278359 -2.57041e-19)
(1.35011 -0.00535129 7.91304e-19)
(1.3717 -0.0382445 -1.92304e-18)
(1.38984 -0.0699297 -3.21767e-18)
(1.40443 -0.0997856 -8.08437e-19)
(1.41547 -0.127238 -1.47918e-18)
(1.00314 0.194632 -9.28415e-19)
(1.03183 0.190324 -5.72807e-19)
(1.06275 0.183214 -1.86071e-19)
(1.09543 0.172935 4.20261e-19)
(1.12927 0.159208 -1.23255e-18)
(1.16363 0.141841 -4.55364e-19)
(1.19793 0.120796 -2.35513e-18)
(1.23159 0.0963474 -7.53623e-20)
(1.26398 0.069063 -9.0299e-19)
(1.29451 0.0396715 -1.58287e-18)
(1.32261 0.00903067 -2.29199e-18)
(1.34778 -0.0219345 -1.17321e-18)
(1.36963 -0.0523087 -2.25154e-18)
(1.38797 -0.0814268 -4.56391e-19)
(1.40264 -0.108695 -1.69031e-18)
(1.41367 -0.133614 -4.00009e-19)
(1.00419 0.175722 -2.52261e-18)
(1.03147 0.169781 -3.08882e-18)
(1.0609 0.161292 -2.33299e-18)
(1.09208 0.149954 1.4907e-18)
(1.12442 0.135547 -2.34743e-18)
(1.15728 0.11789 -1.62551e-19)
(1.19017 0.0969029 -2.41608e-18)
(1.22266 0.0728814 -1.22825e-18)
(1.2542 0.0465381 -2.92821e-18)
(1.28419 0.0186954 -3.09349e-18)
(1.31209 -0.00982111 -4.2838e-18)
(1.33736 -0.0384916 -4.9415e-18)
(1.3595 -0.0664917 -2.75589e-18)
(1.37821 -0.0931369 2.37135e-18)
(1.39339 -0.117879 -2.8396e-18)
(1.40503 -0.140301 1.50253e-19)
(1.00392 0.157801 -4.77018e-18)
(1.02941 0.150331 -8.67134e-18)
(1.05697 0.140614 -1.68311e-17)
(1.08626 0.128447 6.39247e-18)
(1.1167 0.113702 -3.58175e-18)
(1.14765 0.0962303 -3.79812e-19)
(1.17875 0.0758206 -2.30305e-18)
(1.20985 0.0525663 -3.46238e-18)
(1.24055 0.0269661 -6.7507e-18)
(1.27018 -0.000344584 -1.11466e-17)
(1.29789 -0.0280154 -1.64368e-17)
(1.32312 -0.0551323 -2.92901e-17)
(1.34564 -0.0811783 -4.76083e-17)
(1.36506 -0.105509 1.96785e-17)
(1.38117 -0.127801 -1.06695e-17)
(1.3939 -0.147765 -3.36655e-19)
(1.0037 0.140845 -2.33582e-18)
(1.02728 0.131545 1.98146e-19)
(1.05283 0.12011 -1.56766e-18)
(1.08009 0.1064 2.86528e-19)
(1.10852 0.0903564 -1.39665e-18)
(1.13742 0.0718707 -1.19204e-18)
(1.16641 0.0506402 -1.31385e-18)
(1.1955 0.0268524 -2.26916e-18)
(1.22438 0.00213379 -3.0586e-18)
(1.25298 -0.0232393 -4.71117e-18)
(1.2809 -0.0489355 -4.9931e-18)
(1.30696 -0.0736813 -7.37253e-18)
(1.33051 -0.0971718 -4.76522e-18)
(1.35113 -0.118884 3.97817e-18)
(1.36852 -0.138559 -5.17145e-18)
(1.38263 -0.156024 2.57433e-18)
(1.00418 0.128195 -9.02903e-18)
(1.02585 0.118159 3.38974e-18)
(1.04924 0.106213 -1.18933e-18)
(1.07415 0.0922832 1.01186e-18)
(1.10012 0.0764054 -9.84869e-19)
(1.12639 0.0585778 3.80097e-19)
(1.15285 0.0383031 -3.9838e-20)
(1.18079 0.0147542 2.10618e-19)
(1.20984 -0.0113871 -1.18394e-18)
(1.23836 -0.0372381 -1.01623e-18)
(1.26612 -0.0628085 -1.26114e-18)
(1.29246 -0.0870548 -8.80649e-19)
(1.31663 -0.109655 -1.5044e-18)
(1.33826 -0.130216 -2.83511e-19)
(1.35687 -0.148476 -2.30606e-18)
(1.37235 -0.16438 -8.03972e-19)
(1.00705 0.106728 -2.41168e-19)
(1.02781 0.0946575 8.80751e-19)
(1.05004 0.0808436 -2.27276e-19)
(1.07361 0.0652983 1.55769e-19)
(1.09809 0.0481017 -7.2003e-19)
(1.12241 0.0292845 -5.91219e-19)
(1.14561 0.00847018 -4.12414e-19)
(1.16865 -0.0152454 -2.52519e-19)
(1.19407 -0.0420811 2.04067e-20)
(1.22152 -0.0682725 -1.65559e-18)
(1.24936 -0.0930283 -3.67156e-19)
(1.27655 -0.115418 9.05167e-20)
(1.30196 -0.135286 -3.29319e-19)
(1.32506 -0.152599 5.61553e-20)
(1.34528 -0.167291 -7.15365e-19)
(1.36244 -0.179542 -9.31627e-20)
)
;

boundaryField
{
    inlet
    {
        type            uniformFixedValue;
        uniformValue    constant (1 0 0);
        value           nonuniform 0();
    }
    outlet
    {
        type            pressureInletOutletVelocity;
        value           nonuniform 0();
    }
    polygon
    {
        type            fixedValue;
        value           nonuniform 0();
    }
    top
    {
        type            symmetryPlane;
    }
    bottom
    {
        type            symmetryPlane;
    }
    outside
    {
        type            zeroGradient;
    }
    procBoundary3to2
    {
        type            processor;
        value           nonuniform List<vector> 7((1.42308 -0.151887 -3.33431e-18) (1.42119 -0.155845 1.99062e-19) (1.41325 -0.160147 8.8277e-20) (1.40331 -0.165256 -4.27971e-18) (1.39347 -0.171161 -4.94689e-18) (1.38462 -0.177842 -4.75849e-18) (1.3764 -0.189394 9.98475e-19));
    }
    procBoundary3to4
    {
        type            processor;
        value           nonuniform List<vector> 7((0.972363 0.214417 -5.27511e-19) (0.976989 0.196562 -8.35752e-19) (0.979364 0.17947 -1.93391e-18) (0.980753 0.163282 -2.46684e-18) (0.982268 0.148202 -1.36161e-18) (0.984351 0.136453 -2.84014e-18) (0.987871 0.117102 -4.46734e-19));
    }
    procBoundary3to10
    {
        type            processor;
        value           uniform (1.41208 -0.147537 -4.91555e-18);
    }
    procBoundary3to11
    {
        type            processor;
        value           nonuniform List<vector> 
17
(
(1.07021 0.245189 -2.5755e-18)
(1.10367 0.233039 -1.78578e-18)
(1.13716 0.215723 -2.43632e-19)
(1.16992 0.193255 -1.75968e-18)
(1.20129 0.166012 -2.14522e-18)
(1.23069 0.134698 -2.91824e-18)
(1.25777 0.100265 -2.76953e-18)
(1.28234 0.0638207 -4.18273e-18)
(1.30433 0.026486 -6.02763e-18)
(1.32374 -0.0107213 -8.63334e-18)
(1.34077 -0.0468932 -1.0805e-17)
(1.35557 -0.0811696 -8.43272e-18)
(1.36815 -0.113013 -1.43403e-17)
(0.991354 0.234553 -5.88491e-18)
(1.02116 0.233668 -2.09833e-17)
(1.05322 0.229398 7.12009e-18)
(1.05322 0.229398 7.12009e-18)
)
;
    }
}


// ************************************************************************* //
