/*--------------------------------*- C++ -*----------------------------------*\
  =========                 |
  \\      /  F ield         | OpenFOAM: The Open Source CFD Toolbox
   \\    /   O peration     | Website:  https://openfoam.org
    \\  /    A nd           | Version:  7
     \\/     M anipulation  |
\*---------------------------------------------------------------------------*/
FoamFile
{
    version     2.0;
    format      ascii;
    class       volVectorField;
    location    "12";
    object      U;
}
// * * * * * * * * * * * * * * * * * * * * * * * * * * * * * * * * * * * * * //

dimensions      [0 1 -1 0 0 0 0];

internalField   nonuniform List<vector> 
250
(
(0.810093 0.107727 1.89616e-18)
(0.798203 0.0987957 1.3561e-19)
(0.785841 0.0894063 3.07514e-20)
(0.77237 0.0795449 7.2621e-21)
(0.756963 0.0691718 -4.27464e-20)
(0.739035 0.0582139 8.14117e-21)
(0.718924 0.0465663 1.30089e-19)
(0.698539 0.0341287 1.65745e-19)
(0.681371 0.0208938 -5.97352e-21)
(0.671431 0.00704274 -2.20599e-18)
(0.792862 0.116559 -1.85583e-18)
(0.780028 0.107021 -1.82286e-19)
(0.766712 0.096954 1.79819e-19)
(0.752235 0.0863375 2.19745e-19)
(0.735714 0.0751275 2.4855e-19)
(0.716503 0.0632527 -3.42823e-20)
(0.694911 0.050611 1.44055e-19)
(0.672938 0.0371021 2.72545e-19)
(0.654352 0.0227194 4.3028e-19)
(0.643555 0.00765926 2.58266e-18)
(0.774517 0.126294 9.48197e-19)
(0.760599 0.116145 8.09319e-19)
(0.74617 0.105377 3.96548e-19)
(0.730512 0.0939583 4.88707e-19)
(0.712701 0.0818372 2.02925e-19)
(0.692037 0.0689451 1.58531e-19)
(0.668802 0.0551873 7.88178e-20)
(0.645081 0.0404686 1.19997e-19)
(0.624936 0.0247868 5.07576e-20)
(0.613195 0.00835749 -2.04429e-19)
(0.75508 0.137055 5.62926e-20)
(0.739902 0.126302 1.13689e-18)
(0.724154 0.114818 9.84649e-19)
(0.707087 0.102551 1.1949e-18)
(0.687752 0.0894383 5.73951e-19)
(0.665415 0.0754152 -1.11273e-19)
(0.64033 0.060399 2.88111e-19)
(0.614671 0.0443058 4.71337e-19)
(0.5928 0.0271441 6.2128e-19)
(0.580014 0.00915371 5.61939e-19)
(0.734596 0.149023 2.94387e-18)
(0.717937 0.137688 3.3454e-18)
(0.700606 0.125476 1.92937e-18)
(0.681833 0.112309 2.91664e-18)
(0.660668 0.0981129 1.34926e-18)
(0.636367 0.0828245 -1.1243e-18)
(0.609174 0.0663793 1.75622e-18)
(0.581343 0.0487132 1.13296e-18)
(0.557552 0.0298526 2.17052e-18)
(0.543604 0.0100686 -7.04426e-19)
(0.713144 0.162449 4.25909e-18)
(0.694719 0.150568 8.11324e-18)
(0.675463 0.137618 4.02785e-18)
(0.654601 0.12349 8.27007e-18)
(0.631211 0.108096 2.28188e-18)
(0.604577 0.0913775 -5.75688e-18)
(0.574946 0.0732947 5.03802e-18)
(0.54466 0.0538135 3.58136e-18)
(0.518718 0.0329872 7.60617e-18)
(0.50347 0.0111273 -1.98499e-18)
(0.690852 0.177666 6.97729e-18)
(0.670281 0.165293 2.45129e-17)
(0.648649 0.151594 6.61089e-18)
(0.625201 0.136427 2.68897e-17)
(0.599083 0.119688 4.25284e-18)
(0.569646 0.101331 -2.56812e-17)
(0.537171 0.0813513 2.40773e-17)
(0.504085 0.0597566 7.74625e-18)
(0.475719 0.0366389 3.14257e-17)
(0.459011 0.0123603 5.0606e-18)
(0.667909 0.195079 1.9913e-20)
(0.644675 0.182297 -2.12317e-19)
(0.620067 0.167838 -3.83184e-19)
(0.593388 0.151526 -1.78868e-19)
(0.563902 0.133251 -4.42172e-19)
(0.531074 0.112991 -1.77822e-18)
(0.495255 0.0907897 -4.52266e-19)
(0.458961 0.066715 -3.29864e-19)
(0.427855 0.040911 -6.79637e-20)
(0.409501 0.0138021 -4.12751e-18)
(0.644593 0.215157 5.28513e-18)
(0.617981 0.202075 1.74065e-17)
(0.589591 0.186841 3.52078e-18)
(0.558842 0.169248 1.92166e-17)
(0.525175 0.149192 2.09726e-18)
(0.488233 0.126694 -2.60142e-17)
(0.44847 0.101871 1.70953e-17)
(0.408489 0.074872 4.27795e-18)
(0.374282 0.045912 2.58124e-17)
(0.354078 0.0154885 5.41021e-18)
(0.621266 0.238402 -3.17662e-18)
(0.590298 0.225147 -2.29993e-17)
(0.557054 0.209107 -7.26375e-18)
(0.52115 0.190052 -2.78503e-17)
(0.482285 0.167907 -7.54855e-18)
(0.440349 0.142761 4.59789e-19)
(0.395934 0.114837 -2.98225e-17)
(0.351728 0.0843934 -1.01398e-17)
(0.314027 0.0517372 -3.41134e-17)
(0.291747 0.0174507 -6.05961e-18)
(0.598338 0.265287 1.57291e-18)
(0.561708 0.251967 4.61607e-18)
(0.522218 0.235045 2.68763e-18)
(0.479789 0.21429 5.0189e-18)
(0.434477 0.189678 2.69093e-18)
(0.386493 0.161406 8.54108e-19)
(0.336613 0.129835 3.64539e-18)
(0.287588 0.0953688 1.98298e-18)
(0.245977 0.0584329 3.33958e-18)
(0.221395 0.0197023 2.40479e-18)
(0.576183 0.296099 -7.13658e-19)
(0.532199 0.282752 -1.23888e-18)
(0.484729 0.264794 -9.47456e-19)
(0.434122 0.242027 -1.01944e-18)
(0.380893 0.214519 -5.79462e-19)
(0.325661 0.182604 -1.26895e-19)
(0.269426 0.146816 -4.0146e-19)
(0.214972 0.107744 -3.79095e-19)
(0.169051 0.0659551 -1.975e-19)
(0.141947 0.0222264 7.5685e-19)
(0.554993 0.330599 -3.84597e-19)
(0.501554 0.317131 -4.37769e-19)
(0.444044 0.297873 -2.84543e-19)
(0.383355 0.272715 -2.47485e-19)
(0.32056 0.24186 -1.08183e-19)
(0.256761 0.205814 -9.64035e-20)
(0.193228 0.165314 -2.00726e-20)
(0.132752 0.121165 3.26726e-20)
(0.082194 0.0740923 1.1465e-19)
(0.0524165 0.0249551 6.31853e-19)
(0.534681 0.367405 -1.67811e-18)
(0.469356 0.353594 -2.42468e-18)
(0.399539 0.33273 -1.62549e-18)
(0.326771 0.304842 -1.53756e-18)
(0.252744 0.27031 -9.40457e-19)
(0.179094 0.229824 -4.1944e-19)
(0.107393 0.184329 -2.23248e-19)
(0.0404047 0.134821 -7.13467e-20)
(-0.0150805 0.08226 7.30825e-20)
(-0.0476684 0.0276694 3.18376e-19)
(0.514785 0.403078 -4.87041e-18)
(0.434994 0.388631 -9.37848e-18)
(0.350562 0.365933 -4.94078e-18)
(0.263745 0.335197 -6.65815e-18)
(0.176878 0.296984 -3.73002e-18)
(0.0921461 0.252176 -1.33861e-18)
(0.0114423 0.201901 -1.34178e-18)
(-0.0625216 0.14745 -3.59137e-19)
(-0.123079 0.0898965 3.93103e-19)
(-0.15851 0.0302217 4.19309e-20)
(0.494871 0.431629 -9.66042e-18)
(0.398361 0.416412 -4.40048e-17)
(0.297401 0.392073 -1.27579e-17)
(0.194964 0.358989 -4.1629e-17)
(0.0940194 0.317856 -1.45448e-17)
(-0.00271662 0.269666 -4.12136e-18)
(-0.0929624 0.215687 -3.04965e-17)
(-0.174067 0.157298 -8.67215e-18)
(-0.239565 0.0957472 -2.6735e-17)
(-0.277664 0.0321619 -6.31369e-19)
(0.474402 0.444502 2.52671e-18)
(0.359716 0.42874 5.58449e-18)
(0.241049 0.403576 3.15372e-18)
(0.122011 0.369472 2.13013e-18)
(0.00611675 0.327146 3.81865e-19)
(-0.103229 0.277501 -4.27345e-19)
(-0.20345 0.221777 -2.11706e-18)
(-0.291871 0.161538 -1.75558e-18)
(-0.362344 0.0981864 -3.91107e-18)
(-0.403088 0.0329481 -8.40896e-19)
(0.453194 0.43342 -1.49041e-18)
(0.32043 0.418055 -5.52367e-19)
(0.184302 0.393752 -6.87514e-19)
(0.0487952 0.360987 -8.27362e-19)
(-0.0819768 0.320077 -4.85965e-19)
(-0.20405 0.271759 -8.10073e-19)
(-0.314343 0.217391 -3.4807e-19)
(-0.409965 0.15839 -3.43479e-19)
(-0.484974 0.0962529 -1.55862e-18)
(-0.527908 0.0322892 -1.91042e-18)
(0.432571 0.39252 4.74526e-19)
(0.283525 0.379019 -1.00211e-18)
(0.131519 0.357888 4.42012e-19)
(-0.0194177 0.329161 2.20383e-19)
(-0.164569 0.292912 3.19302e-19)
(-0.299453 0.249598 3.15504e-19)
(-0.420167 0.200207 9.39747e-20)
(-0.523442 0.146082 6.87266e-19)
(-0.603395 0.0888074 5.37102e-19)
(-0.648771 0.0297889 -2.71937e-18)
(0.415631 0.323672 -1.24647e-18)
(0.253641 0.313865 -8.20994e-19)
(0.088555 0.298113 -8.14193e-19)
(-0.0757036 0.276033 2.75741e-19)
(-0.234119 0.247372 1.93813e-19)
(-0.38126 0.212247 -6.62614e-19)
(-0.512196 0.17119 -1.56343e-18)
(-0.62285 0.125366 -5.73664e-19)
(-0.707176 0.0763348 3.28011e-19)
(-0.754451 0.0256129 -1.42567e-18)
(0.405269 0.236463 -4.218e-18)
(0.233829 0.231692 -2.44079e-18)
(0.0585389 0.222425 -1.3376e-18)
(-0.116775 0.208185 1.34137e-18)
(-0.286884 0.188541 6.78491e-19)
(-0.44549 0.163305 1.70126e-19)
(-0.586605 0.132721 6.78589e-19)
(-0.705104 0.0976998 1.15028e-18)
(-0.79437 0.0596459 -1.07892e-18)
(-0.843867 0.0200297 -8.6758e-18)
(0.404394 0.143937 -7.75624e-18)
(0.226111 0.144742 -1.22821e-18)
(0.0430662 0.141977 -1.92857e-18)
(-0.14092 0.135308 -2.9746e-18)
(-0.320369 0.124502 -9.06642e-19)
(-0.488377 0.109311 4.10647e-19)
(-0.637935 0.0897679 7.5598e-19)
(-0.762814 0.0665016 -5.48258e-19)
(-0.855848 0.0406989 9.66903e-19)
(-0.906875 0.0136712 4.28954e-18)
(0.413348 0.0533775 -1.99191e-17)
(0.229433 0.0593233 -3.76484e-18)
(0.0400086 0.0623785 -1.112e-18)
(-0.150731 0.062472 -2.51652e-18)
(-0.337277 0.0596361 -1.18881e-18)
(-0.512622 0.0538542 -1.5823e-18)
(-0.669169 0.0451382 2.89128e-18)
(-0.799638 0.0338313 -2.38591e-19)
(-0.896066 0.0207783 -4.53612e-18)
(-0.94846 0.00697601 -2.26879e-17)
(0.431415 -0.0326993 -2.56118e-17)
(0.243218 -0.0221048 -3.34125e-18)
(0.0490113 -0.0137777 1.86688e-20)
(-0.14628 -0.00757396 2.2119e-19)
(-0.337006 -0.00311271 -1.01098e-18)
(-0.516292 -0.000216522 -2.17841e-18)
(-0.676424 0.00123109 6.75977e-19)
(-0.809587 0.00142875 2.8801e-18)
(-0.90736 0.000907284 4.15356e-18)
(-0.960065 0.000279077 1.31744e-17)
(0.455916 -0.11437 6.78661e-18)
(0.264979 -0.100125 -2.31798e-18)
(0.0674496 -0.0868726 1.67137e-18)
(-0.130823 -0.0746353 -4.91951e-20)
(-0.323965 -0.0630061 -1.87226e-18)
(-0.505344 -0.0517011 -1.89235e-18)
(-0.667269 -0.04055 -2.59094e-18)
(-0.801615 -0.0294131 2.01376e-18)
(-0.899689 -0.0180009 1.04984e-18)
(-0.952193 -0.00608953 1.32137e-17)
)
;

boundaryField
{
    inlet
    {
        type            uniformFixedValue;
        uniformValue    constant (1 0 0);
        value           nonuniform 0();
    }
    outlet
    {
        type            pressureInletOutletVelocity;
        value           nonuniform 0();
    }
    polygon
    {
        type            fixedValue;
        value           nonuniform 0();
    }
    top
    {
        type            symmetryPlane;
    }
    bottom
    {
        type            symmetryPlane;
    }
    outside
    {
        type            zeroGradient;
    }
    procBoundary6to2
    {
        type            processor;
        value           nonuniform List<vector> 
25
(
(0.821769 0.116192 1.4009e-17)
(0.805507 0.125569 -8.14104e-18)
(0.788259 0.13584 1.08432e-18)
(0.770067 0.147111 -2.87741e-18)
(0.751009 0.159543 5.52128e-18)
(0.731214 0.17336 8.64965e-18)
(0.71088 0.188856 2.59678e-17)
(0.690309 0.206386 9.41822e-20)
(0.669942 0.226355 2.05801e-17)
(0.650374 0.249212 -9.27535e-18)
(0.632325 0.275409 3.03881e-18)
(0.616567 0.305274 -9.96422e-19)
(0.603766 0.338699 -4.25191e-19)
(0.59428 0.374493 -2.36234e-18)
(0.587943 0.409447 -9.51272e-18)
(0.584149 0.437712 -4.07936e-17)
(0.581668 0.450718 6.55744e-18)
(0.578801 0.439724 -1.47512e-18)
(0.57495 0.398317 -8.43128e-19)
(0.571362 0.327614 -2.48879e-18)
(0.57034 0.237079 -5.02162e-18)
(0.575605 0.140109 -2.10145e-17)
(0.589028 0.0451506 -6.76074e-17)
(0.610024 -0.0448038 -2.28398e-16)
(0.635695 -0.128694 4.62209e-17)
)
;
    }
    procBoundary6to5
    {
        type            processor;
        value           nonuniform List<vector> 10((0.485814 -0.187851 -1.30675e-18) (0.295452 -0.171317 8.54936e-19) (0.0977136 -0.154198 1.90771e-18) (-0.100497 -0.136853 -1.33868e-18) (-0.292948 -0.118809 1.47272e-18) (-0.473106 -0.0997665 -1.14222e-18) (-0.633538 -0.0796201 -1.13735e-18) (-0.766173 -0.0582862 1.35733e-18) (-0.86243 -0.0357214 2.17741e-18) (-0.913634 -0.0120613 6.29636e-18));
    }
    procBoundary6to7
    {
        type            processor;
        value           nonuniform List<vector> 10((0.826224 0.0997046 1.46988e-18) (0.815166 0.091365 2.49908e-19) (0.803634 0.0826216 2.66989e-20) (0.791038 0.0734653 2.78178e-21) (0.776613 0.0638583 2.00274e-19) (0.759837 0.0537273 6.51912e-20) (0.741075 0.0429681 1.29297e-19) (0.722143 0.0314843 -1.08087e-19) (0.70627 0.0192704 -2.61217e-19) (0.697107 0.00649453 -1.3539e-18));
    }
    procBoundary6to10
    {
        type            processor;
        value           nonuniform List<vector> 
25
(
(0.671431 -0.00704274 -2.2034e-17)
(0.643555 -0.00765926 1.23054e-17)
(0.613195 -0.00835749 2.64167e-18)
(0.580014 -0.00915371 3.26494e-18)
(0.543604 -0.0100686 -4.28648e-18)
(0.50347 -0.0111273 -2.92712e-17)
(0.459011 -0.0123603 3.50695e-18)
(0.409501 -0.0138021 -3.08734e-17)
(0.354078 -0.0154885 9.54127e-18)
(0.291747 -0.0174507 -1.28452e-18)
(0.221395 -0.0197023 7.23535e-18)
(0.141947 -0.0222264 4.72333e-18)
(0.0524165 -0.0249551 3.92744e-18)
(-0.0476684 -0.0276694 1.98111e-18)
(-0.15851 -0.0302217 -1.45225e-18)
(-0.277664 -0.0321619 2.97289e-17)
(-0.403088 -0.0329481 -1.91186e-18)
(-0.527908 -0.0322892 -1.11608e-17)
(-0.648771 -0.0297889 -1.80358e-17)
(-0.754451 -0.0256129 -2.01301e-17)
(-0.843867 -0.0200297 -4.00476e-17)
(-0.906875 -0.0136712 -2.73538e-18)
(-0.94846 -0.00697601 -1.22758e-16)
(-0.960065 -0.000279077 1.78258e-16)
(-0.952193 0.00608953 6.01818e-17)
)
;
    }
}


// ************************************************************************* //
