/*--------------------------------*- C++ -*----------------------------------*\
  =========                 |
  \\      /  F ield         | OpenFOAM: The Open Source CFD Toolbox
   \\    /   O peration     | Website:  https://openfoam.org
    \\  /    A nd           | Version:  7
     \\/     M anipulation  |
\*---------------------------------------------------------------------------*/
FoamFile
{
    version     2.0;
    format      ascii;
    class       surfaceScalarField;
    location    "10";
    object      phi;
}
// * * * * * * * * * * * * * * * * * * * * * * * * * * * * * * * * * * * * * //

dimensions      [0 3 -1 0 0 0 0];

internalField   nonuniform List<scalar> 
322
(
-0.0100766
-0.000324762
-0.0101903
0.000144744
-0.0102975
0.00059643
-0.0104004
0.00102432
0.0014216
-0.00786393
-0.00283179
-0.00809252
-0.00288498
-0.00834129
-0.00290235
-0.00860583
-0.00287494
-0.00888023
-0.0027944
-0.00915757
-0.0026539
-0.00943055
-0.00244952
-0.00969232
-0.00218138
-0.00993721
-0.00185412
-0.0101613
-0.0014765
-0.0103627
-0.0010605
-0.0105412
-0.00061977
-0.0106985
-0.000167515
-0.0108348
0.00028107
-0.0109531
0.000714692
-0.0110543
0.00112554
0.00150583
-0.00799277
-0.00261856
-0.00822971
-0.00264803
-0.00848796
-0.00264411
-0.00876364
-0.00259926
-0.00905147
-0.00250657
-0.00934505
-0.00236032
-0.00963745
-0.00215713
-0.00992168
-0.00189714
-0.0101914
-0.00158445
-0.0104412
-0.00122668
-0.0106673
-0.000834347
-0.0108675
-0.000419648
-0.0110411
6.14734e-06
-0.0111865
0.000426449
-0.0113054
0.000833583
-0.011398
0.00121812
0.0015722
-0.00807155
-0.00240519
-0.0083082
-0.00241138
-0.00856594
-0.00238637
-0.00884129
-0.00232391
-0.0091295
-0.00221836
-0.00942474
-0.00206508
-0.00972062
-0.00186125
-0.0100105
-0.00160722
-0.010288
-0.00130702
-0.0105469
-0.000967705
-0.0107825
-0.000598734
-0.0109913
-0.000210907
-0.0111695
0.000184377
-0.0113175
0.000574426
-0.0114342
0.000950288
-0.0115198
0.00130368
0.00162743
-0.00811381
-0.0021969
-0.00834434
-0.00218084
-0.00859503
-0.00213569
-0.00886265
-0.00205628
-0.00914286
-0.00193815
-0.00943035
-0.00177758
-0.00971942
-0.00157218
-0.0100041
-0.00132251
-0.0102783
-0.00103284
-0.010536
-0.000710047
-0.0107717
-0.000362976
-0.0109812
-1.45228e-06
-0.0111608
0.000363936
-0.0113091
0.000722737
-0.0114251
0.00106637
-0.011509
0.00138757
0.00168031
-0.0081306
-0.00199737
-0.00835121
-0.00196024
-0.00859085
-0.00189605
-0.00884649
-0.00180065
-0.00911406
-0.00167059
-0.00938869
-0.00150295
-0.00966538
-0.00129549
-0.00993915
-0.00104874
-0.0102046
-0.000767432
-0.010456
-0.000458638
-0.0106879
-0.00013107
-0.0108956
0.000206301
-0.0110758
0.000544137
-0.0112259
0.000872771
-0.0113446
0.00118515
-0.0114322
0.00147517
0.00173793
-0.0081313
-0.00180937
-0.00833927
-0.00175227
-0.00856527
-0.00167005
-0.00880646
-0.00155945
-0.00905906
-0.00141798
-0.00931855
-0.00124346
-0.00958057
-0.00103347
-0.00984127
-0.000788039
-0.010096
-0.000512669
-0.0103398
-0.00021486
-0.0105673
9.63956e-05
-0.0107746
0.000413587
-0.0109564
0.000725974
-0.0111102
0.00102655
-0.0112347
0.00130971
-0.01133
0.00157045
0.00180476
-0.00812509
-0.00163482
-0.00831833
-0.00155902
-0.00852857
-0.00145981
-0.00875329
-0.00133473
-0.00898909
-0.00118218
-0.0092318
-0.00100075
-0.00947784
-0.000787429
-0.00972529
-0.000540593
-0.00997042
-0.000267541
-0.0102106
2.53471e-05
-0.0104356
0.000321393
-0.0106412
0.000619162
-0.0108253
0.000910029
-0.0109852
0.00118645
-0.0111183
0.00144289
-0.011224
0.00167614
0.0018832
-0.00812146
-0.00147397
-0.0082995
-0.00138098
-0.00849344
-0.00126587
-0.00870122
-0.00112695
-0.00891988
-0.000963523
-0.00914538
-0.000775255
-0.00937396
-0.00055884
-0.00960538
-0.000309177
-0.00983587
-3.70483e-05
-0.010064
0.00025349
-0.0102892
0.00054655
-0.0105016
0.000831608
-0.0106941
0.00110249
-0.0108635
0.00135584
-0.0110073
0.0015867
-0.0111246
0.00179351
0.00197401
-0.00812457
-0.00132565
-0.00828762
-0.00121793
-0.00846434
-0.00108915
-0.00865303
-0.00093826
-0.00885139
-0.00076516
-0.00905641
-0.000570235
-0.0092654
-0.000349846
-0.00948395
-9.06278e-05
-0.00971516
0.000194163
-0.00994424
0.000482562
-0.010167
0.000769279
-0.0103798
0.00104445
-0.0105769
0.00129959
-0.0107541
0.00153301
-0.0109078
0.00174046
-0.0110364
0.00192207
0.00207668
-0.0081474
-0.0083036
-0.00847136
-0.00864865
-0.00883279
-0.00902064
-0.00920748
-0.00939033
-0.00959111
-0.00980813
-0.010031
-0.0102496
-0.0104559
-0.0106441
-0.0108103
-0.0109521
)
;

boundaryField
{
    inlet
    {
        type            calculated;
        value           nonuniform 0();
    }
    outlet
    {
        type            calculated;
        value           nonuniform 0();
    }
    polygon
    {
        type            calculated;
        value           nonuniform 0();
    }
    top
    {
        type            symmetryPlane;
        value           uniform 0;
    }
    bottom
    {
        type            symmetryPlane;
        value           uniform 0;
    }
    outside
    {
        type            calculated;
        value           nonuniform List<scalar> 
17
(
-0.00118229
-0.00106173
-0.000921392
-0.00076097
-0.000581021
-0.000382381
-0.000163004
9.22188e-05
0.000394942
0.00069958
0.000992115
0.00126313
0.00150581
0.00172121
0.00190667
0.00206388
0.00219288
)
;
    }
    procBoundary3to2
    {
        type            processor;
        value           nonuniform List<scalar> 7(-0.0115619 -0.0114898 -0.0113969 -0.0113025 -0.0112154 -0.0111391 -0.0110683);
    }
    procBoundary3to4
    {
        type            processor;
        value           nonuniform List<scalar> 10(0.00765836 0.00777954 0.00785817 0.00790552 0.00793108 0.00794329 0.00795054 0.0079606 0.00797625 0.00800403);
    }
    procBoundary3to10
    {
        type            processor;
        value           nonuniform List<scalar> 4(-0.0105002 -0.0111385 -0.0114643 -0.011575);
    }
    procBoundary3to11
    {
        type            processor;
        value           nonuniform List<scalar> 
18
(
0.000449846
-3.10949e-05
-0.000489189
-0.000921486
-0.00132173
0.00303736
0.00311357
0.00315112
0.00313948
0.0030688
0.00293124
0.0027225
0.00244315
0.002099
0.00170061
0.00126188
0.00995156
0.000798293
)
;
    }
}


// ************************************************************************* //
