/*--------------------------------*- C++ -*----------------------------------*\
  =========                 |
  \\      /  F ield         | OpenFOAM: The Open Source CFD Toolbox
   \\    /   O peration     | Website:  https://openfoam.org
    \\  /    A nd           | Version:  7
     \\/     M anipulation  |
\*---------------------------------------------------------------------------*/
FoamFile
{
    version     2.0;
    format      ascii;
    class       volVectorField;
    location    "4";
    object      U;
}
// * * * * * * * * * * * * * * * * * * * * * * * * * * * * * * * * * * * * * //

dimensions      [0 1 -1 0 0 0 0];

internalField   nonuniform List<vector> 
115
(
(0.992245 -7.98572e-05 -1.59462e-19)
(0.992244 -8.98505e-05 -1.57311e-19)
(0.992242 -0.0001029 1.74568e-19)
(0.99224 -0.000116387 1.18127e-20)
(0.992238 -0.000132237 8.76009e-20)
(0.992236 -0.000149617 -8.26881e-20)
(0.992233 -0.000169425 -1.40547e-19)
(0.992229 -0.000191544 -7.10586e-19)
(0.992225 -0.000216523 -4.33656e-19)
(0.992221 -0.000244565 -4.07557e-19)
(0.992216 -0.000276142 3.2406e-19)
(0.99221 -0.000311632 -6.4985e-20)
(0.992203 -0.000351549 6.73917e-20)
(0.992244 -4.88902e-05 -2.71572e-20)
(0.992241 -6.11863e-05 1.43397e-20)
(0.99224 -6.71791e-05 -1.24066e-19)
(0.992238 -7.86257e-05 1.30793e-19)
(0.992236 -8.84491e-05 -1.84267e-19)
(0.992233 -0.000101279 3.47255e-19)
(0.99223 -0.000114531 6.22524e-21)
(0.992226 -0.000130103 3.99343e-19)
(0.992223 -0.000147169 1.86667e-20)
(0.992218 -0.000166613 4.96182e-19)
(0.992213 -0.000188315 1.00181e-20)
(0.992207 -0.000212815 5.67969e-19)
(0.9922 -0.000240307 -3.76645e-21)
(0.992193 -0.000271252 6.56357e-19)
(0.992184 -0.000306019 -7.94162e-20)
(0.992174 -0.000345105 5.78712e-19)
(0.992239 -4.78236e-05 -1.08272e-20)
(0.992235 -5.98074e-05 -1.92883e-20)
(0.992234 -6.56519e-05 -5.78268e-20)
(0.99223 -7.68195e-05 -5.21817e-20)
(0.992228 -8.64012e-05 -2.10697e-19)
(0.992224 -9.89171e-05 -3.67296e-19)
(0.99222 -0.000111839 -4.46771e-19)
(0.992215 -0.000127022 -4.04717e-19)
(0.99221 -0.000143653 -4.45154e-19)
(0.992204 -0.000162597 -2.29901e-19)
(0.992197 -0.000183732 4.27573e-20)
(0.992189 -0.000207585 -9.69078e-20)
(0.99218 -0.000234339 -4.28237e-19)
(0.99217 -0.000264444 -9.38008e-19)
(0.992158 -0.000298253 -9.71553e-19)
(0.992145 -0.000336249 -8.59268e-19)
(0.992234 -4.64025e-05 -1.14336e-20)
(0.992229 -5.799e-05 3.37049e-20)
(0.992227 -6.36438e-05 -1.19858e-19)
(0.992223 -7.44512e-05 1.12896e-19)
(0.99222 -8.37221e-05 -2.27554e-19)
(0.992215 -9.58339e-05 2.64889e-19)
(0.99221 -0.000108333 -5.64989e-20)
(0.992204 -0.000123019 3.31698e-19)
(0.992197 -0.000139099 2.04457e-20)
(0.99219 -0.00015741 5.29108e-19)
(0.992181 -0.000177832 1.20481e-19)
(0.992171 -0.000200874 5.49983e-19)
(0.99216 -0.000226709 -9.43268e-20)
(0.992147 -0.00025577 4.60851e-19)
(0.992133 -0.000288397 -1.62109e-19)
(0.992117 -0.000325051 5.12248e-19)
(0.992229 -4.4636e-05 1.77553e-21)
(0.992224 -5.57463e-05 -5.30989e-21)
(0.992221 -6.11689e-05 -3.24397e-20)
(0.992217 -7.15386e-05 -6.75109e-20)
(0.992212 -8.04321e-05 -1.92645e-19)
(0.992207 -9.2053e-05 -4.49406e-19)
(0.992201 -0.000104041 -4.41883e-19)
(0.992193 -0.000118125 -4.45469e-19)
(0.992185 -0.000133541 -4.35053e-19)
(0.992176 -0.000151094 -2.51024e-19)
(0.992166 -0.000170662 7.88932e-20)
(0.992154 -0.000192735 -1.21134e-19)
(0.992141 -0.000217476 -3.86905e-19)
(0.992126 -0.0002453 -1.03236e-18)
(0.992109 -0.000276527 -8.99956e-19)
(0.99209 -0.000311598 -8.77071e-19)
(0.992225 -4.25363e-05 4.2784e-20)
(0.992219 -5.30924e-05 5.0131e-20)
(0.992216 -5.82455e-05 1.39997e-19)
(0.99221 -6.81037e-05 2.37768e-20)
(0.992205 -7.65566e-05 1.67937e-19)
(0.992198 -8.7604e-05 -1.25824e-19)
(0.992192 -9.89968e-05 -1.95837e-20)
(0.992183 -0.000112381 -2.68382e-20)
(0.992174 -0.000127026 6.65522e-20)
(0.992164 -0.000143698 2.24701e-19)
(0.992152 -0.000162279 5.74465e-19)
(0.992138 -0.000183234 4.36144e-20)
(0.992123 -0.000206715 5.21693e-19)
(0.992106 -0.000233115 -3.28815e-19)
(0.992086 -0.000262736 1.15397e-20)
(0.992064 -0.000295995 5.68832e-20)
(0.99222 -4.01189e-05 1.98728e-20)
(0.992214 -5.00481e-05 2.72954e-20)
(0.99221 -5.48954e-05 3.79957e-20)
(0.992204 -6.41728e-05 1.65179e-20)
(0.992198 -7.21254e-05 4.07895e-20)
(0.992191 -8.25216e-05 -1.89039e-20)
(0.992183 -9.32388e-05 3.33221e-20)
(0.992174 -0.00010583 3.24158e-20)
(0.992163 -0.000119603 7.8402e-20)
(0.992151 -0.00013528 1.25448e-19)
(0.992138 -0.000152748 1.47845e-19)
(0.992123 -0.000172443 6.02909e-20)
(0.992106 -0.000194508 1.24792e-19)
(0.992087 -0.000219309 -6.41e-20)
(0.992065 -0.00024713 1.11203e-19)
(0.99204 -0.000278361 1.32568e-19)
(0.992216 -3.74012e-05 5.09129e-20)
(0.992209 -4.6635e-05 6.8928e-20)
(0.992205 -5.11423e-05 1.6305e-19)
(0.992198 -5.97743e-05 5.84626e-20)
(0.992192 -6.71701e-05 2.30751e-19)
(0.992184 -7.68425e-05 -3.74828e-20)
)
;

boundaryField
{
    inlet
    {
        type            uniformFixedValue;
        uniformValue    constant (1 0 0);
        value           nonuniform 0();
    }
    outlet
    {
        type            pressureInletOutletVelocity;
        value           nonuniform List<vector> 7((0.992244 -4.88902e-05 -2.71572e-20) (0.992239 -4.78236e-05 -1.08272e-20) (0.992234 -4.64025e-05 -1.14336e-20) (0.992229 -4.4636e-05 1.77553e-21) (0.992225 -4.25363e-05 4.2784e-20) (0.99222 -4.01189e-05 1.98728e-20) (0.992216 -3.74012e-05 5.09129e-20));
    }
    polygon
    {
        type            fixedValue;
        value           nonuniform 0();
    }
    top
    {
        type            symmetryPlane;
    }
    bottom
    {
        type            symmetryPlane;
    }
    outside
    {
        type            zeroGradient;
    }
    procBoundary55to47
    {
        type            processor;
        value           nonuniform List<vector> 
17
(
(0.992175 -8.68091e-05 6.389e-20)
(0.992165 -9.85199e-05 5.37636e-20)
(0.992153 -0.000111325 1.34437e-19)
(0.99214 -0.000125901 2.66278e-19)
(0.992125 -0.000142137 6.09761e-19)
(0.992109 -0.000160442 1.14553e-19)
(0.99209 -0.000180943 6.77681e-19)
(0.992069 -0.000203984 -1.20959e-19)
(0.992045 -0.000229823 1.91187e-19)
(0.992017 -0.000258824 2.08046e-19)
(0.992213 -3.44017e-05 2.27732e-20)
(0.992204 -4.28777e-05 3.57139e-20)
(0.992201 -4.70128e-05 4.63228e-20)
(0.992193 -5.49406e-05 3.07398e-20)
(0.992186 -6.17268e-05 4.44709e-20)
(0.992175 -8.68091e-05 6.389e-20)
(0.992177 -7.06094e-05 6.44536e-21)
)
;
    }
    procBoundary55to54
    {
        type            processor;
        value           nonuniform List<vector> 6((0.992162 -0.000389013 -4.45819e-19) (0.99213 -0.000378916 -9.19628e-19) (0.992098 -0.000366198 -4.6289e-19) (0.992068 -0.000350956 -7.30942e-19) (0.992039 -0.000333308 3.50869e-19) (0.992012 -0.000313389 2.83716e-19));
    }
    procBoundary55to62
    {
        type            processor;
        value           uniform (0.992195 -0.000396408 -3.23301e-19);
    }
    procBoundary55to63
    {
        type            processor;
        value           nonuniform List<vector> 
17
(
(0.992253 -8.05072e-05 2.05274e-19)
(0.992252 -9.05969e-05 -6.8219e-20)
(0.992251 -0.00010377 5.16088e-19)
(0.992251 -0.000117395 1.68312e-19)
(0.99225 -0.000133409 5.5208e-19)
(0.992249 -0.000150981 1.55646e-19)
(0.992247 -0.000171014 5.89619e-19)
(0.992246 -0.000193396 7.87207e-20)
(0.992244 -0.000218683 7.51321e-19)
(0.992242 -0.000247084 2.53066e-19)
(0.992239 -0.000279079 9.89818e-19)
(0.992236 -0.000315057 1.82121e-19)
(0.992233 -0.000355539 8.24764e-19)
(0.992249 -4.95973e-05 -7.69478e-20)
(0.992247 -6.21186e-05 -1.44067e-19)
(0.992246 -6.82157e-05 -1.94419e-19)
(0.992246 -6.82157e-05 -1.94419e-19)
)
;
    }
}


// ************************************************************************* //
