/*--------------------------------*- C++ -*----------------------------------*\
  =========                 |
  \\      /  F ield         | OpenFOAM: The Open Source CFD Toolbox
   \\    /   O peration     | Website:  https://openfoam.org
    \\  /    A nd           | Version:  7
     \\/     M anipulation  |
\*---------------------------------------------------------------------------*/
FoamFile
{
    version     2.0;
    format      ascii;
    class       volVectorField;
    location    "98";
    object      U;
}
// * * * * * * * * * * * * * * * * * * * * * * * * * * * * * * * * * * * * * //

dimensions      [0 1 -1 0 0 0 0];

internalField   nonuniform List<vector> 
115
(
(1.00542 0.000146556 -8.70027e-18)
(0.993783 -2.36974e-05 -1.78883e-18)
(1.00675 0.000497043 1.38033e-17)
(0.991338 0.000359965 -3.86543e-17)
(1.00811 0.000813543 -2.46174e-18)
(0.987827 0.00110318 -2.95281e-17)
(1.00912 0.00144646 -4.24231e-17)
(0.982384 0.00259598 -4.62875e-17)
(1.00907 0.0027473 1.34101e-17)
(0.973571 0.00563703 -6.43386e-17)
(1.00629 0.00553599 -2.47247e-17)
(0.958501 0.011981 -1.1235e-16)
(0.997107 0.0118171 -2.50735e-17)
(0.931058 0.026012 1.15713e-17)
(0.973264 0.0272206 -4.37011e-18)
(0.877286 0.0609546 -2.87482e-17)
(0.915568 0.071741 -7.35837e-17)
(1.00553 0.00018268 3.42711e-18)
(0.993612 -3.03809e-05 -1.61929e-17)
(1.00699 0.000578511 -2.09692e-18)
(0.99105 0.000401916 -1.22648e-17)
(1.00853 0.000949515 4.18606e-18)
(0.987384 0.00123214 -2.38014e-17)
(1.00983 0.00168415 2.92884e-18)
(0.981698 0.00289477 -1.03473e-16)
(1.01028 0.00319332 1.43493e-17)
(0.972511 0.00627277 -8.89144e-17)
(1.00836 0.00640452 -2.17173e-17)
(0.95689 0.0132891 -3.99699e-17)
(1.00077 0.0136016 2.02878e-19)
(0.928745 0.0287173 -8.09677e-19)
(0.980491 0.0312152 -1.667e-17)
(0.874846 0.0667888 -8.69727e-18)
(1.00565 0.000177408 1.6167e-17)
(0.993444 8.80042e-05 -8.12481e-17)
(1.00724 0.000550957 -2.16941e-17)
(0.990763 0.000626156 -1.38614e-17)
(1.009 0.000984001 1.95192e-17)
(0.986954 0.00163003 -8.88993e-17)
(1.01069 0.00184917 -2.54921e-18)
(0.981058 0.00361686 -6.19772e-17)
(1.0118 0.00363942 7.71245e-17)
(0.971594 0.00760707 -1.73707e-17)
(1.01105 0.00748585 -6.55363e-18)
(0.955679 0.015814 -3.51795e-17)
(1.00569 0.0160651 9.30602e-17)
(0.92758 0.0335683 -4.69166e-17)
(0.990084 0.0365922 -1.09394e-16)
(0.876135 0.0758632 -2.02649e-17)
(1.00567 0.000200439 5.77999e-18)
(0.9934 0.000121894 -1.36071e-17)
(1.00735 0.000581622 -7.5897e-18)
(0.990675 0.000743542 -5.5988e-18)
(1.00925 0.00108867 9.86483e-18)
(0.986833 0.00187769 -2.55389e-17)
(1.01123 0.00209869 2.47054e-17)
(0.980913 0.00411183 -1.17282e-16)
(1.01284 0.00419618 1.0409e-17)
(0.971496 0.00858441 -9.82808e-17)
(1.01303 0.008677 -2.59375e-17)
(0.955899 0.0177359 -2.38172e-17)
(1.00948 0.0185663 1.74049e-17)
(0.92912 0.0373459 -6.35992e-18)
(0.997529 0.0416178 -1.38282e-17)
(0.883056 0.0831241 -2.33871e-18)
(1.00556 0.000217871 1.94104e-18)
(0.993524 0.000176113 -3.05592e-18)
(1.00726 0.000618036 -1.87138e-18)
(0.990847 0.000853644 -1.10175e-18)
(1.00922 0.00119747 6.48926e-18)
(0.987112 0.00209544 -1.2422e-17)
(1.01133 0.00235032 3.24357e-17)
(0.981401 0.0045429 -1.13586e-16)
(1.01323 0.00473931 1.18002e-17)
(0.972423 0.00943491 -9.89799e-17)
(1.01399 0.00980292 -2.85016e-17)
(0.957845 0.0194145 -2.07612e-17)
(1.0116 0.020815 1.53266e-17)
(0.933707 0.0406422 -1.23791e-17)
(1.00203 0.045729 8.71297e-17)
(0.895392 0.0893163 1.85727e-17)
(1.00532 0.000234406 5.38079e-19)
(0.993831 0.000211733 -1.20979e-18)
(1.00697 0.000647666 1.35661e-18)
(0.991298 0.000947659 5.86896e-19)
(1.00888 0.001293 3.95714e-18)
(0.987819 0.00228957 -8.69147e-18)
(1.01096 0.00257147 2.46591e-17)
(0.982555 0.00493305 -5.69628e-17)
(1.0129 0.00521178 7.98476e-17)
(0.974405 0.010211 -1.66242e-17)
(1.01387 0.0107602 -6.97811e-18)
(0.961494 0.0209515 -3.03904e-17)
(1.01203 0.0226342 8.75254e-17)
(0.941055 0.0436505 1.12079e-17)
(1.00386 0.0486617 3.7905e-17)
(0.911686 0.0947956 4.70732e-18)
(1.00496 0.000240015 -6.65847e-19)
(0.99431 0.000255044 -1.28194e-18)
(1.00648 0.000663594 2.80973e-19)
(0.992008 0.001042 -2.16058e-18)
(1.00825 0.00135822 3.40153e-18)
(0.988914 0.00247839 -1.18406e-17)
(1.01017 0.00273359 3.13364e-17)
(0.984296 0.0053073 -1.04089e-16)
(1.01196 0.00556757 2.33981e-17)
(0.977287 0.0109485 -8.11876e-17)
(1.01283 0.0114748 -1.70122e-17)
(0.966515 0.0223959 -2.54443e-17)
(1.01115 0.0239189 2.98449e-17)
(0.950369 0.0464229 -2.83751e-18)
(1.00396 0.0503814 7.82494e-17)
(0.929935 0.0995237 9.39186e-17)
(1.00449 0.000230277 2.46104e-18)
(0.994925 0.000309784 -3.27395e-18)
)
;

boundaryField
{
    inlet
    {
        type            uniformFixedValue;
        uniformValue    constant (1 0 0);
        value           uniform (1 0 0);
    }
    outlet
    {
        type            pressureInletOutletVelocity;
        value           nonuniform 0();
    }
    polygon
    {
        type            fixedValue;
        value           nonuniform 0();
    }
    top
    {
        type            symmetryPlane;
    }
    bottom
    {
        type            symmetryPlane;
    }
    outside
    {
        type            zeroGradient;
    }
    procBoundary40to32
    {
        type            processor;
        value           nonuniform List<vector> 
17
(
(1.00534 0.000115274 -2.59892e-17)
(0.9939 1.53384e-05 1.11996e-17)
(1.0066 0.0004018 2.19942e-17)
(0.991526 0.00036852 9.98742e-18)
(1.00786 0.000666034 -2.01659e-18)
(0.988113 0.00104015 -6.22623e-17)
(1.0087 0.00119227 -8.33493e-18)
(0.982827 0.00237276 -2.59844e-17)
(1.00838 0.00227036 2.05392e-17)
(0.974267 0.00505783 -2.41776e-19)
(1.00513 0.00458579 -5.13735e-17)
(0.9596 0.0106092 -1.27431e-16)
(0.995127 0.0097808 -2.39632e-17)
(0.932776 0.0228028 3.00746e-17)
(0.969527 0.0224265 -7.5789e-18)
(0.879625 0.0530564 -7.67304e-17)
(0.906553 0.058791 -1.22709e-16)
)
;
    }
    procBoundary40to33
    {
        type            processor;
        value           nonuniform List<vector> 7((0.763611 0.168759 7.86535e-17) (0.933681 0.0818517 -4.16205e-17) (0.933681 0.0818517 -4.16205e-17) (0.95453 0.0920431 -4.39898e-17) (0.969806 0.0998247 -2.05476e-17) (0.979443 0.104551 1.96715e-18) (0.985213 0.106288 9.63034e-17));
    }
    procBoundary40to41
    {
        type            processor;
        value           uniform (0.989406 0.105797 7.29127e-17);
    }
    procBoundary40to48
    {
        type            processor;
        value           nonuniform List<vector> 
17
(
(1.00585 0.000653984 -3.15207e-18)
(0.992918 0.00114762 -1.58706e-18)
(1.0074 0.00137736 1.2518e-18)
(0.990299 0.00267802 -1.03401e-17)
(1.00908 0.00281348 2.06651e-17)
(0.986463 0.0056878 -5.75027e-17)
(1.01059 0.00577267 8.00594e-17)
(0.980782 0.0116751 -1.05278e-17)
(1.01123 0.0119017 -1.27246e-18)
(0.972373 0.0237749 -3.01884e-17)
(1.0096 0.0246345 8.7869e-17)
(0.960613 0.0489528 1.87953e-17)
(1.00352 0.0510037 2.37725e-17)
(0.94819 0.103351 6.23193e-18)
(1.00395 0.000201748 6.46603e-18)
(1.00585 0.000653984 -3.15207e-18)
(0.995625 0.000380197 -1.69372e-17)
)
;
    }
}


// ************************************************************************* //
