/*--------------------------------*- C++ -*----------------------------------*\
  =========                 |
  \\      /  F ield         | OpenFOAM: The Open Source CFD Toolbox
   \\    /   O peration     | Website:  https://openfoam.org
    \\  /    A nd           | Version:  7
     \\/     M anipulation  |
\*---------------------------------------------------------------------------*/
FoamFile
{
    version     2.0;
    format      ascii;
    class       volVectorField;
    location    "64";
    object      U;
}
// * * * * * * * * * * * * * * * * * * * * * * * * * * * * * * * * * * * * * //

dimensions      [0 1 -1 0 0 0 0];

internalField   nonuniform List<vector> 
115
(
(1.0588 0.0617066 -4.00902e-18)
(1.06778 0.0666419 -4.27017e-18)
(1.07707 0.0716612 -4.31124e-18)
(1.08664 0.0767527 -4.48254e-18)
(1.09648 0.0819026 -4.43392e-18)
(1.10657 0.0870955 -4.67878e-18)
(1.11687 0.0923146 -4.31154e-18)
(1.12735 0.0975417 -4.30929e-18)
(1.13798 0.102758 -4.33852e-18)
(1.14872 0.107944 -3.89022e-18)
(1.15953 0.11308 -3.38302e-18)
(1.17037 0.118145 -3.19563e-18)
(1.18119 0.123122 -2.17825e-18)
(1.19195 0.127991 -1.57317e-18)
(1.2026 0.132734 -1.66251e-18)
(1.21309 0.137334 -2.51884e-18)
(1.22339 0.141777 -1.7632e-18)
(1.00954 0.0524004 -1.25189e-17)
(1.01778 0.0570168 -1.27797e-17)
(1.02644 0.0617318 -1.291e-17)
(1.0355 0.0665378 -1.29142e-17)
(1.04497 0.0714253 -1.3251e-17)
(1.05481 0.0763831 -1.33893e-17)
(1.06502 0.0813984 -1.32324e-17)
(1.07557 0.0864569 -1.32175e-17)
(1.08643 0.091543 -1.32812e-17)
(1.09757 0.0966404 -1.246e-17)
(1.10894 0.101732 -1.20033e-17)
(1.12052 0.106799 -1.12965e-17)
(1.13225 0.111824 -9.37594e-18)
(1.14408 0.11679 -6.46094e-18)
(1.15597 0.121677 -1.34494e-18)
(1.16786 0.126469 -6.63716e-18)
(1.1797 0.131148 -1.01266e-17)
(0.934244 0.0482555 -2.29844e-18)
(0.941978 0.052532 -2.14071e-18)
(0.950268 0.0569031 -2.223e-18)
(0.959115 0.0613637 -2.13683e-18)
(0.968516 0.0659073 -1.98227e-18)
(0.978464 0.0705257 -2.08324e-18)
(0.988944 0.0752095 -1.9334e-18)
(0.999937 0.0799481 -1.88863e-18)
(1.01142 0.0847298 -1.82161e-18)
(1.02336 0.0895416 -1.43345e-18)
(1.03572 0.0943703 -1.19862e-18)
(1.04845 0.0992014 -1.07338e-18)
(1.06153 0.10402 -5.48596e-19)
(1.07488 0.108812 -3.13512e-19)
(1.08846 0.113562 2.39966e-19)
(1.10221 0.118254 3.28405e-19)
(1.11607 0.122874 1.27318e-18)
(0.845141 0.0428194 -5.45223e-19)
(0.852456 0.0466702 -3.62678e-19)
(0.860439 0.0506111 -2.58303e-19)
(0.869098 0.0546407 -3.66638e-19)
(0.878436 0.0587561 -2.3996e-19)
(0.888448 0.0629535 -3.34571e-19)
(0.899126 0.0672273 -2.45406e-19)
(0.910457 0.0715711 -3.4646e-19)
(0.922421 0.0759772 -2.8491e-19)
(0.934993 0.0804369 -2.38958e-19)
(0.948141 0.0849406 -7.77139e-20)
(0.961828 0.0894776 -1.84502e-19)
(0.976013 0.0940368 -2.1876e-20)
(0.990649 0.0986061 2.33255e-19)
(1.00568 0.103173 3.32829e-19)
(1.02106 0.107726 5.67104e-19)
(1.03671 0.11225 1.29078e-18)
(0.748927 0.0380452 -2.37898e-19)
(0.755686 0.0413904 -4.64378e-19)
(0.763183 0.0448182 -2.75364e-19)
(0.77143 0.0483303 -1.958e-19)
(0.780435 0.0519272 -2.69499e-19)
(0.7902 0.0556084 -2.99702e-19)
(0.800723 0.0593723 -2.95603e-19)
(0.811997 0.0632162 -1.91133e-19)
(0.82401 0.0671363 -3.13541e-19)
(0.836745 0.0711278 -2.44379e-19)
(0.850179 0.075185 -1.88837e-19)
(0.864286 0.0793013 -7.92727e-20)
(0.879031 0.0834693 -4.82864e-20)
(0.894378 0.0876807 2.27518e-19)
(0.910283 0.0919266 3.68068e-19)
(0.926699 0.0961974 5.22355e-19)
(0.943572 0.100483 1.44404e-18)
(0.650177 0.0337759 -7.45342e-19)
(0.656153 0.0365879 -6.49269e-19)
(0.662897 0.0394714 -8.56947e-19)
(0.670425 0.0424305 -9.15897e-19)
(0.678748 0.0454688 -8.39558e-19)
(0.687875 0.0485887 -8.4611e-19)
(0.69781 0.0517917 -8.6676e-19)
(0.708555 0.0550785 -7.39327e-19)
(0.720105 0.0584485 -9.72663e-19)
(0.732453 0.0619005 -8.4106e-19)
(0.745585 0.0654323 -8.98148e-19)
(0.759484 0.0690407 -8.25614e-19)
(0.77413 0.0727218 -5.69699e-19)
(0.789496 0.076471 -2.42935e-19)
(0.805551 0.0802828 -2.19891e-19)
(0.82226 0.0841513 -2.55506e-19)
(0.839585 0.0880696 -2.3512e-20)
(0.552471 0.0301331 -2.60613e-18)
(0.557457 0.0324065 -2.69913e-18)
(0.563206 0.0347376 -2.90711e-18)
(0.569736 0.0371328 -2.86335e-18)
(0.577065 0.039598 -2.87294e-18)
(0.585205 0.0421381 -3.05224e-18)
(0.594168 0.0447571 -3.1899e-18)
(0.603959 0.0474583 -3.0925e-18)
(0.614583 0.050244 -3.12357e-18)
(0.626039 0.0531156 -3.14586e-18)
(0.638323 0.0560738 -2.7582e-18)
(0.651428 0.0591182 -2.48939e-18)
(0.665343 0.0622479 -2.22309e-18)
)
;

boundaryField
{
    inlet
    {
        type            uniformFixedValue;
        uniformValue    constant (1 0 0);
        value           nonuniform 0();
    }
    outlet
    {
        type            pressureInletOutletVelocity;
        value           nonuniform 0();
    }
    polygon
    {
        type            fixedValue;
        value           nonuniform 0();
    }
    top
    {
        type            symmetryPlane;
    }
    bottom
    {
        type            symmetryPlane;
    }
    outside
    {
        type            zeroGradient;
    }
    procBoundary61to53
    {
        type            processor;
        value           nonuniform List<vector> 
18
(
(0.680054 0.0654611 -1.44085e-18)
(0.695542 0.0687555 -8.32509e-19)
(0.711784 0.0721281 -2.16144e-18)
(0.728756 0.0755751 -2.38966e-18)
(0.458612 0.0272481 -9.98862e-18)
(0.462481 0.0289988 -1.01831e-17)
(0.467077 0.0307912 -1.07859e-17)
(0.472423 0.0326335 -1.08141e-17)
(0.478539 0.0345334 -1.10341e-17)
(0.485444 0.0364981 -1.10946e-17)
(0.493151 0.0385338 -1.09613e-17)
(0.501674 0.040646 -1.13219e-17)
(0.511021 0.0428391 -1.12871e-17)
(0.521198 0.0451168 -1.13384e-17)
(0.532208 0.047482 -1.113e-17)
(0.544051 0.0499368 -1.06772e-17)
(0.680054 0.0654611 -1.44085e-18)
(0.556725 0.0524823 -9.55182e-18)
)
;
    }
    procBoundary61to60
    {
        type            processor;
        value           nonuniform List<vector> 6((1.23345 0.146049 -1.78424e-19) (1.19143 0.135699 -5.81649e-18) (1.12998 0.127407 2.5232e-18) (1.05259 0.116734 1.6878e-18) (0.960847 0.104774 2.45842e-18) (0.857479 0.0920307 7.06524e-19));
    }
    procBoundary61to62
    {
        type            processor;
        value           nonuniform List<vector> 7((1.05014 0.0568651 -4.23654e-18) (1.00172 0.0478882 -1.2506e-17) (0.927059 0.044077 -2.24161e-18) (0.838485 0.0390588 -4.15986e-19) (0.742891 0.0347799 -2.60359e-19) (0.644949 0.0310303 -6.95092e-19) (0.548224 0.0279102 -2.51835e-18));
    }
}


// ************************************************************************* //
