/*--------------------------------*- C++ -*----------------------------------*\
  =========                 |
  \\      /  F ield         | OpenFOAM: The Open Source CFD Toolbox
   \\    /   O peration     | Website:  https://openfoam.org
    \\  /    A nd           | Version:  7
     \\/     M anipulation  |
\*---------------------------------------------------------------------------*/
FoamFile
{
    version     2.0;
    format      ascii;
    class       volVectorField;
    location    "22";
    object      U;
}
// * * * * * * * * * * * * * * * * * * * * * * * * * * * * * * * * * * * * * //

dimensions      [0 1 -1 0 0 0 0];

internalField   nonuniform List<vector> 
125
(
(1.00421 0.000305195 -6.54863e-17)
(0.961961 0.000664931 -1.31993e-17)
(0.992845 0.000597571 -4.48785e-18)
(0.938341 0.00150996 1.67024e-17)
(0.963252 0.0012716 3.00026e-17)
(0.892517 0.00367664 -6.21476e-17)
(0.883904 0.00320027 -9.66097e-17)
(1.0055 5.50996e-05 2.23662e-17)
(0.993643 -4.64521e-05 -8.45571e-18)
(1.00672 0.000123067 5.41515e-17)
(0.991364 -2.24936e-06 4.94051e-17)
(1.00793 0.000183348 -2.84988e-17)
(0.988045 9.92592e-05 -9.98909e-18)
(1.00867 0.000283848 -2.44313e-18)
(0.983023 0.000315886 -7.03395e-18)
(1.0081 0.000468093 1.69218e-17)
(0.975065 0.000773017 -2.8123e-17)
(1.00431 0.000827744 -3.33186e-17)
(0.961746 0.0017497 -5.4213e-18)
(0.992985 0.00158154 3.87905e-18)
(0.937937 0.00395792 3.44941e-18)
(0.96345 0.0033188 1.05283e-17)
(0.891632 0.00962519 -9.4781e-17)
(0.884414 0.00836171 -4.46902e-17)
(1.00552 9.25442e-05 -1.38643e-17)
(0.993613 -7.8499e-05 -2.25996e-17)
(1.00675 0.000206906 3.09063e-17)
(0.991313 -3.79802e-06 6.60147e-17)
(1.00799 0.000307345 1.1355e-18)
(0.987961 0.000164585 -3.35809e-18)
(1.00877 0.000477163 -4.40308e-18)
(0.982887 0.000526176 -6.99579e-18)
(1.00826 0.000791277 2.89712e-17)
(0.974838 0.00129168 1.06445e-17)
(1.00455 0.00140943 -1.48675e-17)
(0.961359 0.00293151 9.50799e-18)
(0.99335 0.00271561 1.80919e-17)
(0.937233 0.00664498 -8.48598e-18)
(0.964068 0.00575493 -2.33888e-17)
(0.890171 0.0161784 -1.0642e-16)
(0.885984 0.0146229 -2.00731e-18)
(1.00555 0.000130714 2.68587e-18)
(0.993572 -0.00011221 -4.07531e-17)
(1.00681 0.000292694 4.20448e-17)
(0.991241 -9.7287e-06 4.28406e-17)
(1.00808 0.000434634 1.51387e-17)
(0.987844 0.000222227 1.27128e-18)
(1.00893 0.000675551 -8.1054e-18)
(0.982694 0.000721724 -3.03632e-18)
(1.0085 0.00112095 -9.6477e-18)
(0.97452 0.0017808 -2.91946e-17)
(1.00493 0.00199736 -4.64646e-18)
(0.960818 0.00405125 3.72962e-17)
(0.993953 0.00385287 3.79487e-17)
(0.936265 0.00919202 -3.25525e-17)
(0.965147 0.00819487 -2.77174e-18)
(0.888245 0.0223855 -8.91593e-17)
(0.888701 0.0209035 -5.5921e-17)
(1.00558 0.000169759 1.33125e-17)
(0.993522 -0.000147748 -6.08979e-18)
(1.00687 0.000380881 2.6807e-17)
(0.991153 -1.77354e-05 3.61748e-17)
(1.0082 0.000566024 2.61024e-17)
(0.9877 0.000275589 3.24421e-19)
(1.00912 0.000881378 -1.8057e-17)
(0.982457 0.000910932 -1.33981e-18)
(1.00882 0.00146544 1.01001e-17)
(0.974125 0.00226175 -1.21513e-17)
(1.00545 0.00261714 1.75089e-17)
(0.960151 0.00516259 2.10876e-17)
(0.994807 0.00506383 6.3821e-17)
(0.935084 0.011733 -6.06795e-18)
(0.966728 0.010821 4.61544e-18)
(0.886001 0.0285803 -4.24013e-17)
(0.892642 0.027671 -2.74215e-17)
(1.00561 0.000209766 3.10499e-17)
(0.993468 -0.000185529 2.71187e-17)
(1.00695 0.000471891 3.71874e-17)
(0.991055 -3.02128e-05 4.81655e-17)
(1.00833 0.000702097 4.48108e-17)
(0.987538 0.000322002 -9.6539e-18)
(1.00935 0.00109582 -3.72596e-17)
(0.982187 0.00108879 7.15044e-18)
(1.00921 0.00182563 3.43989e-17)
(0.973674 0.00272389 -2.19355e-18)
(1.00609 0.00326612 5.7394e-17)
(0.959384 0.00624124 2.66994e-17)
(0.995907 0.00633296 4.11568e-17)
(0.933741 0.0142089 4.65099e-18)
(0.968811 0.0135773 7.92675e-18)
(0.883551 0.0346063 -2.43551e-17)
(0.897803 0.0347307 -1.05127e-17)
(1.00565 0.0002507 1.06453e-17)
(0.993415 -0.000225663 8.88239e-18)
(1.00703 0.0005659 5.07355e-18)
(0.990953 -4.71941e-05 1.94281e-17)
(1.00848 0.00084305 7.59425e-17)
(0.987367 0.0003607 2.67998e-17)
(1.00961 0.00131925 -5.52334e-18)
(0.9819 0.00125407 3.49727e-17)
(1.00965 0.00220276 7.491e-17)
(0.973188 0.00316551 1.03034e-17)
(1.00685 0.00394816 6.37449e-17)
(0.958554 0.00728526 4.10636e-17)
(0.997234 0.00766987 3.63545e-17)
(0.932295 0.0166184 1.03e-17)
(0.971375 0.0164827 9.7668e-18)
(0.881012 0.0404573 -2.18849e-17)
(0.904158 0.0421056 -5.04455e-18)
(1.00568 0.000292578 -9.30978e-19)
(0.993367 -0.000268296 -6.21714e-18)
(1.0071 0.00066405 4.40413e-17)
(0.990855 -6.84367e-05 1.51465e-17)
(1.00863 0.00098989 8.2801e-17)
(0.9872 0.000391399 5.69563e-17)
(1.00988 0.0015522 2.45936e-17)
(0.981612 0.00140555 2.91715e-17)
(1.01013 0.00259649 8.14963e-17)
(0.972694 0.00358314 2.46411e-17)
(1.00769 0.00466133 4.10309e-17)
(0.957703 0.00828653 7.02091e-17)
(0.998759 0.00906979 4.52347e-17)
(0.930818 0.0189431 1.38713e-17)
(0.97439 0.0195226 7.74321e-18)
(0.878511 0.0460854 -3.83114e-17)
)
;

boundaryField
{
    inlet
    {
        type            uniformFixedValue;
        uniformValue    constant (1 0 0);
        value           uniform (1 0 0);
    }
    outlet
    {
        type            pressureInletOutletVelocity;
        value           nonuniform 0();
    }
    polygon
    {
        type            fixedValue;
        value           nonuniform 0();
    }
    top
    {
        type            symmetryPlane;
    }
    bottom
    {
        type            symmetryPlane;
    }
    outside
    {
        type            zeroGradient;
    }
    procBoundary32to24
    {
        type            processor;
        value           nonuniform List<vector> 
18
(
(1.00549 1.78068e-05 6.29615e-18)
(0.993659 -1.43777e-05 6.76822e-18)
(1.0067 4.04335e-05 5.35014e-17)
(0.991392 8.35056e-07 4.16792e-17)
(1.0079 6.1716e-05 -1.90759e-17)
(0.988089 3.92568e-05 -1.56941e-17)
(1.00862 9.83758e-05 -1.65337e-18)
(0.983097 0.000120611 -6.64299e-18)
(1.00803 0.000167419 1.28326e-17)
(0.975188 0.000293326 -2.08725e-17)
(0.975188 0.000293326 -2.08725e-17)
(1.00421 -0.000305195 -5.83386e-17)
(0.961961 -0.000664931 -1.38682e-17)
(0.992845 -0.000597571 -1.0924e-17)
(0.938341 -0.00150996 4.76e-17)
(0.963252 -0.0012716 -3.53796e-17)
(0.892517 -0.00367664 -6.14022e-18)
(0.883904 -0.00320027 -8.16244e-17)
)
;
    }
    procBoundary32to33
    {
        type            processor;
        value           nonuniform List<vector> 7((0.789195 0.0104214 -3.66641e-18) (0.786926 0.0277682 -2.41363e-17) (0.783673 0.0467035 -6.65409e-17) (0.779896 0.064827 -4.59621e-17) (0.776014 0.0828498 -3.74111e-17) (0.772265 0.10032 -5.60912e-17) (0.76883 0.117098 1.65732e-17));
    }
    procBoundary32to40
    {
        type            processor;
        value           nonuniform List<vector> 
18
(
(0.911659 0.0497358 7.14748e-18)
(1.0057 0.000336009 -1.38771e-17)
(0.99333 -0.000316412 -1.43223e-17)
(1.00717 0.00076871 4.56468e-17)
(0.990769 -9.65772e-05 2.4112e-17)
(1.00877 0.00114648 7.56556e-17)
(0.987048 0.000411519 3.77469e-17)
(1.01015 0.00180147 -9.23945e-18)
(0.981345 0.00153833 -1.97647e-17)
(1.01063 0.003017 6.34556e-17)
(0.972227 0.00396883 4.13302e-17)
(1.0086 0.0054171 4.95468e-17)
(0.956887 0.00922989 6.55501e-17)
(1.00045 0.0105395 6.70941e-17)
(0.929401 0.0211478 1.88889e-17)
(0.977812 0.0226767 -6.09343e-19)
(0.911659 0.0497358 7.14748e-18)
(0.876209 0.0513897 -8.39402e-17)
)
;
    }
}


// ************************************************************************* //
