/*--------------------------------*- C++ -*----------------------------------*\
  =========                 |
  \\      /  F ield         | OpenFOAM: The Open Source CFD Toolbox
   \\    /   O peration     | Website:  https://openfoam.org
    \\  /    A nd           | Version:  7
     \\/     M anipulation  |
\*---------------------------------------------------------------------------*/
FoamFile
{
    version     2.0;
    format      ascii;
    class       volVectorField;
    location    "108";
    object      U;
}
// * * * * * * * * * * * * * * * * * * * * * * * * * * * * * * * * * * * * * //

dimensions      [0 1 -1 0 0 0 0];

internalField   nonuniform List<vector> 
250
(
(1.21088 -0.191145 2.98156e-18)
(1.20349 -0.213665 1.72059e-17)
(1.19401 -0.222191 5.04523e-18)
(1.18388 -0.239788 -2.28033e-18)
(1.17385 -0.253146 -9.54805e-18)
(1.16248 -0.270234 -2.2271e-17)
(1.15109 -0.286521 -7.31169e-18)
(1.13789 -0.305408 -1.19423e-17)
(1.12369 -0.325418 -6.4908e-18)
(1.10685 -0.347415 -7.86359e-18)
(1.08758 -0.372283 -1.03537e-17)
(1.20326 -0.185728 2.57469e-18)
(1.19521 -0.208791 1.17547e-17)
(1.18541 -0.217387 6.00079e-18)
(1.17441 -0.235359 -3.55877e-18)
(1.16372 -0.248823 -2.54922e-18)
(1.1512 -0.266077 -9.17913e-18)
(1.13863 -0.282459 8.4781e-18)
(1.12381 -0.301338 -1.52659e-17)
(1.10769 -0.321155 -8.87503e-18)
(1.08837 -0.342834 5.83316e-18)
(1.1957 -0.180285 2.35511e-18)
(1.18694 -0.203807 1.82851e-17)
(1.17687 -0.212458 7.57197e-18)
(1.16494 -0.230722 -4.09544e-18)
(1.15362 -0.244237 -6.05693e-18)
(1.13993 -0.261538 -1.93609e-17)
(1.12622 -0.277914 -1.15829e-17)
(1.10983 -0.296593 -5.38808e-19)
(1.0919 -0.315994 -1.02765e-17)
(1.07028 -0.337015 -2.06767e-17)
(1.18809 -0.174791 1.64856e-18)
(1.17862 -0.198665 2.08781e-17)
(1.16828 -0.20732 9.36776e-18)
(1.15535 -0.225759 -4.51859e-18)
(1.14337 -0.239244 -7.59993e-18)
(1.12842 -0.256439 -1.97026e-17)
(1.11353 -0.272677 -5.56692e-18)
(1.09552 -0.290925 -5.09842e-18)
(1.07577 -0.309667 -1.47e-17)
(1.05196 -0.329649 -1.72596e-17)
(1.18039 -0.169289 1.1648e-17)
(1.17034 -0.193393 3.93465e-17)
(1.15969 -0.201987 -2.35835e-18)
(1.14592 -0.220487 1.00527e-17)
(1.13323 -0.233866 -8.65918e-18)
(1.11713 -0.250808 -2.63639e-17)
(1.10103 -0.266788 -8.71474e-18)
(1.08138 -0.284389 -2.47025e-17)
(1.05961 -0.302279 -4.21762e-17)
(1.03328 -0.320967 3.28915e-18)
(1.15538 -0.151643 -3.27583e-18)
(1.14426 -0.176005 1.30444e-17)
(1.13251 -0.184309 5.10037e-18)
(1.11808 -0.202683 2.73938e-18)
(1.10366 -0.215448 -1.58165e-17)
(1.0868 -0.231195 -4.49519e-17)
(1.06903 -0.245816 -4.23657e-18)
(1.0485 -0.260507 -1.41742e-17)
(1.02559 -0.274624 -4.9048e-17)
(1.12153 -0.117272 8.44376e-20)
(1.11227 -0.136087 -4.10527e-18)
(1.10175 -0.141611 4.65634e-18)
(1.08944 -0.154437 3.63371e-17)
(1.07614 -0.162725 -4.80832e-18)
(1.0617 -0.172552 -1.23672e-17)
(1.04587 -0.181221 -1.43787e-17)
(1.02884 -0.189519 -1.54031e-17)
(1.01036 -0.19719 -1.72817e-17)
(0.990604 -0.20404 -8.23841e-18)
(1.09176 -0.095908 -3.9262e-18)
(1.08329 -0.112287 -3.76407e-18)
(1.07379 -0.116986 -1.00736e-17)
(1.06245 -0.127718 -1.9485e-17)
(1.05036 -0.133935 -2.00659e-17)
(1.03701 -0.140813 -6.68172e-17)
(1.02252 -0.146015 -3.12395e-17)
(1.00657 -0.150057 -4.4608e-17)
(0.989099 -0.152591 -9.47473e-17)
(0.969876 -0.153382 -3.38378e-17)
(1.06941 -0.0689515 -7.73829e-18)
(1.06272 -0.0812299 -5.5337e-18)
(1.05537 -0.0845475 -9.76331e-18)
(1.04657 -0.0923279 -8.2725e-18)
(1.03731 -0.0968055 -8.26837e-18)
(1.02752 -0.101869 -1.66672e-17)
(1.01737 -0.105779 -7.11918e-17)
(1.00703 -0.108906 -6.71221e-17)
(0.996577 -0.111039 -7.9757e-17)
(0.986157 -0.111987 -7.89601e-17)
(1.05119 -0.0557674 -2.08711e-17)
(1.04568 -0.0652426 -1.30797e-17)
(1.03951 -0.0675292 -2.98979e-17)
(1.03201 -0.0730773 -3.61098e-17)
(1.02399 -0.0757403 -3.40163e-17)
(1.01522 -0.0784935 -6.1074e-17)
(1.00573 -0.0800369 5.75999e-18)
(0.995498 -0.080675 3.08491e-17)
(0.984538 -0.0803048 -4.00168e-17)
(0.972914 -0.0788805 1.1812e-17)
(1.03797 -0.0384213 -5.62545e-17)
(1.03391 -0.0457431 -1.79838e-17)
(1.02957 -0.0476909 -6.95233e-17)
(1.02437 -0.0522028 -8.56039e-17)
(1.01906 -0.0546298 -6.11685e-17)
(1.01359 -0.0572113 -3.7419e-18)
(1.00814 -0.0589705 -4.78319e-17)
(1.00281 -0.0601131 6.82658e-17)
(0.997684 -0.0605208 6.05428e-18)
(0.992802 -0.0601109 -4.79293e-17)
(1.0275 -0.0307466 1.92319e-17)
(1.02425 -0.0358737 5.55651e-18)
(1.0206 -0.0369633 8.93634e-18)
(1.01611 -0.0397539 -4.0365e-17)
(1.01127 -0.0408886 3.6402e-18)
(1.00597 -0.0419804 -1.569e-17)
(1.00027 -0.0423682 1.91764e-17)
(0.994168 -0.0422285 4.71077e-17)
(0.987725 -0.0415343 -9.72373e-18)
(0.981032 -0.0402938 1.81395e-17)
(1.02034 -0.0209288 -2.27841e-18)
(1.01812 -0.0250852 -7.76115e-18)
(1.01579 -0.0261953 -5.6795e-18)
(1.01304 -0.0287241 -7.62339e-18)
(1.01029 -0.0300428 -6.7183e-18)
(1.00754 -0.0313987 -5.80493e-17)
(1.0049 -0.0322516 -8.07103e-18)
(1.00242 -0.032715 -6.39439e-19)
(1.00014 -0.0327275 -5.81378e-17)
(0.998062 -0.032256 -8.60456e-18)
(1.01438 -0.0163702 1.04665e-17)
(1.01254 -0.019071 -1.17037e-17)
(1.01047 -0.019589 1.89384e-18)
(1.00788 -0.0209823 -5.90068e-17)
(1.00508 -0.0214685 1.06364e-17)
(1.002 -0.0219077 1.77406e-17)
(0.99868 -0.0219653 1.00449e-17)
(0.99513 -0.0217417 7.1282e-17)
(0.991396 -0.0212326 2.66089e-17)
(0.987552 -0.020453 1.26635e-17)
(1.01076 -0.0113189 3.75104e-17)
(1.00962 -0.0136164 -5.50037e-17)
(1.00847 -0.0142389 3.62904e-17)
(1.00713 -0.0156399 7.57798e-18)
(1.00583 -0.016369 4.6685e-17)
(1.00459 -0.0171071 -5.95799e-18)
(1.00345 -0.0175574 -1.68215e-17)
(1.00245 -0.0177807 -4.06106e-18)
(1.00158 -0.0177443 -6.94831e-18)
(1.00086 -0.0174333 -1.74729e-17)
(1.0073 -0.00845963 -6.5559e-17)
(1.00628 -0.00986491 -2.30438e-17)
(1.00512 -0.0101067 -6.49779e-17)
(1.00366 -0.0108011 -6.57054e-17)
(1.00207 -0.0110051 -5.61813e-17)
(1.0003 -0.0111815 -1.19495e-17)
(0.998376 -0.0111554 -4.31445e-17)
(0.996312 -0.010986 5.98407e-17)
(0.994139 -0.0106745 5.79441e-18)
(0.991905 -0.0102326 -3.92676e-17)
(1.00562 -0.00611416 7.57365e-17)
(1.00507 -0.0073731 -5.22929e-17)
(1.00455 -0.0077233 8.08526e-17)
(1.00396 -0.00850031 6.76185e-17)
(1.00344 -0.00891185 1.07984e-16)
(1.00297 -0.00932681 1.01115e-17)
(1.00259 -0.00958149 3.26043e-17)
(1.0023 -0.00970795 -5.8384e-19)
(1.00212 -0.00968764 7.84845e-18)
(1.00201 -0.00951251 3.71401e-17)
(1.00353 -0.00420182 -2.47538e-17)
(1.00297 -0.00492802 -5.49596e-17)
(1.00233 -0.005036 -1.62231e-17)
(1.00151 -0.00538131 6.89074e-17)
(1.00061 -0.00546023 5.28275e-17)
(0.999594 -0.00552842 -5.91307e-17)
(0.998478 -0.00548926 6.16952e-17)
(0.997271 -0.00537995 3.01454e-17)
(0.995994 -0.00520237 1.79356e-17)
(0.994678 -0.00496449 7.27512e-17)
(1.00286 -0.0032917 2.97089e-17)
(1.00262 -0.00398341 5.15645e-18)
(1.00243 -0.00418164 1.12771e-17)
(1.00223 -0.00461726 5.3294e-17)
(1.00208 -0.00485378 5.28601e-17)
(1.002 -0.00509446 -3.07215e-17)
(1.00197 -0.00524589 2.86302e-17)
(1.00202 -0.0053259 5.58971e-17)
(1.00213 -0.00532319 5.74656e-18)
(1.00229 -0.00523278 2.99729e-17)
(1.00153 -0.00192862 5.39743e-17)
(1.00123 -0.0023018 -5.36808e-17)
(1.00088 -0.00234498 -9.37827e-18)
(1.00043 -0.00251612 -9.61268e-18)
(0.999921 -0.00253952 -3.37635e-18)
(0.999339 -0.0025638 1.82538e-17)
(0.998689 -0.00253011 -7.86318e-17)
(0.997978 -0.00246452 -2.17186e-17)
(0.99722 -0.00236813 -1.59349e-17)
(0.996435 -0.00224619 -8.60211e-17)
(1.00138 -0.0017346 -1.24399e-17)
(1.00129 -0.00211711 1.39943e-17)
(1.00126 -0.00222874 1.00478e-17)
(1.00125 -0.00247635 2.88263e-17)
(1.00128 -0.00261324 3.5023e-17)
(1.00137 -0.00275679 7.17933e-17)
(1.0015 -0.00284967 -8.31609e-18)
(1.00168 -0.00290377 2.72975e-17)
(1.0019 -0.00291124 1.03188e-17)
(1.00215 -0.00286912 -1.83252e-17)
(1.00048 -0.000711379 1.25234e-18)
(1.00033 -0.000898511 -2.87318e-18)
(1.00014 -0.000908486 5.51836e-18)
(0.999899 -0.000990501 6.40028e-17)
(0.999613 -0.000988092 6.45277e-17)
(0.999279 -0.000993939 1.77701e-17)
(0.998899 -0.00096767 6.15595e-17)
(0.998477 -0.00093034 6.6887e-17)
(0.998022 -0.000880934 1.5646e-17)
(0.997548 -0.00082376 6.11154e-17)
(1.00058 -0.00084105 3.50587e-19)
(1.00058 -0.00104589 1.12808e-18)
(1.00062 -0.00110475 -4.54891e-18)
(1.00069 -0.00124217 -1.98918e-17)
(1.0008 -0.00131846 -1.40055e-17)
(1.00095 -0.00140344 4.70786e-17)
(1.00113 -0.00145977 -6.53185e-17)
(1.00134 -0.00149708 -8.83034e-18)
(1.00159 -0.0015088 -1.14429e-17)
(1.00184 -0.00149383 -7.40127e-17)
(0.999985 -4.65602e-05 -6.18947e-19)
(0.999918 -0.000115314 -4.9036e-19)
(0.999832 -0.00010573 2.77122e-18)
(0.999705 -0.000130999 7.75069e-18)
(0.999549 -0.000113032 4.48976e-18)
(0.999357 -0.000106005 -5.80614e-18)
(0.999133 -8.2813e-05 2.75401e-17)
(0.998878 -6.16032e-05 6.92461e-17)
(0.998599 -3.81474e-05 1.8033e-17)
(0.998305 -1.76597e-05 3.40933e-17)
(1.00018 -0.000314639 -9.42826e-19)
(1.00022 -0.000390245 -4.21751e-19)
(1.00029 -0.000413249 5.86044e-19)
(1.00039 -0.000465163 -8.15112e-19)
(1.00051 -0.00049897 -6.49698e-19)
(1.00066 -0.000534267 1.17842e-18)
(1.00083 -0.000562274 -6.4524e-18)
(1.00102 -0.000581965 -1.54285e-17)
(1.00123 -0.000592247 -5.81403e-18)
(1.00145 -0.000591059 -9.06648e-18)
)
;

boundaryField
{
    inlet
    {
        type            uniformFixedValue;
        uniformValue    constant (1 0 0);
        value           uniform (1 0 0);
    }
    outlet
    {
        type            pressureInletOutletVelocity;
        value           nonuniform 0();
    }
    polygon
    {
        type            fixedValue;
        value           nonuniform 0();
    }
    top
    {
        type            symmetryPlane;
    }
    bottom
    {
        type            symmetryPlane;
    }
    outside
    {
        type            zeroGradient;
    }
    procBoundary0to1
    {
        type            processor;
        value           nonuniform List<vector> 
11
(
(1.21857 -0.196455 4.07227e-18)
(1.21182 -0.218313 1.38176e-17)
(1.20271 -0.226693 3.99685e-18)
(1.19345 -0.243775 -4.57225e-18)
(1.18411 -0.256888 -1.73443e-17)
(1.17393 -0.273602 -8.48031e-18)
(1.16373 -0.289578 -5.5046e-18)
(1.15221 -0.30814 -1.31247e-17)
(1.13997 -0.327982 -8.25664e-18)
(1.12581 -0.34978 -1.53017e-17)
(1.10959 -0.374976 1.37371e-18)
)
;
    }
    procBoundary0to4
    {
        type            processor;
        value           nonuniform List<vector> 
28
(
(1.06364 -0.398283 2.86444e-17)
(1.06612 -0.366795 -8.97457e-18)
(1.06612 -0.366795 -8.97457e-18)
(1.04523 -0.359702 -1.44429e-17)
(1.0244 -0.350633 -1.5704e-17)
(1.00259 -0.340052 1.16695e-17)
(0.999029 -0.287651 -7.43538e-18)
(0.999029 -0.287651 -7.43538e-18)
(0.999029 -0.287651 -7.43538e-18)
(0.96944 -0.209532 -3.70618e-18)
(0.948925 -0.152239 -2.22472e-17)
(0.975805 -0.111519 -5.94014e-17)
(0.960803 -0.0763825 4.438e-17)
(0.988161 -0.0588014 7.5521e-17)
(0.974239 -0.0385259 5.50541e-17)
(0.996156 -0.0312744 6.92626e-18)
(0.9837 -0.019421 6.92315e-17)
(1.00023 -0.0168387 -2.2339e-19)
(0.989679 -0.00967243 6.24942e-17)
(1.00196 -0.00917872 -3.10604e-18)
(0.993367 -0.00467362 3.09363e-17)
(1.00248 -0.00505256 5.44387e-17)
(0.995651 -0.00210311 -2.53892e-17)
(1.00242 -0.00277583 1.83107e-17)
(0.997072 -0.000761185 6.86823e-17)
(1.00211 -0.00145056 -1.62085e-17)
(0.998008 -5.52031e-07 7.52849e-17)
(1.00167 -0.000577904 -1.69533e-17)
)
;
    }
}


// ************************************************************************* //
