/*--------------------------------*- C++ -*----------------------------------*\
  =========                 |
  \\      /  F ield         | OpenFOAM: The Open Source CFD Toolbox
   \\    /   O peration     | Website:  https://openfoam.org
    \\  /    A nd           | Version:  7
     \\/     M anipulation  |
\*---------------------------------------------------------------------------*/
FoamFile
{
    version     2.0;
    format      ascii;
    class       volVectorField;
    location    "14";
    object      U;
}
// * * * * * * * * * * * * * * * * * * * * * * * * * * * * * * * * * * * * * //

dimensions      [0 1 -1 0 0 0 0];

internalField   nonuniform List<vector> 
125
(
(0.717782 -0.0302276 -6.36383e-18)
(0.70555 -0.0316893 -9.95448e-18)
(0.692738 -0.03328 -2.04182e-18)
(0.679294 -0.03502 -6.46085e-19)
(0.665155 -0.0369317 -1.75638e-18)
(0.65025 -0.0390395 1.0986e-18)
(0.634498 -0.0413697 6.6393e-18)
(0.617807 -0.0439507 4.18551e-19)
(0.600076 -0.0468131 1.33486e-18)
(0.58119 -0.0499905 1.25084e-18)
(0.561021 -0.0535191 -2.70718e-18)
(0.539425 -0.0574369 -8.55533e-19)
(0.516244 -0.0617822 -1.71755e-18)
(0.744033 -0.0231584 -1.64052e-18)
(0.732972 -0.024181 4.01956e-18)
(0.721429 -0.0252794 -1.44849e-18)
(0.709371 -0.026463 -5.66701e-18)
(0.696757 -0.0277443 -5.42484e-19)
(0.683541 -0.0291382 -1.88442e-18)
(0.669668 -0.0306622 -1.17384e-18)
(0.655074 -0.0323357 -2.15412e-18)
(0.639687 -0.0341801 1.16604e-18)
(0.623423 -0.0362181 4.05039e-18)
(0.606189 -0.0384747 4.16897e-18)
(0.587879 -0.0409767 2.9086e-19)
(0.568375 -0.0437531 3.27068e-19)
(0.547546 -0.0468354 -3.89564e-18)
(0.525244 -0.0502563 -1.80477e-18)
(0.501308 -0.0540487 -4.7783e-18)
(0.737158 -0.0197676 2.4863e-18)
(0.725789 -0.0206413 1.10292e-17)
(0.713922 -0.02158 4.25581e-18)
(0.701521 -0.0225916 -9.7421e-18)
(0.688545 -0.0236865 8.4628e-18)
(0.674944 -0.0248774 -2.84974e-18)
(0.660663 -0.0261788 -1.63276e-18)
(0.645638 -0.0276072 -5.36036e-18)
(0.629793 -0.0291808 1.45065e-19)
(0.613043 -0.0309189 1.53671e-18)
(0.595292 -0.0328428 1.29929e-17)
(0.576433 -0.0349753 2.93461e-19)
(0.556344 -0.0373413 9.70102e-19)
(0.534892 -0.0399675 -7.61105e-18)
(0.511925 -0.0428819 -2.64768e-18)
(0.487281 -0.0461123 -1.26102e-17)
(0.731003 -0.0162926 2.32233e-18)
(0.719354 -0.0170133 5.18677e-18)
(0.707191 -0.0177877 1.16294e-18)
(0.694478 -0.0186223 -2.77651e-18)
(0.68117 -0.0195256 7.48315e-19)
(0.667218 -0.0205077 -2.47458e-18)
(0.652566 -0.0215806 -2.15397e-18)
(0.637145 -0.0227578 -1.39604e-17)
(0.620881 -0.0240541 -3.12255e-18)
(0.603687 -0.0254855 -6.19796e-18)
(0.585465 -0.0270693 6.51639e-18)
(0.566104 -0.0288245 2.92808e-18)
(0.545482 -0.0307714 6.03373e-18)
(0.523462 -0.0329322 -1.6666e-17)
(0.499891 -0.0353301 -2.97711e-18)
(0.474604 -0.0379884 -3.88754e-18)
(0.725772 -0.0127421 1.61408e-18)
(0.713881 -0.0133061 3.21627e-18)
(0.701463 -0.0139121 1.93713e-18)
(0.68848 -0.0145654 2.32056e-18)
(0.674886 -0.0152723 -6.7213e-18)
(0.66063 -0.0160409 -2.19134e-18)
(0.645656 -0.0168802 1.23807e-18)
(0.629894 -0.0178008 -7.62409e-18)
(0.613268 -0.0188143 -1.03389e-17)
(0.595689 -0.019933 3.04806e-18)
(0.577058 -0.0211707 2.10804e-18)
(0.557263 -0.0225421 6.69483e-18)
(0.536179 -0.0240632 2.39779e-17)
(0.513667 -0.0257514 -8.76797e-18)
(0.489574 -0.0276253 -7.46922e-18)
(0.463732 -0.0297037 1.5664e-18)
(0.721653 -0.00913176 6.74311e-19)
(0.709569 -0.00953603 2.85894e-18)
(0.696947 -0.00997061 3.94137e-18)
(0.683748 -0.0104391 1.34229e-17)
(0.669925 -0.010946 4.23964e-18)
(0.655428 -0.0114971 -6.06519e-18)
(0.640196 -0.0120988 8.46241e-18)
(0.624161 -0.0127587 -1.66512e-18)
(0.607244 -0.013485 -4.06918e-18)
(0.589358 -0.0142867 1.13151e-17)
(0.570399 -0.0151736 -3.02985e-18)
(0.550257 -0.0161563 6.65534e-18)
(0.528804 -0.0172465 1.14385e-17)
(0.5059 -0.0184569 7.23327e-19)
(0.481389 -0.0198012 7.87915e-18)
(0.455104 -0.0212944 6.05487e-18)
(0.718803 -0.0054848 -1.58372e-19)
(0.706584 -0.00572768 3.23729e-18)
(0.69382 -0.00598878 3.73021e-18)
(0.68047 -0.00627023 1.31696e-17)
(0.666487 -0.00657476 3.49552e-18)
(0.65182 -0.00690573 -1.73228e-17)
(0.636409 -0.00726707 -2.45325e-18)
(0.620183 -0.00766326 7.48385e-18)
(0.603063 -0.00809925 -6.53462e-18)
(0.584961 -0.00858046 3.67247e-18)
(0.565774 -0.00911281 -1.0988e-17)
(0.545388 -0.00970281 6.05289e-18)
(0.523677 -0.0103577 8.12796e-18)
(0.500498 -0.0110854 1.01276e-17)
(0.475695 -0.0118953 5.36168e-20)
(0.4491 -0.0127988 -1.16475e-17)
(0.717341 -0.00177038 -5.97404e-18)
(0.705052 -0.00184894 3.72656e-18)
(0.692215 -0.00193359 1.27624e-18)
(0.678787 -0.00202506 6.49707e-19)
(0.664723 -0.00212427 -5.39693e-18)
(0.649968 -0.00223238 -1.60226e-17)
(0.634464 -0.00235076 2.40066e-19)
(0.618139 -0.00248096 6.9062e-19)
(0.600915 -0.00262474 -1.3563e-17)
(0.582702 -0.00278404 1.3631e-18)
(0.563397 -0.00296106 -2.94869e-18)
(0.542886 -0.00315823 3.85587e-18)
(0.521041 -0.00337838 8.40097e-18)
(0.497721 -0.0036248 2.54377e-18)
(0.472768 -0.00390155 -2.03051e-18)
(0.44601 -0.00421459 -7.07498e-18)
)
;

boundaryField
{
    inlet
    {
        type            uniformFixedValue;
        uniformValue    constant (1 0 0);
        value           nonuniform 0();
    }
    outlet
    {
        type            pressureInletOutletVelocity;
        value           nonuniform 0();
    }
    polygon
    {
        type            fixedValue;
        value           nonuniform 0();
    }
    top
    {
        type            symmetryPlane;
    }
    bottom
    {
        type            symmetryPlane;
    }
    outside
    {
        type            zeroGradient;
    }
    procBoundary37to29
    {
        type            processor;
        value           nonuniform List<vector> 
16
(
(0.717341 0.00177038 -6.86949e-19)
(0.705052 0.00184894 3.9899e-18)
(0.692215 0.00193359 2.3661e-19)
(0.678787 0.00202506 -8.98201e-18)
(0.664723 0.00212427 -1.03125e-17)
(0.649968 0.00223238 -6.03255e-18)
(0.634464 0.00235076 -1.24263e-18)
(0.618139 0.00248096 4.59141e-19)
(0.600915 0.00262474 -6.19406e-18)
(0.582702 0.00278404 -2.49233e-18)
(0.563397 0.00296106 1.91893e-18)
(0.542886 0.00315823 -3.89546e-20)
(0.521041 0.00337838 1.48927e-17)
(0.497721 0.0036248 -9.0113e-19)
(0.472768 0.00390155 -2.31723e-18)
(0.44601 0.00421459 -4.61492e-18)
)
;
    }
    procBoundary37to30
    {
        type            processor;
        value           uniform (0.729117 -0.00169737 -5.88996e-18);
    }
    procBoundary37to36
    {
        type            processor;
        value           nonuniform List<vector> 6((0.460776 -0.0496851 1.40001e-18) (0.447417 -0.0409291 2.96549e-18) (0.435959 -0.032005 4.43745e-18) (0.426863 -0.0229519 -2.53997e-19) (0.420533 -0.0138123 -1.22581e-17) (0.417274 -0.00457364 -8.92997e-18));
    }
    procBoundary37to38
    {
        type            processor;
        value           nonuniform List<vector> 6((0.754643 -0.0222043 -2.59074e-19) (0.74806 -0.0189528 -5.77378e-19) (0.742172 -0.0156208 4.23619e-19) (0.737171 -0.0122166 1.87944e-18) (0.733236 -0.00875513 3.26853e-18) (0.730513 -0.00525854 -8.82113e-18));
    }
    procBoundary37to44
    {
        type            processor;
        value           nonuniform List<vector> 2((0.4913 -0.0665882 -6.64909e-19) (0.475557 -0.0582435 -1.95303e-19));
    }
    procBoundary37to45
    {
        type            processor;
        value           nonuniform List<vector> 
17
(
(0.726518 -0.0338681 -8.06148e-18)
(0.714676 -0.035504 -5.40614e-18)
(0.702277 -0.0372853 -5.83612e-18)
(0.68927 -0.0392349 -2.24832e-19)
(0.675595 -0.0413783 -2.64943e-18)
(0.661182 -0.043743 -1.51321e-18)
(0.645954 -0.0463586 1.3087e-17)
(0.62982 -0.0492571 -1.32741e-18)
(0.612684 -0.0524734 2.28988e-18)
(0.594434 -0.0560455 4.42992e-18)
(0.574947 -0.0600149 -2.96421e-18)
(0.554084 -0.0644259 -7.10465e-19)
(0.531691 -0.0693216 -1.41289e-19)
(0.751418 -0.0264576 -8.40894e-18)
(0.740681 -0.0276246 8.0574e-19)
(0.729479 -0.0288775 -3.94084e-18)
(0.729479 -0.0288775 -3.94084e-18)
)
;
    }
}


// ************************************************************************* //
