/*--------------------------------*- C++ -*----------------------------------*\
  =========                 |
  \\      /  F ield         | OpenFOAM: The Open Source CFD Toolbox
   \\    /   O peration     | Website:  https://openfoam.org
    \\  /    A nd           | Version:  7
     \\/     M anipulation  |
\*---------------------------------------------------------------------------*/
FoamFile
{
    version     2.0;
    format      ascii;
    class       volVectorField;
    location    "58";
    object      U;
}
// * * * * * * * * * * * * * * * * * * * * * * * * * * * * * * * * * * * * * //

dimensions      [0 1 -1 0 0 0 0];

internalField   nonuniform List<vector> 
125
(
(0.463341 0.0346807 -8.0493e-18)
(0.461897 0.0354059 -1.39227e-17)
(0.460731 0.0360196 -1.46202e-17)
(0.459901 0.0365455 -1.55446e-17)
(0.459467 0.0370073 -1.63937e-17)
(0.459488 0.0374295 -1.74877e-17)
(0.460027 0.0378358 -1.89735e-17)
(0.46114 0.0382498 -1.9315e-17)
(0.462885 0.0386938 -1.9964e-17)
(0.465312 0.0391888 -2.02475e-17)
(0.468471 0.0397546 -2.14255e-17)
(0.398382 0.0283982 -1.59529e-18)
(0.396279 0.0302138 -1.09699e-18)
(0.394142 0.0317986 -2.58281e-18)
(0.391989 0.0331588 -2.34095e-18)
(0.389844 0.034304 -8.39028e-18)
(0.387737 0.0352465 -3.2973e-18)
(0.385708 0.0360012 -1.17288e-17)
(0.383799 0.0365856 -5.28795e-18)
(0.38206 0.037019 -6.4298e-18)
(0.380545 0.0373225 -6.66756e-18)
(0.379311 0.0375184 -7.24042e-18)
(0.378419 0.0376302 -7.37999e-18)
(0.377932 0.0376819 -8.11776e-18)
(0.377913 0.0376977 -8.18107e-18)
(0.378425 0.0377017 -8.42999e-18)
(0.37953 0.0377177 -8.83989e-18)
(0.381285 0.0377686 -9.39137e-18)
(0.323511 0.0297997 -4.10823e-18)
(0.321727 0.0316583 -1.42352e-18)
(0.319878 0.0332801 -5.96215e-18)
(0.317969 0.0346666 -9.21351e-19)
(0.316014 0.0358225 -3.09887e-18)
(0.314031 0.0367553 -2.34524e-18)
(0.312044 0.0374754 -6.99063e-18)
(0.310085 0.0379959 -1.36763e-17)
(0.308189 0.038332 -1.43886e-17)
(0.306401 0.0385011 -1.55123e-17)
(0.304767 0.0385225 -1.63302e-17)
(0.303341 0.0384168 -1.75453e-17)
(0.302181 0.0382061 -1.83642e-17)
(0.301346 0.0379136 -1.90027e-17)
(0.300901 0.0375631 -2.00527e-17)
(0.300912 0.037179 -2.08039e-17)
(0.301443 0.0367862 -2.17829e-17)
(0.249571 0.0308765 -1.35819e-18)
(0.248323 0.0327856 -6.76826e-19)
(0.247011 0.0344594 -2.21763e-18)
(0.245631 0.0358955 -1.5586e-18)
(0.244183 0.0370949 -7.04709e-18)
(0.242672 0.038061 -2.2578e-18)
(0.241109 0.0388001 -1.04408e-17)
(0.23951 0.0393209 -5.38592e-18)
(0.237894 0.0396343 -5.94288e-18)
(0.23629 0.0397536 -6.33039e-18)
(0.234728 0.0396938 -6.73878e-18)
(0.233246 0.0394718 -7.29707e-18)
(0.23189 0.0391057 -7.64771e-18)
(0.230707 0.0386155 -7.79184e-18)
(0.229754 0.0380223 -8.23806e-18)
(0.229091 0.0373486 -8.23055e-18)
(0.228782 0.0366184 -8.85437e-18)
(0.176035 0.0315215 -3.547e-18)
(0.17544 0.0334666 -6.81005e-20)
(0.174809 0.0351833 -5.1908e-18)
(0.174132 0.0366672 2.55599e-19)
(0.1734 0.0379164 4.6158e-19)
(0.172608 0.0389316 1.35155e-20)
(0.171754 0.039716 -1.99531e-18)
(0.170838 0.0402749 -1.1836e-17)
(0.169867 0.040616 -1.3218e-17)
(0.168848 0.0407486 -1.41517e-17)
(0.167796 0.0406837 -1.50317e-17)
(0.166729 0.0404339 -1.61184e-17)
(0.165672 0.0400129 -1.73202e-17)
(0.164657 0.0394357 -1.81384e-17)
(0.163722 0.0387187 -1.84987e-17)
(0.162911 0.0378802 -1.92425e-17)
(0.162279 0.0369401 -2.01421e-17)
(0.102901 0.0316977 8.30493e-20)
(0.102986 0.0336477 4.33447e-18)
(0.103084 0.0353799 -1.10281e-19)
(0.103179 0.0368884 2.44846e-18)
(0.103259 0.03817 7.62348e-18)
(0.103311 0.0392238 3.25402e-18)
(0.103323 0.0400515 8.10961e-18)
(0.103286 0.0406564 -1.94115e-18)
(0.103193 0.0410442 -2.30682e-18)
(0.103038 0.0412217 -2.64519e-18)
(0.102817 0.0411972 -2.71518e-18)
(0.102532 0.0409795 -2.89189e-18)
(0.102187 0.0405783 -3.13565e-18)
(0.101791 0.0400037 -3.12588e-18)
(0.101362 0.0392669 -3.32302e-18)
(0.100922 0.0383799 -3.17626e-18)
(0.100507 0.0373568 -3.74262e-18)
(0.0306409 0.0314154 2.03273e-19)
(0.031382 0.0333311 1.7173e-18)
(0.0321926 0.0350405 1.07158e-18)
(0.033056 0.0365376 6.77647e-18)
(0.0339556 0.0378188 4.079e-18)
(0.0348754 0.0388827 9.09711e-18)
(0.0357994 0.0397302 3.71304e-18)
(0.0367119 0.0403644 2.94071e-19)
(0.0375975 0.0407901 -2.53962e-19)
(0.0384407 0.0410136 -4.58907e-19)
(0.0392264 0.0410417 -7.4371e-19)
(0.0399403 0.0408815 -4.5284e-19)
(0.0405699 0.04054 -6.76454e-19)
(0.0411059 0.0400238 -7.21257e-19)
(0.0415435 0.0393389 -6.65462e-19)
(0.0418845 0.0384918 -7.45134e-19)
(0.0421387 0.0374897 -7.62888e-19)
(-0.0399668 0.0307044 2.9553e-19)
(-0.0386075 0.0325445 4.68171e-18)
(-0.0371226 0.0341903 9.86183e-19)
(-0.0355293 0.0356361 2.84522e-18)
(-0.0338456 0.0368782 7.98524e-18)
(-0.0320892 0.0379153 4.27724e-18)
(-0.0302782 0.0387484 9.53694e-18)
(-0.0284313 0.039381 1.09597e-18)
(-0.0265678 0.0398184 -7.88534e-20)
(-0.0247082 0.0400672 -2.1132e-19)
(-0.0228743 0.0401348 -9.56757e-20)
(-0.0210889 0.0400283 -7.26571e-20)
)
;

boundaryField
{
    inlet
    {
        type            uniformFixedValue;
        uniformValue    constant (1 0 0);
        value           nonuniform 0();
    }
    outlet
    {
        type            pressureInletOutletVelocity;
        value           nonuniform 0();
    }
    polygon
    {
        type            fixedValue;
        value           nonuniform 0();
    }
    top
    {
        type            symmetryPlane;
    }
    bottom
    {
        type            symmetryPlane;
    }
    outside
    {
        type            zeroGradient;
    }
    procBoundary54to46
    {
        type            processor;
        value           nonuniform List<vector> 
18
(
(-0.0193756 0.0397537 -2.45014e-19)
(-0.0177576 0.0393159 5.57716e-20)
(-0.016256 0.038718 -1.72492e-19)
(-0.0148884 0.0379618 -3.75747e-19)
(-0.0136663 0.0370489 -4.44447e-19)
(-0.108028 0.0295892 2.85861e-20)
(-0.106073 0.0313153 1.49242e-18)
(-0.103942 0.0328595 7.08383e-19)
(-0.101653 0.0342162 6.44288e-18)
(-0.0992257 0.0353821 3.64961e-18)
(-0.0966781 0.0363563 8.45859e-18)
(-0.0940299 0.03714 4.08408e-18)
(-0.0913011 0.0377373 8.37952e-19)
(-0.0885124 0.0381543 4.46833e-20)
(-0.085686 0.0383988 -2.64825e-19)
(-0.082846 0.0384796 -3.80763e-19)
(-0.0193756 0.0397537 -2.45014e-19)
(-0.0800187 0.0384051 -8.23e-21)
)
;
    }
    procBoundary54to53
    {
        type            processor;
        value           nonuniform List<vector> 6((0.383745 0.0378763 -9.35059e-18) (0.302558 0.0364093 -2.20516e-17) (0.228893 0.0358565 -8.67318e-18) (0.161884 0.0359206 -2.05874e-17) (0.100157 0.0362139 -3.90896e-18) (0.0423256 0.0363419 -8.44358e-19));
    }
    procBoundary54to55
    {
        type            processor;
        value           nonuniform List<vector> 7((0.400439 0.0263495 2.06908e-18) (0.325229 0.0277062 -2.99315e-18) (0.250761 0.0287372 1.51559e-18) (0.176608 0.0293554 -3.13868e-18) (0.102845 0.0295378 -4.82208e-19) (0.029986 0.0293018 -2.69298e-20) (-0.0411838 0.0286779 2.22896e-20));
    }
    procBoundary54to61
    {
        type            processor;
        value           uniform (0.472403 0.0404089 -2.21117e-17);
    }
    procBoundary54to62
    {
        type            processor;
        value           nonuniform List<vector> 
18
(
(0.54571 0.0337942 -1.04378e-17)
(0.545059 0.0347317 -2.53635e-18)
(0.544771 0.0355984 -4.16647e-18)
(0.544902 0.0364189 -4.19731e-18)
(0.545509 0.0372172 -4.26618e-18)
(0.546647 0.0380169 -4.96386e-18)
(0.548369 0.0388405 -5.12784e-18)
(0.550726 0.0397093 -5.31299e-18)
(0.553765 0.0406428 -5.27361e-18)
(0.557528 0.0416588 -5.25199e-18)
(0.562053 0.0427732 -5.47377e-18)
(0.475061 0.0268533 -1.16779e-18)
(0.472944 0.0286552 -2.16121e-18)
(0.47085 0.0302401 -6.07283e-18)
(0.468805 0.0316195 -1.14643e-18)
(0.466843 0.0328076 -3.57719e-18)
(0.465007 0.0338216 -3.06718e-18)
(0.465007 0.0338216 -3.06718e-18)
)
;
    }
}


// ************************************************************************* //
