/*--------------------------------*- C++ -*----------------------------------*\
  =========                 |
  \\      /  F ield         | OpenFOAM: The Open Source CFD Toolbox
   \\    /   O peration     | Website:  https://openfoam.org
    \\  /    A nd           | Version:  7
     \\/     M anipulation  |
\*---------------------------------------------------------------------------*/
FoamFile
{
    version     2.0;
    format      ascii;
    class       volVectorField;
    location    "94";
    object      U;
}
// * * * * * * * * * * * * * * * * * * * * * * * * * * * * * * * * * * * * * //

dimensions      [0 1 -1 0 0 0 0];

internalField   nonuniform List<vector> 
125
(
(1.00427 0.000304005 -8.23379e-17)
(0.96195 0.000665435 -1.71218e-17)
(0.992907 0.000595569 -7.194e-18)
(0.938372 0.0015103 2.09585e-17)
(0.963323 0.00126851 3.77855e-17)
(0.892616 0.00367736 -7.88347e-17)
(0.88398 0.00319603 -1.13477e-16)
(1.00554 5.50779e-05 2.79664e-17)
(0.993596 -4.64198e-05 -1.21585e-17)
(1.00677 0.000122953 7.07686e-17)
(0.991314 -2.25376e-06 6.51592e-17)
(1.00798 0.000182621 -3.54423e-17)
(0.987995 9.98492e-05 -1.29296e-17)
(1.00873 0.000282771 -3.25149e-18)
(0.982976 0.000316378 -8.73535e-18)
(1.00816 0.000465602 2.38266e-17)
(0.975032 0.00077397 -3.47553e-17)
(1.00438 0.000824364 -4.24696e-17)
(0.961734 0.0017511 -6.59001e-18)
(0.993049 0.00157581 5.6501e-18)
(0.937967 0.00395883 4.16611e-18)
(0.963523 0.00330998 1.32851e-17)
(0.891729 0.00962699 -1.17596e-16)
(0.884493 0.00834945 -5.64235e-17)
(1.00556 9.25191e-05 -1.77046e-17)
(0.993566 -7.84518e-05 -3.04409e-17)
(1.0068 0.000206744 3.88231e-17)
(0.991262 -3.81987e-06 8.5028e-17)
(1.00805 0.000306176 2.11384e-18)
(0.98791 0.00016553 -3.83945e-18)
(1.00883 0.000475409 -4.2741e-18)
(0.982838 0.000526927 -7.69958e-18)
(1.00832 0.000787195 3.81333e-17)
(0.974804 0.00129319 1.28399e-17)
(1.00462 0.00140388 -2.10241e-17)
(0.961345 0.00293372 1.16764e-17)
(0.993416 0.00270617 2.34964e-17)
(0.93726 0.00664639 -1.05262e-17)
(0.964144 0.00574044 -2.59246e-17)
(0.890264 0.0161813 -1.32207e-16)
(0.886067 0.0146029 -4.84908e-18)
(1.00559 0.000130697 3.10146e-18)
(0.993524 -0.000112164 -5.25768e-17)
(1.00686 0.000292504 5.3834e-17)
(0.991189 -9.7953e-06 5.53955e-17)
(1.00814 0.000433056 2.00906e-17)
(0.987792 0.000223499 2.8022e-18)
(1.00898 0.00067316 -1.03425e-17)
(0.982644 0.000722685 -3.12983e-18)
(1.00857 0.00111533 -1.23253e-17)
(0.974483 0.00178281 -3.76463e-17)
(1.005 0.00198972 -8.37151e-18)
(0.960801 0.00405418 4.44411e-17)
(0.994023 0.00383979 4.88019e-17)
(0.936287 0.00919377 -3.92393e-17)
(0.965229 0.00817478 -2.8571e-18)
(0.888334 0.0223892 -1.09419e-16)
(0.888792 0.0208758 -6.88076e-17)
(1.00562 0.000169761 1.58364e-17)
(0.993474 -0.000147723 -8.57101e-18)
(1.00692 0.000380685 3.5653e-17)
(0.9911 -1.78782e-05 4.73608e-17)
(1.00826 0.000564077 3.60942e-17)
(0.987647 0.000277143 2.30599e-18)
(1.00918 0.000878394 -2.32068e-17)
(0.982405 0.000912031 -1.48039e-18)
(1.00889 0.00145836 1.26703e-17)
(0.974086 0.00226417 -1.54248e-17)
(1.00552 0.0026075 2.16388e-17)
(0.96013 0.00516611 2.561e-17)
(0.994882 0.00504723 8.13465e-17)
(0.935102 0.011735 -5.78203e-18)
(0.966817 0.0107955 6.21847e-18)
(0.886083 0.0285845 -5.27099e-17)
(0.892744 0.0276358 -3.56875e-17)
(1.00566 0.000209803 3.83986e-17)
(0.993419 -0.000185547 3.45665e-17)
(1.007 0.000471717 4.85913e-17)
(0.991001 -3.0468e-05 6.07465e-17)
(1.00839 0.000699826 6.01661e-17)
(0.987483 0.000323794 -9.37885e-18)
(1.00941 0.0010923 -4.76839e-17)
(0.982133 0.00108995 8.14887e-18)
(1.00928 0.00181717 4.43426e-17)
(0.973631 0.00272664 -1.89379e-18)
(1.00617 0.00325458 7.3974e-17)
(0.959358 0.00624522 3.28674e-17)
(0.995988 0.00631294 5.33117e-17)
(0.933752 0.0142109 8.12285e-18)
(0.968907 0.0135465 8.10996e-18)
(0.883625 0.0346109 -3.24203e-17)
(0.897917 0.034688 -1.73733e-17)
(1.0057 0.000250787 1.31959e-17)
(0.993366 -0.000225748 1.03684e-17)
(1.00708 0.000565777 7.01255e-18)
(0.990898 -4.7605e-05 2.38909e-17)
(1.00854 0.000840502 9.91463e-17)
(0.987311 0.000362677 3.56335e-17)
(1.00967 0.00131524 -5.87218e-18)
(0.981843 0.00125521 4.21588e-17)
(1.00972 0.00219302 9.56098e-17)
(0.973141 0.00316848 1.2918e-17)
(1.00693 0.00393485 8.16209e-17)
(0.958522 0.00728953 5.27122e-17)
(0.997321 0.00764658 4.76756e-17)
(0.932299 0.0166201 1.48727e-17)
(0.971481 0.0164468 9.82815e-18)
(0.881076 0.0404617 -3.00683e-17)
(0.904285 0.0420556 -8.01385e-18)
(1.00573 0.000292728 -1.40622e-18)
(0.993317 -0.00026847 -7.93241e-18)
(1.00716 0.00066401 5.68048e-17)
(0.990799 -6.9037e-05 1.83058e-17)
(1.00869 0.000987119 1.07045e-16)
(0.987141 0.000393511 7.47046e-17)
(1.00994 0.00154777 3.21936e-17)
(0.981553 0.00140657 3.42919e-17)
(1.0102 0.00258556 1.04773e-16)
(0.972644 0.00358624 3.15302e-17)
(1.00777 0.00464637 5.39232e-17)
(0.957666 0.00829093 8.89772e-17)
(0.998853 0.00904338 5.92554e-17)
(0.930813 0.0189444 1.93448e-17)
(0.974504 0.0194819 8.76715e-18)
(0.878565 0.0460893 -4.99256e-17)
)
;

boundaryField
{
    inlet
    {
        type            uniformFixedValue;
        uniformValue    constant (1 0 0);
        value           uniform (1 0 0);
    }
    outlet
    {
        type            pressureInletOutletVelocity;
        value           nonuniform 0();
    }
    polygon
    {
        type            fixedValue;
        value           nonuniform 0();
    }
    top
    {
        type            symmetryPlane;
    }
    bottom
    {
        type            symmetryPlane;
    }
    outside
    {
        type            zeroGradient;
    }
    procBoundary32to24
    {
        type            processor;
        value           nonuniform List<vector> 
18
(
(1.00553 1.77928e-05 7.87303e-18)
(0.993613 -1.4366e-05 6.81711e-18)
(1.00675 4.03764e-05 6.88921e-17)
(0.991341 8.3538e-07 5.51232e-17)
(1.00795 6.14459e-05 -2.32327e-17)
(0.98804 3.94686e-05 -2.00478e-17)
(1.00868 9.79842e-05 -1.41363e-18)
(0.98305 0.000120798 -8.77972e-18)
(1.00809 0.000166542 1.72209e-17)
(0.975157 0.000293675 -2.61161e-17)
(0.975157 0.000293675 -2.61161e-17)
(1.00427 -0.000304 -7.63657e-17)
(0.96195 -0.000665398 -1.8148e-17)
(0.992907 -0.000595543 -1.77763e-17)
(0.938372 -0.00151033 5.83077e-17)
(0.963323 -0.00126848 -4.14505e-17)
(0.892616 -0.00367753 -9.70393e-18)
(0.88398 -0.00319605 -9.67956e-17)
)
;
    }
    procBoundary32to33
    {
        type            processor;
        value           nonuniform List<vector> 7((0.789391 0.0104238 -5.59701e-18) (0.78712 0.0277741 -3.04015e-17) (0.783863 0.0467136 -8.00996e-17) (0.780081 0.0648406 -5.55491e-17) (0.776192 0.0828668 -4.78946e-17) (0.772435 0.10034 -6.63544e-17) (0.768991 0.11712 1.95702e-17));
    }
    procBoundary32to40
    {
        type            processor;
        value           nonuniform List<vector> 
18
(
(0.9118 0.0496786 3.90147e-18)
(1.00575 0.00033624 -1.83082e-17)
(0.99328 -0.000316712 -1.70614e-17)
(1.00722 0.000768801 5.87194e-17)
(0.990712 -9.74358e-05 3.01535e-17)
(1.00883 0.00114355 9.81361e-17)
(0.986988 0.000413697 4.91738e-17)
(1.01022 0.00179668 -8.20495e-18)
(0.981283 0.00153914 -2.69182e-17)
(1.0107 0.00300499 7.97896e-17)
(0.972173 0.00397193 5.1808e-17)
(1.00868 0.00540064 6.35152e-17)
(0.956845 0.00923424 8.62413e-17)
(1.00055 0.0105102 8.5027e-17)
(0.929389 0.0211485 2.60612e-17)
(0.977936 0.0226312 -8.62577e-19)
(0.9118 0.0496786 3.90147e-18)
(0.876252 0.0513927 -1.05172e-16)
)
;
    }
}


// ************************************************************************* //
