/*--------------------------------*- C++ -*----------------------------------*\
  =========                 |
  \\      /  F ield         | OpenFOAM: The Open Source CFD Toolbox
   \\    /   O peration     | Website:  https://openfoam.org
    \\  /    A nd           | Version:  7
     \\/     M anipulation  |
\*---------------------------------------------------------------------------*/
FoamFile
{
    version     2.0;
    format      ascii;
    class       volVectorField;
    location    "40";
    object      U;
}
// * * * * * * * * * * * * * * * * * * * * * * * * * * * * * * * * * * * * * //

dimensions      [0 1 -1 0 0 0 0];

internalField   nonuniform List<vector> 
125
(
(0.520248 0.221998 -1.55611e-18)
(0.5213 0.191767 -7.54049e-18)
(0.522837 0.162321 4.22291e-17)
(0.524859 0.133856 8.03528e-17)
(0.52729 0.106456 2.16035e-17)
(0.529996 0.0801611 9.35677e-17)
(0.4669 0.385133 -4.30743e-18)
(0.490373 0.393927 -5.53356e-18)
(0.50009 0.394922 -1.57372e-17)
(0.518093 0.393106 -6.29894e-18)
(0.531607 0.386447 -2.16238e-17)
(0.545956 0.374516 1.05267e-17)
(0.557304 0.357477 5.55561e-18)
(0.566893 0.335489 -1.62733e-18)
(0.574016 0.309678 -5.51471e-18)
(0.579519 0.281109 -3.70122e-17)
(0.583755 0.251057 -7.00566e-17)
(0.587385 0.220478 -1.28071e-17)
(0.590761 0.19013 -6.24614e-17)
(0.59417 0.160474 3.56627e-17)
(0.597693 0.131801 1.95033e-17)
(0.601317 0.104254 9.26507e-18)
(0.604958 0.0778984 2.10452e-17)
(0.48927 0.37569 -2.51729e-18)
(0.513523 0.382934 -2.69204e-18)
(0.525 0.383519 -1.05362e-17)
(0.54535 0.381187 -3.5915e-18)
(0.562457 0.374894 -1.51526e-17)
(0.581162 0.363811 1.1982e-17)
(0.597632 0.348167 2.65146e-17)
(0.612611 0.327765 4.62227e-18)
(0.625047 0.303487 2.6322e-17)
(0.635431 0.276165 -3.06133e-17)
(0.643924 0.246999 -5.69733e-17)
(0.651115 0.216958 -9.75137e-18)
(0.65738 0.186887 -5.12112e-17)
(0.663087 0.15735 4.55036e-17)
(0.668411 0.128738 6.45843e-17)
(0.673426 0.10127 1.31968e-17)
(0.678127 0.0750446 6.41907e-17)
(0.508866 0.366169 -6.94149e-19)
(0.532841 0.371305 -2.73364e-19)
(0.545531 0.370959 -4.24229e-18)
(0.567216 0.367408 -1.15175e-18)
(0.587042 0.360745 -9.59771e-18)
(0.609297 0.349845 -1.44617e-19)
(0.6304 0.335109 -1.04574e-18)
(0.650677 0.316083 -2.62274e-19)
(0.668756 0.293417 -1.31013e-18)
(0.684696 0.267661 -6.88072e-18)
(0.698333 0.239847 -3.16074e-17)
(0.710049 0.210865 -4.93072e-18)
(0.720136 0.18158 -3.86978e-17)
(0.728977 0.152614 1.0992e-17)
(0.736818 0.124429 2.86432e-18)
(0.74382 0.0972761 3.38058e-19)
(0.750072 0.0712634 2.09493e-18)
(0.525731 0.357069 2.03403e-18)
(0.548475 0.359698 2.19211e-18)
(0.561885 0.358028 8.28379e-18)
(0.583943 0.352682 2.94049e-18)
(0.605457 0.34491 1.4036e-17)
(0.630141 0.333393 -2.34318e-18)
(0.654881 0.318782 1.85023e-18)
(0.679781 0.300521 2.99087e-18)
(0.703284 0.279132 6.70942e-18)
(0.725045 0.254928 1.72052e-17)
(0.744515 0.228724 4.17058e-17)
(0.761737 0.201259 9.48138e-18)
(0.776777 0.17333 4.5549e-17)
(0.789909 0.145555 -1.07435e-17)
(0.801342 0.118442 5.54491e-18)
(0.811262 0.0923062 2.6476e-19)
(0.819836 0.0672759 -2.5409e-18)
(0.539986 0.348731 -3.16541e-19)
(0.560649 0.348562 -9.487e-19)
(0.574396 0.345375 -1.07878e-18)
(0.596099 0.337967 -1.77038e-18)
(0.618285 0.328629 -9.19185e-20)
(0.644141 0.315886 4.14363e-19)
(0.671089 0.300667 1.86241e-19)
(0.69927 0.282429 3.40739e-19)
(0.727168 0.261658 -1.36183e-19)
(0.754204 0.238503 -1.59137e-18)
(0.779498 0.21359 -2.26481e-18)
(0.80272 0.187472 -2.61764e-18)
(0.823612 0.160814 7.60597e-18)
(0.842218 0.13415 1.94691e-18)
(0.858621 0.107957 7.50431e-18)
(0.872921 0.0825635 1.31347e-17)
(0.885201 0.0580683 2.50624e-17)
(0.551561 0.340696 3.92207e-19)
(0.569601 0.336969 -1.02981e-18)
(0.583422 0.331931 -4.31302e-20)
(0.604485 0.322374 -4.44562e-18)
(0.626624 0.311399 6.09528e-19)
(0.652622 0.297377 8.07753e-19)
(0.680315 0.281459 1.39049e-18)
(0.709995 0.263155 1.84526e-18)
(0.740363 0.242979 1.50093e-18)
(0.770883 0.220998 -4.17244e-20)
(0.800582 0.197713 -6.8534e-18)
(0.828893 0.173509 -2.59457e-17)
(0.855261 0.148899 7.54566e-18)
(0.879441 0.124295 2.28971e-18)
(0.90127 0.100099 4.74051e-18)
(0.92063 0.076619 8.45777e-18)
(0.937439 0.053963 1.14588e-17)
(0.55881 0.333097 1.96728e-18)
(0.574986 0.324243 4.20057e-18)
(0.588869 0.315706 3.28467e-18)
(0.609658 0.302653 7.28402e-18)
(0.631716 0.288435 -1.50759e-18)
(0.657574 0.271442 1.58914e-18)
(0.685251 0.252931 1.55369e-18)
(0.715132 0.232545 3.61797e-18)
(0.746129 0.210931 6.30576e-18)
(0.777863 0.188237 1.12957e-17)
(0.809477 0.164967 1.90281e-17)
(0.840419 0.141444 3.31002e-17)
(0.870067 0.118072 -9.28753e-18)
(0.898058 0.0951332 7.98373e-18)
(0.924098 0.0728884 4.9056e-18)
(0.947875 0.0514916 1.01337e-17)
(0.968865 0.0309419 1.3961e-17)
)
;

boundaryField
{
    inlet
    {
        type            uniformFixedValue;
        uniformValue    constant (1 0 0);
        value           nonuniform 0();
    }
    outlet
    {
        type            pressureInletOutletVelocity;
        value           nonuniform List<vector> 7((0.4669 0.385133 -4.30743e-18) (0.48927 0.37569 -2.51729e-18) (0.508866 0.366169 -6.94149e-19) (0.525731 0.357069 2.03403e-18) (0.539986 0.348731 -3.16541e-19) (0.551561 0.340696 3.92207e-19) (0.55881 0.333097 1.96728e-18));
    }
    polygon
    {
        type            fixedValue;
        value           nonuniform 0();
    }
    top
    {
        type            symmetryPlane;
    }
    bottom
    {
        type            symmetryPlane;
    }
    outside
    {
        type            zeroGradient;
    }
    procBoundary7to6
    {
        type            processor;
        value           nonuniform List<vector> 7((0.608546 0.0527804 -7.33668e-18) (0.682536 0.0501151 -1.99359e-17) (0.755732 0.046425 -1.28903e-17) (0.827421 0.0433051 -1.55007e-17) (0.895768 0.0343619 4.94836e-17) (0.952241 0.0318042 1.27856e-17) (0.986855 0.0108442 2.39083e-17));
    }
    procBoundary7to14
    {
        type            processor;
        value           uniform (0.53285 0.0550207 3.3594e-17);
    }
    procBoundary7to15
    {
        type            processor;
        value           nonuniform List<vector> 
18
(
(0.4503 0.221826 -1.04802e-17)
(0.449244 0.192015 -6.08978e-17)
(0.449 0.163026 2.91962e-17)
(0.449514 0.134975 2.16546e-17)
(0.450677 0.107904 1.0771e-17)
(0.452339 0.0818357 2.24114e-17)
(0.441766 0.394056 -2.30228e-18)
(0.463364 0.403733 -3.38843e-18)
(0.470793 0.404572 -6.10437e-18)
(0.485538 0.402573 -1.74502e-18)
(0.494849 0.394934 -2.07392e-18)
(0.504389 0.381702 1.51763e-17)
(0.510549 0.363065 3.25894e-17)
(0.515024 0.339564 4.69435e-18)
(0.517405 0.312513 3.08619e-17)
(0.518754 0.283128 -2.46292e-17)
(0.519491 0.252663 -2.20168e-17)
(0.519491 0.252663 -2.20168e-17)
)
;
    }
}


// ************************************************************************* //
