/*--------------------------------*- C++ -*----------------------------------*\
  =========                 |
  \\      /  F ield         | OpenFOAM: The Open Source CFD Toolbox
   \\    /   O peration     | Website:  https://openfoam.org
    \\  /    A nd           | Version:  7
     \\/     M anipulation  |
\*---------------------------------------------------------------------------*/
FoamFile
{
    version     2.0;
    format      ascii;
    class       volVectorField;
    location    "26";
    object      U;
}
// * * * * * * * * * * * * * * * * * * * * * * * * * * * * * * * * * * * * * //

dimensions      [0 1 -1 0 0 0 0];

internalField   nonuniform List<vector> 
125
(
(0.991529 0.0019701 -1.05903e-17)
(1.00737 0.00292632 3.34314e-17)
(0.988129 0.00460768 -1.15194e-16)
(1.00793 0.00559623 2.42662e-17)
(0.983 0.0100013 -8.62165e-17)
(1.00696 0.0110147 -1.85574e-17)
(0.975206 0.0211366 -2.43932e-17)
(1.00239 0.0221682 3.19246e-17)
(0.963869 0.0448666 -4.67463e-18)
(0.990477 0.0452682 8.38836e-17)
(0.950778 0.0980871 1.04211e-16)
(0.969218 0.0920067 7.94733e-17)
(1.00342 0.000356148 5.09791e-19)
(0.996368 0.000116603 -2.3676e-18)
(1.00429 0.000786957 -5.5307e-19)
(0.994949 0.000877208 -3.55549e-18)
(1.00518 0.00148233 2.07738e-18)
(0.993199 0.00230568 -1.02438e-17)
(1.00592 0.00281502 2.57378e-17)
(0.990664 0.0051846 -6.06284e-17)
(1.00608 0.00551143 8.93531e-17)
(0.986934 0.0110175 -9.37094e-18)
(1.00475 0.0109987 -2.89886e-18)
(0.981461 0.0229458 -3.16305e-17)
(1.00023 0.02222 9.75569e-17)
(0.973994 0.0480031 2.08487e-17)
(0.990195 0.0450666 2.48486e-17)
(0.966733 0.102425 8.42204e-18)
(0.977439 0.090372 1.19421e-16)
(1.00285 0.000272237 4.79379e-18)
(0.997117 0.00025848 -1.64443e-17)
(1.00351 0.000659177 -7.05286e-18)
(0.996027 0.00109899 -7.43114e-18)
(1.00416 0.00131965 9.22574e-18)
(0.994778 0.00266128 -2.29825e-17)
(1.00462 0.0026148 2.52682e-17)
(0.993017 0.00577204 -1.15865e-16)
(1.00454 0.00528192 2.54349e-17)
(0.990501 0.0120062 -8.22997e-17)
(1.00316 0.0107468 -1.84277e-17)
(0.98695 0.0246019 -2.66921e-17)
(0.999359 0.0219067 3.41678e-17)
(0.982481 0.0505865 7.42597e-18)
(0.992362 0.0444427 -8.50673e-18)
(0.979329 0.104994 -4.43217e-18)
(0.988707 0.0890786 2.3003e-17)
(1.00231 0.000170493 1.78627e-17)
(0.997792 0.000414044 -8.87636e-17)
(1.00281 0.000504246 -1.94793e-17)
(0.99699 0.00133163 -1.24778e-17)
(1.00327 0.00111324 2.29339e-17)
(0.996169 0.00301982 -9.44173e-17)
(1.00358 0.00234586 -1.78356e-18)
(0.995056 0.0063387 -6.72088e-17)
(1.00344 0.00494512 8.67661e-17)
(0.993527 0.0129099 -8.6833e-18)
(1.00236 0.0103304 -1.40601e-18)
(0.9915 0.0260006 -3.19112e-17)
(0.99982 0.0213633 1.08035e-16)
(0.989342 0.0524626 -3.73774e-17)
(0.99651 0.0436009 -1.06298e-16)
(0.989403 0.105823 -2.32116e-17)
(1.00109 0.0879001 -2.54003e-17)
(1.00185 5.65989e-05 2.06474e-17)
(0.998367 0.000576059 -1.61761e-17)
(1.00222 0.000330415 8.66043e-18)
(0.997803 0.0015636 1.66007e-18)
(1.00257 0.000876494 1.17212e-17)
(0.99733 0.00336225 -2.07427e-17)
(1.00282 0.00203022 1.77234e-17)
(0.996738 0.00685319 -1.03638e-16)
(1.00281 0.00453745 2.35084e-17)
(0.996002 0.0136776 -6.52541e-17)
(1.00229 0.00980907 -1.4751e-17)
(0.9952 0.0270662 -9.44301e-18)
(1.00134 0.0206817 3.823e-17)
(0.994954 0.0535652 1.75326e-17)
(1.00181 0.042652 -3.23676e-17)
(0.997973 0.105029 -1.32642e-17)
(1.01311 0.086605 -1.90256e-17)
(1.00146 -6.4296e-05 7.84028e-17)
(0.998832 0.00073689 -8.91226e-18)
(1.00175 0.000146099 8.71116e-17)
(0.99846 0.00178382 2.16422e-17)
(1.00205 0.000622037 1.20956e-17)
(0.998265 0.00367166 -4.9074e-18)
(1.00234 0.00168685 -1.50594e-19)
(0.998095 0.00729034 2.97462e-17)
(1.00258 0.00408699 8.88504e-17)
(0.998013 0.0142744 8.77472e-17)
(1.00277 0.00922241 2.33395e-18)
(0.998267 0.0277602 6.522e-17)
(1.00352 0.0199104 1.12959e-16)
(0.999782 0.053891 5.65982e-17)
(1.00749 0.0416701 -8.23929e-17)
(1.00581 0.102786 -2.49957e-17)
(1.02406 0.0850509 -1.52894e-17)
(1.00114 -0.000187106 2.1741e-17)
(0.999194 0.000890079 -1.68677e-17)
(1.00138 -4.1904e-05 8.74544e-18)
(0.998976 0.00198316 2.42808e-18)
(1.00168 0.000359924 9.45634e-18)
(0.999007 0.00393544 -2.12138e-17)
(1.00208 0.00132948 1.65818e-17)
(0.999191 0.00763368 -1.00041e-16)
(1.00264 0.00361154 2.48552e-17)
(0.999685 0.0146826 -6.24947e-17)
(1.00361 0.00859061 -1.64873e-17)
(1.00092 0.0280759 -4.75653e-18)
(1.00601 0.0190637 3.95894e-17)
(1.00419 0.0534877 2.69562e-17)
(1.01304 0.0406055 -2.94285e-17)
(1.0133 0.0994135 -1.52711e-17)
(1.03386 0.0830881 -1.32702e-17)
(1.00088 -0.000307224 2.37763e-17)
(0.999469 0.00103075 -8.73898e-17)
(1.00111 -0.00022819 -1.66077e-17)
(0.999377 0.00215509 -8.75641e-18)
(1.00144 9.7541e-05 2.30287e-17)
(0.999598 0.00414577 -9.1284e-17)
(1.00198 0.000966664 -5.49672e-18)
(1.0001 0.00787469 -6.26901e-17)
(1.0029 0.0031206 8.69525e-17)
(1.00113 0.0148976 -3.7309e-18)
(1.00463 0.00792157 -1.83825e-18)
)
;

boundaryField
{
    inlet
    {
        type            uniformFixedValue;
        uniformValue    constant (1 0 0);
        value           uniform (1 0 0);
    }
    outlet
    {
        type            pressureInletOutletVelocity;
        value           nonuniform 0();
    }
    polygon
    {
        type            fixedValue;
        value           nonuniform 0();
    }
    top
    {
        type            symmetryPlane;
    }
    bottom
    {
        type            symmetryPlane;
    }
    outside
    {
        type            zeroGradient;
    }
    procBoundary48to40
    {
        type            processor;
        value           nonuniform List<vector> 
18
(
(0.989913 0.00166494 -7.97991e-18)
(1.00879 0.00293756 2.53582e-17)
(0.985639 0.00406297 -6.20147e-17)
(1.00982 0.00551059 8.5625e-17)
(0.979047 0.00900507 -1.46848e-17)
(1.0094 0.0107337 -5.72166e-18)
(0.968696 0.01928 -3.48545e-17)
(1.00528 0.0216011 9.56376e-17)
(0.952726 0.041401 1.11491e-17)
(0.992837 0.0447007 3.82089e-17)
(0.931503 0.0922731 5.37073e-18)
(0.965497 0.0935157 1.06831e-16)
(1.00401 0.000418097 -4.73742e-20)
(0.995592 -5.93392e-06 8.56473e-19)
(1.0051 0.000881438 6.34047e-20)
(0.993826 0.000675635 -2.59732e-18)
(1.00628 0.00158995 3.19253e-18)
(1.00628 0.00158995 3.19253e-18)
)
;
    }
    procBoundary48to41
    {
        type            processor;
        value           nonuniform List<vector> 5((0.950917 0.222215 -3.63952e-17) (0.971664 0.219245 2.16146e-17) (0.987615 0.212451 3.21525e-17) (1.00124 0.203529 9.60159e-17) (1.01403 0.193571 3.23135e-17));
    }
    procBoundary48to49
    {
        type            processor;
        value           nonuniform List<vector> 2((1.02646 0.183106 7.89017e-18) (1.03846 0.17236 6.59656e-18));
    }
    procBoundary48to56
    {
        type            processor;
        value           nonuniform List<vector> 
18
(
(1.00332 0.0280245 -2.55905e-17)
(1.00858 0.0181454 1.06163e-16)
(1.00837 0.052411 -3.07871e-17)
(1.01826 0.0393546 -1.0115e-16)
(1.02053 0.0952389 -2.58487e-17)
(1.04267 0.0806329 -2.91234e-17)
(1.00068 -0.0004219 1.79302e-17)
(0.999673 0.00115527 -1.82241e-17)
(1.0009 -0.000408652 9.19162e-18)
(0.999689 0.00229587 2.03645e-18)
(1.00128 -0.000161539 1.36454e-17)
(1.00008 0.00429837 -1.84932e-17)
(1.00199 0.000603143 1.46218e-17)
(1.00087 0.00801056 -1.00828e-16)
(1.00326 0.0026186 2.56431e-17)
(1.00241 0.0149231 -6.34534e-17)
(1.00332 0.0280245 -2.55905e-17)
(1.00572 0.00721709 -1.2371e-17)
)
;
    }
}


// ************************************************************************* //
