/*--------------------------------*- C++ -*----------------------------------*\
  =========                 |
  \\      /  F ield         | OpenFOAM: The Open Source CFD Toolbox
   \\    /   O peration     | Website:  https://openfoam.org
    \\  /    A nd           | Version:  7
     \\/     M anipulation  |
\*---------------------------------------------------------------------------*/
FoamFile
{
    version     2.0;
    format      ascii;
    class       surfaceScalarField;
    location    "114";
    object      phi;
}
// * * * * * * * * * * * * * * * * * * * * * * * * * * * * * * * * * * * * * //

dimensions      [0 3 -1 0 0 0 0];

internalField   nonuniform List<scalar> 
321
(
0.00162139
9.1213e-06
0.00162221
-9.30639e-06
0.00162054
2.06112e-05
0.00162121
-6.7526e-06
0.00161868
3.12367e-05
0.00161877
7.6496e-07
0.00161481
4.79936e-05
0.00161349
1.84867e-05
0.00160695
7.69072e-05
0.00160236
5.90915e-05
0.00159087
0.00013064
0.00157881
0.000150742
0.00155703
0.000237621
0.00152746
0.000365272
-0.000335698
0.00148172
0.00047246
-0.000426725
0.00140643
0.000924679
-0.000849385
0.00129293
0.00109662
-0.000983118
0.00273371
-0.002507
0.00162139
9.85024e-06
0.00162222
-1.01391e-05
0.00162053
2.23024e-05
0.00162122
-7.44189e-06
0.00161866
3.38e-05
0.00161878
6.39543e-07
0.00161476
5.20175e-05
0.00161348
1.97622e-05
0.00160683
8.35545e-05
0.00160228
6.36455e-05
0.00159057
0.00014235
0.00157854
0.000162774
0.00155627
0.00025989
0.00152667
0.000394872
0.00147969
0.000519436
0.00140435
0.00100002
0.00128718
0.00121379
0.00295927
0.00162138
1.0583e-05
0.00162223
-1.0984e-05
0.00162052
2.40111e-05
0.00162123
-8.14795e-06
0.00161864
3.6388e-05
0.00161879
4.92491e-07
0.00161472
5.6086e-05
0.00161347
2.10115e-05
0.00160673
9.0291e-05
0.0016022
6.8174e-05
0.0015903
0.000154251
0.00157828
0.000174795
0.00155557
0.000282601
0.00152595
0.000424496
0.00147783
0.00056755
0.0014025
0.00107535
0.00128201
0.00133428
0.00318306
0.00162138
1.13196e-05
0.00162224
-1.18421e-05
0.00162051
2.57386e-05
0.00162124
-8.87277e-06
0.00161862
3.90026e-05
0.00161879
3.20026e-07
0.00161468
6.02023e-05
0.00161346
2.22283e-05
0.00160663
9.71215e-05
0.00160214
7.26662e-05
0.00159004
0.00016635
0.00157805
0.000186786
0.00155489
0.00030576
0.00152527
0.000454113
0.00147605
0.000616771
0.0014008
0.0011506
0.00127726
0.00145782
0.0034045
0.00162138
1.20601e-05
0.00162225
-1.27143e-05
0.0016205
2.7486e-05
0.00162125
-9.61824e-06
0.0016186
4.16453e-05
0.00161881
1.18547e-07
0.00161464
6.4369e-05
0.00161346
2.34063e-05
0.00160653
0.000104051
0.00160209
7.71111e-05
0.00158978
0.000178653
0.00157784
0.000198728
0.00155423
0.000329369
0.00152466
0.00048369
0.00147435
0.000667072
0.00139926
0.0012257
0.00127291
0.00158417
0.00362302
0.00162137
1.28045e-05
0.00162226
-1.36017e-05
0.00162049
2.92543e-05
0.00162126
-1.03862e-05
0.00161859
4.43178e-05
0.00161882
-1.15997e-07
0.0016146
6.85884e-05
0.00161347
2.45388e-05
0.00160644
0.000111082
0.00160205
8.14966e-05
0.00158954
0.000191164
0.00157767
0.0002106
0.00155361
0.000353431
0.00152412
0.000513182
0.00147277
0.000718417
0.00139793
0.00130054
0.00126909
0.00171301
0.00383811
0.00162137
1.35525e-05
0.00162227
-1.45051e-05
0.00162048
3.10443e-05
0.00162127
-1.11784e-05
0.00161857
4.7021e-05
0.00161884
-3.87183e-07
0.00161457
7.28621e-05
0.00161349
2.56192e-05
0.00160635
0.000118219
0.00160204
8.58101e-05
0.00158932
0.000203887
0.00157754
0.000222376
0.00155303
0.000377942
0.00152367
0.000542538
0.00147133
0.00077076
0.00139689
0.00137498
0.00126589
0.00184401
0.00404924
0.00162137
1.43038e-05
0.00162229
-1.54251e-05
0.00162047
3.28564e-05
0.00162129
-1.19961e-05
0.00161856
4.97556e-05
0.00161887
-6.9819e-07
0.00161454
7.71909e-05
0.00161352
2.66417e-05
0.00160627
0.000125462
0.00160204
9.00401e-05
0.00158911
0.000216823
0.00157745
0.000234033
0.00155249
0.000402898
0.00152333
0.000571702
0.00147003
0.000824057
0.00139614
0.00144887
0.00126338
0.00197677
0.00425589
0.00162136
1.50581e-05
0.0016223
-1.63624e-05
0.00162047
3.46909e-05
0.00162131
-1.28407e-05
0.00161854
5.2521e-05
0.0016189
-1.05257e-06
0.00161451
8.15753e-05
0.00161356
2.75997e-05
0.00160621
0.00160207
0.00158892
0.00157741
0.00155202
0.00152312
0.00146891
0.00139581
0.0012617
0.00162138
0.00162228
0.0016205
0.00162128
0.0016186
0.00161887
0.0016146
0.00181084
0.00176529
0.00168399
0.00157812
)
;

boundaryField
{
    inlet
    {
        type            calculated;
        value           nonuniform List<scalar> 10(-0.00162212 -0.00162212 -0.00162212 -0.00162212 -0.00162212 -0.00162212 -0.00162212 -0.00162212 -0.00162212 -0.00162212);
    }
    outlet
    {
        type            calculated;
        value           nonuniform 0();
    }
    polygon
    {
        type            calculated;
        value           nonuniform 0();
    }
    top
    {
        type            symmetryPlane;
        value           uniform 0;
    }
    bottom
    {
        type            symmetryPlane;
        value           uniform 0;
    }
    outside
    {
        type            calculated;
        value           nonuniform 0();
    }
    procBoundary40to32
    {
        type            processor;
        value           nonuniform List<scalar> 
19
(
-8.39787e-06
8.48963e-06
-1.89431e-05
6.08632e-06
-2.87062e-05
-8.60536e-07
-4.40258e-05
-1.71754e-05
-7.03648e-05
-5.45017e-05
-0.000119144
-0.000138691
-0.000215838
-0.000303263
-0.000381182
-0.000768085
-0.000877249
-0.0022728
-0.00184327
)
;
    }
    procBoundary40to33
    {
        type            processor;
        value           nonuniform List<scalar> 10(0.00106622 0.00106162 0.00105822 0.00105582 0.00105438 0.001054 0.00105476 0.00105672 0.00106018 0.00134392);
    }
    procBoundary40to48
    {
        type            processor;
        value           nonuniform List<scalar> 
19
(
0.000132812
9.41729e-05
0.000229972
0.000245543
0.000428295
0.000600602
0.000878263
0.00152197
0.00211088
0.00445742
1.57923e-05
-1.72607e-05
3.64701e-05
-1.3621e-05
5.52019e-05
-1.31728e-06
8.58406e-05
0.00161351
2.86885e-05
)
;
    }
}


// ************************************************************************* //
