/*--------------------------------*- C++ -*----------------------------------*\
  =========                 |
  \\      /  F ield         | OpenFOAM: The Open Source CFD Toolbox
   \\    /   O peration     | Website:  https://openfoam.org
    \\  /    A nd           | Version:  7
     \\/     M anipulation  |
\*---------------------------------------------------------------------------*/
FoamFile
{
    version     2.0;
    format      ascii;
    class       volVectorField;
    location    "86";
    object      U;
}
// * * * * * * * * * * * * * * * * * * * * * * * * * * * * * * * * * * * * * //

dimensions      [0 1 -1 0 0 0 0];

internalField   nonuniform List<vector> 
115
(
(1.23274 0.145633 2.566e-19)
(1.24265 0.149804 -7.40271e-20)
(1.25223 0.153769 -4.7652e-19)
(1.26145 0.157522 -3.37559e-19)
(1.27028 0.161058 -1.26343e-18)
(1.27869 0.164376 -2.16314e-18)
(1.28668 0.167475 8.70575e-19)
(1.29422 0.170357 -2.34875e-18)
(1.30131 0.173025 3.30012e-18)
(1.30794 0.175484 -5.09219e-19)
(1.31411 0.17774 8.01471e-18)
(1.31983 0.179802 -2.52428e-18)
(1.32511 0.181679 8.02502e-18)
(1.32996 0.18338 -3.94994e-18)
(1.33439 0.184915 6.76567e-18)
(1.33844 0.186298 1.33974e-18)
(1.19084 0.135146 2.41881e-18)
(1.20252 0.139656 1.38023e-18)
(1.21397 0.143994 -1.18222e-18)
(1.22516 0.14815 1.12841e-18)
(1.23603 0.152116 9.85413e-19)
(1.24654 0.155885 3.56823e-18)
(1.25666 0.159451 4.98193e-18)
(1.26634 0.16281 2.64916e-18)
(1.27557 0.165961 7.34196e-18)
(1.28432 0.168904 3.80454e-18)
(1.29257 0.171641 1.05386e-17)
(1.30032 0.174174 7.62696e-18)
(1.30755 0.176509 9.57158e-18)
(1.31427 0.178652 8.65178e-18)
(1.32048 0.18061 9.71813e-18)
(1.32619 0.182393 8.77476e-18)
(1.12951 0.126803 -1.38067e-18)
(1.14348 0.131342 -2.50679e-18)
(1.15735 0.135751 -4.39934e-18)
(1.17107 0.140021 -5.24793e-19)
(1.18457 0.14414 -3.73195e-18)
(1.19779 0.1481 2.03747e-18)
(1.21068 0.151893 -4.05822e-19)
(1.22319 0.155512 6.84411e-19)
(1.23526 0.158953 5.51057e-19)
(1.24686 0.162211 5.63229e-19)
(1.25795 0.165283 8.37379e-19)
(1.2685 0.168169 4.43014e-19)
(1.27847 0.170869 7.26435e-19)
(1.28786 0.173385 4.03297e-19)
(1.29665 0.17572 6.75385e-19)
(1.30484 0.177878 2.1159e-19)
(1.05226 0.116074 -1.21715e-18)
(1.06834 0.120617 -1.58493e-18)
(1.0845 0.125078 -1.61573e-18)
(1.10066 0.129444 -6.88712e-19)
(1.11676 0.133706 -1.21977e-18)
(1.13272 0.137854 5.90024e-19)
(1.14848 0.141877 -5.67456e-19)
(1.16397 0.145766 6.21217e-21)
(1.17912 0.149515 3.91985e-20)
(1.19387 0.153115 1.18768e-19)
(1.20817 0.15656 3.70711e-19)
(1.22197 0.159846 -1.28164e-19)
(1.23521 0.162968 3.44715e-19)
(1.24785 0.165923 -1.42624e-19)
(1.25986 0.168711 3.27103e-19)
(1.27122 0.17133 -7.12853e-20)
(0.960653 0.104078 -1.68883e-18)
(0.978306 0.10848 -3.22266e-18)
(0.996229 0.112849 -5.96973e-18)
(1.01436 0.117175 -1.95687e-18)
(1.03262 0.121448 -6.03272e-18)
(1.05094 0.125659 2.80096e-19)
(1.06925 0.129797 -1.10414e-18)
(1.08747 0.133852 -1.14328e-18)
(1.10553 0.137816 2.79662e-19)
(1.12336 0.14168 -6.95539e-19)
(1.14089 0.145434 1.17043e-18)
(1.15804 0.149072 -5.04843e-19)
(1.17474 0.152585 8.14302e-19)
(1.19094 0.155967 -2.10641e-19)
(1.20658 0.159212 8.7405e-19)
(1.22159 0.162316 -1.60638e-19)
(0.857419 0.0913137 -6.07162e-19)
(0.875855 0.0954309 -1.08081e-18)
(0.894756 0.0995589 -1.64547e-18)
(0.914065 0.10369 -2.24231e-18)
(0.933723 0.107818 -4.14172e-18)
(0.953666 0.111934 -6.77485e-18)
(0.973825 0.116029 -1.31514e-18)
(0.994131 0.120096 -7.09339e-18)
(1.01451 0.124126 7.65086e-19)
(1.03489 0.12811 -5.19872e-18)
(1.05519 0.132039 4.26113e-18)
(1.07534 0.135906 -1.31073e-18)
(1.09525 0.1397 2.60159e-18)
(1.11486 0.143415 -1.03399e-18)
(1.13408 0.14704 2.50568e-18)
(1.15283 0.15057 1.53485e-19)
(0.746485 0.0783659 6.96073e-19)
(0.764829 0.0820726 2.03682e-20)
(0.783798 0.0858235 -1.06476e-18)
(0.803351 0.0896144 -1.04914e-18)
(0.823445 0.0934408 -2.83444e-18)
(0.844031 0.0972974 -5.41656e-18)
(0.865057 0.101179 6.30186e-19)
(0.886465 0.10508 -5.55439e-18)
(0.908196 0.108993 3.25218e-18)
(0.930185 0.112913 -2.12341e-18)
(0.952366 0.116833 1.00981e-17)
(0.974665 0.120745 -3.87331e-18)
(0.99701 0.124643 9.46351e-18)
(1.01932 0.128519 -5.21478e-18)
(1.04152 0.132364 7.26282e-18)
(1.06353 0.13617 1.89812e-18)
(0.632405 0.0658383 6.32411e-18)
(0.649848 0.0690451 4.25809e-18)
(0.668018 0.0723172 -1.09842e-18)
)
;

boundaryField
{
    inlet
    {
        type            uniformFixedValue;
        uniformValue    constant (1 0 0);
        value           nonuniform 0();
    }
    outlet
    {
        type            pressureInletOutletVelocity;
        value           nonuniform 0();
    }
    polygon
    {
        type            fixedValue;
        value           nonuniform 0();
    }
    top
    {
        type            symmetryPlane;
    }
    bottom
    {
        type            symmetryPlane;
    }
    outside
    {
        type            zeroGradient;
    }
    procBoundary60to52
    {
        type            processor;
        value           nonuniform List<vector> 
17
(
(0.686892 0.0756531 1.30991e-19)
(0.706444 0.0790509 1.32557e-19)
(0.726643 0.0825082 1.86879e-18)
(0.747455 0.0860226 7.30891e-18)
(0.768844 0.0895911 9.91464e-19)
(0.790768 0.0932107 9.48953e-18)
(0.813183 0.0968779 3.36633e-18)
(0.836039 0.100589 1.39247e-17)
(0.859284 0.10434 8.32245e-18)
(0.882859 0.108127 1.3055e-17)
(0.906702 0.111944 8.78738e-18)
(0.930747 0.115787 1.385e-17)
(0.954923 0.119649 1.07158e-17)
(0.519617 0.0542322 2.22559e-18)
(0.535532 0.0568949 1.12608e-18)
(0.686892 0.0756531 1.30991e-19)
(0.552213 0.059633 -4.68314e-19)
)
;
    }
    procBoundary60to53
    {
        type            processor;
        value           nonuniform List<vector> 2((0.728803 0.0747071 1.8819e-18) (0.615711 0.062698 8.73686e-18));
    }
    procBoundary60to59
    {
        type            processor;
        value           nonuniform List<vector> 7((1.3421 0.187538 3.33417e-18) (1.33141 0.184009 8.96487e-18) (1.31242 0.179864 3.50942e-19) (1.28189 0.173782 5.72889e-20) (1.23594 0.165274 1.85338e-19) (1.17106 0.153996 1.2269e-18) (1.08526 0.13993 3.78665e-18));
    }
    procBoundary60to61
    {
        type            processor;
        value           nonuniform List<vector> 6((1.22254 0.141264 7.84639e-19) (1.17899 0.130476 4.03634e-18) (1.11551 0.122146 -6.80622e-19) (1.03631 0.11146 -7.61882e-19) (0.943336 0.0996521 -9.20339e-19) (0.839501 0.0872141 -9.34691e-21));
    }
}


// ************************************************************************* //
