/*--------------------------------*- C++ -*----------------------------------*\
  =========                 |
  \\      /  F ield         | OpenFOAM: The Open Source CFD Toolbox
   \\    /   O peration     | Website:  https://openfoam.org
    \\  /    A nd           | Version:  7
     \\/     M anipulation  |
\*---------------------------------------------------------------------------*/
FoamFile
{
    version     2.0;
    format      ascii;
    class       volVectorField;
    location    "18";
    object      U;
}
// * * * * * * * * * * * * * * * * * * * * * * * * * * * * * * * * * * * * * //

dimensions      [0 1 -1 0 0 0 0];

internalField   nonuniform List<vector> 
175
(
(0.852153 -0.00914492 -6.89542e-20)
(0.841443 -0.00955076 -2.01229e-19)
(0.839362 -0.00928638 1.41037e-19)
(0.830634 -0.00987621 -1.95437e-20)
(0.826674 -0.00967315 4.0405e-20)
(0.819 -0.0102343 2.99911e-19)
(0.804864 -0.0213035 1.64301e-18)
(0.797966 -0.0221491 -9.61147e-19)
(0.791087 -0.0228187 3.74494e-19)
(0.783782 -0.023713 -1.76474e-18)
(0.77633 -0.024549 6.59348e-20)
(0.768503 -0.025535 9.5881e-20)
(0.760422 -0.0265281 -9.07423e-19)
(0.864206 -0.015972 2.12465e-19)
(0.8543 -0.0170665 5.19492e-20)
(0.852163 -0.0162033 3.47327e-19)
(0.844245 -0.017511 2.61462e-19)
(0.840342 -0.0169805 3.51335e-19)
(0.833361 -0.0180825 4.08564e-19)
(0.828354 -0.0179678 1.05291e-18)
(0.821691 -0.0188845 -1.98654e-19)
(0.815926 -0.0190973 6.29351e-19)
(0.809224 -0.0199196 -5.57063e-20)
(0.802854 -0.0203724 1.19477e-18)
(0.795896 -0.0211811 -1.33064e-18)
(0.788966 -0.0218194 3.66054e-19)
(0.781603 -0.0226737 -8.14865e-19)
(0.774096 -0.023471 8.71459e-20)
(0.76621 -0.0244121 -6.96856e-19)
(0.758073 -0.0253594 -1.32163e-18)
(0.749559 -0.0264157 3.14886e-18)
(0.862723 -0.0152573 1.52288e-19)
(0.852714 -0.0162549 -1.31861e-20)
(0.850599 -0.0154776 2.048e-19)
(0.842569 -0.0166972 1.02606e-19)
(0.838671 -0.0162077 2.39402e-19)
(0.831601 -0.0172489 3.39345e-19)
(0.826577 -0.0171446 1.00744e-18)
(0.81984 -0.0180156 1.2111e-19)
(0.814042 -0.0182197 7.30471e-19)
(0.807275 -0.0190028 -7.43773e-20)
(0.800861 -0.0194345 1.0511e-18)
(0.793842 -0.0202049 -1.06851e-18)
(0.786863 -0.0208129 4.91123e-19)
(0.77944 -0.0216265 9.43473e-20)
(0.771878 -0.0223856 2.08645e-19)
(0.763932 -0.0232816 -3.78857e-19)
(0.755737 -0.0241833 -1.21684e-18)
(0.747161 -0.0251889 3.16492e-18)
(0.861264 -0.014532 1.29694e-19)
(0.851155 -0.0154411 3.44982e-21)
(0.849057 -0.0147412 9.34915e-20)
(0.840922 -0.0158767 1.71972e-19)
(0.837025 -0.0154255 1.09892e-19)
(0.829867 -0.0164068 5.7428e-19)
(0.824825 -0.0163118 1.11817e-18)
(0.818015 -0.0171372 1.68551e-20)
(0.812183 -0.0173321 4.18796e-19)
(0.805352 -0.0180756 4.57484e-19)
(0.798895 -0.0184858 1.18093e-18)
(0.791815 -0.0192174 -2.99544e-19)
(0.784784 -0.0197946 5.28607e-19)
(0.777302 -0.0205672 1.83116e-19)
(0.769685 -0.0212876 3.85481e-19)
(0.761678 -0.0221382 -1.09277e-20)
(0.753424 -0.0229939 -6.10657e-19)
(0.744787 -0.0239482 3.35313e-18)
(0.859835 -0.0137966 6.57125e-20)
(0.84963 -0.0146246 1.47476e-20)
(0.847545 -0.0139951 1.54567e-19)
(0.839309 -0.0150498 2.64546e-19)
(0.835411 -0.0146352 -7.63065e-20)
(0.828169 -0.0155574 7.82175e-19)
(0.823105 -0.0154711 1.05966e-18)
(0.816225 -0.0162509 -7.75556e-20)
(0.810358 -0.0164363 1.30642e-19)
(0.803464 -0.01714 8.84872e-19)
(0.796962 -0.0175285 8.96882e-19)
(0.789822 -0.0182212 5.00358e-19)
(0.78274 -0.0187674 6.07447e-19)
(0.775198 -0.0194987 2.28522e-19)
(0.767525 -0.0201803 6.49231e-19)
(0.759458 -0.0209852 -5.18495e-19)
(0.751145 -0.0217947 6.18775e-19)
(0.742446 -0.0226976 2.41904e-18)
(0.858444 -0.0130527 9.6162e-21)
(0.848144 -0.0138032 1.71064e-20)
(0.846069 -0.0132412 2.5461e-20)
(0.837737 -0.014216 2.17738e-19)
(0.833835 -0.0138377 -4.32614e-20)
(0.826512 -0.0147004 6.54102e-19)
(0.821426 -0.0146233 7.89485e-19)
(0.814478 -0.0153568 -1.2699e-19)
(0.808575 -0.0155331 -1.8749e-19)
(0.801619 -0.0161966 1.3973e-18)
(0.795072 -0.0165634 7.92032e-19)
(0.787873 -0.0172169 6.89592e-19)
(0.78074 -0.0177322 8.26339e-19)
(0.773138 -0.018422 2.84972e-19)
(0.76541 -0.0190648 1.10201e-18)
(0.757283 -0.0198237 -1.6505e-19)
(0.74891 -0.020587 1.67279e-18)
(0.740149 -0.0214383 2.63033e-18)
(0.857095 -0.0123008 -4.40345e-20)
(0.846706 -0.0129766 2.32142e-20)
(0.844636 -0.0124797 4.59752e-20)
(0.836214 -0.0133753 1.98217e-19)
(0.832304 -0.0130333 -5.52003e-20)
(0.824904 -0.0138361 4.98484e-19)
(0.819796 -0.0137684 2.79269e-19)
(0.812781 -0.0144552 -1.35198e-19)
(0.806843 -0.0146225 -1.65336e-19)
(0.799826 -0.0152453 2.09544e-18)
(0.793234 -0.0155906 1.33181e-19)
(0.785977 -0.0162045 8.99293e-19)
(0.778793 -0.0166889 1.1657e-18)
(0.771133 -0.0173369 3.78871e-19)
(0.76335 -0.0179408 1.84385e-18)
(0.755163 -0.0186537 5.24688e-20)
(0.746731 -0.0193706 2.61777e-18)
(0.737907 -0.0201703 3.04636e-18)
(0.855795 -0.0115414 -1.16096e-19)
(0.845321 -0.0121444 -7.23089e-20)
(0.843252 -0.0117107 6.77571e-20)
(0.834747 -0.0125276 -1.22165e-20)
(0.830827 -0.0122218 1.78383e-19)
(0.823353 -0.0129642 4.04423e-19)
(0.818222 -0.0129062 -1.17158e-19)
(0.811142 -0.0135457 -1.04764e-19)
(0.805169 -0.0137043 7.06966e-20)
(0.798093 -0.0142859 2.41836e-18)
(0.791458 -0.0146098 -4.58219e-19)
(0.784143 -0.0151838 4.82567e-19)
(0.77691 -0.0156372 1.68504e-18)
(0.769192 -0.0162432 3.79996e-19)
(0.761354 -0.0168081 1.97123e-18)
(0.753108 -0.0174747 1.07424e-19)
(0.744618 -0.0181451 2.7006e-18)
(0.735733 -0.0188928 3.89277e-18)
(0.854551 -0.0107749 -5.07926e-20)
(0.843995 -0.0113064 -1.05135e-19)
(0.841925 -0.0109346 8.77593e-20)
(0.833342 -0.0116729 -1.7845e-20)
(0.829411 -0.0114031 8.88503e-20)
(0.821867 -0.0120847 7.35149e-19)
(0.816711 -0.0120367 -9.14907e-20)
(0.80957 -0.0126282 -1.111e-19)
(0.803562 -0.0127781 -4.73091e-20)
(0.796429 -0.0133181 2.60094e-18)
(0.789752 -0.0136205 -9.94487e-19)
(0.782381 -0.0141541 -1.32958e-19)
(0.775099 -0.0145764 1.71693e-18)
(0.767326 -0.01514 2.81127e-19)
(0.759435 -0.0156657 2.35126e-18)
(0.751131 -0.0162858 1.11236e-19)
(0.742584 -0.0169094 2.68487e-18)
(0.733639 -0.0176049 3.90693e-18)
(0.853368 -0.0100005 -5.98199e-20)
(0.842736 -0.0104647 -1.7326e-19)
(0.840662 -0.0101508 1.15193e-19)
(0.832006 -0.010813 -1.57831e-20)
(0.828062 -0.0105779 -5.74589e-20)
(0.820453 -0.0111993 4.87704e-19)
(0.815273 -0.0111609 2.68393e-22)
(0.808074 -0.0117046 -1.47223e-19)
(0.802032 -0.0118457 1.29525e-19)
(0.794844 -0.0123439 2.096e-18)
(0.788125 -0.0126247 -1.53176e-18)
(0.780701 -0.0131179 -1.00334e-18)
(0.773372 -0.013509 1.12846e-18)
(0.765544 -0.0140301 1.09333e-19)
(0.757601 -0.0145165 3.09969e-18)
(0.749242 -0.0150898 -1.07344e-18)
(0.740639 -0.0156666 2.67615e-18)
(0.731636 -0.0163096 4.44283e-18)
)
;

boundaryField
{
    inlet
    {
        type            uniformFixedValue;
        uniformValue    constant (1 0 0);
        value           nonuniform 0();
    }
    outlet
    {
        type            pressureInletOutletVelocity;
        value           nonuniform List<vector> 10((0.852153 -0.00914492 -6.89542e-20) (0.864206 -0.015972 2.12465e-19) (0.862723 -0.0152573 1.52288e-19) (0.861264 -0.014532 1.29694e-19) (0.859835 -0.0137966 6.57125e-20) (0.858444 -0.0130527 9.6162e-21) (0.857095 -0.0123008 -4.40345e-20) (0.855795 -0.0115414 -1.16096e-19) (0.854551 -0.0107749 -5.07926e-20) (0.853368 -0.0100005 -5.98199e-20));
    }
    polygon
    {
        type            fixedValue;
        value           nonuniform 0();
    }
    top
    {
        type            symmetryPlane;
    }
    bottom
    {
        type            symmetryPlane;
    }
    outside
    {
        type            zeroGradient;
    }
    procBoundary47to39
    {
        type            processor;
        value           nonuniform List<vector> 
19
(
(0.850941 -0.00820551 -6.73907e-20)
(0.840154 -0.00856326 -3.07951e-19)
(0.838065 -0.00833395 -2.60051e-19)
(0.829266 -0.00885694 -5.20579e-19)
(0.825289 -0.00867916 1.1762e-19)
(0.813793 -0.0102044 1.44116e-19)
(0.817549 -0.00917999 -6.90043e-19)
(0.813793 -0.0102044 1.44116e-19)
(0.806535 -0.0106988 -2.31437e-19)
(0.800457 -0.0108302 6.991e-20)
(0.793213 -0.0112848 1.42732e-18)
(0.786451 -0.0115427 -2.11038e-18)
(0.778972 -0.0119933 -2.40679e-18)
(0.771594 -0.0123515 5.20387e-19)
(0.763711 -0.0128279 -3.53917e-19)
(0.755715 -0.0132729 3.55709e-18)
(0.747298 -0.013797 -1.41347e-18)
(0.738638 -0.0143243 2.65156e-18)
(0.729574 -0.014912 4.37219e-18)
)
;
    }
    procBoundary47to46
    {
        type            processor;
        value           nonuniform List<vector> 
11
(
(0.751969 -0.0276352 3.58922e-18)
(0.751969 -0.0276352 3.58922e-18)
(0.740717 -0.0275141 6.20532e-19)
(0.738258 -0.0262344 1.65749e-18)
(0.735822 -0.0249404 2.79037e-18)
(0.733418 -0.0236362 4.05019e-18)
(0.731058 -0.0223233 3.17577e-18)
(0.728754 -0.0210014 2.49677e-18)
(0.726519 -0.01967 3.17181e-18)
(0.724363 -0.0183279 2.85192e-18)
(0.722301 -0.0169781 2.67455e-18)
)
;
    }
    procBoundary47to55
    {
        type            processor;
        value           nonuniform List<vector> 
18
(
(0.86571 -0.0166883 2.40643e-19)
(0.855906 -0.0178587 9.93592e-20)
(0.853743 -0.0169309 4.95926e-19)
(0.845942 -0.0183102 2.1985e-19)
(0.84203 -0.0177515 4.96659e-19)
(0.835142 -0.0189047 9.60616e-20)
(0.83015 -0.0187867 8.80721e-19)
(0.823562 -0.0197439 -5.36884e-19)
(0.817829 -0.0199689 5.87176e-19)
(0.811191 -0.0208278 4.49435e-19)
(0.811191 -0.0208278 4.49435e-19)
(0.810986 -0.0241528 3.99853e-18)
(0.804267 -0.0250998 -1.21723e-19)
(0.797532 -0.0258768 3.16487e-18)
(0.7904 -0.0268884 -2.92063e-18)
(0.783104 -0.0278495 -4.89541e-19)
(0.775448 -0.0289704 -3.20648e-19)
(0.767533 -0.0301074 1.54608e-18)
)
;
    }
}


// ************************************************************************* //
