/*--------------------------------*- C++ -*----------------------------------*\
  =========                 |
  \\      /  F ield         | OpenFOAM: The Open Source CFD Toolbox
   \\    /   O peration     | Website:  https://openfoam.org
    \\  /    A nd           | Version:  7
     \\/     M anipulation  |
\*---------------------------------------------------------------------------*/
FoamFile
{
    version     2.0;
    format      ascii;
    class       surfaceScalarField;
    location    "92";
    object      phi;
}
// * * * * * * * * * * * * * * * * * * * * * * * * * * * * * * * * * * * * * //

dimensions      [0 3 -1 0 0 0 0];

internalField   nonuniform List<scalar> 
323
(
0.000272306
0.000104937
-9.55483e-05
0.000261226
0.000124278
-0.000113198
0.000248145
0.000147377
-0.000134296
0.000232429
0.000178796
-0.00016308
0.000213722
0.00021697
-0.000198263
0.000190753
0.000267627
-0.000244658
0.000163308
0.000336345
-0.0003089
0.000129586
0.00040833
-0.000374608
8.90619e-05
0.00053812
-0.000497595
4.68755e-05
0.000586858
-0.000544671
-1.64344e-06
0.000716878
-0.00066836
0.000456869
-0.000458513
0.000261572
0.00011462
0.000250237
0.000135612
0.000236959
0.000160656
0.000221142
0.000194614
0.000202492
0.00023562
0.000179783
0.000290336
0.000153057
0.000363072
0.000120407
0.00044098
8.21712e-05
0.000576355
4.27277e-05
0.000626301
-2.67976e-06
0.000762286
0.000454189
0.000249936
0.000124611
0.000238342
0.000147207
0.000224873
0.000174125
0.00020898
0.000210507
0.000190435
0.000254164
0.000168078
0.000312694
0.000142221
0.000388929
0.000110871
0.000472329
7.53111e-05
0.000611915
3.88378e-05
0.000662774
-3.40106e-06
0.000804525
0.000450788
0.000237387
0.000134923
0.000225527
0.000159066
0.000211873
0.000187779
0.000195928
0.000226452
0.000177538
0.000272554
0.000155624
0.000334608
0.000130779
0.000413774
0.000100946
0.000502162
6.8393e-05
3.50382e-05
-3.98197e-06
0.000223887
0.000211754
0.000197916
0.00018194
0.000163747
0.000142357
0.000118651
0.000379931
1.41921e-05
0.000367019
1.51172e-05
0.000350966
1.69442e-05
0.000330982
1.97182e-05
0.00030605
2.37191e-05
0.000273804
3.03019e-05
0.000234529
3.68244e-05
0.000181528
5.02425e-05
0.000122138
5.64294e-05
5.19998e-05
6.72537e-05
4.98043e-05
0.000389144
2.23412e-05
0.000378515
2.48214e-05
0.000365522
2.81102e-05
0.000349375
3.30914e-05
0.000329292
3.98008e-05
0.000304232
4.87793e-05
0.000271876
6.26577e-05
0.000232444
7.62565e-05
0.000179356
0.000103331
0.000120047
0.000115738
5.01953e-05
0.000137106
9.99996e-05
0.000386744
3.10649e-05
0.000376034
3.55308e-05
0.000362966
4.11783e-05
0.000346744
4.93138e-05
0.000326612
5.9933e-05
0.000301492
7.38984e-05
0.000269167
9.49829e-05
0.000229757
0.000115666
0.000176859
0.000156229
0.000117992
0.000174604
4.86074e-05
0.000206491
0.000148607
0.000383285
3.98833e-05
0.000372489
4.63263e-05
0.000359351
5.43168e-05
0.000343074
6.55905e-05
0.000322938
8.0069e-05
0.000297837
9.89998e-05
0.000265675
0.000127145
0.000226478
0.000154863
0.000174037
0.000208671
0.000115974
0.000232667
4.72098e-05
0.000275255
0.000195817
0.00037876
4.881e-05
0.000367873
5.72133e-05
0.00035467
6.75202e-05
0.000338361
8.18991e-05
0.000318269
0.000100161
0.000293264
0.000124005
0.000261401
0.000159007
0.000222611
0.000193654
0.000170899
0.000260382
0.000113994
0.000289572
4.59856e-05
0.000343264
0.000241802
0.000373159
5.78584e-05
0.000362175
6.81969e-05
0.000348913
8.07823e-05
0.000332596
9.82163e-05
0.000312596
0.000120162
0.000287769
0.000148831
0.000256345
0.000190432
0.000218155
0.000231844
0.000167457
0.00031108
0.00011206
0.00034497
4.49243e-05
0.000410399
0.000286727
0.000366466
6.70421e-05
0.000355381
7.92817e-05
0.000342067
9.40967e-05
0.000325766
0.000114518
0.000305906
0.000140021
0.000281342
0.000173395
0.000250497
0.000221277
0.000213106
0.000269234
0.000163715
0.000360471
0.00011017
0.000398515
4.40117e-05
0.000476557
0.000330738
0.000358664
7.6375e-05
0.000347473
9.04726e-05
0.000334113
0.000107457
0.000317853
0.000130777
0.000298184
0.00015969
0.000273968
0.000197611
0.000243845
0.0002514
0.000207453
0.000305626
0.000159677
0.000408248
0.000108315
0.000449877
4.3212e-05
0.00054166
0.00037395
0.000349731
8.58716e-05
0.000338429
0.000101775
0.000325028
0.000120858
0.000308835
0.000146971
0.000289405
0.000179119
0.000265626
0.000221391
0.00023637
0.000280656
0.000201179
0.000340817
0.000155346
0.00045408
0.000106497
0.000498726
4.24928e-05
0.000605664
0.000416443
0.000339643
0.00032822
0.000314781
0.000298672
0.000279528
0.000256261
0.000228017
0.000194225
0.00015071
0.000104765
4.20696e-05
)
;

boundaryField
{
    inlet
    {
        type            calculated;
        value           nonuniform 0();
    }
    outlet
    {
        type            calculated;
        value           nonuniform 0();
    }
    polygon
    {
        type            calculated;
        value           uniform 0;
    }
    top
    {
        type            symmetryPlane;
        value           uniform 0;
    }
    bottom
    {
        type            symmetryPlane;
        value           uniform 0;
    }
    outside
    {
        type            calculated;
        value           nonuniform 0();
    }
    procBoundary26to18
    {
        type            processor;
        value           nonuniform List<scalar> 
13
(
0.000644468
0.000696129
0.000843545
0.000446806
0.000145572
0.000171199
0.000201617
0.000242428
0.000290747
0.000355998
0.00043748
9.0535e-05
0.000530279
)
;
    }
    procBoundary26to19
    {
        type            processor;
        value           nonuniform List<scalar> 6(-0.000281695 -0.000271255 -0.000259927 -0.000247699 -0.000234536 -0.000349319);
    }
    procBoundary26to27
    {
        type            processor;
        value           nonuniform List<scalar> 10(-0.000390487 -1.36982e-05 -0.000397787 -0.000395467 -0.000392103 -0.000387687 -0.000382207 -0.00037565 -0.000367997 -0.000359228);
    }
    procBoundary26to34
    {
        type            processor;
        value           nonuniform List<scalar> 
11
(
-3.63625e-06
-2.20503e-06
-8.90577e-07
2.65279e-07
1.21265e-06
1.94418e-06
2.45107e-06
2.75847e-06
2.9603e-06
2.8845e-06
2.19555e-06
)
;
    }
}


// ************************************************************************* //
