/*--------------------------------*- C++ -*----------------------------------*\
  =========                 |
  \\      /  F ield         | OpenFOAM: The Open Source CFD Toolbox
   \\    /   O peration     | Website:  https://openfoam.org
    \\  /    A nd           | Version:  7
     \\/     M anipulation  |
\*---------------------------------------------------------------------------*/
FoamFile
{
    version     2.0;
    format      ascii;
    class       volVectorField;
    location    "16";
    object      U;
}
// * * * * * * * * * * * * * * * * * * * * * * * * * * * * * * * * * * * * * //

dimensions      [0 1 -1 0 0 0 0];

internalField   nonuniform List<vector> 
125
(
(0.910331 0.0501522 4.45671e-18)
(1.00566 0.000327739 -4.31871e-18)
(0.993391 -0.000308021 -4.13919e-18)
(1.00711 0.000768325 1.46034e-17)
(0.990839 -7.67522e-05 6.8965e-18)
(1.00866 0.00113337 2.3272e-17)
(0.987159 0.00042549 1.16101e-17)
(1.00999 0.00180949 -2.37857e-18)
(0.981467 0.00157382 -6.44593e-18)
(1.01037 0.00303846 2.0975e-17)
(0.972355 0.00401184 1.27352e-17)
(1.00821 0.0054642 1.6584e-17)
(0.957005 0.00928179 2.22155e-17)
(0.99988 0.0106586 2.41979e-17)
(0.929431 0.0212501 6.94862e-18)
(0.976914 0.02295 -1.42506e-19)
(0.875944 0.0515133 -3.77389e-17)
(0.918855 0.0579924 1.96143e-17)
(1.00567 0.000369673 7.81265e-18)
(0.993371 -0.0003566 -4.42619e-18)
(1.00716 0.000871427 2.48297e-17)
(0.990773 -0.000114085 1.49445e-17)
(1.00879 0.00128549 1.34881e-17)
(0.987038 0.000437179 6.02616e-18)
(1.01025 0.00205915 2.98262e-18)
(0.981243 0.00170378 -2.04657e-17)
(1.01087 0.00347153 8.42304e-18)
(0.971956 0.00440274 1.24123e-18)
(1.00914 0.00627215 6.49025e-18)
(0.956299 0.0102525 9.52316e-18)
(1.00167 0.0122721 1.36529e-17)
(0.928214 0.0235423 6.42048e-18)
(0.980668 0.0264594 -1.33148e-17)
(0.874105 0.0570061 -4.00309e-17)
(0.928453 0.0665116 3.28647e-18)
(1.00566 0.000421722 3.2777e-18)
(0.993373 -0.000384214 -4.27968e-18)
(1.00722 0.000972773 3.51572e-18)
(0.990711 -9.057e-05 3.07543e-18)
(1.00897 0.00144538 5.69373e-18)
(0.986908 0.000531367 -1.23108e-18)
(1.01064 0.00233365 5.59102e-18)
(0.980985 0.0019627 -2.54586e-17)
(1.01165 0.0039638 3.15139e-18)
(0.971477 0.00499139 -1.85018e-17)
(1.01067 0.00720938 -2.54937e-18)
(0.955448 0.0115181 -1.22572e-18)
(1.00471 0.0141516 8.02428e-18)
(0.926815 0.0262269 2.95567e-18)
(0.987224 0.0304954 -5.71831e-18)
(0.872425 0.0627196 -1.44354e-17)
(0.945492 0.0759281 -5.97166e-18)
(1.00557 0.000432385 3.57846e-18)
(0.993505 -0.000288717 -1.8572e-17)
(1.00717 0.000950118 -4.00942e-18)
(0.990841 0.000123827 -1.8542e-18)
(1.00898 0.00147916 4.87122e-18)
(0.987058 0.000906712 -1.96243e-17)
(1.01084 0.00249822 1.09897e-18)
(0.981159 0.0026385 -1.39966e-17)
(1.01224 0.00440605 1.87013e-17)
(0.971709 0.00623231 -3.52901e-18)
(1.01205 0.00825391 -1.0675e-18)
(0.955869 0.01385 -7.10412e-18)
(1.00773 0.0165352 2.83537e-17)
(0.928029 0.0307019 -1.12186e-17)
(0.993813 0.0357614 -3.34403e-17)
(0.877583 0.0712043 -8.89374e-18)
(0.959974 0.0859663 -1.32473e-17)
(1.00534 0.000451563 1.10302e-18)
(0.993807 -0.000240081 -3.35996e-18)
(1.0069 0.000969617 -1.36153e-18)
(0.991235 0.000233193 -1.2278e-18)
(1.0087 0.00155312 1.76278e-18)
(0.987632 0.00114761 -5.36273e-18)
(1.01058 0.00271026 6.4091e-18)
(0.982025 0.00313101 -2.61666e-17)
(1.01209 0.00490085 2.67919e-18)
(0.973105 0.0071983 -2.32308e-17)
(1.01222 0.00934255 -6.01896e-18)
(0.958353 0.0157465 -5.21981e-18)
(1.00863 0.0188392 5.89412e-18)
(0.933199 0.0344655 -9.1003e-19)
(0.996214 0.0403339 -4.16421e-18)
(0.89103 0.0787129 -1.05772e-18)
(0.964767 0.0923309 -8.82679e-18)
(1.00498 0.000453394 3.41432e-19)
(0.994285 -0.000170171 -3.43122e-19)
(1.00644 0.000969101 -5.06409e-19)
(0.991908 0.000389463 -4.22424e-19)
(1.0081 0.0016082 1.62637e-18)
(0.988642 0.00141368 -3.01793e-18)
(1.00981 0.00288238 6.95592e-18)
(0.983594 0.00362664 -2.58516e-17)
(1.01116 0.00531362 3.03734e-18)
(0.975668 0.00813736 -2.32731e-17)
(1.01113 0.0102494 -6.29564e-18)
(0.962835 0.0175656 -5.66922e-18)
(1.00743 0.0206858 4.83505e-18)
(0.941878 0.0380812 -4.21429e-18)
(0.995019 0.0435801 2.61885e-17)
(0.910163 0.0859068 6.13709e-18)
(0.964453 0.0949076 -9.59612e-20)
(1.00452 0.000437512 -1.32484e-19)
(0.994912 -9.02144e-05 -3.13267e-19)
(1.0058 0.000946857 3.21674e-19)
(0.992814 0.000540316 -6.31799e-19)
(1.00723 0.00161421 1.15049e-18)
(0.990011 0.00168994 -1.86041e-18)
(1.00865 0.00297445 5.38671e-18)
(0.985727 0.00414071 -1.26911e-17)
(1.00962 0.00558046 1.93911e-17)
(0.979124 0.00910013 -3.06722e-18)
(1.00912 0.0108679 -1.17978e-18)
(0.968726 0.0194079 -7.33699e-18)
(1.00489 0.0219089 2.29602e-17)
(0.952617 0.0416821 2.16464e-18)
(0.992224 0.0453906 1.02421e-17)
(0.931004 0.0926915 8.69363e-19)
(0.964491 0.0948209 3.04777e-17)
(1.00397 0.000399241 2.39734e-19)
(0.995637 9.57717e-06 -2.11545e-19)
(1.00505 0.000891398 -2.4944e-19)
(0.99387 0.000716767 -8.60141e-19)
(1.0062 0.00156659 1.5632e-18)
)
;

boundaryField
{
    inlet
    {
        type            uniformFixedValue;
        uniformValue    constant (1 0 0);
        value           uniform (1 0 0);
    }
    outlet
    {
        type            pressureInletOutletVelocity;
        value           nonuniform 0();
    }
    polygon
    {
        type            fixedValue;
        value           nonuniform 0();
    }
    top
    {
        type            symmetryPlane;
    }
    bottom
    {
        type            symmetryPlane;
    }
    outside
    {
        type            zeroGradient;
    }
    procBoundary40to32
    {
        type            processor;
        value           nonuniform List<vector> 
18
(
(0.902906 0.0424726 -1.36899e-18)
(1.00564 0.0002853 -4.48822e-19)
(0.993429 -0.000260988 -1.73597e-18)
(1.00704 0.000663746 1.35564e-17)
(0.990926 -5.13188e-05 4.17912e-18)
(1.00851 0.000978638 2.5723e-17)
(0.987311 0.000403378 1.78609e-17)
(1.00972 0.00155953 7.64998e-18)
(0.981733 0.00143639 8.76896e-18)
(1.00988 0.00261638 2.68532e-17)
(0.972818 0.00362004 7.6166e-18)
(1.00731 0.00470457 1.42167e-17)
(0.95781 0.00832998 2.36668e-17)
(0.998206 0.00917758 1.61326e-17)
(0.930823 0.0190282 5.14879e-18)
(0.973523 0.0197691 3.22783e-18)
(0.878198 0.0461841 -1.73821e-17)
(0.878198 0.0461841 -1.73821e-17)
)
;
    }
    procBoundary40to33
    {
        type            processor;
        value           nonuniform List<vector> 7((0.764973 0.132869 8.41263e-18) (0.762996 0.147414 9.7226e-18) (0.762621 0.161687 9.97383e-18) (0.767219 0.173942 1.41635e-17) (0.796608 0.188797 4.49266e-17) (0.839554 0.202545 1.65697e-17) (0.883717 0.213685 1.26718e-17));
    }
    procBoundary40to41
    {
        type            processor;
        value           uniform (0.921185 0.220797 1.3842e-17);
    }
    procBoundary40to48
    {
        type            processor;
        value           nonuniform List<vector> 
18
(
(0.991599 0.00199378 -2.05385e-18)
(1.00727 0.00297125 6.1786e-18)
(0.98818 0.00468726 -2.43118e-17)
(1.00779 0.00567623 5.4428e-18)
(0.983031 0.0100981 -1.77071e-17)
(1.00675 0.0111672 -3.99814e-18)
(0.975174 0.0212658 -5.15589e-18)
(1.0021 0.0225096 7.34027e-18)
(0.963697 0.0451618 -1.80362e-18)
(0.990016 0.0460288 2.23106e-17)
(0.950253 0.0985465 2.54802e-17)
(0.968356 0.093439 2.00921e-17)
(1.0034 0.000337671 -2.43632e-19)
(0.996399 0.00013064 -4.65944e-19)
(1.00426 0.000800765 -3.56142e-19)
(0.994975 0.00091795 -8.36771e-19)
(0.991599 0.00199378 -2.05385e-18)
(1.00513 0.00145996 7.5745e-19)
)
;
    }
}


// ************************************************************************* //
