/*--------------------------------*- C++ -*----------------------------------*\
  =========                 |
  \\      /  F ield         | OpenFOAM: The Open Source CFD Toolbox
   \\    /   O peration     | Website:  https://openfoam.org
    \\  /    A nd           | Version:  7
     \\/     M anipulation  |
\*---------------------------------------------------------------------------*/
FoamFile
{
    version     2.0;
    format      ascii;
    class       volVectorField;
    location    "58";
    object      U;
}
// * * * * * * * * * * * * * * * * * * * * * * * * * * * * * * * * * * * * * //

dimensions      [0 1 -1 0 0 0 0];

internalField   nonuniform List<vector> 
125
(
(-0.198017 -0.000310066 -5.59707e-18)
(-0.203328 -0.00403809 -7.25426e-18)
(-0.201965 -0.00329984 -4.03327e-18)
(-0.200768 -0.00266211 -1.73284e-17)
(-0.199704 -0.00212329 -1.35615e-17)
(-0.19874 -0.0016782 -1.49537e-17)
(-0.197847 -0.00131924 -6.34281e-18)
(-0.197 -0.00103723 -5.87243e-18)
(-0.196179 -0.000822352 -5.17401e-19)
(-0.195365 -0.000664822 -6.69804e-18)
(-0.194544 -0.000555506 -1.19567e-17)
(-0.193703 -0.000486718 -2.55503e-18)
(-0.192834 -0.000452181 -1.37515e-17)
(-0.191927 -0.000444875 -5.82208e-18)
(-0.190976 -0.000460029 -5.32311e-18)
(-0.189975 -0.000494607 -4.94989e-18)
(-0.188916 -0.00054653 -1.1268e-17)
(-0.187795 -0.000614646 -3.37179e-18)
(-0.194874 -0.00441749 -2.30016e-18)
(-0.193519 -0.00363256 3.94955e-18)
(-0.192292 -0.00295943 -6.32692e-18)
(-0.191161 -0.00239539 -1.38451e-18)
(-0.190095 -0.00193399 -6.02254e-18)
(-0.189069 -0.00156623 -3.81405e-18)
(-0.18806 -0.00128165 -2.9604e-18)
(-0.18705 -0.00106926 -6.05805e-19)
(-0.186023 -0.000918317 -3.27148e-18)
(-0.184967 -0.000818958 -5.01719e-18)
(-0.183871 -0.00076265 -3.892e-19)
(-0.182728 -0.000741573 -5.51231e-18)
(-0.18153 -0.000749259 -2.13338e-18)
(-0.180272 -0.000782176 -1.58837e-18)
(-0.178947 -0.000836274 -1.38005e-18)
(-0.177549 -0.000909976 -5.25053e-18)
(-0.176073 -0.00100216 -1.01935e-18)
(-0.179499 -0.00512688 2.69153e-18)
(-0.178133 -0.00428826 2.08187e-17)
(-0.176827 -0.00357787 2.73496e-18)
(-0.175553 -0.0029909 1.89488e-17)
(-0.174285 -0.00251896 2.33499e-18)
(-0.173002 -0.00215119 -3.92041e-19)
(-0.171686 -0.00187534 -1.15799e-18)
(-0.170323 -0.00167883 -5.05692e-19)
(-0.168903 -0.00154967 -1.03932e-18)
(-0.167417 -0.00147697 1.75059e-18)
(-0.165858 -0.00145145 3.3862e-18)
(-0.16422 -0.00146526 2.40284e-18)
(-0.162497 -0.00151152 3.19786e-18)
(-0.160686 -0.00158553 3.21467e-18)
(-0.15878 -0.00168377 3.50153e-18)
(-0.156774 -0.00180441 7.76997e-20)
(-0.154663 -0.00194658 2.87666e-18)
(-0.152664 -0.00615333 1.89027e-17)
(-0.151114 -0.00529083 2.40393e-17)
(-0.149516 -0.00457631 4.88915e-18)
(-0.14785 -0.00400176 2.10191e-17)
(-0.146098 -0.00355581 4.13094e-18)
(-0.144248 -0.00322496 6.19076e-19)
(-0.142291 -0.00299481 -2.79964e-19)
(-0.140218 -0.00285106 -1.07212e-19)
(-0.138026 -0.00278026 2.60079e-19)
(-0.13571 -0.0027704 1.69634e-17)
(-0.133267 -0.00281133 2.00262e-17)
(-0.130694 -0.00289459 1.99266e-17)
(-0.127988 -0.00301353 1.97374e-17)
(-0.125143 -0.00316362 1.93876e-17)
(-0.122156 -0.00334169 1.8813e-17)
(-0.119021 -0.0035462 3.70516e-18)
(-0.115731 -0.00377666 1.52214e-17)
(-0.120055 -0.00732118 3.61152e-18)
(-0.118073 -0.00652286 2.12042e-18)
(-0.115931 -0.0058868 4.88253e-19)
(-0.113617 -0.00540183 7.7102e-19)
(-0.111125 -0.00505347 -2.01821e-19)
(-0.10845 -0.00482556 -8.42954e-19)
(-0.105591 -0.00470177 -9.01752e-19)
(-0.102547 -0.00466648 -8.61976e-19)
(-0.0993165 -0.00470548 -4.76178e-19)
(-0.0959005 -0.00480652 3.11834e-18)
(-0.0922974 -0.00495954 4.71534e-18)
(-0.0885054 -0.00515657 4.86605e-18)
(-0.0845209 -0.00539163 4.93281e-18)
(-0.0803396 -0.00566076 4.77058e-18)
(-0.0759557 -0.00596157 4.14795e-18)
(-0.0713623 -0.00629314 1.48913e-18)
(-0.0665517 -0.00665564 3.15037e-18)
(-0.0810003 -0.00885025 -3.02346e-19)
(-0.0782769 -0.00820109 -1.72918e-17)
(-0.075285 -0.00772068 -3.23185e-18)
(-0.0720234 -0.00739443 -1.81299e-17)
(-0.0684939 -0.00720553 -5.85384e-18)
(-0.0647001 -0.0071364 -4.56165e-18)
(-0.0606461 -0.00716991 -4.35032e-18)
(-0.0563353 -0.00729037 -4.28529e-18)
(-0.0517703 -0.00748407 -3.8651e-18)
(-0.0469518 -0.00773959 3.15868e-19)
(-0.041879 -0.00804791 3.99544e-18)
(-0.036549 -0.00840217 1.99531e-18)
(-0.0309572 -0.00879757 3.83132e-18)
(-0.0250971 -0.00923117 1.71669e-18)
(-0.018961 -0.00970152 1.08827e-18)
(-0.0125396 -0.0102085 2.78277e-19)
(-0.00582264 -0.010753 2.5398e-19)
(-0.0346003 -0.010981 -3.37304e-19)
(-0.0307929 -0.0105589 -3.72619e-18)
(-0.0266189 -0.0103041 -1.54296e-18)
(-0.022086 -0.0102 -5.02912e-18)
(-0.0172028 -0.0102286 -1.99016e-17)
(-0.0119777 -0.0103721 -2.13633e-17)
(-0.00641762 -0.0106143 -2.07192e-17)
(-0.000527458 -0.0109405 -2.05825e-17)
(0.00569047 -0.0113385 -1.84946e-17)
(0.0122364 -0.0117985 -3.44475e-19)
(0.0191133 -0.0123132 1.66001e-17)
(0.0263264 -0.0128771 3.14832e-18)
(0.0338831 -0.013487 1.65185e-17)
(0.041793 -0.014141 1.43457e-18)
(0.0500669 -0.0148388 4.09244e-19)
(0.0587173 -0.0155812 7.65175e-20)
(0.0677576 -0.0163696 -4.29119e-20)
(0.0201762 -0.0139661 2.7556e-19)
(0.0254102 -0.0138391 -6.75142e-19)
(0.0310958 -0.013872 -4.2543e-19)
(0.0372202 -0.0140475 -8.61405e-19)
(0.0437715 -0.0143482 -1.38836e-18)
)
;

boundaryField
{
    inlet
    {
        type            uniformFixedValue;
        uniformValue    constant (1 0 0);
        value           nonuniform 0();
    }
    outlet
    {
        type            pressureInletOutletVelocity;
        value           nonuniform 0();
    }
    polygon
    {
        type            fixedValue;
        value           nonuniform 0();
    }
    top
    {
        type            symmetryPlane;
    }
    bottom
    {
        type            symmetryPlane;
    }
    outside
    {
        type            zeroGradient;
    }
    procBoundary20to12
    {
        type            processor;
        value           nonuniform List<vector> 
18
(
(0.0507404 -0.0147577 -3.59602e-18)
(0.0581201 -0.0152614 -2.00876e-18)
(0.0659076 -0.0158469 -3.84286e-18)
(0.0741031 -0.0165042 -1.95383e-18)
(0.0827099 -0.0172255 -2.29093e-18)
(0.0917342 -0.0180055 2.50367e-18)
(0.101185 -0.0188404 -1.13612e-18)
(0.111073 -0.0197285 3.24019e-18)
(0.121412 -0.0206692 2.10255e-19)
(0.132216 -0.0216632 3.44334e-19)
(0.1435 -0.022712 -1.13444e-19)
(0.155282 -0.023818 -2.29462e-19)
(0.0843358 -0.0180476 -2.40588e-20)
(0.0913084 -0.0182734 -2.74668e-19)
(0.098807 -0.0186485 -2.49722e-19)
(0.106818 -0.0191566 2.36024e-18)
(0.0507404 -0.0147577 -3.59602e-18)
(0.11533 -0.0197823 1.67824e-17)
)
;
    }
    procBoundary20to13
    {
        type            processor;
        value           uniform (0.0154065 -0.014269 3.45623e-20);
    }
    procBoundary20to19
    {
        type            processor;
        value           nonuniform List<vector> 8((-0.197148 -0.000375623 -4.88616e-18) (-0.186606 -0.00069886 -1.00747e-17) (-0.174513 -0.00111251 -4.62099e-18) (-0.152441 -0.00211052 -2.79239e-20) (-0.11228 -0.00403362 2.73872e-18) (-0.0615151 -0.00705019 8.0279e-19) (0.00120089 -0.0113366 -1.05675e-19) (0.077202 -0.0172063 -1.7815e-19));
    }
    procBoundary20to21
    {
        type            processor;
        value           nonuniform List<vector> 7((-0.204896 -0.00487429 -1.57853e-18) (-0.196394 -0.00531246 -6.47971e-19) (-0.18096 -0.00609351 8.69987e-19) (-0.154195 -0.00716648 4.13982e-18) (-0.121895 -0.0082883 1.61646e-18) (-0.0834611 -0.00967895 5.17375e-19) (-0.0380363 -0.0115848 2.80839e-19));
    }
    procBoundary20to28
    {
        type            processor;
        value           nonuniform List<vector> 
18
(
(-0.206805 -0.000105664 -1.05917e-17)
(-0.21083 -0.0036399 -1.65013e-17)
(-0.209443 -0.00295778 -1.30309e-17)
(-0.208257 -0.00236479 -1.88329e-17)
(-0.207236 -0.00186017 -1.14978e-17)
(-0.206347 -0.00143994 -1.15075e-17)
(-0.205559 -0.00109776 -9.42484e-18)
(-0.204844 -0.000825764 -1.1823e-17)
(-0.204179 -0.000615346 2.93791e-19)
(-0.203544 -0.000457815 -1.43581e-17)
(-0.202922 -0.000345077 -6.68093e-18)
(-0.202298 -0.000270199 -4.09398e-18)
(-0.201662 -0.000224414 -1.27761e-17)
(-0.201005 -0.000202546 -1.1543e-17)
(-0.200319 -0.000204263 -1.14884e-17)
(-0.199597 -0.000223068 -1.14422e-17)
(-0.198831 -0.000258793 -6.10763e-18)
(-0.198831 -0.000258793 -6.10763e-18)
)
;
    }
}


// ************************************************************************* //
