/*--------------------------------*- C++ -*----------------------------------*\
  =========                 |
  \\      /  F ield         | OpenFOAM: The Open Source CFD Toolbox
   \\    /   O peration     | Website:  https://openfoam.org
    \\  /    A nd           | Version:  7
     \\/     M anipulation  |
\*---------------------------------------------------------------------------*/
FoamFile
{
    version     2.0;
    format      ascii;
    class       volVectorField;
    location    "100";
    object      U;
}
// * * * * * * * * * * * * * * * * * * * * * * * * * * * * * * * * * * * * * //

dimensions      [0 1 -1 0 0 0 0];

internalField   nonuniform List<vector> 
125
(
(-0.229631 0.00523045 1.19601e-18)
(-0.227569 0.00497098 3.71533e-18)
(-0.2256 0.00470172 1.53362e-18)
(-0.223725 0.00442589 4.87639e-19)
(-0.221948 0.00414649 5.93272e-19)
(-0.220269 0.00386635 1.41411e-18)
(-0.218686 0.00358799 -8.67908e-19)
(-0.217199 0.00331371 -8.09892e-19)
(-0.215805 0.00304554 -1.13434e-19)
(-0.2145 0.00278525 -1.26268e-18)
(-0.213279 0.00253434 -1.28353e-19)
(-0.212139 0.0022941 1.44678e-19)
(-0.211073 0.00206556 1.22555e-18)
(-0.242899 0.00519541 1.01713e-18)
(-0.240499 0.0050099 -1.33175e-18)
(-0.238181 0.00480656 -2.21797e-18)
(-0.235952 0.00458852 1.2019e-18)
(-0.23382 0.0043588 5.42682e-19)
(-0.23179 0.00412038 6.14727e-19)
(-0.229864 0.00387604 1.57661e-19)
(-0.228044 0.00362842 8.40842e-19)
(-0.226333 0.00337995 1.14427e-18)
(-0.224728 0.00313284 4.70111e-19)
(-0.22323 0.00288908 -1.53951e-18)
(-0.221835 0.00265043 -3.37219e-19)
(-0.220541 0.00241841 -1.34063e-18)
(-0.219343 0.00219435 2.12454e-20)
(-0.218237 0.00197933 3.04165e-19)
(-0.217217 0.00177427 2.14688e-18)
(-0.248568 0.00444493 3.7952e-19)
(-0.246085 0.00428512 -3.62203e-18)
(-0.243689 0.00411011 -4.51045e-18)
(-0.24139 0.00392254 2.67768e-18)
(-0.239194 0.00372499 -2.56631e-18)
(-0.237108 0.00351997 1.15445e-19)
(-0.235133 0.00330985 -4.85006e-20)
(-0.233274 0.00309686 1.65952e-18)
(-0.231531 0.00288305 1.50269e-18)
(-0.229904 0.00267027 1.77553e-18)
(-0.228392 0.00246021 -3.58668e-18)
(-0.226993 0.00225434 -4.66705e-19)
(-0.225703 0.00205395 -2.06619e-18)
(-0.22452 0.00186011 1.02154e-18)
(-0.223439 0.00167375 5.82775e-19)
(-0.222453 0.00149562 4.61609e-18)
(-0.253316 0.00366788 1.57908e-19)
(-0.25076 0.00353535 -1.44826e-18)
(-0.248297 0.00339038 -2.10649e-18)
(-0.245937 0.00323513 3.66503e-20)
(-0.243685 0.00307173 -9.80229e-19)
(-0.241549 0.00290222 2.08038e-19)
(-0.239532 0.00272854 -2.95474e-19)
(-0.237636 0.00255249 3.68205e-18)
(-0.235864 0.00237576 2.5531e-18)
(-0.234215 0.00219983 4.13095e-18)
(-0.232688 0.00202607 -8.5426e-19)
(-0.231282 0.00185565 -1.84879e-19)
(-0.229994 0.00168959 -4.07118e-18)
(-0.228821 0.00152876 2.80741e-18)
(-0.227756 0.00137388 1.3368e-18)
(-0.226797 0.00122554 1.79505e-18)
(-0.25713 0.00286798 -3.46677e-20)
(-0.254514 0.00276395 -6.07387e-19)
(-0.251996 0.00265036 -8.11436e-19)
(-0.249585 0.00252888 -2.10754e-18)
(-0.247287 0.00240118 1.12065e-19)
(-0.245109 0.00226884 7.84474e-19)
(-0.243055 0.00213336 -6.18177e-19)
(-0.241129 0.00199614 8.77147e-19)
(-0.239331 0.00185844 4.68506e-18)
(-0.237663 0.0017214 1.05149e-18)
(-0.236123 0.00158606 3.41439e-19)
(-0.234709 0.0014533 3.19326e-19)
(-0.23342 0.00132388 -8.82611e-18)
(-0.232252 0.00119842 -6.00253e-19)
(-0.231199 0.00107746 2.45955e-18)
(-0.230258 0.000961403 -1.80032e-19)
(-0.260001 0.00204958 2.42096e-19)
(-0.25734 0.00197499 -1.64682e-19)
(-0.254779 0.00189381 -2.78148e-19)
(-0.252328 0.00180724 -5.32012e-18)
(-0.249994 0.00171647 -5.29634e-18)
(-0.247784 0.0016226 1.62725e-18)
(-0.245702 0.00152669 -1.4316e-18)
(-0.243751 0.00142971 -1.03115e-18)
(-0.241933 0.00133252 2.43899e-18)
(-0.240248 0.00123589 -2.40662e-18)
(-0.238697 0.00114052 1.39284e-18)
(-0.237277 0.00104699 6.84475e-19)
(-0.235985 0.000955772 -3.96141e-18)
(-0.234819 0.000867264 -2.47826e-18)
(-0.233775 0.000781782 -2.998e-18)
(-0.232846 0.000699566 -2.38707e-18)
(-0.261921 0.00121695 1.54519e-18)
(-0.259228 0.00117251 1.96545e-19)
(-0.256638 0.00112456 -2.99163e-19)
(-0.25416 0.00107383 -5.48981e-18)
(-0.251802 0.00102103 -5.75836e-18)
(-0.249569 0.000966791 4.84565e-18)
(-0.247467 0.000911727 3.6033e-18)
(-0.245499 0.000856372 -3.24873e-18)
(-0.243667 0.000801201 2.20524e-18)
(-0.241971 0.000746574 -3.75362e-19)
(-0.240411 0.000692851 4.01422e-18)
(-0.238986 0.000640326 9.58971e-19)
(-0.237693 0.000589185 -2.15031e-18)
(-0.236528 0.000539567 -5.05862e-18)
(-0.235488 0.000491569 -2.11325e-18)
(-0.234567 0.000445246 2.33896e-18)
(-0.262883 0.000371823 3.64586e-18)
(-0.260174 0.000357452 3.54097e-19)
(-0.25757 0.000342623 -8.01194e-19)
(-0.255078 0.000327586 -2.11667e-18)
(-0.252706 0.000312559 -1.63947e-18)
(-0.250462 0.000297729 5.4699e-18)
(-0.24835 0.000283243 2.50331e-18)
(-0.246373 0.000269209 -1.19241e-18)
(-0.244533 0.00025569 4.19243e-18)
(-0.242832 0.000242772 1.13929e-18)
(-0.241267 0.000230414 1.85773e-18)
(-0.239839 0.000218533 1.09267e-18)
(-0.238545 0.00020709 -2.13861e-18)
(-0.23738 0.000196009 -2.6892e-18)
(-0.236342 0.000185182 -1.31612e-18)
(-0.235425 0.00017449 9.62312e-19)
)
;

boundaryField
{
    inlet
    {
        type            uniformFixedValue;
        uniformValue    constant (1 0 0);
        value           nonuniform 0();
    }
    outlet
    {
        type            pressureInletOutletVelocity;
        value           nonuniform 0();
    }
    polygon
    {
        type            fixedValue;
        value           nonuniform 0();
    }
    top
    {
        type            symmetryPlane;
    }
    bottom
    {
        type            symmetryPlane;
    }
    outside
    {
        type            zeroGradient;
    }
    procBoundary37to29
    {
        type            processor;
        value           nonuniform List<vector> 
16
(
(-0.262883 -0.000461227 1.44186e-18)
(-0.260175 -0.000443952 -9.12902e-20)
(-0.257569 -0.000423895 -2.00227e-18)
(-0.255077 -0.000401324 -3.00868e-19)
(-0.252706 -0.000376535 1.99281e-18)
(-0.250462 -0.000349839 3.31405e-18)
(-0.248349 -0.000321569 1.93039e-18)
(-0.246372 -0.000292071 -3.48859e-19)
(-0.244532 -0.000261708 1.96737e-18)
(-0.24283 -0.000230791 2.55374e-18)
(-0.241266 -0.000199722 5.52949e-19)
(-0.239837 -0.000168918 1.54811e-18)
(-0.238543 -0.000138713 -3.94242e-18)
(-0.237378 -0.000109451 -1.64221e-18)
(-0.23634 -8.14769e-05 -7.80263e-19)
(-0.235423 -5.51214e-05 4.23296e-19)
)
;
    }
    procBoundary37to30
    {
        type            processor;
        value           uniform (-0.265684 0.000385465 -2.48842e-19);
    }
    procBoundary37to36
    {
        type            processor;
        value           nonuniform List<vector> 6((-0.221559 0.0013263 1.10128e-18) (-0.225937 0.00108418 1.0717e-18) (-0.229424 0.000850573 1.36343e-18) (-0.232029 0.000620793 2.33648e-18) (-0.233761 0.000400613 5.49479e-18) (-0.234624 0.000163813 3.17289e-18));
    }
    procBoundary37to38
    {
        type            processor;
        value           nonuniform List<vector> 6((-0.245372 0.00535999 -1.10237e-18) (-0.251131 0.00458689 -1.04141e-18) (-0.255955 0.0037858 -9.88822e-19) (-0.259833 0.00296074 -1.56646e-18) (-0.262752 0.00211634 -3.25893e-18) (-0.264705 0.00125711 8.08419e-19));
    }
    procBoundary37to44
    {
        type            processor;
        value           nonuniform List<vector> 2((-0.210076 0.00184956 5.91168e-19) (-0.216277 0.00157987 6.70393e-19));
    }
    procBoundary37to45
    {
        type            processor;
        value           nonuniform List<vector> 
17
(
(-0.222434 0.0058447 2.11585e-18)
(-0.220447 0.00555806 2.23509e-18)
(-0.218541 0.00526071 2.59553e-18)
(-0.21672 0.0049563 8.58133e-19)
(-0.214985 0.00464825 6.15154e-19)
(-0.213337 0.00433971 2.54774e-18)
(-0.211773 0.00403356 -3.13738e-18)
(-0.210293 0.00373238 -4.8629e-19)
(-0.208892 0.00343847 1.15107e-19)
(-0.207568 0.00315382 -2.10156e-18)
(-0.206316 0.00288014 -4.68399e-19)
(-0.20513 0.00261886 1.84637e-19)
(-0.204005 0.00237116 8.98725e-19)
(-0.23632 0.0059156 2.64438e-18)
(-0.234013 0.0057063 -3.67682e-19)
(-0.231781 0.00547672 -9.75135e-19)
(-0.231781 0.00547672 -9.75135e-19)
)
;
    }
}


// ************************************************************************* //
