/*--------------------------------*- C++ -*----------------------------------*\
  =========                 |
  \\      /  F ield         | OpenFOAM: The Open Source CFD Toolbox
   \\    /   O peration     | Website:  https://openfoam.org
    \\  /    A nd           | Version:  7
     \\/     M anipulation  |
\*---------------------------------------------------------------------------*/
FoamFile
{
    version     2.0;
    format      ascii;
    class       volVectorField;
    location    "116";
    object      U;
}
// * * * * * * * * * * * * * * * * * * * * * * * * * * * * * * * * * * * * * //

dimensions      [0 1 -1 0 0 0 0];

internalField   nonuniform List<vector> 
115
(
(-0.17994 -0.00154119 3.28e-18)
(-0.178167 -0.00171436 2.86866e-18)
(-0.176262 -0.00192654 1.47018e-17)
(-0.174211 -0.00218466 8.63684e-18)
(-0.172002 -0.00249652 9.12445e-19)
(-0.169618 -0.00287112 2.29063e-18)
(-0.167041 -0.0033186 6.83784e-18)
(-0.164254 -0.00385081 6.04019e-18)
(-0.161234 -0.0044817 -2.13745e-18)
(-0.176546 -0.00141463 2.16113e-18)
(-0.174975 -0.00146851 3.25727e-18)
(-0.173319 -0.00153709 3.59739e-18)
(-0.171569 -0.00162261 4.89605e-18)
(-0.169718 -0.0017279 2.5465e-18)
(-0.167756 -0.00185656 8.02883e-18)
(-0.165674 -0.00201286 5.03833e-18)
(-0.163461 -0.00220188 6.07968e-18)
(-0.161107 -0.00242947 6.24945e-18)
(-0.158601 -0.00270232 1.08876e-17)
(-0.155928 -0.00302805 9.08216e-18)
(-0.153078 -0.00341526 -1.5017e-18)
(-0.150033 -0.00387387 -2.73269e-18)
(-0.146781 -0.00441498 7.22982e-18)
(-0.143303 -0.00505164 8.00842e-18)
(-0.139582 -0.00579918 4.77619e-18)
(-0.155473 -0.00244195 -1.10934e-18)
(-0.153264 -0.00255008 2.00129e-19)
(-0.150939 -0.00267769 -9.26054e-19)
(-0.148492 -0.00282732 1.14656e-17)
(-0.145914 -0.00300219 1.34144e-17)
(-0.143195 -0.00320631 1.54552e-17)
(-0.140328 -0.00344439 1.54137e-17)
(-0.137301 -0.00372198 1.56613e-17)
(-0.134105 -0.0040454 1.63134e-17)
(-0.130729 -0.00442181 1.78328e-17)
(-0.127161 -0.00485931 1.79926e-17)
(-0.12339 -0.00536696 1.55424e-17)
(-0.119402 -0.00595522 1.54081e-17)
(-0.115187 -0.00663546 1.80505e-17)
(-0.11073 -0.00742117 1.89827e-17)
(-0.106021 -0.0083279 1.83156e-17)
(-0.118289 -0.00420774 -1.06831e-17)
(-0.114932 -0.00440433 -1.97443e-18)
(-0.11141 -0.00462564 -1.07331e-17)
(-0.107714 -0.00487436 2.78441e-18)
(-0.103836 -0.0051539 5.4248e-18)
(-0.0997668 -0.00546844 6.303e-18)
(-0.0954972 -0.00582294 6.3938e-18)
(-0.0910177 -0.00622314 6.72995e-18)
(-0.0863184 -0.0066756 7.19264e-18)
(-0.0813893 -0.00718768 7.38765e-18)
(-0.0762203 -0.00776759 7.32651e-18)
(-0.0708016 -0.00842437 6.82769e-18)
(-0.0651234 -0.00916879 7.22427e-18)
(-0.0591767 -0.0100113 7.75168e-18)
(-0.0529541 -0.0109651 7.91146e-18)
(-0.0464496 -0.0120445 7.78935e-18)
(-0.0712635 -0.00699983 -2.1161e-18)
(-0.0664171 -0.00733215 -5.46305e-19)
(-0.0613409 -0.00769502 -1.2595e-18)
(-0.0560258 -0.00809138 1.26097e-17)
(-0.0504624 -0.00852487 1.47712e-17)
(-0.0446412 -0.00899991 1.53185e-17)
(-0.0385521 -0.00952165 1.56588e-17)
(-0.0321848 -0.010096 1.59116e-17)
(-0.025529 -0.0107295 1.6763e-17)
(-0.0185744 -0.0114294 1.71456e-17)
(-0.0113106 -0.0122039 1.7509e-17)
(-0.00372854 -0.0130615 1.77038e-17)
(0.00418156 -0.0140119 1.83191e-17)
(0.0124274 -0.0150653 1.91663e-17)
(0.0210144 -0.0162327 1.92726e-17)
(0.0299466 -0.0175264 1.95953e-17)
(-0.0131318 -0.010928 -4.30147e-19)
(-0.00640808 -0.011445 5.04439e-20)
(0.000625419 -0.0119992 4.39348e-19)
(0.00797947 -0.0125939 4.76841e-18)
(0.0156654 -0.0132329 3.68895e-18)
(0.0236949 -0.0139209 3.66925e-18)
(0.0320802 -0.0146633 3.58028e-18)
(0.040834 -0.015466 3.81206e-18)
(0.0499691 -0.0163357 3.74765e-18)
(0.0594986 -0.0172796 3.98916e-18)
(0.0694356 -0.0183055 3.97087e-18)
(0.079793 -0.0194216 4.77075e-18)
(0.090584 -0.0206364 5.4585e-18)
(0.101821 -0.0219599 6.8535e-18)
(0.113515 -0.0234013 4.93157e-18)
(0.125677 -0.0249711 4.67756e-18)
(0.0574034 -0.0162935 -4.76744e-20)
(0.066426 -0.0170567 2.66122e-19)
(0.075855 -0.0178654 1.72111e-18)
(0.0857042 -0.0187232 1.20632e-17)
(0.0959884 -0.0196344 1.3917e-18)
(0.106723 -0.0206042 1.07655e-18)
(0.117925 -0.0216383 7.1339e-19)
(0.129611 -0.0227431 9.44863e-19)
(0.1418 -0.0239255 8.8968e-19)
(0.154511 -0.025193 1.24222e-18)
(0.167764 -0.0265536 1.2539e-18)
(0.181582 -0.0280157 1.88865e-18)
(0.195987 -0.0295883 4.01565e-18)
(0.211005 -0.0312813 1.47134e-17)
(0.226665 -0.0331045 1.08702e-18)
(0.242999 -0.0350691 1.30269e-18)
(0.141486 -0.0234032 2.07971e-19)
(0.153235 -0.0244857 5.85616e-19)
(0.165502 -0.0256246 1.01824e-18)
(0.178305 -0.0268241 2.93823e-18)
(0.191664 -0.0280893 7.67359e-19)
(0.2056 -0.0294263 6.29825e-19)
(0.220134 -0.0308416 2.22232e-19)
(0.235292 -0.0323424 8.86671e-19)
(0.2511 -0.0339369 1.10701e-18)
(0.267587 -0.0356337 8.78662e-19)
)
;

boundaryField
{
    inlet
    {
        type            uniformFixedValue;
        uniformValue    constant (1 0 0);
        value           nonuniform 0();
    }
    outlet
    {
        type            pressureInletOutletVelocity;
        value           nonuniform 0();
    }
    polygon
    {
        type            fixedValue;
        value           nonuniform 0();
    }
    top
    {
        type            symmetryPlane;
    }
    bottom
    {
        type            symmetryPlane;
    }
    outside
    {
        type            zeroGradient;
    }
    procBoundary19to11
    {
        type            processor;
        value           nonuniform List<vector> 
17
(
(0.284784 -0.0374423 7.9461e-19)
(0.302726 -0.039373 1.13823e-18)
(0.321454 -0.0414373 1.93164e-18)
(0.341013 -0.043648 3.56082e-18)
(0.361457 -0.0460196 5.47721e-19)
(0.38285 -0.0485687 8.93001e-19)
(0.239819 -0.0325486 3.05514e-19)
(0.254672 -0.0340326 7.05948e-19)
(0.27016 -0.0355869 1.68967e-18)
(0.286308 -0.0372168 3.08674e-18)
(0.303138 -0.0389289 2.50581e-18)
(0.320676 -0.0407302 2.69916e-18)
(0.338951 -0.0426291 2.71017e-18)
(0.357994 -0.0446344 2.89063e-18)
(0.377837 -0.0467562 3.0089e-18)
(0.284784 -0.0374423 7.9461e-19)
(0.398518 -0.0490059 2.8959e-18)
)
;
    }
    procBoundary19to18
    {
        type            processor;
        value           nonuniform List<vector> 5((-0.101047 -0.00937401 1.5836e-17) (-0.0396604 -0.0132659 7.93368e-18) (0.0392243 -0.0189599 1.9871e-17) (0.138318 -0.0266801 4.89289e-18) (0.260044 -0.0371871 1.74452e-18));
    }
    procBoundary19to20
    {
        type            processor;
        value           nonuniform List<vector> 7((-0.178039 -0.00137386 7.21082e-18) (-0.157576 -0.00235141 1.18254e-18) (-0.121488 -0.00403387 -1.9113e-18) (-0.0758888 -0.00669587 -9.05149e-19) (-0.0195561 -0.0104457 -3.06112e-19) (0.0487741 -0.0155729 -1.35952e-19) (0.130238 -0.0223733 -5.6719e-20));
    }
    procBoundary19to26
    {
        type            processor;
        value           nonuniform List<vector> 2((-0.15796 -0.00522789 -7.43287e-18) (-0.135601 -0.00667585 -6.65709e-18));
    }
    procBoundary19to27
    {
        type            processor;
        value           nonuniform List<vector> 
17
(
(-0.189565 -0.00100533 4.94433e-18)
(-0.188424 -0.00103414 7.49212e-18)
(-0.18722 -0.00107463 9.35336e-18)
(-0.185943 -0.00112874 3.98856e-18)
(-0.184585 -0.00119894 -4.42286e-18)
(-0.183139 -0.00128841 9.76857e-18)
(-0.181594 -0.00140096 5.14061e-19)
(-0.181594 -0.00140096 5.14061e-19)
(-0.194424 -0.00105481 3.1958e-18)
(-0.193141 -0.00118502 1.67627e-18)
(-0.191743 -0.0013489 1.34166e-17)
(-0.190216 -0.00155278 1.2882e-17)
(-0.188545 -0.0018037 1.90997e-18)
(-0.186714 -0.00210975 8.75965e-18)
(-0.184704 -0.00248004 1.20856e-17)
(-0.182492 -0.00292522 8.70623e-18)
(-0.180054 -0.00345774 9.02481e-18)
)
;
    }
}


// ************************************************************************* //
