/*--------------------------------*- C++ -*----------------------------------*\
  =========                 |
  \\      /  F ield         | OpenFOAM: The Open Source CFD Toolbox
   \\    /   O peration     | Website:  https://openfoam.org
    \\  /    A nd           | Version:  7
     \\/     M anipulation  |
\*---------------------------------------------------------------------------*/
FoamFile
{
    version     2.0;
    format      ascii;
    class       volVectorField;
    location    "20";
    object      U;
}
// * * * * * * * * * * * * * * * * * * * * * * * * * * * * * * * * * * * * * //

dimensions      [0 1 -1 0 0 0 0];

internalField   nonuniform List<vector> 
115
(
(0.353263 -0.0194796 -2.0809e-17)
(0.321868 -0.0207171 1.98259e-18)
(0.288489 -0.022036 6.80712e-19)
(0.253 -0.0234348 -1.17199e-17)
(0.215274 -0.0249092 -3.40074e-18)
(0.175198 -0.0264507 -1.16882e-17)
(0.132673 -0.0280452 -4.75499e-18)
(0.0876223 -0.0296739 -5.86753e-18)
(0.0400413 -0.0312942 -1.26191e-17)
(-0.0101159 -0.0328911 -2.31522e-18)
(-0.0626465 -0.0342996 -1.55592e-19)
(-0.11731 -0.0356384 -2.52967e-19)
(-0.173927 -0.0367094 -6.90118e-18)
(-0.232019 -0.0374684 2.46542e-17)
(-0.291032 -0.0378325 -2.53112e-19)
(-0.350299 -0.0377303 -1.68076e-17)
(-0.409043 -0.0371107 6.17266e-17)
(0.349917 -0.00652135 -2.50754e-17)
(0.318394 -0.00694837 -1.80755e-17)
(0.284882 -0.00740558 8.83541e-18)
(0.249254 -0.00789303 -4.27209e-18)
(0.211383 -0.00840981 5.5873e-18)
(0.171158 -0.00895364 4.38129e-18)
(0.12848 -0.00952034 -3.4657e-18)
(0.0832737 -0.010104 -8.20963e-18)
(0.0355384 -0.0106912 -8.52206e-18)
(-0.0147624 -0.0112744 -4.49258e-18)
(-0.067445 -0.0118057 -6.28948e-19)
(-0.122266 -0.0123159 -2.46048e-19)
(-0.179025 -0.0127427 -1.03987e-17)
(0.368122 -0.0445524 -7.71022e-18)
(0.337269 -0.0474049 -1.66751e-17)
(0.30446 -0.0504479 -2.38031e-18)
(0.269564 -0.0536787 -1.47069e-17)
(0.232456 -0.0570881 -1.82758e-18)
(0.193017 -0.0606568 1.68471e-18)
(0.151145 -0.0643518 -1.65069e-18)
(0.106752 -0.0681292 3.74241e-18)
(0.0598316 -0.0718944 -3.62712e-18)
(0.0102772 -0.0756085 4.27095e-19)
(-0.041602 -0.0789292 2.70656e-19)
(-0.095579 -0.0820255 -1.97357e-18)
(-0.151578 -0.0845227 1.09031e-17)
(-0.209037 -0.0862906 1.43391e-17)
(-0.267417 -0.0871274 -7.9427e-18)
(-0.326024 -0.0868693 3.73216e-17)
(-0.384056 -0.0853942 -1.18838e-17)
(0.359578 -0.0322058 -1.13388e-17)
(0.32842 -0.0342804 -1.50917e-17)
(0.29529 -0.036496 4.90467e-19)
(0.260061 -0.0388514 -5.00751e-19)
(0.222606 -0.0413407 -1.19676e-17)
(0.182811 -0.0439509 -1.14629e-17)
(0.140574 -0.0466594 -9.43836e-18)
(0.0958141 -0.0494362 -6.22117e-18)
(0.0485258 -0.0522102 -5.43187e-18)
(-0.00136434 -0.054964 -6.95498e-19)
(-0.0536069 -0.057417 8.12205e-19)
(-0.107966 -0.0597519 -5.42421e-19)
(-0.164311 -0.0616533 9.15367e-18)
(-0.222127 -0.0630392 8.79222e-19)
(-0.280867 -0.0637625 -3.79501e-18)
(-0.339855 -0.0636997 2.66091e-17)
(-0.398305 -0.062758 3.72592e-17)
(0.388678 -0.067649 -9.36902e-19)
(0.358523 -0.0720074 -2.3905e-18)
(0.326443 -0.0766596 -6.13142e-19)
(0.292308 -0.0816024 -2.05908e-18)
(0.255989 -0.0868216 2.48621e-18)
(0.217364 -0.0922871 1.3563e-17)
(0.176327 -0.0979467 5.12536e-18)
(0.132778 -0.103725 2.70059e-19)
(0.0867042 -0.109506 7.53392e-19)
(0.0379455 -0.115149 7.07035e-19)
(-0.0130589 -0.120347 7.38824e-19)
(-0.0661319 -0.125 5.15647e-18)
(-0.121282 -0.128767 2.46076e-18)
(-0.177844 -0.131353 1.59032e-18)
(-0.235278 -0.13246 -4.516e-18)
(-0.292836 -0.131832 7.83673e-18)
(-0.349671 -0.129281 2.07938e-17)
(0.378111 -0.0564091 -3.89732e-18)
(0.347607 -0.0600544 -5.87441e-18)
(0.315163 -0.063948 -2.45495e-18)
(0.280649 -0.0680876 -1.38289e-17)
(0.243937 -0.0724624 2.24378e-18)
(0.204907 -0.0770484 1.396e-17)
(0.163457 -0.0818036 1.95162e-18)
(0.119488 -0.0866699 1.37456e-18)
(0.0729937 -0.0915394 2.65169e-18)
(0.0238383 -0.0963393 1.63345e-18)
(-0.0276036 -0.100689 5.99013e-19)
(-0.0811267 -0.104696 6.21692e-18)
(-0.136704 -0.107958 4.04758e-18)
(-0.193724 -0.11027 3.93828e-18)
(-0.251651 -0.111374 -2.02268e-17)
(-0.309768 -0.111055 2.96453e-17)
(-0.367254 -0.109151 8.20373e-18)
(0.399196 -0.0782999 3.02293e-18)
(0.369384 -0.0833867 -2.23704e-18)
(0.337663 -0.0888184 2.46695e-19)
(0.303905 -0.0945913 3.46785e-18)
(0.267979 -0.100689 3.01659e-19)
(0.229763 -0.107074 5.25096e-18)
(0.189148 -0.113685 1.11366e-17)
(0.146034 -0.120427 -3.21746e-19)
(0.100392 -0.127179 -6.0857e-20)
(0.0520812 -0.133748 3.17746e-19)
(0.00156085 -0.139904 1.07586e-18)
(-0.0510403 -0.145269 9.66958e-18)
(-0.105705 -0.149612 3.11769e-18)
(-0.161746 -0.152523 1.56731e-18)
(-0.218606 -0.15367 -5.03927e-19)
(-0.275506 -0.152745 2.74775e-18)
(-0.331571 -0.149534 4.27739e-17)
)
;

boundaryField
{
    inlet
    {
        type            uniformFixedValue;
        uniformValue    constant (1 0 0);
        value           nonuniform 0();
    }
    outlet
    {
        type            pressureInletOutletVelocity;
        value           nonuniform 0();
    }
    polygon
    {
        type            fixedValue;
        value           nonuniform 0();
    }
    top
    {
        type            symmetryPlane;
    }
    bottom
    {
        type            symmetryPlane;
    }
    outside
    {
        type            zeroGradient;
    }
    procBoundary37to29
    {
        type            processor;
        value           nonuniform List<vector> 
18
(
(-0.23726 -0.0130668 1.43901e-17)
(-0.296414 -0.0132591 -1.09711e-17)
(-0.355823 -0.0132924 -9.57678e-18)
(-0.414716 -0.0131459 1.78274e-17)
(0.349917 0.00652135 -1.71617e-17)
(0.318394 0.00694837 -3.60112e-17)
(0.284882 0.00740558 -7.75009e-18)
(0.249254 0.00789303 -3.87803e-18)
(0.211383 0.00840981 -1.00594e-17)
(0.171158 0.00895364 4.56135e-19)
(0.12848 0.00952034 -3.86046e-18)
(0.0832737 0.010104 -1.77718e-17)
(0.0355384 0.0106912 5.24549e-19)
(-0.0147624 0.0112744 -3.96941e-18)
(-0.067445 0.0118057 -1.69489e-18)
(-0.122266 0.0123159 -2.7059e-19)
(-0.23726 -0.0130668 1.43901e-17)
(-0.179025 0.0127427 -4.82905e-18)
)
;
    }
    procBoundary37to36
    {
        type            processor;
        value           nonuniform List<vector> 5((-0.466423 -0.0359449 3.37436e-17) (-0.440647 -0.0826357 4.64036e-17) (-0.455367 -0.0608826 5.75621e-17) (-0.404871 -0.124719 4.02585e-18) (-0.423224 -0.105576 1.74013e-17));
    }
    procBoundary37to38
    {
        type            processor;
        value           nonuniform List<vector> 7((0.382807 -0.0183224 -5.44565e-18) (0.379581 -0.00612368 -9.48675e-18) (0.397146 -0.0418873 1.17859e-17) (0.388895 -0.0302696 4.56347e-19) (0.417035 -0.0635798 1.76692e-17) (0.406802 -0.0530074 8.85834e-18) (0.427228 -0.0735521 1.34236e-17));
    }
    procBoundary37to44
    {
        type            processor;
        value           uniform (-0.385861 -0.143944 -1.64142e-17);
    }
    procBoundary37to45
    {
        type            processor;
        value           nonuniform List<vector> 
17
(
(0.40912 -0.0883293 1.05144e-17)
(0.379613 -0.0941059 -3.83621e-18)
(0.348212 -0.100278 -8.0831e-19)
(0.314787 -0.106843 9.55749e-18)
(0.279209 -0.113779 -2.19157e-18)
(0.241353 -0.121045 1.133e-18)
(0.201108 -0.128569 9.11849e-18)
(0.158376 -0.136234 -1.0746e-18)
(0.113123 -0.143904 -5.16723e-19)
(0.0652328 -0.151362 2.82133e-19)
(0.0151322 -0.158458 1.70538e-18)
(-0.0370624 -0.164466 1.92345e-17)
(-0.0912743 -0.169316 4.44301e-18)
(-0.146812 -0.172468 1.50931e-18)
(-0.203084 -0.173555 5.22407e-19)
(-0.259276 -0.172219 5.55073e-18)
(-0.314472 -0.168222 2.05838e-17)
)
;
    }
}


// ************************************************************************* //
