/*--------------------------------*- C++ -*----------------------------------*\
  =========                 |
  \\      /  F ield         | OpenFOAM: The Open Source CFD Toolbox
   \\    /   O peration     | Website:  https://openfoam.org
    \\  /    A nd           | Version:  7
     \\/     M anipulation  |
\*---------------------------------------------------------------------------*/
FoamFile
{
    version     2.0;
    format      ascii;
    class       volVectorField;
    location    "44";
    object      U;
}
// * * * * * * * * * * * * * * * * * * * * * * * * * * * * * * * * * * * * * //

dimensions      [0 1 -1 0 0 0 0];

internalField   nonuniform List<vector> 
125
(
(-0.311668 0.0387025 3.94232e-18)
(-0.297081 0.035814 1.70652e-17)
(-0.283675 0.0327572 5.9508e-18)
(-0.271502 0.0296058 2.08689e-18)
(-0.260584 0.0264308 2.03234e-18)
(-0.250917 0.023298 5.32125e-18)
(-0.24247 0.0202661 -2.76938e-18)
(-0.235187 0.0173852 -2.86623e-18)
(-0.228998 0.014696 -7.41778e-19)
(-0.223815 0.0122287 -4.56699e-18)
(-0.219537 0.0100042 -1.0247e-18)
(-0.216061 0.0080334 6.48187e-21)
(-0.213279 0.00632404 3.83226e-18)
(-0.375596 0.0401421 5.37745e-18)
(-0.357374 0.038443 -7.04292e-18)
(-0.340015 0.0364107 -1.29062e-17)
(-0.323666 0.0341023 4.50647e-18)
(-0.308443 0.0315796 1.52558e-18)
(-0.294432 0.0289068 2.28787e-18)
(-0.281689 0.0261482 3.88832e-19)
(-0.27024 0.0233657 3.04655e-18)
(-0.260081 0.0206171 4.48479e-18)
(-0.251185 0.0179537 2.53208e-18)
(-0.243498 0.0154196 -5.86518e-18)
(-0.236949 0.0130505 -1.00958e-18)
(-0.231452 0.0108734 -4.77797e-18)
(-0.226906 0.00890669 3.6513e-19)
(-0.223207 0.00715963 9.56369e-19)
(-0.220248 0.00563854 7.70303e-18)
(-0.387868 0.0344185 1.08906e-18)
(-0.36902 0.0329773 -1.88294e-17)
(-0.351053 0.0312506 -2.47758e-17)
(-0.334114 0.0292866 1.26524e-17)
(-0.318326 0.0271377 -1.32095e-17)
(-0.303778 0.0248584 1.42885e-19)
(-0.290529 0.0225034 -1.07553e-18)
(-0.278609 0.0201257 6.71857e-18)
(-0.268015 0.0177744 6.25874e-18)
(-0.258721 0.0154934 7.87002e-18)
(-0.250676 0.0133206 -1.35143e-17)
(-0.243808 0.0112865 -1.58252e-18)
(-0.238031 0.00941427 -7.59984e-18)
(-0.233247 0.00771994 3.42758e-18)
(-0.229349 0.00621172 2.15659e-18)
(-0.226228 0.00489478 1.6413e-17)
(-0.398264 0.0284948 -9.3196e-19)
(-0.378878 0.0273132 -7.75267e-18)
(-0.360385 0.0258954 -1.11188e-17)
(-0.342939 0.0242807 -5.63488e-19)
(-0.326664 0.022512 -5.17158e-18)
(-0.311655 0.0206342 4.01389e-19)
(-0.297972 0.0186922 -2.1108e-18)
(-0.285646 0.0167296 1.48199e-17)
(-0.274679 0.0147869 1.08504e-17)
(-0.265044 0.0129005 1.67425e-17)
(-0.256691 0.0111017 -2.92439e-18)
(-0.24955 0.00941564 4.27764e-20)
(-0.243534 0.00786171 -1.55425e-17)
(-0.238545 0.00645315 9.82772e-18)
(-0.234474 0.0051971 4.78185e-18)
(-0.231214 0.0040973 6.08359e-18)
(-0.406699 0.0223988 -2.07305e-18)
(-0.386867 0.0214781 -3.38902e-18)
(-0.367941 0.0203716 -3.33079e-18)
(-0.350077 0.0191101 -1.04851e-17)
(-0.333402 0.017727 -8.9949e-19)
(-0.318012 0.0162571 2.10551e-18)
(-0.303972 0.0147358 -3.09273e-18)
(-0.291314 0.013197 3.06657e-18)
(-0.28004 0.0116726 1.93608e-17)
(-0.270126 0.0101911 4.32179e-18)
(-0.261522 0.00877693 1.43807e-18)
(-0.254157 0.00745017 1.66693e-18)
(-0.247945 0.00622592 -3.27745e-17)
(-0.242787 0.00511464 -2.83394e-18)
(-0.238575 0.00412228 8.56449e-18)
(-0.2352 0.00325066 -6.14295e-19)
(-0.413097 0.0161572 -7.98733e-19)
(-0.392921 0.0154978 -1.00555e-18)
(-0.37366 0.0147044 1.81026e-19)
(-0.355474 0.0137989 -2.60671e-17)
(-0.338491 0.0128054 -2.74149e-17)
(-0.322809 0.0117489 5.66896e-18)
(-0.308495 0.0106545 -6.51732e-18)
(-0.295582 0.00954691 -4.86806e-18)
(-0.284074 0.00844888 1.0352e-17)
(-0.273946 0.007381 -9.42879e-18)
(-0.265149 0.00636092 5.46935e-18)
(-0.257614 0.00540308 2.91825e-18)
(-0.251253 0.00451844 -1.45644e-17)
(-0.245967 0.00371454 -9.17543e-18)
(-0.241648 0.00299586 -1.13872e-17)
(-0.238184 0.00236174 -9.40696e-18)
(-0.417399 0.00977549 7.07345e-18)
(-0.396986 0.00938063 1.5233e-18)
(-0.377497 0.00890461 3.70683e-19)
(-0.35909 0.00836055 -2.5631e-17)
(-0.341897 0.00776283 -3.05485e-17)
(-0.326016 0.00712649 1.94692e-17)
(-0.311516 0.00646672 1.69251e-17)
(-0.29843 0.00579829 -1.4048e-17)
(-0.286763 0.00513502 9.09994e-18)
(-0.276491 0.00448934 -1.19873e-18)
(-0.267565 0.00387196 1.57128e-17)
(-0.259915 0.00329159 4.30819e-18)
(-0.253453 0.00275484 -7.60395e-18)
(-0.248081 0.00226609 -1.86448e-17)
(-0.243691 0.00182733 -7.55079e-18)
(-0.240168 0.00143782 7.91691e-18)
(-0.419558 0.00341615 1.95144e-17)
(-0.399024 0.00327508 3.35135e-18)
(-0.379417 0.00310565 -2.33179e-18)
(-0.360898 0.00291259 -1.01633e-17)
(-0.343597 0.00270106 -9.78049e-18)
(-0.327616 0.0024764 2.35257e-17)
(-0.313021 0.00224395 1.22776e-17)
(-0.299848 0.00200887 -4.43378e-18)
(-0.288102 0.00177594 1.76152e-17)
(-0.277758 0.00154945 4.88565e-18)
(-0.268767 0.00133304 7.16646e-18)
(-0.261059 0.00112964 4.68644e-18)
(-0.254548 0.000941417 -7.56148e-18)
(-0.249134 0.000769653 -1.00987e-17)
(-0.244709 0.000614565 -4.75882e-18)
(-0.241156 0.000476526 3.16589e-18)
)
;

boundaryField
{
    inlet
    {
        type            uniformFixedValue;
        uniformValue    constant (1 0 0);
        value           nonuniform 0();
    }
    outlet
    {
        type            pressureInletOutletVelocity;
        value           nonuniform 0();
    }
    polygon
    {
        type            fixedValue;
        value           nonuniform 0();
    }
    top
    {
        type            symmetryPlane;
    }
    bottom
    {
        type            symmetryPlane;
    }
    outside
    {
        type            zeroGradient;
    }
    procBoundary37to29
    {
        type            processor;
        value           nonuniform List<vector> 
16
(
(-0.419558 -0.00341603 6.81015e-18)
(-0.399024 -0.00327496 4.85746e-19)
(-0.379417 -0.00310553 -9.35063e-18)
(-0.360898 -0.00291248 -2.78194e-18)
(-0.343597 -0.00270096 8.35671e-18)
(-0.327616 -0.00247631 1.47246e-17)
(-0.313021 -0.00224386 9.29613e-18)
(-0.299848 -0.00200879 -1.06542e-18)
(-0.288102 -0.00177588 8.78792e-18)
(-0.277758 -0.0015494 1.08716e-17)
(-0.268767 -0.00133301 2.60927e-18)
(-0.261059 -0.00112962 6.17152e-18)
(-0.254548 -0.000941416 -1.46683e-17)
(-0.249134 -0.000769668 -6.49748e-18)
(-0.244709 -0.000614595 -3.17008e-18)
(-0.241156 -0.000476572 1.57294e-18)
)
;
    }
    procBoundary37to30
    {
        type            processor;
        value           uniform (-0.440831 0.00352465 -6.58736e-18);
    }
    procBoundary37to36
    {
        type            processor;
        value           nonuniform List<vector> 6((-0.223778 0.00376798 3.71825e-18) (-0.228655 0.00315478 3.50828e-18) (-0.232551 0.00250321 4.77296e-18) (-0.235466 0.00181824 8.1129e-18) (-0.237403 0.00110715 1.87516e-17) (-0.238367 0.000361123 1.13963e-17));
    }
    procBoundary37to38
    {
        type            processor;
        value           nonuniform List<vector> 6((-0.394512 0.0414576 -8.37858e-18) (-0.407419 0.0355316 -8.12873e-18) (-0.418365 0.0294053 -7.74629e-18) (-0.427255 0.0231068 -1.09503e-17) (-0.434005 0.0166633 -2.2479e-17) (-0.438548 0.0100777 1.25227e-18));
    }
    procBoundary37to44
    {
        type            processor;
        value           nonuniform List<vector> 2((-0.211084 0.00486932 1.76643e-18) (-0.217921 0.00434003 2.59155e-18));
    }
    procBoundary37to45
    {
        type            processor;
        value           nonuniform List<vector> 
17
(
(-0.2982 0.0430846 8.82507e-18)
(-0.284312 0.0398364 1.03474e-17)
(-0.271571 0.0364034 1.06951e-17)
(-0.260025 0.0328687 4.4154e-18)
(-0.249693 0.0293119 2.0702e-18)
(-0.240567 0.025807 9.89816e-18)
(-0.232613 0.0224197 -1.2247e-17)
(-0.225776 0.019206 -1.95531e-18)
(-0.219982 0.0162111 4.04324e-19)
(-0.215142 0.0134688 -7.79708e-18)
(-0.211157 0.0110014 -1.87276e-18)
(-0.207921 0.00882302 4.51266e-19)
(-0.205329 0.00694188 2.36554e-18)
(-0.361548 0.0456367 1.52721e-17)
(-0.344028 0.0436823 -1.06646e-18)
(-0.327354 0.041349 -6.58756e-18)
(-0.327354 0.041349 -6.58756e-18)
)
;
    }
}


// ************************************************************************* //
