/*--------------------------------*- C++ -*----------------------------------*\
  =========                 |
  \\      /  F ield         | OpenFOAM: The Open Source CFD Toolbox
   \\    /   O peration     | Website:  https://openfoam.org
    \\  /    A nd           | Version:  7
     \\/     M anipulation  |
\*---------------------------------------------------------------------------*/
FoamFile
{
    version     2.0;
    format      ascii;
    class       volVectorField;
    location    "66";
    object      U;
}
// * * * * * * * * * * * * * * * * * * * * * * * * * * * * * * * * * * * * * //

dimensions      [0 1 -1 0 0 0 0];

internalField   nonuniform List<vector> 
115
(
(0.698182 -0.0880216 5.83098e-19)
(0.734453 -0.093826 8.5559e-19)
(0.772783 -0.100324 8.70147e-19)
(0.813271 -0.107636 8.82536e-19)
(0.855955 -0.115894 8.48176e-19)
(0.900778 -0.125228 7.57728e-19)
(0.947544 -0.135748 1.0579e-18)
(0.99584 -0.147535 8.1594e-19)
(1.04496 -0.160668 -1.30141e-19)
(1.09397 -0.175232 4.9448e-19)
(1.1421 -0.191235 3.05581e-19)
(1.18881 -0.208583 5.64794e-19)
(0.747601 -0.0921314 4.82372e-18)
(0.781191 -0.0971308 4.72209e-18)
(0.816011 -0.102555 4.17837e-18)
(0.852042 -0.108457 2.45489e-18)
(0.889227 -0.114896 6.83991e-18)
(0.92746 -0.12193 5.70163e-18)
(0.966568 -0.129612 5.91842e-18)
(1.00629 -0.137993 5.62498e-18)
(1.04628 -0.147109 5.25525e-18)
(1.08608 -0.156973 4.53452e-18)
(1.12514 -0.16757 3.52253e-18)
(1.16278 -0.178868 1.52089e-18)
(1.19817 -0.190845 4.51477e-18)
(1.23051 -0.203486 2.72478e-18)
(1.25938 -0.216765 2.766e-18)
(1.28467 -0.230771 2.48995e-18)
(0.919036 -0.116469 1.19169e-18)
(0.953006 -0.12214 1.07528e-18)
(0.987329 -0.128164 1.08346e-18)
(1.02182 -0.134561 1.18226e-18)
(1.05624 -0.141345 1.80455e-18)
(1.09031 -0.148527 1.48104e-18)
(1.12371 -0.156106 1.69551e-18)
(1.15604 -0.164075 1.59947e-18)
(1.1869 -0.172416 1.44247e-18)
(1.21585 -0.181098 1.18254e-18)
(1.24243 -0.190084 1.09761e-18)
(1.26617 -0.199344 9.53596e-19)
(1.28658 -0.208873 1.56174e-18)
(1.30332 -0.218673 1.07222e-18)
(1.31638 -0.228779 1.40784e-18)
(1.32604 -0.239432 1.51539e-18)
(1.06788 -0.139797 -3.75012e-18)
(1.09801 -0.145409 -3.32081e-18)
(1.12748 -0.151209 -2.83353e-18)
(1.15606 -0.157192 -1.50042e-18)
(1.18348 -0.163348 -4.83767e-18)
(1.20948 -0.169663 -3.18501e-18)
(1.23377 -0.176125 -3.06049e-18)
(1.25609 -0.182716 -2.01962e-18)
(1.27616 -0.18942 -4.50966e-19)
(1.29375 -0.196218 -2.78551e-18)
(1.30865 -0.203103 -2.9184e-19)
(1.32067 -0.210089 6.69916e-19)
(1.32965 -0.217211 9.60792e-20)
(1.33553 -0.224509 1.72615e-18)
(1.33856 -0.232065 2.43615e-18)
(1.33911 -0.240152 3.02887e-18)
(1.18315 -0.159387 -1.13115e-18)
(1.20673 -0.164283 -9.6164e-19)
(1.22898 -0.16921 -9.11542e-19)
(1.24973 -0.174157 -8.63643e-19)
(1.2688 -0.179117 -1.29368e-18)
(1.28604 -0.184083 -7.16703e-19)
(1.30131 -0.189051 -7.3772e-19)
(1.31448 -0.19402 -2.81648e-19)
(1.32548 -0.198995 -1.73288e-19)
(1.33424 -0.203987 -3.1874e-19)
(1.34073 -0.209022 4.61365e-19)
(1.34494 -0.214147 4.47217e-19)
(1.34686 -0.21942 5.23289e-19)
(1.34654 -0.224896 8.13957e-19)
(1.34425 -0.230665 5.74902e-19)
(1.34027 -0.236964 2.99328e-19)
(1.33423 -0.244226 -5.6701e-19)
(1.26319 -0.173959 -3.5247e-19)
(1.27967 -0.177811 -2.24373e-19)
(1.29462 -0.1816 -2.88313e-19)
(1.30797 -0.185327 -2.45751e-19)
(1.31966 -0.188997 -3.67066e-19)
(1.32964 -0.192616 -1.38688e-19)
(1.3379 -0.196198 -3.83357e-20)
(1.34441 -0.199759 6.00074e-20)
(1.3492 -0.203322 4.57971e-20)
(1.3523 -0.206916 1.21369e-19)
(1.35375 -0.210584 2.5194e-19)
(1.35357 -0.214381 2.25574e-19)
(1.35177 -0.218366 2.63795e-19)
(1.34842 -0.222584 2.14288e-19)
(1.34369 -0.227102 1.25819e-19)
(1.33768 -0.232106 2.88566e-20)
(1.32993 -0.237923 -4.6979e-20)
(1.31339 -0.183686 -9.3439e-20)
(1.32377 -0.186486 -4.72917e-20)
(1.33279 -0.189198 -9.848e-20)
(1.34044 -0.191835 -3.27429e-20)
(1.34674 -0.19441 -5.86712e-20)
(1.35171 -0.196942 6.79464e-21)
(1.35537 -0.199455 3.04393e-20)
(1.35776 -0.201971 7.21371e-20)
(1.35893 -0.20452 3.73266e-20)
(1.35891 -0.207135 3.63427e-20)
(1.35774 -0.209857 8.10504e-20)
(1.35542 -0.212735 2.17186e-21)
(1.35192 -0.215808 -3.2542e-20)
(1.34727 -0.219101 -1.48047e-19)
(1.34153 -0.222655 -3.50328e-19)
(1.33465 -0.226603 -6.65603e-19)
(1.32613 -0.231172 -1.15525e-18)
(1.34198 -0.189573 -4.8268e-20)
(1.34792 -0.191504 -1.28126e-20)
(1.35282 -0.193364 -7.76673e-20)
(1.3567 -0.195168 -3.1129e-20)
)
;

boundaryField
{
    inlet
    {
        type            uniformFixedValue;
        uniformValue    constant (1 0 0);
        value           nonuniform 0();
    }
    outlet
    {
        type            pressureInletOutletVelocity;
        value           nonuniform 0();
    }
    polygon
    {
        type            fixedValue;
        value           nonuniform 0();
    }
    top
    {
        type            symmetryPlane;
    }
    bottom
    {
        type            symmetryPlane;
    }
    outside
    {
        type            zeroGradient;
    }
    procBoundary10to2
    {
        type            processor;
        value           nonuniform List<vector> 
18
(
(1.3596 -0.196937 1.82855e-21)
(1.36156 -0.198691 2.3503e-20)
(1.36262 -0.200453 1.17729e-20)
(1.36279 -0.202247 1.65144e-20)
(1.3621 -0.204097 1.93104e-20)
(1.36058 -0.20603 -7.97761e-21)
(1.35821 -0.208076 6.6372e-21)
(1.35495 -0.210267 -5.88043e-21)
(1.35077 -0.212623 5.6146e-20)
(1.34561 -0.215148 1.34348e-19)
(1.33947 -0.21786 8.13592e-20)
(1.3322 -0.220847 2.51652e-19)
(1.32332 -0.224244 6.7473e-19)
(1.35679 -0.192836 -2.07411e-20)
(1.35991 -0.194135 -2.39559e-20)
(1.36229 -0.19539 6.98676e-20)
(1.3596 -0.196937 1.82855e-21)
(1.36398 -0.196616 2.60952e-20)
)
;
    }
    procBoundary10to3
    {
        type            processor;
        value           nonuniform List<vector> 2((1.30167 -0.180791 -1.19447e-19) (1.33496 -0.187555 -3.77238e-20));
    }
    procBoundary10to9
    {
        type            processor;
        value           nonuniform List<vector> 3((1.32426 -0.252805 -1.93566e-18) (1.31893 -0.244734 2.35494e-19) (1.31485 -0.236365 -1.97616e-18));
    }
    procBoundary10to11
    {
        type            processor;
        value           nonuniform List<vector> 5((0.715234 -0.0875068 4.66326e-18) (0.88557 -0.111131 1.10084e-18) (1.03731 -0.134377 -3.521e-18) (1.15841 -0.15453 -1.04362e-18) (1.24528 -0.170048 -3.32264e-19));
    }
    procBoundary10to17
    {
        type            processor;
        value           nonuniform List<vector> 5((1.23237 -0.227281 8.79748e-19) (1.30528 -0.246084 2.5537e-18) (1.33186 -0.251222 1.99412e-18) (1.3369 -0.249294 2.94043e-18) (1.3369 -0.249294 2.94043e-18));
    }
    procBoundary10to18
    {
        type            processor;
        value           nonuniform List<vector> 
17
(
(0.507278 -0.0649832 -4.42429e-19)
(0.536741 -0.0691997 4.9789e-19)
(0.568264 -0.0738951 6.09553e-19)
(0.602188 -0.0791779 8.98651e-19)
(0.638917 -0.0851912 1.55233e-18)
(0.678923 -0.0921209 7.3578e-19)
(0.722718 -0.100191 2.28092e-18)
(0.770785 -0.10966 4.71584e-18)
(0.823432 -0.120847 -9.30351e-19)
(0.880711 -0.134151 5.79127e-19)
(0.942598 -0.149887 1.83257e-19)
(1.00862 -0.168493 3.31538e-19)
(0.570935 -0.0698544 8.50484e-19)
(0.600352 -0.073791 9.05217e-19)
(0.631274 -0.0780872 1.07169e-18)
(0.663837 -0.0828055 1.22904e-18)
(0.663837 -0.0828055 1.22904e-18)
)
;
    }
}


// ************************************************************************* //
