/*--------------------------------*- C++ -*----------------------------------*\
  =========                 |
  \\      /  F ield         | OpenFOAM: The Open Source CFD Toolbox
   \\    /   O peration     | Website:  https://openfoam.org
    \\  /    A nd           | Version:  7
     \\/     M anipulation  |
\*---------------------------------------------------------------------------*/
FoamFile
{
    version     2.0;
    format      ascii;
    class       volVectorField;
    location    "58";
    object      U;
}
// * * * * * * * * * * * * * * * * * * * * * * * * * * * * * * * * * * * * * //

dimensions      [0 1 -1 0 0 0 0];

internalField   nonuniform List<vector> 
125
(
(-0.315999 -0.00116764 -3.4354e-18)
(-0.308813 -0.0011406 4.52361e-21)
(-0.301791 -0.00111025 5.31277e-18)
(-0.294956 -0.00107564 1.06603e-18)
(-0.288338 -0.00103591 -4.96877e-18)
(-0.28197 -0.000990427 -8.82642e-18)
(-0.275888 -0.000938843 -5.53832e-18)
(-0.270133 -0.000881188 1.22303e-18)
(-0.26474 -0.000817862 -5.89855e-18)
(-0.259744 -0.00074962 -6.91575e-18)
(-0.255172 -0.000677463 -1.36273e-18)
(-0.251043 -0.000602509 -4.43103e-18)
(-0.247366 -0.000525538 1.06285e-17)
(-0.244138 -0.000451524 4.60885e-18)
(-0.241354 -0.000381428 1.99866e-18)
(-0.238993 -0.000315934 -1.05485e-18)
(-0.314603 -0.0033888 -8.74465e-19)
(-0.307444 -0.00331442 2.59688e-18)
(-0.300451 -0.00323068 1.23201e-17)
(-0.293646 -0.00313473 -4.83113e-18)
(-0.287058 -0.00302398 -1.97131e-17)
(-0.280722 -0.00289647 -8.47269e-18)
(-0.274673 -0.00275117 -5.49414e-18)
(-0.268952 -0.0025881 -2.09317e-17)
(-0.263594 -0.00240845 -4.10917e-18)
(-0.258632 -0.00221449 -1.47332e-17)
(-0.254093 -0.00200937 2.59142e-18)
(-0.249995 -0.00179691 -7.72308e-18)
(-0.246347 -0.00158016 2.61187e-18)
(-0.243147 -0.00136833 3.00799e-18)
(-0.240387 -0.00116615 1.28111e-18)
(-0.238046 -0.000976384 -2.0247e-18)
(-0.311814 -0.00560767 6.84515e-19)
(-0.30471 -0.00548332 -1.09272e-17)
(-0.297773 -0.00534311 7.67097e-18)
(-0.291027 -0.00518237 1.76226e-18)
(-0.2845 -0.00499692 -7.49997e-18)
(-0.278227 -0.00478365 -9.53747e-18)
(-0.272245 -0.00454099 -8.28094e-18)
(-0.266591 -0.00426918 -1.40055e-17)
(-0.261301 -0.00397034 -8.93854e-19)
(-0.256407 -0.00364846 -1.07718e-17)
(-0.251934 -0.00330906 1.129e-17)
(-0.247899 -0.00295908 4.74541e-18)
(-0.24431 -0.00260519 -1.45159e-18)
(-0.241164 -0.00225711 2.81631e-18)
(-0.23845 -0.00192329 1.30653e-18)
(-0.236148 -0.00160944 -5.0416e-18)
(-0.307646 -0.00779658 7.67127e-19)
(-0.300624 -0.00762233 -1.29195e-17)
(-0.29377 -0.00742534 1.17775e-17)
(-0.287111 -0.00719924 6.76255e-18)
(-0.280675 -0.00693835 -1.41885e-18)
(-0.274497 -0.00663855 -1.58175e-17)
(-0.268613 -0.00629786 -1.51518e-17)
(-0.263059 -0.00591685 5.42851e-18)
(-0.257871 -0.0054987 5.07239e-18)
(-0.253077 -0.00504918 -1.35277e-17)
(-0.248703 -0.00457619 9.15298e-18)
(-0.244762 -0.00408951 -3.33039e-18)
(-0.241259 -0.00359938 -8.37851e-18)
(-0.238192 -0.00311838 4.85372e-18)
(-0.235546 -0.00265717 1.6419e-18)
(-0.2333 -0.00222413 -1.13949e-17)
(-0.302117 -0.00994975 1.11438e-18)
(-0.295202 -0.00972479 -4.44904e-18)
(-0.28846 -0.00946976 8.32826e-18)
(-0.281915 -0.00917668 1.34565e-17)
(-0.2756 -0.00883861 1.2659e-18)
(-0.269547 -0.0084506 -1.32619e-17)
(-0.263793 -0.0080105 -7.14364e-18)
(-0.258372 -0.00751938 1.26021e-17)
(-0.253317 -0.0069817 1.2608e-17)
(-0.248657 -0.00640513 -5.77413e-18)
(-0.244411 -0.00580005 1.63279e-17)
(-0.240592 -0.00517913 4.71838e-18)
(-0.237203 -0.00455575 1.58544e-18)
(-0.234237 -0.00394551 1.226e-17)
(-0.231679 -0.00336139 1.33986e-18)
(-0.229504 -0.00281408 -4.7044e-18)
(-0.295249 -0.0120607 2.54444e-18)
(-0.288469 -0.011784 8.20684e-19)
(-0.281864 -0.0114692 1.20271e-17)
(-0.275463 -0.0111071 8.04682e-18)
(-0.269297 -0.0106896 8.28068e-19)
(-0.2634 -0.0102113 -2.07741e-17)
(-0.257807 -0.00967005 -2.37453e-19)
(-0.25255 -0.00906769 9.86925e-18)
(-0.24766 -0.00841015 4.5192e-18)
(-0.243163 -0.0077072 -4.32713e-18)
(-0.239075 -0.00697184 1.48356e-17)
(-0.235404 -0.00621964 1.2897e-17)
(-0.232152 -0.00546705 1.18611e-17)
(-0.229308 -0.00473229 6.4013e-18)
(-0.226854 -0.00403089 -5.75828e-19)
(-0.224763 -0.00337559 -2.51385e-18)
(-0.287072 -0.0141215 6.33539e-18)
(-0.280451 -0.0137916 -1.17307e-17)
(-0.274012 -0.0134151 4.81236e-18)
(-0.267783 -0.0129816 4.76079e-18)
(-0.261796 -0.0124823 -2.14601e-18)
(-0.256084 -0.0119114 -2.25877e-17)
(-0.250682 -0.0112672 -9.06349e-18)
(-0.245619 -0.0105527 -6.67599e-18)
(-0.240925 -0.00977527 -2.70208e-18)
(-0.236618 -0.00894714 -6.9166e-18)
(-0.232714 -0.00808398 3.61273e-18)
(-0.229217 -0.00720425 5.60115e-18)
(-0.226122 -0.00632746 6.12109e-18)
(-0.223416 -0.00547436 2.01235e-18)
(-0.221078 -0.00466271 -4.21867e-18)
(-0.21908 -0.00390706 -1.5269e-18)
(-0.277619 -0.0161237 -2.87174e-18)
(-0.271184 -0.0157389 -1.46281e-17)
(-0.264937 -0.0152984 4.14818e-18)
(-0.258908 -0.014791 3.38366e-18)
(-0.253129 -0.0142072 -8.88105e-18)
(-0.247632 -0.0135415 -1.96513e-17)
(-0.24245 -0.0127927 -1.96532e-17)
(-0.237611 -0.0119651 -5.35805e-18)
(-0.233139 -0.0110683 -1.11974e-17)
(-0.229049 -0.0101168 -1.35695e-17)
(-0.225353 -0.00912888 -3.96325e-18)
(-0.222048 -0.00812599 1.57285e-18)
(-0.219127 -0.00713118 3.11912e-18)
)
;

boundaryField
{
    inlet
    {
        type            uniformFixedValue;
        uniformValue    constant (1 0 0);
        value           nonuniform 0();
    }
    outlet
    {
        type            pressureInletOutletVelocity;
        value           nonuniform 0();
    }
    polygon
    {
        type            fixedValue;
        value           nonuniform 0();
    }
    top
    {
        type            symmetryPlane;
    }
    bottom
    {
        type            symmetryPlane;
    }
    outside
    {
        type            zeroGradient;
    }
    procBoundary29to21
    {
        type            processor;
        value           nonuniform List<vector> 
17
(
(-0.216573 -0.00616754 -2.5254e-18)
(-0.21436 -0.00525452 -1.16434e-17)
(-0.212457 -0.00440797 -1.86304e-18)
(-0.266929 -0.0180675 -1.12871e-17)
(-0.260706 -0.0176252 -8.00905e-18)
(-0.254679 -0.0171175 9.82638e-18)
(-0.248877 -0.0165324 3.11818e-18)
(-0.243334 -0.0158605 -3.02137e-18)
(-0.238081 -0.0150967 -8.88683e-18)
(-0.233148 -0.0142408 -1.90286e-17)
(-0.228559 -0.0132989 -4.38067e-18)
(-0.224334 -0.0122827 -5.25243e-18)
(-0.220485 -0.0112092 -6.30316e-18)
(-0.217015 -0.0100998 -1.19008e-17)
(-0.21392 -0.00897844 -3.13411e-19)
(-0.216573 -0.00616754 -2.5254e-18)
(-0.211185 -0.00787198 2.01489e-18)
)
;
    }
    procBoundary29to22
    {
        type            processor;
        value           nonuniform List<vector> 2((-0.29385 -0.0144156 -7.11e-18) (-0.284215 -0.0164647 -1.57789e-17));
    }
    procBoundary29to28
    {
        type            processor;
        value           nonuniform List<vector> 6((-0.236097 -0.000801691 6.75971e-18) (-0.23423 -0.00132031 5.60849e-18) (-0.231425 -0.00182597 9.55103e-18) (-0.227684 -0.00231195 1.21462e-18) (-0.223005 -0.00277625 -5.40585e-18) (-0.217388 -0.00321849 -1.61394e-17));
    }
    procBoundary29to30
    {
        type            processor;
        value           nonuniform List<vector> 6((-0.323334 -0.00119228 2.08455e-18) (-0.32191 -0.00345655 1.9889e-18) (-0.319067 -0.00572063 9.47999e-19) (-0.314819 -0.00795431 -4.11238e-19) (-0.309183 -0.0101524 -9.9474e-19) (-0.302184 -0.0123088 -2.46772e-18));
    }
    procBoundary29to36
    {
        type            processor;
        value           uniform (-0.237029 -0.000255854 -8.52413e-18);
    }
    procBoundary29to37
    {
        type            processor;
        value           nonuniform List<vector> 
16
(
(-0.315999 0.00116752 -9.2524e-18)
(-0.308813 0.00114065 -1.08462e-18)
(-0.301791 0.00111047 1.86047e-18)
(-0.294956 0.00107601 5.79448e-18)
(-0.288338 0.00103641 5.08544e-18)
(-0.28197 0.000991034 -1.49769e-17)
(-0.275888 0.000939536 -7.48112e-18)
(-0.270133 0.000881943 3.3819e-18)
(-0.26474 0.000818659 -1.19379e-17)
(-0.259744 0.00075044 -2.92147e-18)
(-0.255172 0.000678285 -4.97268e-18)
(-0.251043 0.000603315 -3.46128e-18)
(-0.247366 0.000526312 5.55723e-18)
(-0.244138 0.000452251 6.97816e-18)
(-0.241354 0.000382094 3.70254e-18)
(-0.238993 0.000316527 -1.81187e-18)
)
;
    }
}


// ************************************************************************* //
