/*--------------------------------*- C++ -*----------------------------------*\
  =========                 |
  \\      /  F ield         | OpenFOAM: The Open Source CFD Toolbox
   \\    /   O peration     | Website:  https://openfoam.org
    \\  /    A nd           | Version:  7
     \\/     M anipulation  |
\*---------------------------------------------------------------------------*/
FoamFile
{
    version     2.0;
    format      ascii;
    class       volVectorField;
    location    "18";
    object      U;
}
// * * * * * * * * * * * * * * * * * * * * * * * * * * * * * * * * * * * * * //

dimensions      [0 1 -1 0 0 0 0];

internalField   nonuniform List<vector> 
175
(
(1.24828 -0.156611 -5.455e-18)
(1.24341 -0.174681 1.8995e-18)
(1.23809 -0.182578 5.55078e-18)
(1.23215 -0.196418 -1.89328e-18)
(1.22706 -0.208231 -3.11009e-18)
(1.24602 -0.155064 -6.11243e-18)
(1.24083 -0.17342 1.9363e-18)
(1.23553 -0.181495 6.04811e-18)
(1.22935 -0.195524 -2.16081e-18)
(1.22417 -0.207577 -3.27046e-18)
(1.24374 -0.153492 -6.51089e-18)
(1.23823 -0.172138 1.98263e-18)
(1.23295 -0.180402 6.73354e-18)
(1.22653 -0.19461 -2.18823e-18)
(1.22126 -0.206905 -6.1716e-18)
(1.24144 -0.151897 -7.10943e-18)
(1.23559 -0.170835 2.16653e-18)
(1.23034 -0.179296 1.9585e-18)
(1.22368 -0.193671 -2.23987e-18)
(1.2183 -0.206212 -6.76262e-18)
(1.23911 -0.15028 -7.85896e-18)
(1.23293 -0.169511 5.2214e-18)
(1.2277 -0.178179 7.51914e-18)
(1.2208 -0.192709 -2.51505e-18)
(1.21531 -0.205497 -7.13055e-18)
(1.23677 -0.148643 -8.51101e-18)
(1.23024 -0.168166 5.30982e-18)
(1.22504 -0.177052 8.01156e-18)
(1.21792 -0.191722 -4.60161e-20)
(1.2123 -0.20476 -5.44564e-18)
(1.23445 -0.146984 -9.1952e-18)
(1.22755 -0.1668 5.82232e-18)
(1.2224 -0.175915 8.29227e-18)
(1.21504 -0.19071 -1.97788e-19)
(1.20931 -0.204 -3.70432e-18)
(1.23214 -0.145303 -7.16734e-18)
(1.22483 -0.165412 6.2095e-18)
(1.21976 -0.174772 8.94493e-18)
(1.21217 -0.189675 2.34886e-18)
(1.20633 -0.203221 -6.53027e-18)
(1.22964 -0.1436 -7.68347e-18)
(1.222 -0.164002 6.3986e-18)
(1.21694 -0.173623 9.49492e-18)
(1.20912 -0.188617 2.33796e-18)
(1.20314 -0.202424 -6.90591e-18)
(1.22668 -0.141891 -1.11569e-17)
(1.21892 -0.16257 9.01538e-18)
(1.21367 -0.172456 9.91558e-18)
(1.20566 -0.187532 3.95161e-19)
(1.19943 -0.201596 -7.59949e-18)
(1.27359 -0.173679 -2.67094e-18)
(1.27032 -0.188956 -1.97145e-18)
(1.26572 -0.195517 -8.02582e-18)
(1.26145 -0.207532 4.42292e-18)
(1.25772 -0.217388 1.0768e-17)
(1.25457 -0.229143 5.35406e-19)
(1.27119 -0.172081 -2.01134e-18)
(1.2678 -0.187642 2.97031e-18)
(1.2631 -0.194347 -4.35118e-18)
(1.25869 -0.206577 4.23732e-18)
(1.25483 -0.216636 7.24354e-18)
(1.25153 -0.228614 6.60915e-19)
(1.26876 -0.170452 -2.30369e-18)
(1.26524 -0.186295 2.89361e-18)
(1.26046 -0.193136 -1.37367e-18)
(1.25589 -0.205572 5.62846e-19)
(1.2519 -0.215828 4.48238e-18)
(1.24844 -0.228017 1.08039e-18)
(1.26629 -0.168798 -3.25111e-18)
(1.26264 -0.184922 3.26553e-18)
(1.25777 -0.191898 -1.76127e-18)
(1.25305 -0.204536 7.12222e-19)
(1.24892 -0.214989 5.21635e-18)
(1.24531 -0.227388 1.60571e-18)
(1.26379 -0.167117 -7.85081e-18)
(1.26 -0.183522 3.70011e-18)
(1.25504 -0.190633 -1.88448e-18)
(1.25016 -0.203466 5.43143e-19)
(1.2459 -0.214116 5.55671e-18)
(1.24213 -0.22672 1.70806e-18)
(1.26125 -0.165409 -8.38871e-18)
(1.25731 -0.182095 4.31352e-18)
(1.25227 -0.18934 -2.20824e-18)
(1.24723 -0.202364 4.0351e-18)
(1.24283 -0.21321 2.29279e-18)
(1.25868 -0.163674 -9.44918e-18)
(1.25459 -0.180641 9.31321e-19)
(1.24946 -0.18802 4.74747e-18)
(1.24426 -0.201227 3.9202e-18)
(1.23972 -0.212269 2.62237e-18)
(1.25606 -0.161914 -6.56344e-18)
(1.25183 -0.17916 1.34588e-18)
(1.24662 -0.186672 4.41409e-18)
(1.24126 -0.200055 7.61497e-19)
(1.23656 -0.211293 2.74842e-18)
(1.25342 -0.160128 -7.5072e-18)
(1.24904 -0.177655 1.4688e-18)
(1.24375 -0.185298 4.86589e-18)
(1.23823 -0.198847 1.03424e-18)
(1.23337 -0.21028 2.94289e-18)
(1.25075 -0.158318 -4.56653e-18)
(1.24617 -0.176124 1.76621e-18)
(1.24084 -0.183897 1.98677e-18)
(1.23512 -0.197603 1.03648e-18)
(1.23013 -0.209232 -1.90914e-19)
(1.29518 -0.188441 1.47661e-18)
(1.29261 -0.201295 -4.70352e-18)
(1.28907 -0.20683 -2.41544e-18)
(1.2859 -0.217297 4.46491e-18)
(1.28334 -0.225691 2.90537e-18)
(1.29321 -0.187098 -2.93749e-18)
(1.29059 -0.200203 -4.89228e-18)
(1.28691 -0.205857 -7.89113e-18)
(1.28365 -0.216485 4.95262e-18)
(1.28097 -0.225038 3.50701e-18)
(1.29119 -0.185724 -3.04923e-18)
(1.28852 -0.199071 -5.39984e-18)
(1.28472 -0.204837 -4.05637e-18)
(1.28136 -0.21562 5.24074e-18)
(1.27856 -0.224324 -6.46441e-19)
(1.28914 -0.184323 -3.39245e-18)
(1.28641 -0.19791 -3.73721e-19)
(1.28249 -0.203785 -5.26253e-18)
(1.27903 -0.214726 5.80007e-18)
(1.27612 -0.223579 -4.03556e-18)
(1.28705 -0.182893 -3.69796e-18)
(1.28425 -0.196719 -5.93664e-18)
(1.28022 -0.2027 -5.8416e-18)
(1.27666 -0.2138 1.88315e-18)
(1.27363 -0.222801 -3.76724e-18)
(1.28492 -0.181434 1.62302e-18)
(1.28205 -0.195498 -6.97584e-19)
(1.27791 -0.201584 -1.64727e-18)
(1.27424 -0.212841 2.90674e-18)
(1.27109 -0.221989 -4.12126e-18)
(1.2686 -0.233 -9.67438e-18)
(1.28274 -0.179945 7.53499e-19)
(1.2798 -0.194247 -1.78634e-18)
(1.27557 -0.200435 -2.51088e-18)
(1.27178 -0.211848 -7.62122e-19)
(1.26852 -0.221142 6.37338e-19)
(1.2659 -0.232309 -5.54805e-18)
(1.28053 -0.178426 8.9983e-19)
(1.27751 -0.192967 -2.05359e-18)
(1.27318 -0.199253 1.85126e-18)
(1.26929 -0.210822 4.25659e-18)
(1.2659 -0.220259 5.99774e-19)
(1.26315 -0.231578 -6.59477e-18)
(1.27827 -0.176876 8.39129e-19)
(1.27518 -0.191659 -2.2937e-18)
(1.27076 -0.198041 -3.06999e-18)
(1.26675 -0.20976 4.43071e-18)
(1.26325 -0.219339 5.63236e-18)
(1.26036 -0.230807 -2.97722e-18)
(1.27596 -0.175295 1.37532e-18)
(1.27278 -0.190323 -1.76087e-18)
(1.26828 -0.196796 -2.74987e-18)
(1.26414 -0.208664 4.25046e-18)
(1.26053 -0.218381 5.84447e-18)
(1.2575 -0.229994 7.40033e-19)
(1.11502 -0.0857942 -9.23008e-20)
(1.15719 -0.0971077 -8.03659e-18)
(1.19633 -0.126385 2.51526e-18)
(1.1096 -0.103166 -1.4679e-18)
(1.15296 -0.11221 3.90954e-18)
(1.18878 -0.149248 -6.07499e-18)
(1.10252 -0.112503 -1.60981e-18)
(1.14695 -0.11996 1.04043e-17)
(1.18091 -0.161396 -3.35759e-18)
(1.09444 -0.124415 1.79996e-18)
(1.14008 -0.12946 1.30216e-18)
(1.17143 -0.177224 1.10076e-18)
(1.08574 -0.135923 1.99012e-18)
(1.13226 -0.138262 1.06498e-19)
(1.16194 -0.193441 3.05144e-18)
)
;

boundaryField
{
    inlet
    {
        type            uniformFixedValue;
        uniformValue    constant (1 0 0);
        value           nonuniform 0();
    }
    outlet
    {
        type            pressureInletOutletVelocity;
        value           nonuniform 0();
    }
    polygon
    {
        type            fixedValue;
        value           nonuniform 0();
    }
    top
    {
        type            symmetryPlane;
    }
    bottom
    {
        type            symmetryPlane;
    }
    outside
    {
        type            zeroGradient;
    }
    procBoundary1to0
    {
        type            processor;
        value           nonuniform List<vector> 5((1.08845 -0.051249 -7.6013e-18) (1.08478 -0.0610603 1.12928e-18) (1.0799 -0.065886 3.67646e-18) (1.07398 -0.071504 6.25779e-18) (1.06721 -0.0765467 3.19769e-18));
    }
    procBoundary1to2
    {
        type            processor;
        value           nonuniform List<vector> 5((1.29695 -0.189697 1.35924e-18) (1.29444 -0.202348 -1.155e-19) (1.29101 -0.207825 -1.63729e-18) (1.28792 -0.218213 4.33399e-18) (1.28545 -0.226518 1.96288e-18));
    }
    procBoundary1to9
    {
        type            processor;
        value           nonuniform List<vector> 
35
(
(1.22226 -0.221938 1.33582e-18)
(1.21916 -0.221506 1.50854e-18)
(1.21603 -0.221046 1.69384e-18)
(1.21286 -0.220556 2.13389e-18)
(1.20966 -0.220035 2.45412e-18)
(1.20644 -0.21948 2.85856e-18)
(1.20325 -0.218893 2.96832e-18)
(1.20007 -0.218277 3.47668e-18)
(1.19666 -0.217633 3.8555e-18)
(1.19261 -0.216948 6.27401e-18)
(1.25217 -0.240787 -3.73698e-18)
(1.24898 -0.240503 -4.49402e-18)
(1.24574 -0.240142 -4.93763e-18)
(1.24243 -0.239744 -5.28646e-18)
(1.23908 -0.239304 -5.89587e-18)
(1.23889 -0.226014 2.05548e-18)
(1.23889 -0.226014 2.05548e-18)
(1.23561 -0.225268 2.51137e-18)
(1.23229 -0.22448 2.85217e-18)
(1.22893 -0.223651 3.33644e-18)
(1.22552 -0.222781 3.90264e-18)
(1.28142 -0.235885 -6.31606e-18)
(1.27894 -0.235404 -6.54394e-18)
(1.27643 -0.234851 -7.62418e-18)
(1.27387 -0.234269 -8.09305e-18)
(1.27126 -0.233653 -9.26153e-18)
(1.27126 -0.233653 -9.26153e-18)
(1.26691 -0.243783 -6.79545e-18)
(1.26406 -0.243272 -2.44974e-18)
(1.26117 -0.242718 -3.22374e-18)
(1.25823 -0.242119 -3.37227e-18)
(1.25523 -0.241473 -3.33961e-18)
(1.07641 -0.147307 1.42484e-18)
(1.12379 -0.146789 2.20852e-18)
(1.15146 -0.209962 -3.80354e-18)
)
;
    }
}


// ************************************************************************* //
