/*--------------------------------*- C++ -*----------------------------------*\
  =========                 |
  \\      /  F ield         | OpenFOAM: The Open Source CFD Toolbox
   \\    /   O peration     | Website:  https://openfoam.org
    \\  /    A nd           | Version:  7
     \\/     M anipulation  |
\*---------------------------------------------------------------------------*/
FoamFile
{
    version     2.0;
    format      ascii;
    class       volVectorField;
    location    "54";
    object      U;
}
// * * * * * * * * * * * * * * * * * * * * * * * * * * * * * * * * * * * * * //

dimensions      [0 1 -1 0 0 0 0];

internalField   nonuniform List<vector> 
115
(
(0.998472 -0.00202801 -1.21832e-17)
(1.00242 -0.000466059 7.04071e-17)
(0.998477 -0.00402316 1.12295e-16)
(1.0032 -0.00158292 1.36282e-16)
(0.998742 -0.00779237 5.81714e-17)
(1.00433 -0.00412705 -1.09965e-16)
(0.999589 -0.0149277 -2.54118e-17)
(1.00624 -0.009568 -1.39603e-16)
(1.00182 -0.0284072 -2.46756e-17)
(1.01028 -0.0208177 -1.65873e-16)
(1.00739 -0.0538707 4.59993e-17)
(1.02007 -0.043392 5.07396e-17)
(1.02106 -0.0995185 3.99053e-17)
(1.00186 8.6997e-05 -1.01521e-18)
(0.998278 -0.000797957 -1.79669e-18)
(1.00236 -0.000153976 1.85008e-18)
(0.997792 -0.00188208 1.20574e-18)
(1.00296 -0.00070499 -1.49564e-17)
(0.997491 -0.00383326 1.02189e-16)
(1.00371 -0.00193047 5.54707e-17)
(0.997282 -0.00755228 4.02337e-17)
(1.00464 -0.00463315 -1.09774e-16)
(0.997381 -0.0146716 -2.00432e-17)
(1.00594 -0.0103319 -1.34295e-16)
(0.998401 -0.0283296 -2.30626e-17)
(1.0085 -0.0220115 -1.51175e-16)
(1.00199 -0.0546309 2.62119e-17)
(1.01537 -0.0452297 1.27802e-16)
(1.01264 -0.103359 6.02782e-17)
(1.00232 -5.54226e-06 5.65888e-19)
(0.997713 -0.000681398 -3.32477e-19)
(1.00294 -0.000303462 -3.65229e-18)
(0.996979 -0.00172469 1.08908e-17)
(1.00365 -0.000922336 -2.12157e-17)
(0.996313 -0.00361233 -1.55695e-19)
(1.00445 -0.00224189 3.91737e-17)
(0.995542 -0.00724127 -4.92425e-17)
(1.00526 -0.00507998 -1.9221e-17)
(0.994768 -0.0142618 -7.80227e-17)
(1.00606 -0.0109995 -4.38699e-17)
(0.9944 -0.0279218 -6.67379e-17)
(1.00723 -0.0230674 -3.44013e-17)
(0.995809 -0.0547205 -3.04995e-17)
(1.01099 -0.0469599 1.25148e-16)
(1.00322 -0.106054 1.79581e-17)
(1.00284 -8.70726e-05 -1.95484e-19)
(0.997064 -0.000569286 4.00434e-18)
(1.00361 -0.000433955 -8.69262e-18)
(0.996043 -0.00156463 2.91982e-17)
(1.00448 -0.00110763 -1.01895e-16)
(0.994948 -0.00337336 -2.3559e-17)
(1.00541 -0.00250147 7.92307e-17)
(0.993519 -0.00687806 1.26812e-16)
(1.00623 -0.00544387 -1.4812e-17)
(0.99172 -0.0137228 9.76711e-17)
(1.0067 -0.0115363 -5.01184e-17)
(0.989731 -0.0272094 1.80913e-16)
(1.00668 -0.0239388 1.42727e-17)
(0.988615 -0.054137 3.90396e-18)
(1.00733 -0.0485516 6.74308e-17)
(0.992423 -0.107418 -7.30121e-17)
(1.00339 -0.000153515 -8.11412e-19)
(0.996355 -0.000467396 3.88701e-18)
(1.00435 -0.000538779 -7.5059e-18)
(0.995014 -0.00141073 1.5098e-17)
(1.00543 -0.00125035 -4.57797e-17)
(0.993435 -0.00313031 9.93213e-17)
(1.00656 -0.0026924 2.9755e-17)
(0.991254 -0.00648453 6.38062e-17)
(1.00752 -0.00569744 -9.8037e-17)
(0.988271 -0.013088 2.69337e-17)
(1.00787 -0.0118976 -1.17679e-16)
(0.984383 -0.0262392 3.80256e-17)
(1.00696 -0.0245527 -1.1354e-16)
(0.980265 -0.0529249 7.80475e-17)
(1.0048 -0.0498645 1.12967e-16)
(0.979794 -0.107425 1.67772e-17)
(1.00395 -0.00020174 4.61964e-19)
(0.995625 -0.000380185 -7.5771e-19)
(1.00512 -0.000612857 -4.27936e-18)
(0.993948 -0.00127033 1.04084e-17)
(1.00643 -0.0013418 -2.96016e-17)
(0.991849 -0.00289576 1.09033e-16)
(1.00782 -0.00279958 1.78499e-17)
(0.988849 -0.00608228 4.51453e-17)
(1.00903 -0.00581377 -1.58944e-17)
(0.984547 -0.0123945 3.42821e-17)
(1.00946 -0.0120341 -2.01121e-17)
(0.978491 -0.0250728 3.51063e-17)
(1.00803 -0.0248177 -3.68363e-17)
(0.970813 -0.0511599 1.29684e-16)
(1.00359 -0.0507486 -7.28504e-17)
(0.965033 -0.106052 -1.98561e-17)
(1.00449 -0.000230269 1.04044e-18)
(0.994925 -0.000309772 9.01147e-19)
(1.00585 -0.000653953 2.09303e-18)
(0.992918 -0.00114759 5.00213e-18)
(1.0074 -0.00137731 -2.0718e-18)
(0.990299 -0.00267799 1.02645e-17)
(1.00908 -0.00281342 -3.27177e-17)
(0.986463 -0.00568777 1.27819e-16)
(1.01059 -0.0057726 1.13281e-18)
(0.980782 -0.011675 1.34066e-16)
(1.01123 -0.0119017 1.32457e-17)
(0.972373 -0.0237749 1.12201e-16)
(1.0096 -0.0246344 1.35499e-17)
(0.960613 -0.0489527 4.77171e-17)
(1.00352 -0.0510036 -9.62858e-17)
(0.94819 -0.103351 -2.18102e-17)
(1.00496 -0.000240007 1.38672e-17)
(0.99431 -0.000255032 -5.36444e-19)
(1.00648 -0.000663561 2.10874e-17)
(0.992008 -0.00104197 3.77851e-18)
(1.00825 -0.00135817 2.84203e-17)
(0.988914 -0.00247836 -8.6765e-17)
)
;

boundaryField
{
    inlet
    {
        type            uniformFixedValue;
        uniformValue    constant (1 0 0);
        value           uniform (1 0 0);
    }
    outlet
    {
        type            pressureInletOutletVelocity;
        value           nonuniform 0();
    }
    polygon
    {
        type            fixedValue;
        value           nonuniform 0();
    }
    top
    {
        type            symmetryPlane;
    }
    bottom
    {
        type            symmetryPlane;
    }
    outside
    {
        type            zeroGradient;
    }
    procBoundary8to0
    {
        type            processor;
        value           nonuniform List<vector> 
17
(
(0.999024 -0.0021547 1.80917e-17)
(1.00202 -0.000214992 1.27483e-18)
(0.999284 -0.00417145 1.56075e-17)
(1.00288 -0.00121255 3.34318e-17)
(0.999954 -0.00794805 -7.788e-17)
(1.00429 -0.00357996 -3.88442e-17)
(1.00145 -0.0150161 -1.10918e-16)
(1.00686 -0.00873111 -5.52883e-17)
(1.00478 -0.0281487 -1.07179e-16)
(1.01236 -0.0195117 -8.54846e-17)
(1.0122 -0.0524761 -2.77448e-17)
(1.0248 -0.04138 9.6806e-17)
(1.02873 -0.0948397 4.0221e-17)
(1.00146 0.000185897 1.79483e-18)
(0.99875 -0.000913005 6.34434e-19)
(1.00188 7.7278e-06 2.07132e-18)
(1.00188 7.7278e-06 2.07132e-18)
)
;
    }
    procBoundary8to9
    {
        type            processor;
        value           nonuniform List<vector> 4((1.04518 -0.0863097 -2.15983e-17) (1.03621 -0.0896006 -6.98339e-17) (1.02677 -0.0926681 2.63246e-18) (1.01722 -0.0955957 -3.48237e-18));
    }
    procBoundary8to16
    {
        type            processor;
        value           nonuniform List<vector> 
17
(
(1.01017 -0.00273352 -4.74165e-17)
(0.984296 -0.00530726 1.23881e-16)
(1.01196 -0.00556749 6.57877e-18)
(0.977287 -0.0109484 1.32338e-16)
(1.01283 -0.0114748 3.51831e-17)
(0.966514 -0.0223958 2.98578e-17)
(1.01115 -0.0239188 1.23668e-17)
(0.950369 -0.0464228 5.57337e-18)
(1.00396 -0.0503813 7.2932e-18)
(0.929935 -0.0995235 1.67925e-17)
(1.00532 -0.000234397 8.43342e-17)
(0.993831 -0.00021172 -2.24692e-18)
(1.00697 -0.000647632 1.04905e-16)
(0.991298 -0.000947633 2.06047e-17)
(1.00888 -0.00129295 2.74091e-17)
(1.01017 -0.00273352 -4.74165e-17)
(0.987819 -0.00228954 -4.36385e-17)
)
;
    }
    procBoundary8to17
    {
        type            processor;
        value           nonuniform List<vector> 3((1.00816 -0.0983988 -3.36024e-18) (1.00027 -0.101168 -8.8563e-18) (0.994051 -0.103828 -5.8838e-18));
    }
}


// ************************************************************************* //
