/*--------------------------------*- C++ -*----------------------------------*\
  =========                 |
  \\      /  F ield         | OpenFOAM: The Open Source CFD Toolbox
   \\    /   O peration     | Website:  https://openfoam.org
    \\  /    A nd           | Version:  7
     \\/     M anipulation  |
\*---------------------------------------------------------------------------*/
FoamFile
{
    version     2.0;
    format      ascii;
    class       volVectorField;
    location    "44";
    object      U;
}
// * * * * * * * * * * * * * * * * * * * * * * * * * * * * * * * * * * * * * //

dimensions      [0 1 -1 0 0 0 0];

internalField   nonuniform List<vector> 
115
(
(0.561963 0.30217 -2.32014e-17)
(0.570578 0.281213 1.27029e-17)
(0.57538 0.257391 7.02909e-18)
(0.579915 0.231848 -1.72289e-18)
(0.582951 0.205746 -4.85709e-18)
(0.585846 0.17974 -3.51345e-17)
(0.588351 0.154411 -6.33685e-17)
(0.590926 0.13001 -1.10912e-17)
(0.593466 0.106724 -5.35055e-17)
(0.596051 0.0846 3.33455e-17)
(0.598581 0.0636536 1.70869e-17)
(0.601043 0.0438771 9.08198e-18)
(0.603371 0.0253047 1.9363e-17)
(0.539886 0.321926 -3.56452e-18)
(0.568519 0.325936 -4.23583e-18)
(0.577792 0.320171 -1.36732e-17)
(0.597077 0.310197 -4.29123e-18)
(0.608431 0.294864 -1.70966e-17)
(0.621219 0.275269 1.54297e-17)
(0.63007 0.252742 2.80812e-17)
(0.638243 0.228127 3.12151e-18)
(0.644444 0.202693 2.3723e-17)
(0.649997 0.177079 -3.47179e-17)
(0.654679 0.15198 -5.58749e-17)
(0.659016 0.127699 -9.04451e-18)
(0.662956 0.104504 -4.89559e-17)
(0.666644 0.082478 4.27708e-17)
(0.670027 0.0616636 5.51025e-17)
(0.673161 0.0420543 1.01062e-17)
(0.67606 0.0236874 5.35684e-17)
(0.567795 0.310433 -1.20268e-18)
(0.597627 0.313231 -8.19839e-19)
(0.609461 0.308069 -6.24349e-18)
(0.631788 0.298492 -1.75923e-18)
(0.647362 0.284465 -1.14328e-17)
(0.664557 0.266165 1.71051e-18)
(0.678079 0.245077 -3.56976e-19)
(0.690658 0.221685 -5.8936e-19)
(0.70091 0.197286 -3.30466e-18)
(0.709998 0.172455 -1.25941e-17)
(0.717685 0.147954 -3.82362e-17)
(0.724523 0.124119 -5.9025e-18)
(0.730512 0.101274 -3.69775e-17)
(0.735865 0.0795121 1.63897e-17)
(0.74059 0.0588842 4.97653e-18)
(0.744842 0.039364 1.11398e-19)
(0.748708 0.0210346 2.97827e-18)
(0.590527 0.298867 2.51494e-18)
(0.619912 0.299602 2.95716e-18)
(0.633745 0.294352 9.77742e-18)
(0.65808 0.284394 3.77451e-18)
(0.677397 0.271042 1.52228e-17)
(0.698755 0.253642 -3.41257e-18)
(0.71715 0.233845 1.80102e-18)
(0.734664 0.21178 2.61605e-18)
(0.749769 0.188691 6.42181e-18)
(0.763347 0.165036 1.54544e-17)
(0.775063 0.141583 3.79504e-17)
(0.785411 0.118669 7.38604e-18)
(0.794382 0.096662 4.07395e-17)
(0.802224 0.0756958 -8.98022e-18)
(0.809001 0.0558335 4.82766e-18)
(0.815006 0.036995 -1.27527e-18)
(0.820595 0.0191513 -1.96729e-18)
(0.608633 0.288077 -4.79942e-19)
(0.635889 0.286137 -1.24039e-18)
(0.650915 0.280175 -1.07647e-18)
(0.675932 0.269112 -1.52196e-18)
(0.697871 0.255695 2.8178e-19)
(0.722481 0.238589 1.84219e-19)
(0.745199 0.219589 3.21683e-19)
(0.767518 0.198536 9.6761e-19)
(0.787744 0.176575 3.52317e-19)
(0.806422 0.15402 -4.97461e-22)
(0.823028 0.131578 -6.5759e-19)
(0.837919 0.109533 -2.42494e-18)
(0.851022 0.0882486 7.84208e-18)
(0.862541 0.0678673 -1.0823e-19)
(0.872497 0.0484358 5.79639e-18)
(0.881174 0.0298323 9.16196e-18)
(0.888911 0.0121682 1.888e-17)
(0.622899 0.277977 2.64081e-20)
(0.64661 0.272655 -1.96402e-18)
(0.661994 0.265593 -7.22061e-19)
(0.686535 0.253184 -5.87734e-18)
(0.709576 0.239447 1.28212e-18)
(0.735866 0.222526 7.38189e-19)
(0.761335 0.204318 6.14843e-19)
(0.787163 0.184447 1.08263e-18)
(0.811566 0.163953 -2.98156e-21)
(0.834811 0.142997 -1.79638e-18)
(0.856155 0.12219 -8.76733e-18)
(0.875748 0.101738 -2.53715e-17)
(0.893361 0.0819743 9.30145e-18)
(0.909066 0.0630356 7.71653e-19)
(0.922788 0.044981 3.58375e-18)
(0.934971 0.0275188 5.37765e-18)
(0.94647 0.0102597 8.82955e-18)
(0.632601 0.267556 2.16689e-18)
(0.653096 0.256302 4.52872e-18)
(0.668393 0.245926 3.31172e-18)
(0.692229 0.230379 7.54376e-18)
(0.715272 0.214316 -1.70325e-18)
(0.741815 0.195757 1.79296e-18)
(0.768139 0.176649 1.68339e-18)
(0.795377 0.156566 2.66685e-18)
(0.821804 0.136471 4.93636e-18)
(0.847601 0.116408 9.54856e-18)
(0.871939 0.0968703 1.71063e-17)
(0.89485 0.0779441 3.06144e-17)
(0.915994 0.0598548 -8.45736e-18)
(0.93529 0.042634 5.61252e-18)
(0.952356 0.0262698 2.89712e-18)
(0.967126 0.0104176 6.49928e-18)
(0.980272 -0.00550072 1.11423e-17)
)
;

boundaryField
{
    inlet
    {
        type            uniformFixedValue;
        uniformValue    constant (1 0 0);
        value           nonuniform 0();
    }
    outlet
    {
        type            pressureInletOutletVelocity;
        value           nonuniform List<vector> 6((0.539886 0.321926 -3.56452e-18) (0.567795 0.310433 -1.20268e-18) (0.590527 0.298867 2.51494e-18) (0.608633 0.288077 -4.79942e-19) (0.622899 0.277977 2.64081e-20) (0.632601 0.267556 2.16689e-18));
    }
    polygon
    {
        type            fixedValue;
        value           nonuniform 0();
    }
    top
    {
        type            symmetryPlane;
    }
    bottom
    {
        type            symmetryPlane;
    }
    outside
    {
        type            zeroGradient;
    }
    procBoundary7to6
    {
        type            processor;
        value           nonuniform List<vector> 7((0.605496 0.00801869 -4.60031e-18) (0.678734 0.00661352 -1.70419e-17) (0.752256 0.00414282 -9.16178e-18) (0.826052 0.00235182 -1.36863e-17) (0.896138 -0.00405068 3.85891e-17) (0.957603 -0.0065535 9.25713e-18) (0.993456 -0.0215902 1.83744e-17));
    }
    procBoundary7to15
    {
        type            processor;
        value           nonuniform List<vector> 
18
(
(0.509545 0.306673 -1.92963e-18)
(0.514448 0.284462 1.69583e-17)
(0.515917 0.259605 3.50889e-17)
(0.517518 0.233453 4.99079e-18)
(0.518092 0.20702 3.32341e-17)
(0.518926 0.180933 -2.4084e-17)
(0.519751 0.155648 -1.93865e-17)
(0.52095 0.131359 -3.19986e-18)
(0.522388 0.10818 -7.0254e-18)
(0.524095 0.0861267 3.50621e-17)
(0.525949 0.0651954 6.74757e-17)
(0.527891 0.045381 1.74824e-17)
(0.529817 0.0267173 7.65877e-17)
(0.506637 0.332633 -5.52488e-18)
(0.532642 0.336955 -7.18318e-18)
(0.539118 0.33004 -1.88519e-17)
(0.554755 0.319105 -6.72964e-18)
(0.554755 0.319105 -6.72964e-18)
)
;
    }
}


// ************************************************************************* //
