/*--------------------------------*- C++ -*----------------------------------*\
  =========                 |
  \\      /  F ield         | OpenFOAM: The Open Source CFD Toolbox
   \\    /   O peration     | Website:  https://openfoam.org
    \\  /    A nd           | Version:  7
     \\/     M anipulation  |
\*---------------------------------------------------------------------------*/
FoamFile
{
    version     2.0;
    format      ascii;
    class       surfaceScalarField;
    location    "16";
    object      phi;
}
// * * * * * * * * * * * * * * * * * * * * * * * * * * * * * * * * * * * * * //

dimensions      [0 3 -1 0 0 0 0];

internalField   nonuniform List<scalar> 
463
(
-0.000897355
-0.00974213
0.00949118
-0.000650491
-0.00969172
0.00944486
-0.000406653
-0.00961816
0.00937432
-0.000169626
-0.0095531
0.00931607
6.28051e-05
-0.00948097
0.00924854
0.00028618
-0.00941501
0.00919164
0.000503445
-0.00934524
0.00912798
0.000710997
-0.00927623
0.00906868
0.000909784
-0.00920495
0.00900616
0.00109496
-0.00913477
0.00894959
0.00126894
-0.00905984
0.00888586
-0.00898957
0.00883837
-0.000874464
-0.0099882
-0.000633996
-0.00993219
-0.000397908
-0.00985425
-0.000169379
-0.00978163
5.35964e-05
-0.00970394
0.000266303
-0.00962772
0.000470891
-0.00954983
0.00066377
-0.00946911
0.000844418
-0.0093856
0.00100743
-0.00929779
0.00115153
-0.00920393
-0.000847211
-0.0102307
-0.00061035
-0.0101691
-0.000378001
-0.0100866
-0.000153699
-0.0100059
6.43247e-05
-0.00992197
0.000271821
-0.00983521
0.000470191
-0.0097482
0.000655641
-0.00965456
0.000827843
-0.0095578
0.000980928
-0.00945087
-0.00933586
-0.000821817
-0.010469
-0.000589833
-0.010401
-0.000362725
-0.0103137
-0.000144394
-0.0102243
6.70022e-05
-0.0101334
0.000266899
-0.0100351
0.000456271
-0.00993758
0.000630882
-0.00982917
0.000789581
-0.0097165
0.000926934
-0.00958823
-0.00944825
-0.000794895
-0.00056689
-0.000343768
-0.00013004
7.62947e-05
0.000270489
0.000453233
0.000620109
0.000769415
0.000895513
-0.00182601
-0.0129802
0.013377
-0.00222177
-0.0128935
0.0132892
-0.00261462
-0.0128106
0.0132034
-0.0030073
-0.0127375
0.0131301
-0.00339708
-0.012667
0.0130568
-0.00378471
-0.0126108
0.0129984
-0.0041619
-0.0125612
0.0129384
-0.0045065
-0.0125158
0.0128604
-0.0124228
0.0126776
-0.00180016
-0.0125846
-0.00219246
-0.0125012
-0.00258319
-0.0124198
-0.00297341
-0.0123472
-0.00336267
-0.0122777
-0.00375288
-0.0122206
-0.00414338
-0.0121707
-0.00452661
-0.0121325
-0.0120795
-0.00177351
-0.0121908
-0.002164
-0.0121107
-0.00255328
-0.0120305
-0.00294151
-0.011959
-0.003329
-0.0118902
-0.00371634
-0.0118332
-0.0041029
-0.0117841
-0.00448395
-0.0117515
-0.00484146
-0.011722
-0.0116624
-0.00174566
-0.0117989
-0.00213382
-0.0117226
-0.00252093
-0.0116434
-0.002907
-0.011573
-0.00329327
-0.0115039
-0.00368112
-0.0114454
-0.00407298
-0.0113923
-0.00446996
-0.0113545
-0.00486339
-0.0113286
-0.0113064
-0.00171713
-0.011409
-0.0021031
-0.0113366
-0.00248804
-0.0112585
-0.00287154
-0.0111895
-0.00325492
-0.0111206
-0.0036386
-0.0110617
-0.00402426
-0.0110066
-0.00441397
-0.0109648
-0.00480851
-0.0109341
-0.0109177
-0.00168754
-0.0110213
-0.00207108
-0.010953
-0.00245361
-0.010876
-0.00283462
-0.0108084
-0.00321592
-0.0107393
-0.00359819
-0.0106794
-0.00398384
-0.010621
-0.00437521
-0.0105734
-0.00477482
-0.0105345
-0.0105132
-0.00165709
-0.0106356
-0.00203816
-0.010572
-0.00241809
-0.010496
-0.00279604
-0.0104305
-0.00317382
-0.0103615
-0.00355151
-0.0103017
-0.00393128
-0.0102412
-0.00431532
-0.0101894
-0.00470803
-0.0101417
-0.00511354
-0.0101077
-0.0100851
-0.00162569
-0.0102521
-0.00200421
-0.0101935
-0.00238143
-0.0101188
-0.00275651
-0.0100554
-0.00313144
-0.00998654
-0.00350621
-0.00992698
-0.00388292
-0.00986448
-0.00426298
-0.00980933
-0.00464928
-0.00975544
-0.00504589
-0.00971105
-0.00967152
-0.00159357
-0.00987076
-0.00196941
-0.00981761
-0.00234343
-0.0097448
-0.00271508
-0.00968376
-0.00308599
-0.00961564
-0.00345602
-0.00955695
-0.00382696
-0.00949354
-0.00420051
-0.00943578
-0.00457918
-0.00937677
-0.00496547
-0.00932476
-0.00927092
-0.00156081
-0.00193356
-0.00230403
-0.00267172
-0.00303882
-0.00340413
-0.00376969
-0.0041368
-0.0045074
-0.00488257
-0.00526763
-0.0091346
-0.0158478
-0.00932323
-0.0155668
-0.00934023
-0.0151609
-0.00911582
-0.0144391
-0.00865211
-0.0133111
-0.00806695
-0.0117666
-0.00753751
-0.0099769
-0.00715187
-0.00819945
-0.00657712
-0.00879182
-0.0155331
-0.00904405
-0.0153145
-0.00917186
-0.0150331
-0.00908588
-0.0145251
-0.00872201
-0.013675
-0.00811184
-0.0123768
-0.00741984
-0.0106689
-0.00684674
-0.00877254
-0.00696821
-0.00838709
-0.0152172
-0.00866399
-0.0150376
-0.00886072
-0.0148364
-0.00889676
-0.0144891
-0.00867814
-0.0138936
-0.00814895
-0.012906
-0.00737672
-0.0114411
-0.00657229
-0.00957697
-0.00758806
-0.00797027
-0.0149142
-0.00824684
-0.0147611
-0.00847437
-0.0146089
-0.00859362
-0.0143698
-0.00851748
-0.0139697
-0.00814723
-0.0132762
-0.00744381
-0.0121446
-0.00651461
-0.0105062
-0.00848722
-0.00756219
-0.0146308
-0.00782464
-0.0144986
-0.0080569
-0.0143766
-0.00821881
-0.0142079
-0.00824434
-0.0139442
-0.00803467
-0.0134859
-0.00749226
-0.012687
-0.00659938
-0.011399
-0.00957603
-0.0071852
-0.0143655
-0.00743366
-0.0142502
-0.00766356
-0.0141467
-0.00784949
-0.014022
-0.00794686
-0.0138468
-0.00787612
-0.0135566
-0.00753343
-0.0130297
-0.00682794
-0.0121045
-0.0106304
-0.00683605
-0.0141153
-0.00707125
-0.014015
-0.00729379
-0.0139242
-0.00748745
-0.0138283
-0.00762383
-0.0137104
-0.00764439
-0.0135361
-0.00745732
-0.0132167
-0.00694947
-0.0126124
-0.0115348
-0.00652329
-0.0138712
-0.00675753
-0.0137807
-0.00698553
-0.0136962
-0.00719859
-0.0136152
-0.00738322
-0.0135258
-0.00750043
-0.0134189
-0.00747931
-0.0132379
-0.00720926
-0.0128824
-0.0121731
-0.00621986
-0.01363
-0.00645318
-0.0135474
-0.00668212
-0.0134672
-0.00690062
-0.0133967
-0.00710206
-0.0133244
-0.00726396
-0.013257
-0.00733914
-0.0131627
-0.00723484
-0.0129867
-0.0125874
-0.00594416
-0.00620232
-0.00646612
-0.00673271
-0.00700033
-0.00725889
-0.00748318
-0.00760955
)
;

boundaryField
{
    inlet
    {
        type            calculated;
        value           nonuniform 0();
    }
    outlet
    {
        type            calculated;
        value           nonuniform 0();
    }
    polygon
    {
        type            calculated;
        value           nonuniform 0();
    }
    top
    {
        type            symmetryPlane;
        value           uniform 0;
    }
    bottom
    {
        type            symmetryPlane;
        value           uniform 0;
    }
    outside
    {
        type            calculated;
        value           nonuniform List<scalar> 
25
(
0.0011483
0.00112054
0.00108967
0.0010602
0.0010297
0.00142923
0.00140457
0.00137967
0.00135382
0.00132726
0.00129977
0.00127143
0.00124221
0.00121221
0.00118123
0.00884591
0.00847715
0.00807114
0.00766729
0.00727887
0.00691982
0.00658592
0.00627919
0.00597857
0.00569117
)
;
    }
    procBoundary1to0
    {
        type            processor;
        value           nonuniform List<scalar> 
11
(
-0.0107039
-0.010629
-0.0105368
-0.010438
-0.0103397
-0.0102293
-0.0101203
-0.00999604
-0.0098658
-0.00971432
-0.00954732
)
;
    }
    procBoundary1to2
    {
        type            processor;
        value           nonuniform List<scalar> 9(0.0161365 0.0157554 0.0151779 0.0142147 0.0128474 0.0111815 0.00944746 0.00781381 0.00626936);
    }
    procBoundary1to5
    {
        type            processor;
        value           nonuniform List<scalar> 
29
(
0.00142014
0.00126636
-0.0091044
0.00111285
0.00103932
0.000994586
-0.00476131
-0.00486985
0.0119461
-0.00512512
-0.00521942
-0.00519719
-0.00517937
0.0105015
-0.00552994
-0.00545951
-0.00536606
0.00923471
-0.00566398
-0.00684411
-0.00645565
-0.00595244
-0.00561545
-0.00551057
-0.00577353
-0.00604515
-0.00657091
-0.00682053
-0.00751936
)
;
    }
}


// ************************************************************************* //
