/*--------------------------------*- C++ -*----------------------------------*\
  =========                 |
  \\      /  F ield         | OpenFOAM: The Open Source CFD Toolbox
   \\    /   O peration     | Website:  https://openfoam.org
    \\  /    A nd           | Version:  7
     \\/     M anipulation  |
\*---------------------------------------------------------------------------*/
FoamFile
{
    version     2.0;
    format      ascii;
    class       surfaceScalarField;
    location    "110";
    object      phi;
}
// * * * * * * * * * * * * * * * * * * * * * * * * * * * * * * * * * * * * * //

dimensions      [0 3 -1 0 0 0 0];

internalField   nonuniform List<scalar> 
322
(
-0.00231062
-2.17477e-05
-0.00227572
2.71302e-05
-0.00224484
7.18926e-05
-0.00221794
0.000111686
-0.00219494
0.000145882
-0.0021757
0.000174064
-0.00216009
0.000196052
-0.00214797
0.000211884
-0.00213925
0.00022184
-0.00213388
0.000226385
-0.00213185
0.000226144
-0.00213322
0.000221871
-0.00213811
0.000214409
-0.0021467
0.000204663
0.000193572
-0.0030664
-0.000235576
-0.00301824
-0.000176498
-0.00297378
-0.000118346
-0.00293326
-6.22707e-05
-0.0028968
-9.32742e-06
-0.0028646
3.96945e-05
-0.00283678
8.38647e-05
-0.00281334
0.000122438
-0.00279423
0.000154955
-0.00277939
0.000181215
-0.00276875
0.000201245
-0.00276227
0.000215356
-0.00275994
0.000224054
-0.00276181
0.000228014
-0.00276798
0.000228047
-0.00277862
0.000225041
-0.0027939
0.000219947
0.000213737
-0.00372405
-0.000286563
-0.00367617
-0.000224375
-0.00363177
-0.000162752
-0.00359116
-0.000102877
-0.00355473
-4.5758e-05
-0.00352273
7.69278e-06
-0.00349548
5.66186e-05
-0.00347312
0.000100079
-0.00345573
0.000137557
-0.00344329
0.000168776
-0.00343578
0.000193738
-0.00343321
0.000212789
-0.00343562
0.000226462
-0.00344308
0.000235475
-0.00345572
0.000240687
-0.0034737
0.000243018
-0.00349721
0.000243453
0.000242981
-0.00440379
-0.000334118
-0.0043588
-0.000269362
-0.00431685
-0.000204701
-0.00427841
-0.000141318
-0.00424402
-8.01539e-05
-0.00421418
-2.21401e-05
-0.00418936
3.17949e-05
-0.00417001
8.07314e-05
-0.00415614
0.000123684
-0.00414784
0.000160474
-0.00414514
0.000191038
-0.00414808
0.00021573
-0.0041567
0.000235085
-0.00417109
0.000249859
-0.00419135
0.000260947
-0.00421762
0.00026929
-0.00425006
0.000275891
0.000281742
-0.00509188
-0.000374565
-0.00505323
-0.000308015
-0.00501692
-0.000241006
-0.00498355
-0.000174694
-0.00495378
-0.000109917
-0.00492862
-4.73028e-05
-0.00490903
1.22063e-05
-0.00489458
6.62746e-05
-0.00488603
0.000115138
-0.00488365
0.000158093
-0.00488733
0.000194719
-0.00489707
0.000225475
-0.00491292
0.000250926
-0.00493491
0.000271852
-0.00496314
0.000289178
-0.00499769
0.000303842
-0.00503866
0.000316862
0.000329223
-0.00576689
-0.000403378
-0.00573892
-0.000335985
-0.00571239
-0.000267537
-0.00568794
-0.000199145
-0.00566644
-0.000131418
-0.00564897
-6.47669e-05
-0.00563561
-1.15854e-06
-0.00562908
5.97473e-05
-0.00562855
0.000114601
-0.00563392
0.000163463
-0.00564524
0.00020604
-0.00566262
0.000242861
-0.00568608
0.000274382
-0.00571561
0.000301386
-0.00575127
0.000324839
-0.00579309
0.000345658
-0.00584111
0.000364882
0.000383491
-0.00639736
-0.000415718
-0.00638474
-0.000348613
-0.00637233
-0.000279947
-0.00636076
-0.000210714
-0.00635094
-0.000141233
-0.00634447
-7.12362e-05
-0.00634466
-9.728e-07
-0.00634801
6.31013e-05
-0.00635666
0.000123251
-0.00637109
0.00017789
-0.00639113
0.000226082
-0.00641675
0.000268484
-0.00644787
0.000305495
-0.00648442
0.000337942
-0.00652646
0.00036687
-0.00657397
0.000393173
-0.00662702
0.000417926
0.000442108
-0.0069411
-0.00694843
-0.000341289
-0.006955
-0.000273378
-0.00696114
-0.000204576
-0.00696747
-0.000134894
-0.00697544
-6.32692e-05
-0.00698553
9.11477e-06
-0.00700261
8.01794e-05
-0.00702462
0.000145261
-0.00705118
0.000204451
-0.00708189
0.000256795
-0.00711682
0.000303416
-0.00715596
0.000344631
-0.00719932
0.0003813
-0.007247
0.000414556
-0.00729907
0.000445245
-0.00735564
0.000474493
0.000503278
-0.00737178
-0.00031349
-0.00739813
-0.000247033
-0.0074231
-0.000179599
-0.0074471
-0.000110902
-0.00747267
-3.76991e-05
-0.00750355
3.99949e-05
-0.00753633
0.000112965
-0.00757207
0.000180994
-0.00761126
0.000243647
-0.00765336
0.000298895
-0.00769833
0.000348387
-0.00774609
0.000392391
-0.00779667
0.000431882
-0.00785026
0.000468145
-0.00790701
0.000501989
-0.00796713
0.000534612
0.000566981
-0.00760405
-0.00764631
-0.00768691
-0.00772562
-0.00776056
-0.0078006
-0.0078468
-0.00789657
-0.0079489
-0.00800284
-0.00805819
-0.00811496
-0.0081733
-0.0082335
-0.00829587
-0.00836074
)
;

boundaryField
{
    inlet
    {
        type            calculated;
        value           nonuniform 0();
    }
    outlet
    {
        type            calculated;
        value           nonuniform 0();
    }
    polygon
    {
        type            calculated;
        value           nonuniform 0();
    }
    top
    {
        type            symmetryPlane;
        value           uniform 0;
    }
    bottom
    {
        type            symmetryPlane;
        value           uniform 0;
    }
    outside
    {
        type            calculated;
        value           nonuniform List<scalar> 
17
(
-0.000269858
-0.000204778
-0.000138994
-7.21976e-05
-2.75081e-06
8.00327e-05
0.000159167
0.000230759
0.000295976
0.000352833
0.000403746
0.000449159
0.000490218
0.000528351
0.000564355
0.000599485
0.000634689
)
;
    }
    procBoundary6to5
    {
        type            processor;
        value           nonuniform List<scalar> 10(-0.00215918 -0.00281406 -0.00352645 -0.00428882 -0.00508614 -0.00589538 -0.00668563 -0.00741681 -0.00803083 -0.00842845);
    }
    procBoundary6to7
    {
        type            processor;
        value           nonuniform List<scalar> 10(0.00311801 0.00377504 0.00445134 0.00513233 0.0057957 0.0064097 0.00693275 -0.000407361 0.00734398 0.00756042);
    }
    procBoundary6to14
    {
        type            processor;
        value           nonuniform List<scalar> 
19
(
-1.70877e-05
-6.20358e-05
-0.00010277
-0.000138582
-0.000168886
-0.000193303
-0.000211663
-0.000224001
-0.00023056
-0.000231761
-0.000228175
-0.000220498
-0.000209515
-0.000196082
-0.000181092
0.00018396
0.000128337
0.00234946
7.38938e-05
)
;
    }
}


// ************************************************************************* //
