/*--------------------------------*- C++ -*----------------------------------*\
  =========                 |
  \\      /  F ield         | OpenFOAM: The Open Source CFD Toolbox
   \\    /   O peration     | Website:  https://openfoam.org
    \\  /    A nd           | Version:  7
     \\/     M anipulation  |
\*---------------------------------------------------------------------------*/
FoamFile
{
    version     2.0;
    format      ascii;
    class       volVectorField;
    location    "46";
    object      U;
}
// * * * * * * * * * * * * * * * * * * * * * * * * * * * * * * * * * * * * * //

dimensions      [0 1 -1 0 0 0 0];

internalField   nonuniform List<vector> 
115
(
(1.30258 0.174283 1.42084e-18)
(1.30146 0.186052 -2.40604e-18)
(1.29975 0.192669 -1.04221e-18)
(1.29844 0.201759 -1.38589e-18)
(1.29772 0.21038 -1.86746e-19)
(1.30598 0.175962 -8.2514e-19)
(1.30502 0.187472 -2.09626e-18)
(1.30339 0.193987 -2.21454e-18)
(1.30226 0.203022 3.41593e-19)
(1.3017 0.211539 -7.53063e-20)
(1.29433 0.17046 1.91794e-18)
(1.29307 0.182985 -7.85376e-19)
(1.291 0.190022 -3.02769e-19)
(1.28932 0.199579 9.33085e-19)
(1.2882 0.208716 5.97477e-19)
(1.28775 0.218504 3.06872e-18)
(1.2987 0.172478 -8.40501e-19)
(1.29751 0.184595 -1.19917e-18)
(1.29563 0.191405 1.99747e-20)
(1.29414 0.200697 -1.0139e-18)
(1.29324 0.209548 9.20409e-19)
(1.28425 0.165841 1.22015e-18)
(1.28286 0.179276 -4.99285e-19)
(1.2804 0.186756 -1.22763e-18)
(1.27831 0.196932 4.3525e-19)
(1.27672 0.206717 1.1864e-18)
(1.27576 0.217186 2.06864e-18)
(1.28951 0.168221 1.29926e-18)
(1.2882 0.181149 -1.71703e-19)
(1.28595 0.188368 -4.55004e-19)
(1.28408 0.198167 2.04755e-19)
(1.28275 0.207566 1.39478e-18)
(1.28207 0.217622 1.68219e-18)
(1.27261 0.160506 2.80817e-18)
(1.27099 0.175009 -3.92122e-19)
(1.26808 0.182955 -2.14609e-18)
(1.26554 0.19388 -3.47767e-19)
(1.26339 0.204412 1.28183e-18)
(1.26186 0.215703 3.14206e-18)
(1.27861 0.163223 2.39519e-18)
(1.27713 0.177135 -3.3986e-19)
(1.27447 0.184796 -1.55341e-18)
(1.27217 0.195272 2.41016e-19)
(1.27033 0.205365 1.37048e-18)
(1.26911 0.216159 2.62337e-18)
(1.25978 0.154588 3.05375e-18)
(1.25778 0.170279 -2.38874e-19)
(1.25434 0.178729 -3.57784e-18)
(1.25122 0.190507 -5.76745e-19)
(1.24844 0.20186 1.98667e-18)
(1.24619 0.214086 6.71578e-18)
(1.26631 0.157571 4.40853e-18)
(1.26453 0.172617 -2.98035e-19)
(1.26138 0.180762 -2.76702e-18)
(1.25858 0.192036 -4.95489e-19)
(1.25615 0.202908 5.1612e-20)
(1.2543 0.214581 3.99692e-18)
(1.24658 0.14832 4.04562e-18)
(1.24399 0.165239 -1.81937e-18)
(1.24004 0.174232 -8.92651e-19)
(1.23623 0.18693 1.95814e-18)
(1.2328 0.199152 9.50316e-19)
(1.22969 0.212362 4.41823e-18)
(1.25316 0.151441 5.08374e-18)
(1.2509 0.167703 -2.01524e-18)
(1.24721 0.176366 -2.32279e-18)
(1.24375 0.188531 -8.48158e-19)
(1.24064 0.200252 9.23962e-19)
(1.23798 0.212898 5.2711e-18)
(1.23389 0.142029 4.69968e-18)
(1.2304 0.160189 -2.53587e-18)
(1.22618 0.169891 -2.03977e-18)
(1.22169 0.18358 -1.99898e-18)
(1.21785 0.196711 -3.53462e-18)
(1.2402 0.145118 6.23617e-18)
(1.23722 0.162609 -5.8323e-18)
(1.23311 0.171873 -2.14449e-18)
(1.22899 0.184988 1.13817e-18)
(1.22536 0.197583 -3.01492e-18)
(1.22191 0.211178 6.2257e-18)
(1.2204 0.136106 5.35494e-18)
(1.21591 0.155496 -5.09409e-18)
(1.21123 0.166075 -1.01758e-18)
(1.2055 0.180619 -1.42141e-17)
(1.20033 0.194836 -5.12489e-18)
(1.22728 0.138953 3.63649e-18)
(1.22326 0.157701 -4.94095e-18)
(1.21895 0.167798 -6.6615e-18)
(1.21392 0.181903 -9.94857e-18)
(1.20961 0.195496 -4.83327e-18)
(1.08426 0.135923 1.33878e-17)
(1.1334 0.133912 -3.45231e-17)
(1.15981 0.189038 -7.29609e-18)
(1.09297 0.124359 2.20879e-17)
(1.14038 0.125267 -7.98415e-18)
(1.16894 0.172858 1.56814e-18)
(1.10093 0.112463 2.21029e-17)
(1.14661 0.116026 -2.94615e-17)
(1.17749 0.157141 -6.83287e-18)
(1.10783 0.103158 4.99749e-17)
(1.15204 0.108511 -2.49418e-18)
(1.18474 0.145087 3.3132e-17)
(1.11302 0.0860205 1.31343e-17)
(1.15584 0.0940466 5.63496e-19)
(1.19073 0.12377 1.06e-17)
(1.32178 0.181973 -7.4694e-19)
(1.3125 0.17869 -9.5633e-19)
(1.32169 0.191423 -8.34419e-19)
(1.31208 0.189384 -1.74022e-18)
(1.32072 0.196652 -6.8025e-19)
(1.31068 0.19534 -1.48125e-18)
(1.32039 0.203697 -1.1096e-20)
(1.30998 0.203579 3.12041e-19)
(1.32056 0.210345 1.56192e-19)
(1.30981 0.211343 2.02859e-19)
)
;

boundaryField
{
    inlet
    {
        type            uniformFixedValue;
        uniformValue    constant (1 0 0);
        value           nonuniform 0();
    }
    outlet
    {
        type            pressureInletOutletVelocity;
        value           nonuniform 0();
    }
    polygon
    {
        type            fixedValue;
        value           nonuniform 0();
    }
    top
    {
        type            symmetryPlane;
    }
    bottom
    {
        type            symmetryPlane;
    }
    outside
    {
        type            zeroGradient;
    }
    procBoundary57to49
    {
        type            processor;
        value           nonuniform List<vector> 
23
(
(1.29772 0.219627 3.30166e-18)
(1.3019 0.220692 9.65193e-19)
(1.28809 0.228587 9.01799e-19)
(1.29302 0.219037 5.46313e-19)
(1.29302 0.219037 5.46313e-19)
(1.27554 0.228054 1.12927e-18)
(1.28215 0.228021 2.0434e-18)
(1.26098 0.227491 1.39347e-18)
(1.26858 0.227398 1.60296e-18)
(1.24454 0.226915 2.01342e-18)
(1.25307 0.226793 2.30137e-18)
(1.22705 0.226345 4.03094e-18)
(1.23588 0.226209 4.54174e-18)
(1.21409 0.210844 2.98612e-18)
(1.21409 0.210844 2.98612e-18)
(1.2189 0.225639 4.48822e-18)
(1.19525 0.210004 1.8543e-18)
(1.20543 0.210045 9.52206e-19)
(1.07483 0.147441 3.05771e-18)
(1.12572 0.142274 -3.29775e-18)
(1.15 0.206035 4.98665e-18)
(1.32152 0.217315 2.45878e-19)
(1.31049 0.219612 6.31619e-19)
)
;
    }
    procBoundary57to56
    {
        type            processor;
        value           nonuniform List<vector> 5((1.06825 0.0742008 4.11112e-18) (1.07461 0.0692574 4.88693e-17) (1.08024 0.0637663 7.4252e-18) (1.08494 0.0590588 -1.45779e-17) (1.0885 0.0495111 -9.58072e-18));
    }
    procBoundary57to58
    {
        type            processor;
        value           nonuniform List<vector> 5((1.33008 0.184703 -5.72769e-19) (1.3301 0.192931 -7.09479e-19) (1.32944 0.19747 -5.66554e-19) (1.32928 0.203479 1.27358e-19) (1.32958 0.209153 2.37453e-19));
    }
}


// ************************************************************************* //
