/*--------------------------------*- C++ -*----------------------------------*\
  =========                 |
  \\      /  F ield         | OpenFOAM: The Open Source CFD Toolbox
   \\    /   O peration     | Website:  https://openfoam.org
    \\  /    A nd           | Version:  7
     \\/     M anipulation  |
\*---------------------------------------------------------------------------*/
FoamFile
{
    version     2.0;
    format      ascii;
    class       volVectorField;
    location    "6";
    object      U;
}
// * * * * * * * * * * * * * * * * * * * * * * * * * * * * * * * * * * * * * //

dimensions      [0 1 -1 0 0 0 0];

internalField   nonuniform List<vector> 
125
(
(0.922786 -0.0900381 -9.71975e-18)
(0.920803 -0.0940438 -6.93325e-18)
(0.91939 -0.0982556 -7.251e-18)
(0.96237 -0.0518422 -5.15787e-19)
(0.959055 -0.0546668 5.8342e-19)
(0.955636 -0.0573788 2.89946e-19)
(0.952139 -0.0599653 1.55902e-18)
(0.948587 -0.0624312 3.92648e-18)
(0.945005 -0.0648025 -1.54045e-18)
(0.941413 -0.0671276 4.47454e-18)
(0.937833 -0.0694746 -3.36201e-18)
(0.934288 -0.0719265 2.08074e-18)
(0.930807 -0.074572 -9.2421e-18)
(0.927435 -0.0774943 4.17537e-18)
(0.92423 -0.0807587 -9.35221e-18)
(0.921272 -0.0844022 5.49947e-18)
(0.918662 -0.0884271 -6.34598e-18)
(0.916514 -0.0928014 -1.55028e-18)
(0.91495 -0.0974669 -2.94754e-18)
(0.960098 -0.0495083 -4.18789e-18)
(0.956694 -0.0522514 4.2967e-19)
(0.953188 -0.0548992 -2.23192e-18)
(0.949604 -0.0574387 -3.73572e-18)
(0.945964 -0.0598741 -9.09791e-18)
(0.94229 -0.0622298 -8.49057e-18)
(0.9386 -0.0645533 -7.81994e-18)
(0.93491 -0.0669132 -9.62563e-18)
(0.931238 -0.0693961 -7.53086e-18)
(0.927613 -0.0720977 -8.21296e-18)
(0.924074 -0.0751122 -1.21398e-18)
(0.920682 -0.0785192 -1.07129e-17)
(0.917518 -0.0823706 -1.11029e-18)
(0.914689 -0.0866814 -1.32152e-17)
(0.912315 -0.0914278 -7.51284e-18)
(0.910525 -0.0965537 -8.8363e-18)
(0.957888 -0.0471186 -9.15607e-19)
(0.954415 -0.0497827 6.73016e-22)
(0.950843 -0.0523678 -6.9861e-19)
(0.947195 -0.0548604 3.15221e-19)
(0.943491 -0.0572632 2.44743e-18)
(0.939747 -0.0595988 -2.00724e-18)
(0.935978 -0.0619127 3.35056e-18)
(0.932193 -0.064274 -3.5958e-18)
(0.928405 -0.0667726 1.58585e-18)
(0.924636 -0.0695123 -8.25514e-18)
(0.920921 -0.0725998 4.98608e-18)
(0.917317 -0.0761303 -9.77035e-18)
(0.913907 -0.0801727 6.71543e-18)
(0.910801 -0.0847567 -7.94193e-18)
(0.908125 -0.0898671 -1.77267e-18)
(0.906016 -0.0954492 -3.65947e-18)
(0.955744 -0.0446831 -3.90163e-18)
(0.95221 -0.047272 6.0359e-19)
(0.948583 -0.0497968 -2.81626e-18)
(0.944883 -0.0522432 -4.05407e-18)
(0.941127 -0.0546114 -1.0569e-17)
(0.937326 -0.0569211 -8.90485e-18)
(0.933489 -0.0592155 -9.09814e-18)
(0.929618 -0.0615635 -9.60781e-18)
(0.92572 -0.0640582 -8.4642e-18)
(0.921805 -0.0668115 -7.99277e-18)
(0.917903 -0.0699437 -1.92918e-18)
(0.914063 -0.0735678 -1.08983e-17)
(0.910367 -0.0777719 -2.15998e-18)
(0.906922 -0.0826026 -1.38808e-17)
(0.903861 -0.088055 -8.80739e-18)
(0.901325 -0.0940761 -1.00165e-17)
(0.953649 -0.0422043 2.31543e-18)
(0.950052 -0.0447223 5.88584e-18)
(0.946368 -0.04719 -5.65554e-19)
(0.942613 -0.0495912 4.01808e-18)
(0.938803 -0.051923 -4.70845e-18)
(0.934945 -0.0542015 -1.39215e-18)
(0.93104 -0.0564664 -2.50935e-18)
(0.927086 -0.0587852 -2.09842e-18)
(0.923077 -0.0612536 -2.03269e-18)
(0.919016 -0.0639914 -1.84674e-18)
(0.914919 -0.0671328 -1.28323e-18)
(0.910825 -0.07081 -2.66124e-18)
(0.906806 -0.0751326 -1.60594e-18)
(0.902963 -0.080167 -3.56588e-18)
(0.89943 -0.085922 -1.88375e-18)
(0.896353 -0.0923484 -2.43259e-18)
(0.951576 -0.0396753 1.23861e-18)
(0.947899 -0.0421262 1.38347e-18)
(0.944137 -0.0445399 -1.19307e-19)
(0.940309 -0.0468975 8.03625e-19)
(0.936426 -0.0491924 -1.72663e-18)
(0.932493 -0.0514356 4.01854e-20)
(0.928507 -0.0536625 -7.07661e-19)
(0.924458 -0.0559378 -3.16879e-19)
(0.920333 -0.058358 -5.86027e-19)
(0.916121 -0.0610495 -5.18461e-19)
(0.911823 -0.0641595 -5.42069e-19)
(0.907461 -0.0678396 -7.53188e-19)
(0.903088 -0.0722228 -5.31453e-19)
(0.898793 -0.077399 -7.57216e-19)
(0.8947 -0.0833949 -5.46603e-19)
(0.890958 -0.0901701 -5.16322e-19)
(0.949497 -0.0370788 3.3428e-18)
(0.945703 -0.0394648 6.81795e-18)
(0.941826 -0.0418262 8.80006e-19)
(0.937882 -0.0441415 6.27435e-18)
(0.933883 -0.0463995 -2.51762e-18)
(0.929833 -0.0486056 4.12422e-19)
(0.925728 -0.0507892 -4.09331e-19)
(0.921552 -0.0530105 -9.84556e-20)
(0.917285 -0.0553643 -1.79489e-19)
(0.912902 -0.0579805 -2.53624e-19)
(0.908387 -0.0610168 -8.17629e-20)
(0.903739 -0.0646426 -1.8315e-19)
(0.898983 -0.0690148 -2.53911e-19)
(0.894184 -0.0742495 -2.47924e-19)
(0.889443 -0.0803974 -7.22544e-20)
(0.8849 -0.0874338 -1.99861e-19)
(0.947384 -0.0343866 1.73451e-18)
(0.943421 -0.0367054 1.94181e-18)
(0.939367 -0.0390128 5.63623e-19)
(0.93524 -0.0412847 1.52633e-18)
(0.931052 -0.043505 -1.10544e-18)
(0.92681 -0.0456731 5.53955e-19)
(0.922509 -0.0478114 -1.7155e-19)
(0.918135 -0.049973 -1.47963e-19)
(0.913661 -0.0522479 -5.82013e-20)
(0.909054 -0.0547653 -5.8961e-20)
)
;

boundaryField
{
    inlet
    {
        type            uniformFixedValue;
        uniformValue    constant (1 0 0);
        value           nonuniform 0();
    }
    outlet
    {
        type            pressureInletOutletVelocity;
        value           nonuniform 0();
    }
    polygon
    {
        type            fixedValue;
        value           nonuniform 0();
    }
    top
    {
        type            symmetryPlane;
    }
    bottom
    {
        type            symmetryPlane;
    }
    outside
    {
        type            zeroGradient;
    }
    procBoundary52to44
    {
        type            processor;
        value           nonuniform List<vector> 
17
(
(0.904276 -0.0576884 -3.59967e-21)
(0.899299 -0.0612001 -8.7987e-20)
(0.894116 -0.0654789 5.60219e-20)
(0.888749 -0.0706684 -9.56791e-20)
(0.883264 -0.0768484 -2.15087e-20)
(0.877772 -0.0840187 -8.97765e-20)
(0.945221 -0.0315586 3.67819e-18)
(0.941021 -0.0338 7.27771e-18)
(0.936708 -0.0360445 1.47664e-18)
(0.932301 -0.0382655 7.17112e-18)
(0.927816 -0.0404427 -1.76122e-18)
(0.923264 -0.0425696 8.39268e-19)
(0.918644 -0.0446605 3.76335e-19)
(0.913946 -0.0467599 -3.66624e-19)
(0.909142 -0.0489493 1.04916e-19)
(0.904276 -0.0576884 -3.59967e-21)
(0.904192 -0.0513518 -1.03707e-18)
)
;
    }
    procBoundary52to45
    {
        type            processor;
        value           nonuniform List<vector> 2((0.953187 -0.0346948 1.75581e-18) (0.951233 -0.0320844 1.35894e-18));
    }
    procBoundary52to51
    {
        type            processor;
        value           nonuniform List<vector> 7((0.914094 -0.102356 -1.61218e-18) (0.909446 -0.101988 -6.95956e-18) (0.904604 -0.101426 -1.85691e-18) (0.899456 -0.100583 -8.08976e-18) (0.893884 -0.0993582 -1.67752e-18) (0.887724 -0.0976347 -2.03663e-19) (0.880713 -0.0952734 -3.44724e-20));
    }
    procBoundary52to53
    {
        type            processor;
        value           nonuniform List<vector> 6((0.965558 -0.0489314 -1.22888e-18) (0.963377 -0.0466949 -5.76067e-18) (0.961242 -0.0443996 -1.32823e-18) (0.959163 -0.0420542 -5.54334e-18) (0.957138 -0.0396605 5.54988e-19) (0.955151 -0.0372123 9.75394e-19));
    }
    procBoundary52to59
    {
        type            processor;
        value           uniform (0.918666 -0.102607 -5.98621e-18);
    }
    procBoundary52to60
    {
        type            processor;
        value           nonuniform List<vector> 
17
(
(0.927097 -0.0915461 -3.66057e-18)
(0.925242 -0.0951965 -2.94589e-20)
(0.92393 -0.0989709 -9.54192e-19)
(0.964673 -0.0541041 -3.21768e-18)
(0.961474 -0.0570107 1.58571e-18)
(0.958171 -0.0597872 -2.45266e-19)
(0.954791 -0.0624203 1.17719e-19)
(0.951358 -0.0649152 -1.73752e-18)
(0.947897 -0.0672991 -6.33874e-18)
(0.944431 -0.0696206 -5.58853e-19)
(0.940983 -0.0719472 -8.62615e-18)
(0.937578 -0.0743587 -2.22912e-18)
(0.934249 -0.0769374 -1.21498e-17)
(0.931039 -0.0797567 -6.19996e-18)
(0.928005 -0.0828696 -1.0305e-17)
(0.925223 -0.0863 -6.22588e-18)
(0.925223 -0.0863 -6.22588e-18)
)
;
    }
}


// ************************************************************************* //
