/*--------------------------------*- C++ -*----------------------------------*\
  =========                 |
  \\      /  F ield         | OpenFOAM: The Open Source CFD Toolbox
   \\    /   O peration     | Website:  https://openfoam.org
    \\  /    A nd           | Version:  7
     \\/     M anipulation  |
\*---------------------------------------------------------------------------*/
FoamFile
{
    version     2.0;
    format      ascii;
    class       volVectorField;
    location    "46";
    object      U;
}
// * * * * * * * * * * * * * * * * * * * * * * * * * * * * * * * * * * * * * //

dimensions      [0 1 -1 0 0 0 0];

internalField   nonuniform List<vector> 
115
(
(1.00494 4.93058e-06 1.03892e-17)
(0.994467 1.03542e-05 -4.08825e-17)
(1.00595 2.11695e-05 3.5661e-17)
(0.992352 4.46434e-05 3.01591e-17)
(1.00496 -1.5886e-05 -4.71772e-17)
(0.994432 -2.9204e-05 -3.51659e-17)
(1.00599 -6.52114e-05 -3.17383e-18)
(0.992303 -0.00012846 4.67136e-17)
(1.00691 -0.000116208 -6.78607e-18)
(0.98921 -0.00030502 -1.97005e-18)
(1.00727 -0.000219506 -1.55653e-17)
(0.984406 -0.000643599 -7.59689e-17)
(1.00621 -0.00043672 2.00145e-19)
(0.976597 -0.00130855 1.1432e-17)
(1.00181 -0.000906107 3.78e-17)
(0.963193 -0.0026624 3.56328e-18)
(0.989746 -0.00194609 1.55416e-17)
(0.938702 -0.00562316 2.13399e-17)
(0.959463 -0.00440476 3.28078e-17)
(0.890223 -0.0130219 4.04123e-17)
(0.880594 -0.0113734 -6.28731e-18)
(1.00494 -4.93057e-06 -6.17897e-17)
(0.994467 -1.03542e-05 -7.22777e-17)
(1.00595 -2.11695e-05 3.44586e-17)
(0.992352 -4.46434e-05 -9.72475e-18)
(1.00686 -3.90229e-05 5.12162e-17)
(0.989276 -0.000106531 3.20865e-18)
(1.00719 -7.64058e-05 2.79541e-17)
(0.984497 -0.00022664 -8.54589e-17)
(1.00609 -0.000156495 3.45072e-17)
(0.97673 -0.000465545 5.00008e-17)
(1.00163 -0.000332184 7.27941e-17)
(0.963402 -0.000958282 -2.51238e-18)
(0.989443 -0.000726356 3.44256e-17)
(0.939086 -0.00204865 6.06722e-17)
(0.958826 -0.0016678 4.13805e-17)
(0.891047 -0.00479491 7.19733e-17)
(0.878756 -0.00435436 -2.74086e-17)
(1.00508 -4.45383e-05 -3.07819e-18)
(0.994268 -5.07789e-05 -1.9509e-17)
(1.00617 -0.000170391 -9.25578e-18)
(0.992073 -0.000271628 5.54889e-19)
(1.00718 -0.000296642 1.18552e-17)
(0.988895 -0.000671325 -4.72213e-17)
(1.00767 -0.000551091 1.53847e-17)
(0.983966 -0.00144517 -2.42288e-17)
(1.00679 -0.00108359 3.28719e-17)
(0.975961 -0.00297592 1.64904e-18)
(1.00268 -0.00223556 6.37084e-17)
(0.962203 -0.00610527 -6.867e-18)
(0.991163 -0.00480722 4.64331e-17)
(0.936957 -0.0129528 2.10562e-17)
(0.962297 -0.0109626 5.05061e-17)
(0.886625 -0.0300231 2.30326e-17)
(0.888577 -0.0284272 -7.74661e-18)
(1.00501 -2.84295e-05 -1.23719e-17)
(0.994364 -4.36703e-05 -1.77802e-17)
(1.00606 -0.000113982 -1.21554e-17)
(0.992208 -0.00020753 4.71992e-17)
(1.00702 -0.000202868 1.07383e-17)
(0.989081 -0.000502708 -1.48241e-17)
(1.00743 -0.0003846 1.49016e-18)
(0.984227 -0.00107362 -3.4416e-17)
(1.00644 -0.000768445 4.55835e-18)
(0.97634 -0.00220348 -1.61956e-19)
(1.00216 -0.00160277 3.52838e-17)
(0.962789 -0.00451833 5.03068e-19)
(0.990318 -0.00346615 1.85208e-17)
(0.937969 -0.00960204 8.28755e-18)
(0.96063 -0.00791213 6.65488e-17)
(0.888642 -0.0223261 3.1947e-17)
(0.8839 -0.0205336 -7.29878e-18)
(1.00525 -8.78577e-05 -2.36986e-17)
(0.994027 -3.60678e-05 -8.06067e-17)
(1.00645 -0.000311215 -2.88758e-18)
(0.99172 -0.000353881 -1.81157e-17)
(1.00761 -0.000524736 1.30348e-17)
(0.988395 -0.000944142 -1.32934e-17)
(1.00831 -0.000952134 3.9955e-17)
(0.983248 -0.00210402 6.21021e-18)
(1.00777 -0.00183706 -1.64871e-17)
(0.974903 -0.00442486 5.66939e-17)
(1.00417 -0.00374556 5.6818e-17)
(0.96058 -0.00920322 6.75437e-18)
(0.993547 -0.00803157 4.39889e-17)
(0.934309 -0.0196839 1.41364e-16)
(0.966681 -0.0184356 6.14652e-17)
(0.881936 -0.0457307 2.33306e-17)
(0.8999 -0.0481959 7.76299e-17)
(1.00516 -6.39026e-05 -2.84512e-18)
(0.994153 -4.8872e-05 -3.52218e-17)
(1.0063 -0.000235821 -4.77167e-18)
(0.991906 -0.000323066 -3.9973e-17)
(1.00738 -0.000405729 6.32277e-18)
(0.988662 -0.00082696 -2.623e-17)
(1.00796 -0.000748828 5.22138e-17)
(0.983637 -0.00181106 -3.17096e-17)
(1.00723 -0.0014642 -5.63745e-19)
(0.975481 -0.00377126 1.27803e-17)
(1.00334 -0.00301211 4.75048e-17)
(0.961466 -0.0077974 -3.13928e-17)
(0.992215 -0.00648185 2.04753e-17)
(0.935726 -0.0166246 5.06877e-17)
(0.964259 -0.0148476 8.67991e-17)
(0.884286 -0.0386034 1.2605e-17)
(0.893773 -0.0386541 1.16904e-16)
(1.00838 -0.0022703 -3.04494e-17)
(0.974267 -0.00505774 7.10727e-17)
(1.00513 -0.00458574 8.95457e-17)
(0.9596 -0.0106091 4.49563e-17)
(0.995127 -0.00978074 4.01958e-17)
(0.932776 -0.0228026 1.52602e-16)
(0.969527 -0.0224264 4.67915e-17)
(0.879625 -0.0530561 6.06604e-17)
(0.906553 -0.0587909 9.40155e-17)
)
;

boundaryField
{
    inlet
    {
        type            uniformFixedValue;
        uniformValue    constant (1 0 0);
        value           uniform (1 0 0);
    }
    outlet
    {
        type            pressureInletOutletVelocity;
        value           nonuniform 0();
    }
    polygon
    {
        type            fixedValue;
        value           nonuniform 0();
    }
    top
    {
        type            symmetryPlane;
    }
    bottom
    {
        type            symmetryPlane;
    }
    outside
    {
        type            zeroGradient;
    }
    procBoundary24to16
    {
        type            processor;
        value           nonuniform List<vector> 
18
(
(1.00534 -0.000115257 -6.37322e-18)
(0.9939 -1.53297e-05 -4.92326e-18)
(1.0066 -0.000401758 1.76993e-17)
(0.991526 -0.000368491 -4.62755e-18)
(1.00786 -0.000665978 2.89699e-17)
(0.988113 -0.00104011 -5.32864e-18)
(1.0087 -0.0011922 6.48015e-17)
(0.982827 -0.00237269 3.21173e-17)
(1.00907 -0.00274724 -5.64113e-17)
(0.973571 -0.00563693 7.73516e-17)
(1.00629 -0.00553593 8.14023e-17)
(0.958501 -0.0119809 9.76221e-17)
(0.997106 -0.011817 -1.23104e-17)
(0.931058 -0.0260118 6.62871e-17)
(0.973264 -0.0272205 3.12605e-17)
(0.877285 -0.0609543 3.19659e-17)
(0.915568 -0.0717409 4.44513e-17)
(0.982827 -0.00237269 3.21173e-17)
)
;
    }
    procBoundary24to25
    {
        type            processor;
        value           nonuniform List<vector> 7((0.780467 -0.0362717 3.23041e-18) (0.782029 -0.0133895 -1.68664e-17) (0.773372 -0.0836763 -2.21013e-17) (0.777157 -0.0622763 4.36334e-17) (0.765425 -0.127121 -9.02054e-18) (0.768786 -0.107477 4.59617e-17) (0.763186 -0.146963 6.52525e-17));
    }
    procBoundary24to32
    {
        type            processor;
        value           nonuniform List<vector> 
18
(
(1.00496 1.5886e-05 -2.08986e-17)
(0.994432 2.9204e-05 -3.62121e-17)
(1.00599 6.52115e-05 -3.95734e-19)
(1.00686 3.9023e-05 6.64353e-17)
(0.992303 0.000128461 1.04849e-17)
(1.00686 3.9023e-05 6.64353e-17)
(0.989276 0.000106531 9.32544e-19)
(1.00719 7.64059e-05 6.07869e-17)
(0.984497 0.00022664 -7.89823e-17)
(1.00609 0.000156495 -5.19431e-17)
(0.97673 0.000465545 4.53492e-17)
(1.00163 0.000332184 4.79941e-17)
(0.963402 0.000958282 -3.0398e-17)
(0.989443 0.000726356 -4.28089e-18)
(0.939086 0.00204865 4.5235e-17)
(0.958826 0.0016678 -3.14911e-17)
(0.891047 0.00479491 3.00327e-17)
(0.878756 0.00435436 3.62531e-17)
)
;
    }
}


// ************************************************************************* //
