/*--------------------------------*- C++ -*----------------------------------*\
  =========                 |
  \\      /  F ield         | OpenFOAM: The Open Source CFD Toolbox
   \\    /   O peration     | Website:  https://openfoam.org
    \\  /    A nd           | Version:  7
     \\/     M anipulation  |
\*---------------------------------------------------------------------------*/
FoamFile
{
    version     2.0;
    format      ascii;
    class       volVectorField;
    location    "18";
    object      U;
}
// * * * * * * * * * * * * * * * * * * * * * * * * * * * * * * * * * * * * * //

dimensions      [0 1 -1 0 0 0 0];

internalField   nonuniform List<vector> 
175
(
(-0.587582 0.0594881 2.36066e-17)
(-0.567011 0.0712991 1.65769e-17)
(-0.543383 0.0816624 2.49623e-17)
(-0.517157 0.0905565 2.60086e-17)
(-0.488784 0.0979744 2.12945e-17)
(-0.458699 0.103917 2.03972e-17)
(-0.427326 0.108384 -1.77351e-17)
(-0.395076 0.111366 3.98114e-17)
(-0.362353 0.112829 1.15898e-17)
(-0.329582 0.11274 4.47179e-18)
(0.736328 0.258168 1.89431e-18)
(0.752168 0.260931 -2.29091e-18)
(0.76927 0.261055 2.53335e-18)
(0.788735 0.259222 1.28429e-18)
(0.811731 0.256215 -3.248e-18)
(0.839209 0.25282 -8.15173e-19)
(0.871614 0.249672 6.69396e-19)
(0.908676 0.247153 -1.66414e-18)
(0.949421 0.245357 -1.26178e-19)
(0.992403 0.244176 -6.03653e-19)
(1.03603 0.243434 5.51762e-19)
(1.07887 0.243001 9.01592e-19)
(0.519053 0.178259 2.41403e-18)
(0.537492 0.199772 -1.50347e-18)
(0.555475 0.217499 1.91411e-18)
(0.572807 0.231375 2.11024e-18)
(0.589354 0.241427 2.18441e-18)
(0.605079 0.247752 -4.56647e-19)
(0.62011 0.250524 5.12333e-19)
(0.634834 0.25002 3.11899e-19)
(0.649995 0.246671 8.73199e-19)
(0.666747 0.241119 1.22317e-18)
(0.686546 0.234232 9.76678e-20)
(0.710902 0.227008 1.42716e-19)
(0.740979 0.220409 3.85638e-19)
(0.777218 0.215149 2.97552e-19)
(0.819162 0.211577 -5.4393e-19)
(0.865574 0.209696 9.8799e-20)
(0.914793 0.209307 -1.74723e-19)
(0.380199 0.164897 -2.96212e-19)
(0.399366 0.186485 -1.30638e-18)
(0.418559 0.204485 6.9995e-19)
(0.437499 0.218811 4.40728e-19)
(0.455916 0.229464 1.56673e-18)
(0.473552 0.236503 5.69411e-19)
(0.490184 0.240003 1.12236e-18)
(0.505698 0.240057 1.14107e-18)
(0.520201 0.236807 2.41178e-18)
(0.534187 0.230535 -2.37416e-18)
(0.548637 0.221786 3.50747e-19)
(0.565048 0.211404 7.54099e-19)
(0.585237 0.200524 -1.39324e-18)
(0.610946 0.190372 -4.22457e-19)
(0.643362 0.182008 -1.80466e-19)
(0.682759 0.176104 -1.34815e-18)
(0.72846 0.172869 4.63948e-19)
(0.238849 0.15125 1.1677e-18)
(0.258613 0.17253 -2.65865e-18)
(0.278919 0.190448 3.52588e-18)
(0.299446 0.204906 9.10287e-20)
(0.319867 0.215911 -4.66371e-19)
(0.339843 0.22353 -1.11941e-18)
(0.359017 0.227834 1.44206e-18)
(0.377041 0.228864 -2.01838e-18)
(0.393611 0.226629 1.275e-18)
(0.408613 0.221141 4.23648e-19)
(0.422243 0.212567 2.25846e-18)
(0.435201 0.201312 -4.38021e-20)
(0.44879 0.188172 7.98484e-19)
(0.464817 0.174312 -2.50062e-19)
(0.485281 0.161112 -1.52346e-19)
(0.511868 0.14988 -8.29382e-19)
(0.545524 0.14155 -1.10332e-18)
(0.0970046 0.137426 -1.68869e-18)
(0.117275 0.158024 9.04905e-19)
(0.138579 0.175509 -9.1369e-19)
(0.160545 0.189779 1.41831e-19)
(0.182814 0.200841 -2.02796e-18)
(0.205002 0.208781 -6.00965e-20)
(0.226709 0.213682 -5.85269e-20)
(0.247538 0.215596 -2.03389e-18)
(0.267062 0.214513 -1.62816e-19)
(0.284914 0.210347 2.24668e-18)
(0.300813 0.203075 -1.64386e-18)
(0.31472 0.192757 -2.05835e-18)
(0.327038 0.179735 1.01361e-18)
(0.338738 0.164748 9.52157e-19)
(0.351385 0.148941 1.63033e-19)
(0.366877 0.133735 1.5755e-20)
(0.387044 0.120515 7.1376e-19)
(-0.0430085 0.123471 4.14931e-18)
(-0.0222645 0.143046 -5.25566e-19)
(-3.55409e-05 0.159754 -2.47046e-19)
(0.0232421 0.173531 5.3531e-19)
(0.0471736 0.184398 -2.16112e-18)
(0.0713458 0.192425 -6.94989e-19)
(0.0953282 0.197696 -5.69535e-19)
(0.118724 0.200276 2.50706e-19)
(0.141096 0.200161 -2.6129e-19)
(0.162047 0.197255 4.21931e-19)
(0.181186 0.191494 4.07394e-20)
(0.198143 0.182803 -2.19096e-18)
(0.212736 0.171256 -4.9039e-19)
(0.2251 0.157197 5.57776e-19)
(0.235879 0.141337 8.99709e-19)
(0.24625 0.124794 -4.89205e-19)
(0.257799 0.108911 -1.51764e-18)
(-0.178599 0.10936 6.7574e-18)
(-0.157415 0.127621 8.40932e-19)
(-0.134364 0.143282 1.27797e-18)
(-0.109909 0.156318 -2.46539e-18)
(-0.0845062 0.16677 9.51248e-19)
(-0.058598 0.174689 -9.03641e-19)
(-0.0326209 0.180147 -2.26633e-18)
(-0.00696664 0.183196 3.51337e-19)
(0.0179461 0.183808 4.66341e-19)
(0.0417283 0.181941 -5.39776e-19)
(0.0640282 0.177506 -1.36491e-18)
(0.0844152 0.170416 -1.15244e-18)
(0.102514 0.160664 -1.12163e-18)
(0.11803 0.1484 2.30886e-20)
(0.130933 0.134022 3.41993e-19)
(0.14157 0.118283 -1.11402e-18)
(0.150742 0.102207 3.11385e-19)
(-0.306935 0.0951555 1.65331e-17)
(-0.285427 0.11181 5.58787e-18)
(-0.261737 0.126212 4.29116e-18)
(-0.236351 0.13834 -8.90616e-19)
(-0.209749 0.148218 1.82379e-18)
(-0.182387 0.155887 1.44222e-18)
(-0.1547 0.161381 1.11877e-19)
(-0.127083 0.164729 1.85681e-18)
(-0.0999079 0.165883 1.67777e-18)
(-0.073553 0.164832 -2.53028e-18)
(-0.048356 0.161477 -7.15765e-20)
(-0.0247178 0.15575 2.83935e-19)
(-0.00304383 0.147635 4.80627e-19)
(0.0162425 0.137228 7.15472e-19)
(0.0328213 0.124811 -7.43571e-19)
(0.0465495 0.110888 9.41466e-19)
(0.0575675 0.0961847 1.52355e-18)
(-0.425271 0.0805885 3.33341e-17)
(-0.403687 0.0955249 1.40168e-17)
(-0.379672 0.108545 7.63875e-18)
(-0.3537 0.119625 5.35358e-18)
(-0.326243 0.128771 2.21752e-18)
(-0.297752 0.136004 5.48634e-18)
(-0.26864 0.141341 1.74751e-18)
(-0.239283 0.14479 4.2296e-18)
(-0.210038 0.146312 3.29904e-18)
(-0.18127 0.145874 2.95967e-18)
(-0.153334 0.143398 -2.39482e-19)
(-0.126626 0.138835 1.36942e-18)
(-0.101565 0.132182 -7.13381e-19)
(-0.0785897 0.123529 6.7009e-19)
(-0.058114 0.113114 1.26798e-19)
(-0.0404783 0.101316 5.43684e-19)
(-0.0258561 0.0886679 1.44558e-18)
(-0.531137 0.0668413 2.49525e-17)
(-0.510076 0.079347 1.23968e-17)
(-0.486253 0.0902912 1.00651e-17)
(-0.460135 0.0996534 1.44869e-17)
(-0.432167 0.107433 8.0033e-18)
(-0.402774 0.113638 9.69968e-18)
(-0.372359 0.118274 -3.51212e-18)
(-0.341304 0.121328 1.2079e-17)
(-0.309986 0.122758 7.47646e-18)
(-0.278793 0.122521 1.04231e-18)
(-0.248119 0.120556 7.0959e-18)
(-0.218394 0.11683 6.27828e-18)
(-0.190065 0.111355 -2.16482e-18)
(-0.163602 0.104238 3.08329e-18)
(-0.139446 0.095679 1.48836e-18)
(-0.118002 0.0860234 -1.9768e-19)
(-0.099538 0.0756944 5.70432e-18)
)
;

boundaryField
{
    inlet
    {
        type            uniformFixedValue;
        uniformValue    constant (1 0 0);
        value           nonuniform 0();
    }
    outlet
    {
        type            pressureInletOutletVelocity;
        value           nonuniform 0();
    }
    polygon
    {
        type            fixedValue;
        value           nonuniform 0();
    }
    top
    {
        type            symmetryPlane;
    }
    bottom
    {
        type            symmetryPlane;
    }
    outside
    {
        type            zeroGradient;
    }
    procBoundary51to42
    {
        type            processor;
        value           nonuniform List<vector> 5((0.2722 0.0950313 2.3137e-19) (0.159654 0.0870279 5.43617e-19) (0.0663898 0.0816702 2.63226e-18) (-0.0142123 0.0759059 1.89732e-18) (-0.0842305 0.0653054 6.80405e-18));
    }
    procBoundary51to43
    {
        type            processor;
        value           nonuniform List<vector> 
18
(
(-0.607591 0.0558081 2.13861e-17)
(-0.587263 0.0671798 1.95956e-17)
(-0.563771 0.0771814 1.26261e-17)
(-0.537571 0.0857902 1.16021e-17)
(-0.509113 0.092997 2.53602e-17)
(-0.478839 0.0988005 8.95597e-18)
(-0.447176 0.103199 -8.66561e-18)
(-0.414545 0.106182 4.11808e-17)
(-0.381361 0.107718 1.19682e-17)
(-0.297189 0.111053 1.67617e-17)
(-0.348057 0.107775 6.21217e-18)
(-0.297189 0.111053 1.67617e-17)
(-0.265636 0.107748 1.1475e-17)
(-0.235392 0.102844 -9.23411e-18)
(-0.206946 0.0964434 8.4505e-18)
(-0.180743 0.0887282 2.76028e-18)
(-0.157199 0.0800118 -2.88646e-18)
(-0.136583 0.0706656 1.58992e-17)
)
;
    }
    procBoundary51to44
    {
        type            processor;
        value           nonuniform List<vector> 2((-0.604637 0.0462781 7.60627e-17) (-0.548952 0.0528211 4.44972e-17));
    }
    procBoundary51to50
    {
        type            processor;
        value           nonuniform List<vector> 5((1.11976 0.242836 -3.52008e-20) (0.965107 0.210172 3.6694e-19) (0.779113 0.172174 -7.16591e-19) (0.586277 0.136558 -9.13901e-19) (0.413206 0.110348 -1.47297e-18));
    }
    procBoundary51to52
    {
        type            processor;
        value           nonuniform List<vector> 8((0.500417 0.153107 -2.30728e-17) (0.361364 0.139888 -3.40297e-19) (0.219957 0.126778 2.44176e-18) (0.0781234 0.113869 -8.96298e-19) (-0.0618857 0.101178 3.13101e-18) (-0.197513 0.0886286 1.01451e-17) (-0.325823 0.0763463 3.38467e-17) (-0.44399 0.0637872 8.66856e-17));
    }
    procBoundary51to59
    {
        type            processor;
        value           nonuniform List<vector> 
18
(
(0.871711 0.269757 -6.54242e-19)
(0.891061 0.273684 2.01517e-18)
(0.912922 0.275741 -1.03894e-18)
(0.937994 0.276553 -1.30178e-18)
(0.966622 0.276654 -8.99587e-19)
(0.998635 0.276401 -4.23588e-19)
(1.03331 0.275938 1.70833e-18)
(1.06952 0.275234 9.85211e-19)
(1.10593 0.274176 -3.60336e-19)
(1.1413 0.272675 -1.00515e-18)
(1.17463 0.270733 1.3157e-19)
(1.20523 0.26845 8.27102e-19)
(0.654147 0.191207 4.63053e-18)
(0.671897 0.212305 -3.3931e-18)
(0.688909 0.229486 -1.60487e-18)
(0.705181 0.242756 1.51784e-18)
(0.720868 0.252236 2.33765e-18)
(0.720868 0.252236 2.33765e-18)
)
;
    }
}


// ************************************************************************* //
