/*--------------------------------*- C++ -*----------------------------------*\
  =========                 |
  \\      /  F ield         | OpenFOAM: The Open Source CFD Toolbox
   \\    /   O peration     | Website:  https://openfoam.org
    \\  /    A nd           | Version:  7
     \\/     M anipulation  |
\*---------------------------------------------------------------------------*/
FoamFile
{
    version     2.0;
    format      ascii;
    class       volVectorField;
    location    "70";
    object      U;
}
// * * * * * * * * * * * * * * * * * * * * * * * * * * * * * * * * * * * * * //

dimensions      [0 1 -1 0 0 0 0];

internalField   nonuniform List<vector> 
125
(
(1.00013 0.000948442 -9.32237e-19)
(1.00012 -0.00150038 1.20672e-18)
(1.00047 0.00131186 1.71686e-18)
(1.00056 -0.00241813 3.38178e-19)
(1.00122 0.00160346 -8.58319e-18)
(1.00166 -0.00395536 9.89201e-17)
(1.0028 0.00161618 3.00787e-17)
(1.00379 -0.00663022 7.31149e-17)
(1.00586 0.000730425 -9.75531e-17)
(1.00767 -0.0114298 8.30556e-18)
(1.01147 -0.00171242 -9.00908e-17)
(1.01522 -0.0191105 3.58564e-17)
(1.02265 -0.0076995 -1.08115e-16)
(1.03017 -0.0316302 2.83946e-17)
(1.04438 -0.0210705 9.03313e-17)
(1.05827 -0.0516061 5.19e-17)
(1.00017 0.000864471 -4.19838e-19)
(1.0001 -0.00148576 1.72271e-18)
(1.00048 0.0011499 3.46061e-18)
(1.0005 -0.00249643 -1.59595e-17)
(1.00118 0.00131349 7.1212e-17)
(1.00151 -0.00421099 2.31288e-17)
(1.00265 0.0011161 7.17301e-17)
(1.00348 -0.0072632 1.29217e-16)
(1.00551 -0.000100885 -6.132e-17)
(1.00717 -0.0127085 4.74851e-17)
(1.0108 -0.0032725 6.66724e-17)
(1.0143 -0.0217622 1.22372e-16)
(1.02138 -0.0106006 -4.82349e-17)
(1.02841 -0.0369487 -6.78503e-18)
(1.04213 -0.0263255 1.22096e-17)
(1.05511 -0.0615768 1.6603e-17)
(1.00022 0.000800174 -2.51104e-18)
(1.00007 -0.00146456 3.07184e-18)
(1.00051 0.00103647 4.91651e-19)
(1.0004 -0.00252728 -3.14815e-18)
(1.00115 0.00112784 6.63544e-18)
(1.00133 -0.00433376 1.21116e-17)
(1.00249 0.000838388 3.09693e-17)
(1.00313 -0.00755678 -1.26114e-17)
(1.00508 -0.000460498 8.69428e-17)
(1.00647 -0.0133245 -1.31132e-17)
(1.00995 -0.00393358 1.02427e-16)
(1.01299 -0.0231248 2.68697e-17)
(1.01974 -0.0118927 8.68925e-17)
(1.02595 -0.0397527 2.54838e-17)
(1.03922 -0.0287657 5.87164e-18)
(1.05076 -0.0668946 2.42739e-17)
(1.0003 0.00072159 6.43486e-19)
(1.00001 -0.00141925 1.63008e-18)
(1.00056 0.000897767 -2.68613e-18)
(1.00028 -0.00251991 4.79365e-18)
(1.00113 0.000899866 -1.66385e-17)
(1.00109 -0.00440529 7.234e-17)
(1.00233 0.000468512 5.46214e-17)
(1.00266 -0.00780395 -1.14874e-16)
(1.00461 -0.00108462 9.35517e-17)
(1.00563 -0.0139594 -9.92483e-17)
(1.00897 -0.0048976 7.58051e-17)
(1.01141 -0.0246211 -1.30627e-17)
(1.01783 -0.0135131 7.93197e-17)
(1.02301 -0.0430041 2.20579e-17)
(1.03576 -0.0316106 3.1802e-18)
(1.04567 -0.0733929 8.22806e-17)
(1.0004 0.000632387 -1.72229e-18)
(0.999935 -0.001353 3.95408e-18)
(1.00064 0.000746547 -9.28686e-18)
(1.00013 -0.00248139 2.17431e-17)
(1.00115 0.000664693 -1.06786e-17)
(1.00081 -0.00443113 5.95976e-18)
(1.00218 0.000118118 2.25904e-17)
(1.00214 -0.00798172 -1.04535e-16)
(1.00415 -0.00158013 -2.46463e-18)
(1.00466 -0.014443 -1.05537e-16)
(1.00793 -0.0057072 -1.52747e-17)
(1.00961 -0.0258993 -8.74383e-17)
(1.01573 -0.0148813 -3.23394e-17)
(1.01973 -0.0459488 -1.50815e-17)
(1.03189 -0.0340465 7.46771e-17)
(1.04004 -0.0794778 3.19167e-17)
(1.00052 0.000533892 -5.14833e-19)
(0.999826 -0.00126654 7.00732e-18)
(1.00075 0.000584549 -2.40014e-17)
(0.999936 -0.00240858 9.9763e-17)
(1.00119 0.000420346 -6.09936e-17)
(1.00048 -0.00439694 3.66745e-18)
(1.00206 -0.000240867 -6.30601e-17)
(1.00154 -0.00804971 -2.90938e-17)
(1.00369 -0.00210369 -8.73792e-17)
(1.00359 -0.0147722 -4.41558e-17)
(1.00684 -0.00648278 -9.90518e-17)
(1.00765 -0.0269136 -3.71979e-17)
(1.01348 -0.0160903 -1.17248e-16)
(1.01617 -0.0485442 3.0974e-17)
(1.02768 -0.0361257 3.61106e-17)
(1.03396 -0.0851884 1.95009e-17)
(1.00068 0.000426612 4.27927e-19)
(0.999675 -0.00116038 4.18115e-18)
(1.0009 0.000412453 -1.02414e-17)
(0.999691 -0.00230122 1.52762e-17)
(1.00128 0.000167328 1.09715e-19)
(1.00008 -0.0043038 1.26245e-17)
(1.00199 -0.000601933 3.0995e-17)
(1.00087 -0.00801729 -6.32186e-17)
(1.00327 -0.00261599 -3.32476e-17)
(1.00242 -0.0149283 -9.30306e-17)
(1.00573 -0.00722455 -4.95569e-17)
(1.00555 -0.027636 -8.87238e-17)
(1.01109 -0.0171735 -6.88047e-17)
(1.01237 -0.0507384 -2.27506e-17)
(1.02314 -0.0378981 7.94117e-17)
(1.02744 -0.0904857 3.15095e-17)
(1.00088 0.000311825 -5.73191e-19)
(0.999471 -0.00103584 -1.16328e-18)
(1.00111 0.000231998 1.32205e-18)
(0.999379 -0.00216051 -1.04608e-17)
(1.00144 -9.17978e-05 5.75341e-17)
(0.999599 -0.00415143 9.29385e-17)
(1.00198 -0.000965288 1.1325e-16)
(1.0001 -0.00788175 4.56559e-17)
(1.0029 -0.003118 -9.4467e-17)
(1.00113 -0.0149034 -2.05299e-17)
(1.00463 -0.00792892 -1.1964e-16)
(1.00332 -0.0280363 -1.94571e-17)
(1.00859 -0.0181618 -1.36007e-16)
)
;

boundaryField
{
    inlet
    {
        type            uniformFixedValue;
        uniformValue    constant (1 0 0);
        value           uniform (1 0 0);
    }
    outlet
    {
        type            pressureInletOutletVelocity;
        value           nonuniform 0();
    }
    polygon
    {
        type            fixedValue;
        value           nonuniform 0();
    }
    top
    {
        type            symmetryPlane;
    }
    bottom
    {
        type            symmetryPlane;
    }
    outside
    {
        type            zeroGradient;
    }
    procBoundary0to1
    {
        type            processor;
        value           nonuniform List<vector> 5((1.08404 -0.0474331 -5.23901e-17) (1.08068 -0.0564203 -2.914e-18) (1.07622 -0.0608068 6.49148e-18) (1.07085 -0.0658683 2.5515e-17) (1.06477 -0.0703551 1.65647e-17));
    }
    procBoundary0to8
    {
        type            processor;
        value           nonuniform List<vector> 
17
(
(1.00837 -0.0524261 3.72222e-17)
(1.01827 -0.0393915 4.17374e-17)
(1.02053 -0.0952761 3.32619e-17)
(1.00114 0.000191577 -2.74558e-19)
(0.999196 -0.000895122 1.50633e-18)
(1.00138 4.5696e-05 -3.32024e-18)
(0.998977 -0.00198862 8.07436e-19)
(1.00168 -0.00035425 -1.12675e-17)
(0.999008 -0.00394132 8.72884e-17)
(1.00208 -0.00132791 4.60587e-17)
(0.999191 -0.00764103 3.37518e-17)
(1.00265 -0.0036089 -9.2485e-17)
(0.999685 -0.0146891 -1.76569e-17)
(1.00361 -0.00859772 -1.17626e-16)
(1.00092 -0.028088 -1.67266e-17)
(1.00837 -0.0524261 3.72222e-17)
(1.00602 -0.0190802 -1.2802e-16)
)
;
    }
    procBoundary0to9
    {
        type            processor;
        value           nonuniform List<vector> 2((1.05805 -0.0742982 1.21195e-17) (1.0507 -0.0777527 3.81537e-18));
    }
}


// ************************************************************************* //
