/*--------------------------------*- C++ -*----------------------------------*\
  =========                 |
  \\      /  F ield         | OpenFOAM: The Open Source CFD Toolbox
   \\    /   O peration     | Website:  https://openfoam.org
    \\  /    A nd           | Version:  7
     \\/     M anipulation  |
\*---------------------------------------------------------------------------*/
FoamFile
{
    version     2.0;
    format      ascii;
    class       volVectorField;
    location    "76";
    object      U;
}
// * * * * * * * * * * * * * * * * * * * * * * * * * * * * * * * * * * * * * //

dimensions      [0 1 -1 0 0 0 0];

internalField   nonuniform List<vector> 
175
(
(1.00555 -0.000539204 -4.25521e-17)
(0.993457 0.000607153 -1.45177e-17)
(1.00692 -0.00123519 -4.6797e-17)
(0.990994 0.000491844 -6.39979e-18)
(1.00835 -0.00187195 4.0591e-17)
(0.98736 7.4091e-05 1.03877e-17)
(1.00949 -0.00293066 -1.2087e-17)
(0.981767 -0.000980368 1.438e-16)
(1.00958 -0.00481742 -1.17684e-17)
(0.972781 -0.00342787 1.33918e-16)
(0.996169 -0.00263455 -1.93976e-17)
(1.00399 -0.00340447 6.97911e-17)
(0.995195 -0.00591728 1.10357e-16)
(1.00424 -0.00657059 -1.06578e-17)
(0.994046 -0.012467 8.80052e-17)
(1.00396 -0.0128864 -4.26884e-17)
(0.992972 -0.0256256 1.58287e-16)
(1.00295 -0.0254783 1.24546e-17)
(0.993023 -0.0522267 2.16686e-18)
(1.00233 -0.0501355 5.72414e-17)
(0.998004 -0.10523 -6.23622e-17)
(1.01077 -0.096943 -3.10545e-18)
(1.0029 -0.000540967 4.80326e-19)
(0.99701 2.81982e-05 1.8056e-18)
(1.00364 -0.00110098 -4.02472e-18)
(0.995914 -0.000778803 1.64377e-17)
(1.00442 -0.00200784 -4.20147e-17)
(0.99467 -0.0023128 8.6634e-17)
(1.00513 -0.00368482 2.80342e-17)
(0.992965 -0.0054139 5.66054e-17)
(1.00551 -0.00695259 -8.22513e-17)
(0.990673 -0.0116856 2.58318e-17)
(1.00507 -0.0134274 -9.82945e-17)
(0.987782 -0.0244594 3.25737e-17)
(1.00308 -0.026325 -9.87686e-17)
(0.985001 -0.0507611 6.57364e-17)
(0.999445 -0.0517017 9.79102e-17)
(0.986035 -0.104934 1.41759e-17)
(1.00091 -0.0998745 -6.59534e-18)
(1.00349 -0.000613734 -4.34928e-19)
(0.996247 0.000152244 -1.91202e-18)
(1.00443 -0.00121906 -4.6907e-18)
(0.99481 -0.000583735 1.1009e-17)
(1.00546 -0.00216284 -2.80906e-17)
(0.99304 -0.00199937 9.51948e-17)
(1.00644 -0.00388385 1.51141e-17)
(0.990512 -0.00490032 4.12259e-17)
(1.00709 -0.00720299 -1.12189e-17)
(0.986906 -0.0108398 3.10513e-17)
(1.00673 -0.0137561 -1.46144e-17)
(0.981876 -0.0230834 3.0225e-17)
(1.0042 -0.0268499 -3.35441e-17)
(0.97564 -0.0487113 1.15936e-16)
(0.998171 -0.0528931 -6.36976e-17)
(0.971643 -0.10319 -1.66241e-17)
(0.992593 -0.102872 -8.27334e-18)
(1.00406 -0.000663937 2.30064e-18)
(0.995485 0.000256741 -1.726e-18)
(1.00522 -0.00130203 4.97984e-19)
(0.993703 -0.000409063 4.1793e-18)
(1.00651 -0.00225983 -1.31965e-18)
(0.991388 -0.00170568 1.01232e-17)
(1.00781 -0.00398786 -2.77903e-17)
(0.987993 -0.00439748 1.10986e-16)
(1.0088 -0.00729571 5.06298e-19)
(0.982973 -0.00996922 1.1561e-16)
(1.00872 -0.0138202 1.07527e-17)
(0.975562 -0.0215725 9.84405e-17)
(1.00604 -0.0269428 1.43929e-17)
(0.965264 -0.0462028 4.22894e-17)
(0.998366 -0.0534976 -8.57946e-17)
(0.954794 -0.100069 -1.86508e-17)
(0.986423 -0.105836 -2.01706e-18)
(1.00459 -0.000690819 1.23542e-17)
(0.99478 0.000340755 -1.40244e-18)
(1.00594 -0.00134943 1.7481e-17)
(0.992678 -0.000256632 3.69512e-18)
(1.00748 -0.0022977 2.69413e-17)
(0.989847 -0.00143574 -7.61284e-17)
(1.00908 -0.00399208 -4.21094e-17)
(0.985617 -0.00391585 1.11824e-16)
(1.01041 -0.0072181 4.75567e-18)
(0.979198 -0.00909929 1.13904e-16)
(1.01064 -0.0135852 2.85965e-17)
(0.969338 -0.0199872 2.58573e-17)
(1.00803 -0.0265067 9.23588e-18)
(0.954585 -0.0433722 4.18671e-18)
(0.999356 -0.0532496 6.63054e-18)
(0.936146 -0.0958005 1.40478e-17)
(0.982328 -0.108141 -1.09291e-17)
(1.00503 -0.000696057 7.18846e-17)
(0.994188 0.000407027 -1.1816e-18)
(1.00653 -0.00136655 8.99847e-17)
(0.991822 -0.00011899 1.75597e-17)
(1.00826 -0.00228104 2.65598e-17)
(0.988553 -0.00118614 -3.79625e-17)
(1.01008 -0.00390487 4.62706e-17)
(0.983603 -0.00345242 5.25277e-17)
(1.01165 -0.00697874 5.30902e-18)
(0.975943 -0.00823185 4.11378e-17)
(1.01209 -0.0130506 2.0367e-17)
(0.963814 -0.0183507 1.49383e-17)
(1.00946 -0.0254938 1.20301e-17)
(0.94462 -0.0403114 -1.44217e-17)
(1.00001 -0.0519138 8.64175e-17)
(0.917157 -0.09063 4.44748e-17)
(0.979076 -0.109018 -7.85515e-17)
(1.00536 -0.000683577 1.44523e-17)
(0.993749 0.00046138 -1.34092e-18)
(1.00694 -0.00135907 1.97271e-17)
(0.991203 -3.96796e-07 1.72234e-18)
(1.00877 -0.00222575 3.60244e-17)
(0.987616 -0.000951368 -9.38546e-17)
(1.01069 -0.00375092 -5.03201e-17)
(0.982133 -0.0029869 1.04915e-16)
(1.01231 -0.00661054 3.99237e-18)
(0.973526 -0.00733786 1.1486e-16)
(1.01268 -0.0122584 2.93193e-17)
(0.959567 -0.0166343 2.82343e-17)
(1.00966 -0.023931 1.97736e-17)
(0.93647 -0.0370299 3.12963e-19)
(0.999032 -0.0493584 1.49958e-17)
(0.899863 -0.0847237 1.36943e-17)
(0.974473 -0.107704 8.51258e-19)
(1.00555 -0.00065966 1.33699e-17)
(0.993482 0.000516575 -2.50396e-18)
(1.00715 -0.00134312 2.02675e-17)
(0.990849 0.000146688 2.89862e-18)
(1.00898 -0.00214988 3.34654e-17)
(0.987088 -0.000657802 -9.26869e-17)
(1.01084 -0.00354226 -4.93582e-17)
(0.981306 -0.00247151 1.05406e-16)
(1.01228 -0.00614812 5.64724e-18)
(0.97213 -0.00637528 1.19097e-16)
(1.01219 -0.0112686 1.69373e-17)
(0.956977 -0.0147957 1.00413e-16)
(1.00818 -0.0219001 3.54827e-17)
(0.931006 -0.0335003 3.71682e-18)
(0.995393 -0.0455828 2.30206e-17)
(0.886384 -0.0781606 2.17198e-17)
(0.966045 -0.103378 -1.34949e-17)
(1.00563 -0.000620566 7.28735e-17)
(0.993378 0.000550746 -1.5181e-18)
(1.00718 -0.00130907 8.82991e-17)
(0.990753 0.000258778 1.58699e-17)
(1.00891 -0.00204733 2.52216e-17)
(0.98696 -0.000449566 -3.88219e-17)
(1.01055 -0.00331507 4.55689e-17)
(0.981103 -0.00198718 5.98671e-17)
(1.01158 -0.00563106 5.53137e-18)
(0.971751 -0.00538033 4.97334e-17)
(1.01068 -0.0101558 9.54286e-18)
(0.956103 -0.0128074 3.79229e-17)
(1.00501 -0.019559 2.36654e-17)
(0.928577 -0.0295733 -8.17714e-18)
(0.98875 -0.0408466 9.19205e-17)
(0.878299 -0.0706398 4.42626e-17)
(0.951849 -0.0958962 -9.70564e-17)
(1.00559 -0.00060455 2.87867e-18)
(0.993404 0.000666286 -5.3126e-18)
(1.00704 -0.00136574 2.17415e-18)
(0.990861 0.000516911 -3.21574e-18)
(1.00859 -0.00207335 2.84653e-17)
(0.987139 4.85517e-05 -6.73953e-17)
(1.00994 -0.00324358 -3.28276e-17)
(0.981407 -0.0011361 1.20907e-16)
(1.01039 -0.00534197 -8.84924e-20)
(0.972202 -0.00385325 1.23523e-16)
(1.00842 -0.00934924 1.13142e-17)
(0.956665 -0.00998842 1.00292e-16)
(1.00066 -0.017558 2.32912e-17)
(0.928862 -0.0242776 2.21629e-17)
(0.97985 -0.0362087 1.20813e-17)
(0.875923 -0.0609185 -1.25617e-17)
(0.931752 -0.0868803 -1.76781e-17)
)
;

boundaryField
{
    inlet
    {
        type            uniformFixedValue;
        uniformValue    constant (1 0 0);
        value           uniform (1 0 0);
    }
    outlet
    {
        type            pressureInletOutletVelocity;
        value           nonuniform 0();
    }
    polygon
    {
        type            fixedValue;
        value           nonuniform 0();
    }
    top
    {
        type            symmetryPlane;
    }
    bottom
    {
        type            symmetryPlane;
    }
    outside
    {
        type            zeroGradient;
    }
    procBoundary8to0
    {
        type            processor;
        value           nonuniform List<vector> 
18
(
(0.997469 -0.00294897 3.97932e-18)
(1.0031 -0.00306156 3.5106e-17)
(0.99711 -0.0063846 -4.13819e-17)
(1.00339 -0.00608892 -2.11113e-17)
(0.996915 -0.0131409 -6.85286e-17)
(1.00351 -0.0121889 -3.7963e-17)
(0.997345 -0.0265122 -5.6191e-17)
(1.00383 -0.0244079 -3.07143e-17)
(0.999713 -0.0530236 -2.87596e-17)
(1.00656 -0.0483419 1.06861e-16)
(1.00797 -0.10411 1.53866e-17)
(1.02131 -0.0939516 2.08424e-18)
(1.00235 -0.000448658 3.67366e-19)
(0.997722 -0.000111286 -1.55188e-19)
(1.0029 -0.000952063 -6.41699e-18)
(0.996938 -0.000987632 2.48496e-17)
(1.00348 -0.00180227 -8.70284e-17)
(1.00348 -0.00180227 -8.70284e-17)
)
;
    }
    procBoundary8to16
    {
        type            processor;
        value           nonuniform List<vector> 
18
(
(1.00553 -0.000513912 -4.40254e-17)
(0.993478 0.000575832 -1.86349e-17)
(1.00688 -0.0011739 -4.64081e-17)
(0.991041 0.000463205 -2.49383e-17)
(1.00827 -0.00177932 4.9846e-17)
(0.987438 5.81771e-05 1.32074e-17)
(1.00934 -0.00278251 -4.14409e-19)
(0.981894 -0.000945542 1.46527e-16)
(1.00932 -0.00456457 3.46978e-18)
(1.00697 -0.00841412 -2.3068e-18)
(0.972989 -0.00327583 1.30501e-16)
(1.00697 -0.00841412 -2.3068e-18)
(0.957571 -0.00899717 5.4215e-17)
(0.997977 -0.0157775 5.41943e-18)
(0.93018 -0.0220758 6.16356e-17)
(0.974356 -0.0325102 -2.66397e-17)
(0.877175 -0.0560049 -6.14534e-17)
(0.917574 -0.0782177 -3.33873e-17)
)
;
    }
    procBoundary8to17
    {
        type            processor;
        value           nonuniform List<vector> 5((1.01999 -0.200179 -6.45479e-17) (1.00441 -0.208837 1.91879e-17) (0.985335 -0.215376 5.53835e-18) (0.961603 -0.218849 -1.9005e-17) (0.932442 -0.218964 -3.71458e-17));
    }
    procBoundary8to25
    {
        type            processor;
        value           nonuniform List<vector> 5((0.898269 -0.215936 -4.50975e-17) (0.861143 -0.209867 -4.43397e-17) (0.824582 -0.201136 -4.45636e-17) (0.793707 -0.18937 -4.53487e-17) (0.772874 -0.174659 -3.56218e-17));
    }
}


// ************************************************************************* //
