/*--------------------------------*- C++ -*----------------------------------*\
  =========                 |
  \\      /  F ield         | OpenFOAM: The Open Source CFD Toolbox
   \\    /   O peration     | Website:  https://openfoam.org
    \\  /    A nd           | Version:  7
     \\/     M anipulation  |
\*---------------------------------------------------------------------------*/
FoamFile
{
    version     2.0;
    format      ascii;
    class       volVectorField;
    location    "54";
    object      U;
}
// * * * * * * * * * * * * * * * * * * * * * * * * * * * * * * * * * * * * * //

dimensions      [0 1 -1 0 0 0 0];

internalField   nonuniform List<vector> 
125
(
(-0.193988 0.00457665 -1.50478e-18)
(-0.192645 0.00360856 2.15852e-18)
(-0.191468 0.00280888 2.09789e-18)
(-0.190408 0.00216402 4.05357e-18)
(-0.189427 0.00165775 2.51464e-18)
(-0.188488 0.00127237 3.31496e-20)
(-0.187566 0.000989948 2.5389e-18)
(-0.186636 0.000793229 -5.87842e-20)
(-0.185683 0.000666487 1.2529e-18)
(-0.184691 0.000596133 -8.81643e-19)
(-0.183653 0.000571202 -7.97572e-18)
(-0.182559 0.000580649 -2.06741e-18)
(-0.181403 0.000616822 -8.3093e-18)
(-0.180179 0.000674343 -3.37361e-19)
(-0.178883 0.000749749 -7.53448e-19)
(-0.177509 0.00084103 -4.17271e-18)
(-0.176053 0.000947684 -2.00246e-18)
(-0.202424 0.00420436 -8.2643e-19)
(-0.201059 0.00329446 -2.51985e-18)
(-0.199903 0.00253717 3.12398e-18)
(-0.198907 0.00192102 9.05401e-19)
(-0.198027 0.00143195 4.43166e-18)
(-0.197225 0.00105443 6.50296e-19)
(-0.196469 0.000772445 7.26393e-18)
(-0.195734 0.00057039 6.08517e-19)
(-0.195 0.000434135 4.29011e-18)
(-0.194249 0.000351762 -3.15846e-19)
(-0.19347 0.0003102 -2.13348e-18)
(-0.192654 0.000300943 -8.04366e-19)
(-0.191793 0.000318025 -3.48083e-18)
(-0.19088 0.000356284 2.60179e-18)
(-0.18991 0.000411736 2.43798e-19)
(-0.188877 0.000481887 -7.72211e-18)
(-0.187776 0.000565366 -1.88051e-18)
(-0.209911 0.00380708 -8.26099e-19)
(-0.208508 0.0029663 -8.3919e-18)
(-0.207354 0.00226201 6.71307e-18)
(-0.206399 0.00168461 -2.47075e-18)
(-0.205594 0.00122213 9.59894e-18)
(-0.204899 0.000861149 9.66115e-19)
(-0.204279 0.000587688 1.50574e-18)
(-0.203706 0.000387941 -2.57702e-20)
(-0.203154 0.000248954 -4.96723e-18)
(-0.202607 0.000158152 -1.25902e-18)
(-0.202051 0.000111425 2.13444e-18)
(-0.201474 9.40257e-05 3.28195e-19)
(-0.200865 9.83853e-05 -1.52355e-18)
(-0.200218 0.000119796 8.56496e-18)
(-0.199529 0.000155501 7.04658e-19)
(-0.19879 0.000203464 -3.29616e-18)
(-0.197998 0.000263417 -1.78606e-18)
(-0.216455 0.00337982 -1.49356e-18)
(-0.215004 0.00262241 -2.57443e-18)
(-0.21384 0.00198483 -4.77566e-19)
(-0.212907 0.00145913 -8.29385e-18)
(0.0191993 0.0120257 2.19991e-19)
(0.0264077 0.0126311 -2.86812e-19)
(0.033959 0.0132792 2.28716e-19)
(0.041863 0.0139678 4.94398e-20)
(0.0501309 0.0146963 -2.19262e-19)
(0.0587755 0.0154656 -3.12747e-19)
(-0.0805252 0.00885928 -5.44022e-20)
(-0.0778862 0.00799649 1.44977e-17)
(-0.0749621 0.00737769 3.02677e-18)
(-0.0717538 0.00697188 1.48241e-17)
(-0.0682656 0.0067478 4.01308e-18)
(-0.0645039 0.00667557 8.72398e-19)
(-0.0604751 0.00672793 1.82598e-18)
(-0.0561848 0.00688115 1.14536e-19)
(-0.051637 0.00711535 1.55404e-18)
(-0.0468339 0.00741461 -2.15235e-18)
(-0.0417753 0.00776661 1.27528e-18)
(-0.0364587 0.0081624 -1.99172e-18)
(-0.0308794 0.00859605 1.47223e-18)
(-0.0250311 0.00906403 -5.65676e-20)
(-0.0189058 0.00956474 -5.75375e-19)
(-0.0124941 0.0100981 -7.39297e-19)
(-0.119402 0.00739735 -3.47772e-18)
(-0.117504 0.00637716 1.78512e-18)
(-0.115442 0.00559397 1.04995e-18)
(-0.113199 0.00502104 3.66427e-18)
(-0.110769 0.00463006 1.22688e-17)
(-0.108148 0.00439282 -2.88038e-19)
(-0.105335 0.00428296 1.04355e-17)
(-0.102329 0.00427675 -8.5179e-19)
(-0.0991327 0.0043536 9.40518e-18)
(-0.0957457 0.0044965 -1.36526e-17)
(-0.0921683 0.00469177 9.41904e-18)
(-0.0883987 0.0049291 -1.22227e-17)
(-0.0844343 0.0052013 9.61707e-18)
(-0.0802708 0.00550375 -9.08113e-19)
(-0.0759025 0.00583384 -2.77306e-18)
(-0.0713228 0.00619067 -3.00407e-18)
(-0.151888 0.00628236 -1.71157e-17)
(-0.150404 0.00520126 -3.6367e-19)
(-0.148883 0.00433898 5.44667e-19)
(-0.147295 0.00367317 3.13614e-18)
(-0.145619 0.00317954 -1.00419e-17)
(-0.143839 0.00283354 -1.46238e-17)
(-0.141945 0.00261152 -1.34405e-17)
(-0.139929 0.00249153 -1.50001e-17)
(-0.137786 0.00245404 -1.33654e-17)
(-0.135513 0.0024824 -1.68765e-17)
(-0.133107 0.00256277 -1.69509e-18)
(-0.130567 0.00268403 -1.38701e-17)
(-0.127888 0.00283818 -1.22362e-18)
(-0.125067 0.0030197 -1.20552e-17)
(-0.122101 0.0032252 -1.37941e-17)
(-0.118983 0.00345312 -1.38664e-17)
(-0.178648 0.00527416 -3.63369e-18)
(-0.177318 0.0042358 1.18198e-17)
(-0.176075 0.0033889 2.4921e-18)
(-0.174877 0.0027161 1.3891e-17)
(-0.173692 0.00219776 1.2372e-18)
(-0.17249 0.00181329 -1.93176e-18)
(-0.171252 0.00154211 -2.07371e-18)
(-0.169961 0.00136479 -2.88015e-18)
(-0.168605 0.00126397 -2.18979e-18)
(-0.167175 0.00122469 -3.39628e-18)
(-0.165664 0.00123359 -2.73437e-18)
(-0.164068 0.0012803 -3.01551e-18)
(-0.162381 0.00135758 -2.35163e-18)
(-0.1606 0.00145984 -2.47647e-18)
(-0.15872 0.00158316 -2.68013e-18)
(-0.156736 0.00172532 -3.67716e-18)
)
;

boundaryField
{
    inlet
    {
        type            uniformFixedValue;
        uniformValue    constant (1 0 0);
        value           nonuniform 0();
    }
    outlet
    {
        type            pressureInletOutletVelocity;
        value           nonuniform 0();
    }
    polygon
    {
        type            fixedValue;
        value           nonuniform 0();
    }
    top
    {
        type            symmetryPlane;
    }
    bottom
    {
        type            symmetryPlane;
    }
    outside
    {
        type            zeroGradient;
    }
    procBoundary44to36
    {
        type            processor;
        value           nonuniform List<vector> 
18
(
(-0.212156 0.0010352 6.29341e-18)
(-0.211543 0.000701561 -1.02007e-19)
(-0.211032 0.000446066 -3.19666e-18)
(-0.21059 0.000256453 -8.64291e-19)
(-0.210192 0.000121779 -2.57078e-18)
(-0.209814 3.75529e-05 -1.27994e-18)
(-0.209443 -1.87258e-05 8.20503e-18)
(-0.209068 -4.63522e-05 1.09384e-18)
(-0.208676 -5.24334e-05 -3.75525e-19)
(-0.208258 -4.17825e-05 6.69845e-18)
(-0.207808 -1.69394e-05 2.93842e-19)
(-0.207321 2.04737e-05 -1.8507e-18)
(-0.206788 6.95999e-05 -2.32155e-18)
(-0.22206 0.00292575 -2.12925e-18)
(-0.220558 0.0022635 1.76696e-18)
(-0.219374 0.00170364 -7.47946e-18)
(-0.212156 0.0010352 6.29341e-18)
(-0.21845 0.00123971 -1.98482e-17)
)
;
    }
    procBoundary44to37
    {
        type            processor;
        value           nonuniform List<vector> 2((-0.211621 0.00479089 -2.31636e-18) (-0.21825 0.00426234 -4.22169e-18));
    }
    procBoundary44to43
    {
        type            processor;
        value           nonuniform List<vector> 9((-0.174508 0.00107108 -8.59614e-18) (-0.154642 0.00188543 -3.323e-18) (-0.186602 0.000661716 -3.85364e-18) (-0.197146 0.000340182 -1.89904e-18) (0.0678103 0.0162773 -5.18449e-20) (-0.00578568 0.0106653 -5.6034e-19) (-0.0665238 0.00657468 -2.79833e-18) (-0.115708 0.00370333 -1.35612e-17) (-0.154642 0.00188543 -3.323e-18));
    }
    procBoundary44to45
    {
        type            processor;
        value           nonuniform List<vector> 6((-0.195548 0.00572335 -1.34743e-18) (-0.204054 0.00527508 -1.31484e-18) (-0.0828839 0.00999501 -7.22333e-19) (-0.121156 0.00867816 -3.62924e-18) (-0.153371 0.00759997 -1.72066e-17) (-0.180112 0.00651707 -3.37172e-18));
    }
    procBoundary44to52
    {
        type            processor;
        value           nonuniform List<vector> 
17
(
(0.0918128 0.0177185 -2.08995e-19)
(0.101267 0.0185936 -3.09232e-19)
(0.111156 0.019519 1.59745e-19)
(0.121495 0.0204937 -8.60497e-20)
(0.132297 0.021518 -1.99661e-19)
(0.143578 0.0225937 -8.30598e-20)
(-0.0343437 0.0109255 5.0456e-19)
(-0.0306016 0.0103058 5.3026e-18)
(-0.0264708 0.00992594 1.93449e-18)
(-0.0219644 0.00975259 5.40731e-18)
(-0.0170961 0.00975355 1.2128e-18)
(-0.0118787 0.00989921 6.70378e-19)
(-0.00632216 0.0101634 4.47125e-19)
(-0.000433823 0.0105242 1.03323e-19)
(0.00578244 0.0109635 1.95524e-19)
(0.012326 0.0114674 -5.85575e-19)
(0.012326 0.0114674 -5.85575e-19)
)
;
    }
}


// ************************************************************************* //
