/*--------------------------------*- C++ -*----------------------------------*\
  =========                 |
  \\      /  F ield         | OpenFOAM: The Open Source CFD Toolbox
   \\    /   O peration     | Website:  https://openfoam.org
    \\  /    A nd           | Version:  7
     \\/     M anipulation  |
\*---------------------------------------------------------------------------*/
FoamFile
{
    version     2.0;
    format      ascii;
    class       volVectorField;
    location    "12";
    object      U;
}
// * * * * * * * * * * * * * * * * * * * * * * * * * * * * * * * * * * * * * //

dimensions      [0 1 -1 0 0 0 0];

internalField   nonuniform List<vector> 
125
(
(0.852041 0.0159788 1.54976e-18)
(0.844485 0.0165451 -6.05171e-18)
(0.836659 0.0171603 -5.91075e-18)
(0.828538 0.0178273 -1.69247e-18)
(0.933637 0.0118633 -5.15548e-19)
(0.928764 0.0122457 -1.62605e-18)
(0.923726 0.0126667 3.69508e-18)
(0.918524 0.0131155 -4.64578e-18)
(0.913143 0.0135871 2.62745e-19)
(0.907586 0.0140712 -2.16486e-18)
(0.901848 0.0145622 1.72017e-18)
(0.895933 0.0150545 4.27979e-18)
(0.889839 0.0155477 -7.63861e-18)
(0.883568 0.016044 -3.42527e-18)
(0.877114 0.0165503 -5.28586e-19)
(0.870471 0.0170756 1.74333e-18)
(0.863625 0.0176311 8.56856e-19)
(0.85656 0.0182276 1.56735e-18)
(0.849255 0.0188743 -1.36409e-17)
(0.841687 0.0195773 -5.27886e-18)
(0.833834 0.0203391 -9.33443e-18)
(0.935925 0.0133095 -2.8639e-18)
(0.931182 0.0137384 -1.73783e-19)
(0.926279 0.0142094 -9.04304e-19)
(0.92122 0.0147101 7.26775e-19)
(0.915991 0.0152349 6.37352e-18)
(0.910596 0.0157723 -5.65529e-18)
(0.905033 0.0163163 -1.00803e-18)
(0.899304 0.0168612 5.39765e-18)
(0.893409 0.017407 -4.22909e-18)
(0.887348 0.0179568 -1.06269e-18)
(0.881116 0.0185187 -3.08911e-18)
(0.874704 0.0191035 6.26073e-18)
(0.868099 0.0197237 -1.71466e-18)
(0.861282 0.0203911 -2.76783e-18)
(0.854233 0.0211157 -1.35897e-17)
(0.846929 0.0219037 -8.57106e-18)
(0.839349 0.0227572 -9.89128e-18)
(0.938281 0.0147151 2.25022e-19)
(0.933669 0.015189 6.31769e-19)
(0.928904 0.015708 1.46822e-18)
(0.923989 0.0162581 2.65221e-18)
(0.918914 0.016833 2.53325e-18)
(0.913684 0.0174202 -8.00985e-19)
(0.908297 0.0180136 3.23867e-19)
(0.902757 0.0186073 2.34287e-18)
(0.897063 0.019202 -1.76722e-18)
(0.891214 0.0198019 3.09832e-19)
(0.885205 0.0204166 3.3205e-20)
(0.879026 0.0210582 2.56343e-18)
(0.872661 0.0217409 -1.31882e-18)
(0.866092 0.0224774 -1.83565e-18)
(0.859297 0.0232783 -5.75383e-18)
(0.852254 0.0241494 -2.91072e-18)
(0.844945 0.0250921 -3.00777e-18)
(0.942225 0.0170584 5.68927e-18)
(0.937828 0.0176096 1.10556e-18)
(0.933287 0.0182096 4.06713e-18)
(0.928609 0.0188427 7.60717e-18)
(0.923786 0.019501 2.01259e-18)
(0.918825 0.020171 7.38168e-18)
(0.913726 0.020846 -3.03592e-19)
(0.908493 0.0215205 1.8587e-18)
(0.903126 0.0221965 1.26416e-18)
(0.897622 0.0228801 1.3272e-18)
(0.891973 0.0235833 2.42184e-18)
(0.886167 0.0243208 1.46804e-18)
(0.880186 0.0251089 8.66865e-19)
(0.874011 0.0259618 1.7565e-18)
(0.867619 0.0268904 3.88025e-19)
(0.860989 0.0279 8.96985e-19)
(0.947565 0.0200007 7.52665e-18)
(0.943446 0.0206416 5.02115e-18)
(0.939198 0.0213328 3.1318e-18)
(0.934828 0.0220576 8.08756e-18)
(0.930335 0.0228056 2.86e-18)
(0.925727 0.023563 1.03795e-17)
(0.921004 0.024323 5.73847e-18)
(0.916171 0.0250816 3.5326e-18)
(0.911225 0.0258431 9.48286e-18)
(0.906161 0.0266168 3.50707e-18)
(0.900968 0.0274183 1.25203e-17)
(0.89563 0.0282655 8.08176e-18)
(0.890126 0.0291769 4.67059e-18)
(0.884437 0.0301679 1.361e-17)
(0.878541 0.0312488 8.67639e-18)
(0.872422 0.0324228 4.48915e-18)
(0.952429 0.0227753 7.29629e-19)
(0.94855 0.0234996 1.21293e-18)
(0.944555 0.0242731 8.65894e-19)
(0.940454 0.0250781 1.513e-18)
(0.936248 0.0259028 8.10793e-19)
(0.931945 0.0267337 1.72558e-18)
(0.927547 0.027565 9.91246e-19)
(0.923057 0.0283953 1.07857e-18)
(0.918469 0.0292321 1.62141e-18)
(0.913774 0.0300884 1.01154e-18)
(0.908957 0.0309832 2.13416e-18)
(0.904001 0.0319372 1.27953e-18)
(0.898885 0.0329701 1.51233e-18)
(0.893588 0.0340969 2.13053e-18)
(0.888093 0.0353257 1.1715e-18)
(0.882388 0.0366562 1.48458e-18)
(0.956681 0.0254047 -3.84817e-18)
(0.952998 0.0262051 1.60262e-18)
(0.949211 0.0270518 -6.3291e-20)
(0.945331 0.0279262 6.68344e-19)
(0.941361 0.028816 2.41657e-19)
(0.937309 0.029709 4.29623e-19)
(0.933175 0.0306012 1.66671e-19)
(0.928959 0.0314947 3.91467e-19)
(0.924652 0.0324004 3.56538e-19)
(0.920243 0.0333353 1.54639e-19)
(0.915715 0.0343212 3.25922e-19)
(0.911048 0.0353804 1.44845e-19)
(0.906222 0.0365327 4.0717e-19)
(0.90122 0.0377913 4.94138e-19)
(0.896027 0.0391608 4.77533e-19)
(0.890639 0.0406361 3.70848e-19)
(0.96032 0.027912 7.36498e-19)
(0.956795 0.0287817 6.85408e-19)
(0.953174 0.0296936 8.5262e-19)
(0.949471 0.0306286 1.10388e-18)
(0.945689 0.0315748 2.73578e-19)
(0.941833 0.032522 9.45583e-19)
)
;

boundaryField
{
    inlet
    {
        type            uniformFixedValue;
        uniformValue    constant (1 0 0);
        value           nonuniform 0();
    }
    outlet
    {
        type            pressureInletOutletVelocity;
        value           nonuniform 0();
    }
    polygon
    {
        type            fixedValue;
        value           nonuniform 0();
    }
    top
    {
        type            symmetryPlane;
    }
    bottom
    {
        type            symmetryPlane;
    }
    outside
    {
        type            zeroGradient;
    }
    procBoundary22to14
    {
        type            processor;
        value           nonuniform List<vector> 
17
(
(0.937903 0.033469 -5.15185e-19)
(0.933895 0.0344216 3.41126e-19)
(0.929798 0.0353942 -1.36519e-19)
(0.925599 0.0364072 2.12548e-19)
(0.921278 0.0374846 -3.03569e-20)
(0.916817 0.0386492 1.19819e-19)
(0.912197 0.0399194 1.66404e-19)
(0.907404 0.0413054 4.79176e-20)
(0.902431 0.0428071 1.70009e-19)
(0.897276 0.0444146 -1.13856e-19)
(0.963443 0.0303231 5.29549e-19)
(0.960044 0.0312566 2.00233e-18)
(0.956557 0.0322276 2.91283e-18)
(0.952995 0.0332171 6.06404e-18)
(0.94936 0.0342145 1.00483e-18)
(0.937903 0.033469 -5.15185e-19)
(0.945656 0.035212 5.5332e-18)
)
;
    }
    procBoundary22to21
    {
        type            processor;
        value           nonuniform List<vector> 7((0.831474 0.0236744 -4.9953e-18) (0.83735 0.0261037 -8.72241e-19) (0.854106 0.0289904 2.40818e-18) (0.854106 0.0289904 2.40818e-18) (0.866068 0.0336866 1.31899e-17) (0.876468 0.0380807 2.38355e-18) (0.885055 0.0422049 3.9451e-19));
    }
    procBoundary22to23
    {
        type            processor;
        value           nonuniform List<vector> 8((0.938375 0.0115175 -2.30014e-18) (0.940536 0.0129207 1.4549e-18) (0.942764 0.0142844 1.40212e-18) (0.946499 0.0165554 3.13518e-18) (0.951569 0.0194132 3.99253e-18) (0.956202 0.0221065 9.36185e-19) (0.960265 0.0246592 -3.57791e-19) (0.963755 0.0270949 -2.10022e-18));
    }
    procBoundary22to29
    {
        type            processor;
        value           nonuniform List<vector> 2((0.8201 0.0185459 5.86419e-18) (0.825675 0.0211589 -4.8264e-19));
    }
    procBoundary22to30
    {
        type            processor;
        value           nonuniform List<vector> 
18
(
(0.847849 0.0136575 7.96912e-18)
(0.840056 0.0141411 1.34328e-18)
(0.831984 0.0146662 3.13988e-18)
(0.823609 0.0152357 -2.55063e-19)
(0.931469 0.0103731 1.58757e-18)
(0.926471 0.0107074 6.89531e-19)
(0.921303 0.0110763 5.10804e-18)
(0.915963 0.0114706 -3.93618e-18)
(0.910437 0.0118857 -6.64526e-18)
(0.904724 0.0123129 -1.25144e-18)
(0.898819 0.0127469 2.27997e-18)
(0.892724 0.0131825 8.71253e-19)
(0.88644 0.013619 -2.35105e-18)
(0.879965 0.014058 5.41111e-19)
(0.873297 0.0145049 -5.38909e-19)
(0.866429 0.0149677 -2.37982e-18)
(0.859349 0.0154558 4.39e-18)
(0.859349 0.0154558 4.39e-18)
)
;
    }
}


// ************************************************************************* //
