/*--------------------------------*- C++ -*----------------------------------*\
  =========                 |
  \\      /  F ield         | OpenFOAM: The Open Source CFD Toolbox
   \\    /   O peration     | Website:  https://openfoam.org
    \\  /    A nd           | Version:  7
     \\/     M anipulation  |
\*---------------------------------------------------------------------------*/
FoamFile
{
    version     2.0;
    format      ascii;
    class       vectorField;
    location    "constant/polyMesh";
    object      points;
}
// * * * * * * * * * * * * * * * * * * * * * * * * * * * * * * * * * * * * * //


208
(
(9.847487373 2.353553391 -0.05)
(8.682842712 2.353553391 -0.05)
(7.518198052 2.353553391 -0.05)
(6.353553391 2.353553391 -0.05)
(8.694558441 2.318198052 -0.05)
(7.531378246 2.318198052 -0.05)
(6.368198052 2.318198052 -0.05)
(8.70627417 2.282842712 -0.05)
(7.544558441 2.282842712 -0.05)
(6.382842712 2.282842712 -0.05)
(8.717989899 2.247487373 -0.05)
(7.557738636 2.247487373 -0.05)
(6.397487373 2.247487373 -0.05)
(8.729705627 2.212132034 -0.05)
(7.570918831 2.212132034 -0.05)
(6.412132034 2.212132034 -0.05)
(8.741421356 2.176776695 -0.05)
(7.584099026 2.176776695 -0.05)
(6.426776695 2.176776695 -0.05)
(8.753137085 2.141421356 -0.05)
(7.597279221 2.141421356 -0.05)
(6.441421356 2.141421356 -0.05)
(8.764852814 2.106066017 -0.05)
(7.610459415 2.106066017 -0.05)
(6.456066017 2.106066017 -0.05)
(8.776568542 2.070710678 -0.05)
(7.62363961 2.070710678 -0.05)
(6.470710678 2.070710678 -0.05)
(8.788284271 2.035355339 -0.05)
(7.636819805 2.035355339 -0.05)
(6.485355339 2.035355339 -0.05)
(8.8 2 -0.05)
(7.65 2 -0.05)
(6.5 2 -0.05)
(9.847487373 2.353553391 0.05)
(8.682842712 2.353553391 0.05)
(7.518198052 2.353553391 0.05)
(6.353553391 2.353553391 0.05)
(8.694558441 2.318198052 0.05)
(7.531378246 2.318198052 0.05)
(6.368198052 2.318198052 0.05)
(8.70627417 2.282842712 0.05)
(7.544558441 2.282842712 0.05)
(6.382842712 2.282842712 0.05)
(8.717989899 2.247487373 0.05)
(7.557738636 2.247487373 0.05)
(6.397487373 2.247487373 0.05)
(8.729705627 2.212132034 0.05)
(7.570918831 2.212132034 0.05)
(6.412132034 2.212132034 0.05)
(8.741421356 2.176776695 0.05)
(7.584099026 2.176776695 0.05)
(6.426776695 2.176776695 0.05)
(8.753137085 2.141421356 0.05)
(7.597279221 2.141421356 0.05)
(6.441421356 2.141421356 0.05)
(8.764852814 2.106066017 0.05)
(7.610459415 2.106066017 0.05)
(6.456066017 2.106066017 0.05)
(8.776568542 2.070710678 0.05)
(7.62363961 2.070710678 0.05)
(6.470710678 2.070710678 0.05)
(8.788284271 2.035355339 0.05)
(7.636819805 2.035355339 0.05)
(6.485355339 2.035355339 0.05)
(8.8 2 0.05)
(7.65 2 0.05)
(6.5 2 0.05)
(6 3.1 -0.05)
(6 2.95 -0.05)
(6 2.8 -0.05)
(6 2.65 -0.05)
(6 2.5 -0.05)
(6.035355339 3.091213203 -0.05)
(6.035355339 2.939748737 -0.05)
(6.035355339 2.788284271 -0.05)
(6.035355339 2.636819805 -0.05)
(6.035355339 2.485355339 -0.05)
(6.070710678 3.082426407 -0.05)
(6.070710678 2.929497475 -0.05)
(6.070710678 2.776568542 -0.05)
(6.070710678 2.62363961 -0.05)
(6.070710678 2.470710678 -0.05)
(6.106066017 3.07363961 -0.05)
(6.106066017 2.919246212 -0.05)
(6.106066017 2.764852814 -0.05)
(6.106066017 2.610459415 -0.05)
(6.106066017 2.456066017 -0.05)
(6.141421356 3.064852814 -0.05)
(6.141421356 2.908994949 -0.05)
(6.141421356 2.753137085 -0.05)
(6.141421356 2.597279221 -0.05)
(6.141421356 2.441421356 -0.05)
(6.176776695 3.056066017 -0.05)
(6.176776695 2.898743687 -0.05)
(6.176776695 2.741421356 -0.05)
(6.176776695 2.584099026 -0.05)
(6.176776695 2.426776695 -0.05)
(6.212132034 3.047279221 -0.05)
(6.212132034 2.888492424 -0.05)
(6.212132034 2.729705627 -0.05)
(6.212132034 2.570918831 -0.05)
(6.212132034 2.412132034 -0.05)
(6.247487373 3.038492424 -0.05)
(6.247487373 2.878241161 -0.05)
(6.247487373 2.717989899 -0.05)
(6.247487373 2.557738636 -0.05)
(6.247487373 2.397487373 -0.05)
(6.282842712 3.029705627 -0.05)
(6.282842712 2.867989899 -0.05)
(6.282842712 2.70627417 -0.05)
(6.282842712 2.544558441 -0.05)
(6.282842712 2.382842712 -0.05)
(6.318198052 3.020918831 -0.05)
(6.318198052 2.857738636 -0.05)
(6.318198052 2.694558441 -0.05)
(6.318198052 2.531378246 -0.05)
(6.318198052 2.368198052 -0.05)
(6.353553391 3.176776695 -0.05)
(6.353553391 3.012132034 -0.05)
(6.353553391 2.847487373 -0.05)
(6.353553391 2.682842712 -0.05)
(6.353553391 2.518198052 -0.05)
(6 3.1 0.05)
(6 2.95 0.05)
(6 2.8 0.05)
(6 2.65 0.05)
(6 2.5 0.05)
(6.035355339 3.091213203 0.05)
(6.035355339 2.939748737 0.05)
(6.035355339 2.788284271 0.05)
(6.035355339 2.636819805 0.05)
(6.035355339 2.485355339 0.05)
(6.070710678 3.082426407 0.05)
(6.070710678 2.929497475 0.05)
(6.070710678 2.776568542 0.05)
(6.070710678 2.62363961 0.05)
(6.070710678 2.470710678 0.05)
(6.106066017 3.07363961 0.05)
(6.106066017 2.919246212 0.05)
(6.106066017 2.764852814 0.05)
(6.106066017 2.610459415 0.05)
(6.106066017 2.456066017 0.05)
(6.141421356 3.064852814 0.05)
(6.141421356 2.908994949 0.05)
(6.141421356 2.753137085 0.05)
(6.141421356 2.597279221 0.05)
(6.141421356 2.441421356 0.05)
(6.176776695 3.056066017 0.05)
(6.176776695 2.898743687 0.05)
(6.176776695 2.741421356 0.05)
(6.176776695 2.584099026 0.05)
(6.176776695 2.426776695 0.05)
(6.212132034 3.047279221 0.05)
(6.212132034 2.888492424 0.05)
(6.212132034 2.729705627 0.05)
(6.212132034 2.570918831 0.05)
(6.212132034 2.412132034 0.05)
(6.247487373 3.038492424 0.05)
(6.247487373 2.878241161 0.05)
(6.247487373 2.717989899 0.05)
(6.247487373 2.557738636 0.05)
(6.247487373 2.397487373 0.05)
(6.282842712 3.029705627 0.05)
(6.282842712 2.867989899 0.05)
(6.282842712 2.70627417 0.05)
(6.282842712 2.544558441 0.05)
(6.282842712 2.382842712 0.05)
(6.318198052 3.020918831 0.05)
(6.318198052 2.857738636 0.05)
(6.318198052 2.694558441 0.05)
(6.318198052 2.531378246 0.05)
(6.318198052 2.368198052 0.05)
(6.353553391 3.176776695 0.05)
(6.353553391 3.012132034 0.05)
(6.353553391 2.847487373 0.05)
(6.353553391 2.682842712 0.05)
(6.353553391 2.518198052 0.05)
(9.847487373 3.176776695 -0.05)
(8.682842712 3.176776695 -0.05)
(7.518198052 3.176776695 -0.05)
(9.847487373 3.012132034 -0.05)
(8.682842712 3.012132034 -0.05)
(7.518198052 3.012132034 -0.05)
(9.847487373 2.847487373 -0.05)
(8.682842712 2.847487373 -0.05)
(7.518198052 2.847487373 -0.05)
(9.847487373 2.682842712 -0.05)
(8.682842712 2.682842712 -0.05)
(7.518198052 2.682842712 -0.05)
(9.847487373 2.518198052 -0.05)
(8.682842712 2.518198052 -0.05)
(7.518198052 2.518198052 -0.05)
(9.847487373 3.176776695 0.05)
(8.682842712 3.176776695 0.05)
(7.518198052 3.176776695 0.05)
(9.847487373 3.012132034 0.05)
(8.682842712 3.012132034 0.05)
(7.518198052 3.012132034 0.05)
(9.847487373 2.847487373 0.05)
(8.682842712 2.847487373 0.05)
(7.518198052 2.847487373 0.05)
(9.847487373 2.682842712 0.05)
(8.682842712 2.682842712 0.05)
(7.518198052 2.682842712 0.05)
(9.847487373 2.518198052 0.05)
(8.682842712 2.518198052 0.05)
(7.518198052 2.518198052 0.05)
)


// ************************************************************************* //
