/*--------------------------------*- C++ -*----------------------------------*\
  =========                 |
  \\      /  F ield         | OpenFOAM: The Open Source CFD Toolbox
   \\    /   O peration     | Website:  https://openfoam.org
    \\  /    A nd           | Version:  7
     \\/     M anipulation  |
\*---------------------------------------------------------------------------*/
FoamFile
{
    version     2.0;
    format      ascii;
    class       volVectorField;
    location    "96";
    object      U;
}
// * * * * * * * * * * * * * * * * * * * * * * * * * * * * * * * * * * * * * //

dimensions      [0 1 -1 0 0 0 0];

internalField   nonuniform List<vector> 
175
(
(-0.315039 -0.00105989 -5.08382e-19)
(-0.316074 -0.000930967 2.83894e-20)
(-0.316979 -0.000747665 9.50196e-19)
(-0.317714 -0.000529289 -1.31235e-18)
(-0.318244 -0.000289143 -1.82739e-19)
(-0.318546 -3.65269e-05 2.36139e-18)
(-0.318602 0.000220555 3.17409e-19)
(-0.318402 0.000481321 1.56001e-18)
(-0.317943 0.000743989 -2.7907e-18)
(-0.317224 0.00100932 1.15623e-18)
(-0.316248 0.0012786 1.03941e-18)
(-0.315023 0.0015535 -1.81923e-18)
(-0.315116 -0.000118508 -3.04341e-20)
(-0.315379 -0.00025082 2.32544e-19)
(-0.315771 -0.000562175 8.71053e-20)
(-0.316561 -0.000778311 3.56951e-19)
(-0.317458 -0.000905537 3.08879e-20)
(-0.318484 -0.000940438 2.1991e-19)
(-0.319501 -0.000889506 1.69102e-19)
(-0.320462 -0.000776376 2.25657e-19)
(-0.321297 -0.000617593 1.04333e-18)
(-0.321967 -0.000430331 1.80149e-19)
(-0.322433 -0.000226246 -1.07227e-18)
(-0.322672 -1.26316e-05 2.55245e-18)
(-0.322667 0.000202428 8.91924e-19)
(-0.322406 0.000420605 2.40616e-18)
(-0.321885 0.000640218 -2.01713e-18)
(-0.321104 0.0008627 2.05209e-18)
(-0.320065 0.00108988 1.44924e-18)
(-0.318775 0.00132386 -2.19236e-18)
(-0.319474 -9.68976e-05 -4.06794e-20)
(-0.319695 -0.000203892 1.3387e-19)
(-0.320041 -0.000466556 -1.5498e-20)
(-0.320759 -0.000646457 3.89959e-19)
(-0.321584 -0.000751787 4.89291e-19)
(-0.322538 -0.00077801 2.35644e-19)
(-0.323486 -0.000731686 8.49885e-19)
(-0.324381 -0.00063369 4.8882e-19)
(-0.325155 -0.000498787 1.28483e-18)
(-0.325766 -0.000342057 2.84012e-19)
(-0.326175 -0.00017343 -7.89796e-19)
(-0.326358 1.38446e-06 1.90634e-18)
(-0.326298 0.000174551 1.49042e-18)
(-0.325982 0.000349742 1.92069e-18)
(-0.325406 0.000526009 -1.30783e-19)
(-0.324569 0.000705384 1.72257e-18)
(-0.323473 0.00089023 1.9158e-18)
(-0.322126 0.00108309 -1.2265e-18)
(-0.323292 -7.84907e-05 -6.06272e-20)
(-0.32348 -0.000163116 5.22574e-20)
(-0.323787 -0.00037988 -1.27074e-19)
(-0.324445 -0.000525239 5.23862e-19)
(-0.325209 -0.000608853 4.4671e-19)
(-0.3261 -0.000626139 -4.47372e-19)
(-0.326988 -0.000583865 8.79342e-19)
(-0.327826 -0.000500421 7.90725e-19)
(-0.328546 -0.000388884 1.80035e-18)
(-0.329104 -0.000262293 3.20626e-19)
(-0.329463 -0.000128896 -6.50617e-19)
(-0.329598 6.2604e-06 1.79015e-18)
(-0.32949 0.000138576 2.28683e-18)
(-0.329125 0.000270837 1.75185e-18)
(-0.328501 0.000403682 1.65706e-18)
(-0.327614 0.000539808 1.87999e-18)
(-0.326469 0.000682138 2.60996e-18)
(-0.325071 0.000833662 -7.39321e-19)
(-0.326566 -6.26414e-05 -3.68972e-20)
(-0.326727 -0.000127367 -1.15663e-20)
(-0.327004 -0.00030068 -2.45464e-19)
(-0.327613 -0.000413086 3.40265e-19)
(-0.328325 -0.000475253 4.57734e-19)
(-0.329163 -0.000483487 -5.16287e-19)
(-0.33 -0.000444859 1.15854e-18)
(-0.33079 -0.0003755 1.18663e-18)
(-0.331463 -0.000286927 2.55959e-18)
(-0.331977 -0.000190176 3.17096e-19)
(-0.332293 -9.18201e-05 -6.1354e-19)
(-0.332386 4.69551e-06 2.10241e-18)
(-0.332236 9.54212e-05 1.90006e-18)
(-0.331831 0.000184794 1.86346e-18)
(-0.331164 0.000274197 3.67271e-18)
(-0.330235 0.000366984 2.27194e-18)
(-0.329047 0.000466658 1.84658e-18)
(-0.327606 0.000576672 -6.65242e-19)
(-0.329293 -4.87999e-05 -2.38058e-20)
(-0.329435 -9.56254e-05 1.07062e-19)
(-0.329687 -0.000227573 -9.81513e-20)
(-0.330256 -0.000308429 2.52503e-19)
(-0.330927 -0.000349444 4.55456e-19)
(-0.331723 -0.00034861 -7.23866e-19)
(-0.332517 -0.000313383 8.80486e-19)
(-0.333268 -0.000257674 8.26115e-19)
(-0.333902 -0.000191685 2.72884e-18)
(-0.33438 -0.000124515 9.74432e-20)
(-0.33466 -6.10854e-05 -6.75368e-19)
(-0.334718 -3.37402e-06 1.51576e-18)
(-0.334534 4.6579e-05 1.7998e-18)
(-0.334094 9.30139e-05 2.2857e-18)
(-0.333392 0.000138909 4.58286e-18)
(-0.332428 0.000188232 1.14948e-18)
(-0.331204 0.000245081 1.22324e-18)
(-0.329726 0.000313395 -9.5694e-19)
(-0.331473 -3.64908e-05 -1.42302e-20)
(-0.331599 -6.69549e-05 2.46367e-19)
(-0.331833 -0.000159245 1.55164e-20)
(-0.332372 -0.000209652 2.16717e-19)
(-0.33301 -0.000229733 5.29983e-19)
(-0.333773 -0.000219757 -3.52752e-19)
(-0.334535 -0.000187603 8.77254e-19)
(-0.335254 -0.000145302 6.53386e-19)
(-0.335859 -0.000101563 2.25498e-18)
(-0.336308 -6.37204e-05 -3.27818e-19)
(-0.33656 -3.54747e-05 -7.98072e-19)
(-0.336591 -1.72413e-05 1.3095e-18)
(-0.336379 -7.58553e-06 1.9378e-18)
(-0.335911 -3.91858e-06 3.1185e-18)
(-0.335182 -1.54639e-06 4.57082e-18)
(-0.33419 4.29e-06 1.64039e-18)
(-0.332937 1.83214e-05 2.59329e-18)
(-0.331429 4.49822e-05 -1.55703e-18)
(-0.333103 -2.53028e-05 -2.21141e-21)
(-0.333218 -4.04816e-05 2.53855e-19)
(-0.33344 -9.43327e-05 1.36847e-19)
(-0.333956 -0.00011516 2.33531e-19)
(-0.334572 -0.000114412 7.17901e-19)
(-0.335311 -9.50015e-05 -1.17968e-19)
(-0.33605 -6.48375e-05 1.08208e-18)
(-0.336746 -3.64505e-05 6.06456e-19)
(-0.33733 -1.53314e-05 2.13532e-18)
(-0.337757 -6.86334e-06 1.79514e-19)
(-0.337989 -1.27535e-05 2.96202e-19)
(-0.338 -3.47541e-05 1.51813e-18)
(-0.337768 -6.66916e-05 2.50288e-18)
(-0.33728 -0.000105909 2.90982e-18)
(-0.33653 -0.000147117 3.53553e-18)
(-0.335517 -0.000184805 2.18957e-18)
(-0.334242 -0.000213631 2.47849e-18)
(-0.332712 -0.000228698 -7.91304e-19)
(-0.334181 -1.48814e-05 1.45462e-20)
(-0.33429 -1.53255e-05 1.27078e-19)
(-0.334504 -3.11029e-05 2.78881e-19)
(-0.335007 -2.35697e-05 3.16162e-19)
(-0.335609 -2.56462e-06 1.01944e-18)
(-0.336334 2.56594e-05 1.01039e-19)
(-0.337059 5.27312e-05 1.52226e-18)
(-0.337742 6.77531e-05 6.40865e-19)
(-0.338311 6.65514e-05 2.39413e-18)
(-0.338726 4.58105e-05 5.69549e-19)
(-0.338945 6.04205e-06 1.44102e-18)
(-0.338943 -5.48742e-05 2.02978e-18)
(-0.338698 -0.000128878 1.93593e-18)
(-0.338197 -0.000211276 3.1759e-18)
(-0.337434 -0.000296155 3.04594e-18)
(-0.336407 -0.000377466 2.91944e-18)
(-0.335118 -0.000449304 2.64643e-18)
(-0.333573 -0.000506317 -4.23937e-19)
(-0.334708 -4.85989e-06 3.78284e-20)
(-0.334814 8.85736e-06 2.80927e-20)
(-0.335025 3.02781e-05 4.66289e-19)
(-0.335523 6.63491e-05 4.70589e-19)
(-0.33612 0.000107637 1.50338e-18)
(-0.336839 0.000144494 2.99899e-19)
(-0.337559 0.000167685 2.27483e-18)
(-0.338238 0.000170109 7.56007e-19)
(-0.338803 0.000147093 3.13716e-18)
(-0.339212 9.71606e-05 8.88125e-19)
(-0.339427 2.20194e-05 1.57319e-18)
(-0.33942 -7.62487e-05 2.92937e-18)
(-0.339169 -0.000191325 1.71148e-18)
(-0.338662 -0.000316544 4.02514e-18)
(-0.337893 -0.000444988 2.96732e-18)
(-0.336859 -0.000569934 4.07512e-18)
(-0.335563 -0.000684859 3.11962e-18)
(-0.334011 -0.00078392 -3.57918e-19)
(-0.334682 5.35848e-06 1.20927e-20)
)
;

boundaryField
{
    inlet
    {
        type            uniformFixedValue;
        uniformValue    constant (1 0 0);
        value           nonuniform 0();
    }
    outlet
    {
        type            pressureInletOutletVelocity;
        value           nonuniform List<vector> 10((-0.315116 0 0) (-0.319474 0 0) (-0.323292 0 0) (-0.326566 0 0) (-0.329293 0 0) (-0.331473 0 0) (-0.333103 0 0) (-0.334181 0 0) (-0.334708 0 0) (-0.334682 0 0));
    }
    polygon
    {
        type            fixedValue;
        value           nonuniform 0();
    }
    top
    {
        type            symmetryPlane;
    }
    bottom
    {
        type            symmetryPlane;
    }
    outside
    {
        type            zeroGradient;
    }
    procBoundary39to31
    {
        type            processor;
        value           nonuniform List<vector> 
19
(
(-0.334789 3.36404e-05 -5.72885e-20)
(-0.335002 9.24805e-05 4.59417e-19)
(-0.335503 0.000158497 7.14438e-19)
(-0.336103 0.000221277 1.67189e-18)
(-0.336827 0.000268086 4.80429e-19)
(-0.337551 0.00028919 2.66376e-18)
(-0.338233 0.000278952 9.36111e-19)
(-0.338802 0.000234026 3.34835e-18)
(-0.339215 0.000154713 1.18568e-18)
(-0.339432 4.37702e-05 1.99052e-18)
(-0.339427 -9.23548e-05 2.81518e-18)
(-0.339179 -0.00024787 1.71028e-18)
(-0.338673 -0.000415791 3.99018e-18)
(-0.337905 -0.000587932 3.22575e-18)
(-0.336872 -0.000756781 4.13528e-18)
(-0.335576 -0.000915143 1.98352e-18)
(-0.334024 -0.00105665 -6.23877e-19)
(-0.334789 3.36404e-05 -5.72885e-20)
(-0.334104 1.54729e-05 -8.37876e-21)
)
;
    }
    procBoundary39to38
    {
        type            processor;
        value           nonuniform List<vector> 10((-0.313556 0.00183587 -2.38372e-18) (-0.317243 0.00156681 -2.03117e-18) (-0.320536 0.00128644 -1.96875e-18) (-0.323429 0.000997183 -2.2839e-18) (-0.325919 0.000700172 -1.05084e-18) (-0.328002 0.000396698 -1.88735e-18) (-0.329675 8.82024e-05 -9.82681e-19) (-0.330935 -0.000225723 -1.71261e-19) (-0.33178 -0.000543887 -1.3778e-18) (-0.33221 -0.000862102 -9.15705e-19));
    }
    procBoundary39to47
    {
        type            processor;
        value           nonuniform List<vector> 
19
(
(-0.310221 -0.000144137 -2.29961e-20)
(-0.310535 -0.00030573 2.00184e-19)
(-0.310983 -0.000668892 -1.10946e-19)
(-0.311856 -0.00092343 -6.37217e-20)
(-0.312836 -0.00107271 1.2322e-19)
(-0.313944 -0.00111605 -4.22205e-19)
(-0.313944 -0.00111605 -4.22205e-19)
(-0.310483 -0.00123378 -3.99417e-19)
(-0.311592 -0.00108975 -8.24897e-20)
(-0.312567 -0.000883233 1.09393e-18)
(-0.31337 -0.000635583 -1.82438e-18)
(-0.313964 -0.000361454 -4.59843e-19)
(-0.314328 -7.08806e-05 1.33911e-18)
(-0.314446 0.000223976 -3.54176e-19)
(-0.314308 0.000523632 9.72098e-19)
(-0.313911 0.000825996 -2.51232e-18)
(-0.313254 0.00113097 7.1896e-19)
(-0.312343 0.00143929 7.17951e-19)
(-0.311182 0.00175223 -1.93564e-18)
)
;
    }
}


// ************************************************************************* //
