/*--------------------------------*- C++ -*----------------------------------*\
  =========                 |
  \\      /  F ield         | OpenFOAM: The Open Source CFD Toolbox
   \\    /   O peration     | Website:  https://openfoam.org
    \\  /    A nd           | Version:  7
     \\/     M anipulation  |
\*---------------------------------------------------------------------------*/
FoamFile
{
    version     2.0;
    format      ascii;
    class       volVectorField;
    location    "30";
    object      U;
}
// * * * * * * * * * * * * * * * * * * * * * * * * * * * * * * * * * * * * * //

dimensions      [0 1 -1 0 0 0 0];

internalField   nonuniform List<vector> 
115
(
(0.754383 -0.115318 1.57387e-19)
(0.684559 -0.114675 -2.47214e-18)
(0.668692 -0.113443 -4.26788e-18)
(0.616006 -0.116038 5.53556e-18)
(0.587037 -0.116342 1.81201e-17)
(0.541716 -0.120042 -6.99268e-18)
(0.505252 -0.12221 -9.51738e-19)
(0.46172 -0.126532 7.35132e-19)
(0.420429 -0.130245 4.2643e-18)
(0.375695 -0.135149 2.4727e-17)
(0.330507 -0.139973 1.74157e-17)
(0.283033 -0.145378 3.92296e-20)
(0.234082 -0.150808 -4.85189e-18)
(0.183137 -0.156372 1.31044e-17)
(0.13041 -0.161755 -3.626e-18)
(0.0758043 -0.166797 -1.41241e-17)
(0.0195252 -0.171229 9.18017e-18)
(0.753971 -0.102922 -1.59365e-18)
(0.683054 -0.102071 -7.82651e-18)
(0.667196 -0.101204 -8.60025e-18)
(0.613643 -0.103294 1.1645e-18)
(0.584509 -0.103683 1.9249e-17)
(0.538519 -0.106866 -4.35595e-18)
(0.501735 -0.108839 2.13327e-18)
(0.457634 -0.112634 4.99949e-18)
(0.551756 -0.269186 1.41908e-20)
(0.51986 -0.277145 2.02694e-19)
(0.489063 -0.285645 2.35001e-18)
(0.456464 -0.295329 7.02529e-18)
(0.423581 -0.305643 1.98312e-17)
(0.389497 -0.31675 2.1926e-18)
(0.354603 -0.32831 1.51584e-17)
(0.318613 -0.340196 -2.96551e-18)
(0.281598 -0.352045 -6.32477e-19)
(0.243466 -0.36347 -8.36061e-20)
(0.741647 -0.229318 1.70948e-18)
(0.688408 -0.228247 2.18038e-18)
(0.674048 -0.229103 3.07768e-18)
(0.633795 -0.232287 1.00682e-18)
(0.6092 -0.235572 2.8861e-18)
(0.573916 -0.241162 -1.63673e-18)
(0.54402 -0.246927 5.12259e-19)
(0.509739 -0.254358 9.35775e-19)
(0.476661 -0.262258 2.35693e-18)
(0.441471 -0.271303 4.39151e-18)
(0.405876 -0.280916 7.31563e-18)
(0.368817 -0.291274 1.36587e-18)
(0.330723 -0.302031 5.4385e-18)
(0.291258 -0.313071 -1.38231e-18)
(0.250492 -0.324038 -2.63462e-19)
(0.208321 -0.334559 4.68349e-20)
(0.746435 -0.207934 4.32361e-18)
(0.689235 -0.20657 4.40842e-18)
(0.674319 -0.207158 1.0741e-17)
(0.63115 -0.210012 3.68438e-18)
(0.605297 -0.212833 1.34935e-17)
(0.567605 -0.217975 -2.58106e-18)
(0.535946 -0.223147 1.21111e-18)
(0.499364 -0.229978 2.19751e-18)
(0.464123 -0.237165 3.64192e-18)
(0.426473 -0.245456 8.79388e-18)
(0.38833 -0.254227 2.41515e-17)
(0.348495 -0.263684 3.41042e-18)
(0.307445 -0.273473 2.1211e-17)
(0.264803 -0.283495 -2.3595e-18)
(0.220649 -0.293404 -1.08112e-19)
(0.174882 -0.302853 -1.85527e-19)
(0.750288 -0.185026 7.77336e-19)
(0.689261 -0.183557 6.15532e-18)
(0.673871 -0.183819 -3.08943e-18)
(0.627877 -0.186432 1.20386e-17)
(0.600886 -0.188717 -6.86454e-18)
(0.560881 -0.19342 1.84537e-17)
(0.527597 -0.197912 4.20563e-18)
(0.48884 -0.204094 2.25186e-17)
(0.451597 -0.210464 6.62518e-18)
(0.411663 -0.21791 2.7957e-17)
(0.371183 -0.225719 1.22867e-17)
(0.328818 -0.234155 2.50065e-17)
(0.285102 -0.242847 1.01749e-17)
(0.239627 -0.251722 1.8673e-17)
(0.192495 -0.260448 2.53918e-18)
(0.143612 -0.268711 1.44284e-17)
(0.753006 -0.160636 9.21499e-19)
(0.688377 -0.159346 1.43878e-18)
(0.672627 -0.159129 -6.02008e-19)
(0.623957 -0.161675 5.54707e-19)
(0.595988 -0.163297 -9.26381e-18)
(0.553812 -0.167622 -1.99378e-17)
(0.519082 -0.171325 -2.25248e-17)
(0.478318 -0.176841 -1.86039e-17)
(0.439281 -0.182292 -2.13156e-17)
(0.397278 -0.188826 -8.81667e-18)
(0.354716 -0.19557 8.94259e-18)
(0.310101 -0.202898 8.34067e-18)
(0.264047 -0.210396 -4.95068e-19)
(0.216112 -0.218039 -1.8837e-17)
(0.166431 -0.225508 -2.03561e-17)
(0.114923 -0.232537 -1.28862e-17)
(0.754429 -0.134893 4.06035e-18)
(0.686534 -0.134195 3.26745e-18)
(0.670617 -0.133133 1.00952e-17)
(0.619472 -0.136002 2.82563e-18)
(0.590766 -0.136661 1.14477e-17)
(0.546623 -0.140819 -1.06054e-17)
(0.510705 -0.143522 -6.25562e-18)
(0.468169 -0.14844 -5.11632e-18)
(0.427617 -0.152814 -2.67449e-18)
(0.383827 -0.158412 8.71872e-18)
(0.339503 -0.163963 2.9168e-17)
(0.292978 -0.170103 5.47899e-18)
(0.244961 -0.176282 2.17169e-17)
(0.194976 -0.182575 -7.35373e-18)
(0.143198 -0.188643 -8.2109e-18)
(0.0895547 -0.194283 -6.34715e-18)
)
;

boundaryField
{
    inlet
    {
        type            uniformFixedValue;
        uniformValue    constant (1 0 0);
        value           nonuniform 0();
    }
    outlet
    {
        type            pressureInletOutletVelocity;
        value           nonuniform List<vector> 7((0.754383 -0.115318 1.57387e-19) (0.753971 -0.102922 -1.59365e-18) (0.741647 -0.229318 1.70948e-18) (0.746435 -0.207934 4.32361e-18) (0.750288 -0.185026 7.77336e-19) (0.753006 -0.160636 9.21499e-19) (0.754429 -0.134893 4.06035e-18));
    }
    polygon
    {
        type            fixedValue;
        value           nonuniform 0();
    }
    top
    {
        type            symmetryPlane;
    }
    bottom
    {
        type            symmetryPlane;
    }
    outside
    {
        type            zeroGradient;
    }
    procBoundary47to39
    {
        type            processor;
        value           nonuniform List<vector> 
18
(
(0.753177 -0.0894558 -9.95766e-19)
(0.681213 -0.0884142 -7.05788e-18)
(0.66532 -0.0879902 -7.84991e-18)
(0.610972 -0.0895216 4.78991e-18)
(0.581637 -0.0900489 1.21134e-17)
(0.535024 -0.0926561 8.8057e-19)
(0.497905 -0.0944466 5.69419e-18)
(0.453261 -0.0976574 1.59889e-17)
(0.415915 -0.115948 4.13137e-18)
(0.370639 -0.120285 1.50405e-17)
(0.324956 -0.124573 2.67299e-17)
(0.276942 -0.129365 -2.78141e-18)
(0.227467 -0.134179 -7.99257e-19)
(0.175985 -0.139102 1.03492e-17)
(0.12273 -0.143864 1.23387e-18)
(0.0676006 -0.148323 -6.91767e-18)
(0.0108188 -0.152207 7.67013e-18)
(0.415915 -0.115948 4.13137e-18)
)
;
    }
    procBoundary47to46
    {
        type            processor;
        value           nonuniform List<vector> 8((-0.0381146 -0.174651 6.2615e-18) (0.0342119 -0.199179 -2.9092e-18) (0.204231 -0.373847 7.05708e-20) (0.164773 -0.34405 1.89555e-19) (0.127551 -0.311307 7.85859e-19) (0.0930588 -0.276036 1.30556e-18) (0.0617063 -0.238718 -1.17758e-17) (0.0342119 -0.199179 -2.9092e-18));
    }
    procBoundary47to55
    {
        type            processor;
        value           nonuniform List<vector> 
17
(
(0.559103 -0.289879 -2.16204e-18)
(0.529634 -0.298278 -1.46095e-18)
(0.501192 -0.307258 6.23832e-20)
(0.471266 -0.317443 2.76088e-18)
(0.441208 -0.328296 5.2815e-18)
(0.410243 -0.339975 6.42569e-19)
(0.378734 -0.352138 1.71948e-18)
(0.346455 -0.364655 -3.14961e-18)
(0.313489 -0.377159 -1.50059e-18)
(0.279771 -0.389258 -2.09175e-19)
(0.736128 -0.249155 3.42351e-18)
(0.686899 -0.248522 3.30915e-18)
(0.673162 -0.249622 8.74383e-18)
(0.635863 -0.253189 2.10398e-18)
(0.612617 -0.256885 1.06849e-17)
(0.579793 -0.262909 -3.81428e-18)
(0.579793 -0.262909 -3.81428e-18)
)
;
    }
}


// ************************************************************************* //
