/*--------------------------------*- C++ -*----------------------------------*\
  =========                 |
  \\      /  F ield         | OpenFOAM: The Open Source CFD Toolbox
   \\    /   O peration     | Website:  https://openfoam.org
    \\  /    A nd           | Version:  7
     \\/     M anipulation  |
\*---------------------------------------------------------------------------*/
FoamFile
{
    version     2.0;
    format      ascii;
    class       volVectorField;
    location    "90";
    object      U;
}
// * * * * * * * * * * * * * * * * * * * * * * * * * * * * * * * * * * * * * //

dimensions      [0 1 -1 0 0 0 0];

internalField   nonuniform List<vector> 
175
(
(-0.181649 0.00703405 1.16053e-17)
(-0.176578 0.00859545 7.98932e-18)
(-0.170236 0.0104614 6.53529e-18)
(-0.163409 0.0129682 4.01945e-18)
(-0.154197 0.016024 -2.32838e-18)
(-0.14501 0.0199801 -1.35832e-19)
(-0.131088 0.0254691 4.11028e-18)
(-0.118484 0.0309873 3.75518e-18)
(-0.0975371 0.0413727 -5.53795e-18)
(-0.0776043 0.0453855 -2.79706e-18)
(-0.0504926 0.055502 -1.50406e-18)
(-0.0121653 0.0385991 -1.59046e-18)
(-0.186727 0.00621588 1.30114e-17)
(-0.181719 0.00762457 8.14522e-18)
(-0.175374 0.00931385 7.95814e-18)
(-0.168516 0.0115867 3.19731e-18)
(-0.159142 0.0143743 -2.21794e-18)
(-0.149706 0.0179718 9.23165e-20)
(-0.135328 0.0230125 4.77787e-18)
(-0.121929 0.0280537 5.45511e-18)
(-0.100072 0.037545 -7.10533e-18)
(-0.0783417 0.0413403 -2.14288e-18)
(-0.0497787 0.0500125 -1.13334e-18)
(-0.0116594 0.0346415 -1.90978e-18)
(-0.191205 0.00539798 1.21158e-17)
(-0.186251 0.00664776 8.98868e-18)
(-0.179904 0.0081533 5.65865e-18)
(-0.173015 0.0101808 2.33587e-18)
(-0.163498 0.0126846 -2.67047e-18)
(-0.153833 0.0159003 4.76473e-19)
(-0.13906 0.0204529 6.35323e-18)
(-0.124941 0.0249737 3.55814e-18)
(-0.102293 0.0335038 -5.58248e-18)
(-0.0790045 0.0370135 -1.68545e-18)
(-0.0491238 0.044374 -1.01285e-18)
(-0.0112093 0.0307564 -2.5373e-18)
(-0.195096 0.00459336 8.85556e-18)
(-0.190188 0.00567893 6.61406e-18)
(-0.183839 0.00699298 4.13915e-18)
(-0.176922 0.00876481 1.8116e-18)
(-0.167282 0.0109669 -4.05785e-18)
(-0.157413 0.0137816 1.11618e-18)
(-0.142303 0.0178059 9.19501e-18)
(-0.127545 0.0217729 2.019e-18)
(-0.104216 0.0292873 -7.4872e-19)
(-0.0795879 0.0324648 -1.34015e-18)
(-0.0485191 0.0386908 -1.04138e-18)
(-0.0107972 0.0269939 -3.73053e-18)
(-0.198411 0.00380202 7.37328e-18)
(-0.193543 0.00471996 4.88665e-18)
(-0.187192 0.00583742 3.21438e-18)
(-0.180251 0.00734645 1.4538e-18)
(-0.170507 0.00923387 -6.25151e-18)
(-0.160461 0.0116352 2.08272e-18)
(-0.145068 0.0151 8.90874e-18)
(-0.129758 0.018491 4.83092e-19)
(-0.105853 0.0249415 -7.27906e-19)
(-0.080092 0.0277393 -1.1938e-18)
(-0.047976 0.0329267 -1.08026e-18)
(-0.0104253 0.023166 -5.91996e-18)
(-0.201161 0.00302159 7.62844e-18)
(-0.196325 0.00376939 3.95549e-18)
(-0.189973 0.00468651 2.49502e-18)
(-0.183012 0.00592759 1.28328e-18)
(-0.173183 0.00749054 -9.87584e-18)
(-0.162989 0.00946934 3.86962e-18)
(-0.147365 0.0123496 1.01521e-17)
(-0.131592 0.0151478 -1.5155e-18)
(-0.107212 0.0204936 -8.83362e-19)
(-0.080518 0.0228653 -1.12544e-18)
(-0.0475074 0.0270729 -1.10636e-18)
(-0.0101001 0.0192337 -5.0546e-18)
(-0.203352 0.00225078 4.71525e-18)
(-0.198543 0.00282657 3.00061e-18)
(-0.192189 0.00354043 1.93349e-18)
(-0.185213 0.00450983 1.07562e-18)
(-0.175317 0.00574052 -1.06535e-17)
(-0.165005 0.00729055 2.05916e-18)
(-0.1492 0.00956554 8.82825e-18)
(-0.133057 0.0117588 -4.16649e-18)
(-0.108299 0.0159669 -1.05739e-18)
(-0.0808653 0.0178714 -1.38006e-18)
(-0.0471217 0.0211414 -1.02121e-18)
(-0.00982736 0.015197 -5.26189e-18)
(-0.20499 0.00148912 2.91464e-18)
(-0.200201 0.00189161 2.54028e-18)
(-0.193846 0.00240001 1.87055e-18)
(-0.186859 0.00309541 9.01804e-19)
(-0.176914 0.00398855 -8.68541e-18)
(-0.166515 0.00510643 1.29711e-18)
(-0.150576 0.00676096 4.35353e-18)
(-0.134155 0.00834236 -3.46833e-18)
(-0.109117 0.0113882 -1.37432e-18)
(-0.0811311 0.0127914 -1.87474e-18)
(-0.0468247 0.015149 -9.99187e-19)
(-0.00961282 0.011049 -6.83557e-18)
(-0.20608 0.000735951 1.49028e-18)
(-0.201303 0.000964177 2.45183e-18)
(-0.194948 0.00126547 2.09668e-18)
(-0.187954 0.00168582 7.59322e-19)
(-0.177977 0.00223824 -3.92906e-18)
(-0.167521 0.00292323 1.16367e-18)
(-0.151493 0.00394852 5.48448e-18)
(-0.134889 0.00491573 -3.54346e-18)
(-0.109665 0.00678259 -1.62479e-18)
(-0.0813113 0.00765705 -2.73745e-18)
(-0.046621 0.00910654 -1.03831e-18)
(-0.00946271 0.00676709 -5.74679e-18)
(-0.201852 4.02198e-05 2.68347e-18)
(-0.195496 0.000134523 2.45216e-18)
(-0.188498 0.000279485 7.37931e-19)
(-0.178504 0.000484845 9.33626e-20)
(-0.16802 0.000736474 1.58338e-18)
(-0.151949 0.00111865 7.55019e-18)
(-0.135253 0.00147075 -4.62043e-18)
(-0.109938 0.0021356 -2.07031e-18)
(-0.081401 0.00245753 5.33244e-19)
(-0.0465154 0.00297626 3.16709e-18)
(-0.00938399 0.00227703 -2.01715e-18)
(-0.121683 0.0240714 3.59114e-18)
(-0.113978 0.0296877 2.01844e-18)
(-0.103007 0.0367986 -9.31789e-19)
(-0.0953514 0.044649 5.22891e-18)
(-0.0804636 0.0572121 -2.68283e-19)
(-0.0728157 0.0615208 4.66181e-19)
(-0.0532245 0.0745415 4.14753e-19)
(-0.0160997 0.0386643 1.94e-18)
(-0.156391 0.010394 1.06991e-17)
(-0.150942 0.0125347 7.92482e-18)
(-0.144527 0.0150789 2.53712e-18)
(-0.137783 0.0184625 5.9236e-18)
(-0.129308 0.0225017 4.46881e-18)
(-0.121266 0.0278331 -8.92637e-19)
(-0.109622 0.0347257 2.4984e-19)
(-0.100844 0.0421842 2.64968e-18)
(-0.0845567 0.0545879 7.04358e-19)
(-0.0740422 0.0588694 -2.56233e-18)
(-0.0529638 0.0713926 1.503e-19)
(-0.0148919 0.0390511 1.33992e-18)
(-0.163514 0.00951984 1.16255e-17)
(-0.158175 0.0115241 8.69134e-18)
(-0.151788 0.0139108 4.08972e-18)
(-0.145023 0.0170928 6.54918e-18)
(-0.136351 0.0209171 5.93299e-18)
(-0.127988 0.0259366 -1.83618e-18)
(-0.115709 0.0325613 1.27516e-18)
(-0.105861 0.0395794 3.05123e-18)
(-0.0882618 0.0516944 1.68732e-18)
(-0.0750649 0.0559441 -3.6675e-18)
(-0.0525131 0.067975 2.05293e-19)
(-0.0140184 0.0394251 8.53161e-19)
(-0.170088 0.00866811 1.20581e-17)
(-0.164849 0.0105304 8.27862e-18)
(-0.158485 0.0127526 3.92365e-18)
(-0.151699 0.0157205 5.81465e-18)
(-0.142838 0.0193121 3.51521e-18)
(-0.134176 0.0239926 -9.54067e-19)
(-0.121304 0.0303046 2.4776e-18)
(-0.110453 0.0368311 1.62296e-18)
(-0.0916366 0.0485422 2.74672e-18)
(-0.0759601 0.0527366 -3.33003e-18)
(-0.0519216 0.0642938 1.87034e-19)
(-0.0133317 0.0399129 8.52388e-19)
(-0.176128 0.00782552 1.20815e-17)
(-0.170982 0.00953871 8.72775e-18)
(-0.164635 0.0115866 6.17322e-18)
(-0.15783 0.0143256 5.75166e-18)
(-0.148791 0.0176602 1.80611e-18)
(-0.139854 0.0219745 -5.42593e-19)
(-0.126435 0.0279098 4.14675e-18)
(-0.114659 0.0339083 2.59699e-18)
(-0.0947254 0.0450586 -4.56491e-19)
(-0.0767892 0.0491745 -3.79991e-18)
(-0.0512187 0.0601746 -1.77752e-18)
(-0.0127223 0.0401935 -1.34676e-18)
)
;

boundaryField
{
    inlet
    {
        type            uniformFixedValue;
        uniformValue    constant (1 0 0);
        value           nonuniform 0();
    }
    outlet
    {
        type            pressureInletOutletVelocity;
        value           nonuniform 0();
    }
    polygon
    {
        type            fixedValue;
        value           uniform (0 0 0);
    }
    top
    {
        type            symmetryPlane;
    }
    bottom
    {
        type            symmetryPlane;
    }
    outside
    {
        type            zeroGradient;
    }
    procBoundary34to26
    {
        type            processor;
        value           nonuniform List<vector> 
11
(
(-0.201846 -0.000847877 3.45476e-18)
(-0.195489 -0.000964027 2.99468e-18)
(-0.188491 -0.00109197 5.66918e-19)
(-0.178496 -0.00124727 4.06667e-18)
(-0.168012 -0.00142163 2.25353e-18)
(-0.151941 -0.00170766 1.1066e-17)
(-0.135246 -0.00195486 -2.59114e-18)
(-0.109931 -0.00251447 -2.68074e-18)
(-0.081396 -0.0027401 3.77862e-18)
(-0.0465127 -0.00315733 3.92748e-18)
(-0.00938333 -0.0023302 1.14103e-18)
)
;
    }
    procBoundary34to35
    {
        type            processor;
        value           nonuniform List<vector> 
11
(
(-0.186181 0.00584908 7.08932e-18)
(-0.191182 0.00515149 5.16716e-18)
(-0.195592 0.00445842 3.98988e-18)
(-0.199425 0.00378218 3.51998e-18)
(-0.202691 0.00312118 -9.53386e-19)
(-0.2054 0.00247256 -1.47657e-18)
(-0.207558 0.00183467 -2.42417e-18)
(-0.209173 0.00120667 9.07913e-19)
(-0.210246 0.000587936 4.51644e-18)
(-0.206622 -1.44968e-05 3.76116e-19)
(-0.206622 -1.44968e-05 3.76116e-19)
)
;
    }
    procBoundary34to42
    {
        type            processor;
        value           nonuniform List<vector> 
13
(
(-0.113446 0.0256202 2.88093e-18)
(-0.106088 0.0314908 2.9126e-18)
(-0.0958183 0.0387638 -2.48028e-18)
(-0.0893234 0.0469534 6.5156e-18)
(-0.0759075 0.059532 -1.52252e-18)
(-0.0712877 0.0638788 1.55344e-18)
(-0.0532311 0.0773781 -1.73067e-18)
(-0.0178586 0.0382479 2.76138e-18)
(-0.148701 0.0112966 9.00286e-18)
(-0.143132 0.0135687 8.05394e-18)
(-0.136679 0.0162629 6.9648e-19)
(-0.129955 0.0198357 3.50807e-18)
(-0.129955 0.0198357 3.50807e-18)
)
;
    }
    procBoundary34to43
    {
        type            processor;
        value           nonuniform List<vector> 4((-0.161382 0.00873722 4.45843e-18) (-0.16837 0.00797598 5.51442e-18) (-0.174821 0.00724014 5.34087e-18) (-0.180751 0.00651784 5.76351e-18));
    }
}


// ************************************************************************* //
