/*--------------------------------*- C++ -*----------------------------------*\
  =========                 |
  \\      /  F ield         | OpenFOAM: The Open Source CFD Toolbox
   \\    /   O peration     | Website:  https://openfoam.org
    \\  /    A nd           | Version:  7
     \\/     M anipulation  |
\*---------------------------------------------------------------------------*/
FoamFile
{
    version     2.0;
    format      ascii;
    class       volVectorField;
    location    "98";
    object      U;
}
// * * * * * * * * * * * * * * * * * * * * * * * * * * * * * * * * * * * * * //

dimensions      [0 1 -1 0 0 0 0];

internalField   nonuniform List<vector> 
125
(
(0.952732 -0.0219024 1.092e-18)
(0.957205 -0.0188498 2.69782e-19)
(0.961777 -0.0155923 9.5215e-19)
(0.966429 -0.0120999 9.48655e-19)
(0.971072 -0.00831366 2.1896e-18)
(0.975619 -0.00410113 5.15883e-19)
(0.98019 0.000774384 2.0031e-18)
(0.98532 0.00648483 5.5131e-19)
(0.991297 0.0126529 1.03967e-18)
(0.998028 0.0188974 9.07171e-19)
(1.00539 0.0250773 9.66098e-19)
(1.01324 0.031148 9.86273e-19)
(1.02151 0.0371179 1.01731e-18)
(1.03013 0.043011 1.03265e-18)
(1.03907 0.0488462 1.06192e-18)
(1.04832 0.054641 1.08024e-18)
(1.05784 0.0604044 1.13522e-18)
(0.925895 -0.0265823 4.37626e-19)
(0.928965 -0.0236842 6.67592e-19)
(0.932078 -0.0205933 2.22548e-18)
(0.93523 -0.0172888 -6.53928e-19)
(0.938399 -0.0137195 7.11707e-19)
(0.941658 -0.00975425 8.15411e-19)
(0.945268 -0.00518642 1.86307e-18)
(0.949509 3.13635e-05 3.75228e-18)
(0.95428 0.00547032 3.02342e-18)
(0.959556 0.0110888 3.26657e-18)
(0.965396 0.016743 3.1967e-18)
(0.971759 0.0223995 3.27928e-18)
(0.978619 0.0280161 3.27033e-18)
(0.985937 0.0335965 3.32641e-18)
(0.993692 0.0391411 3.4288e-18)
(1.00187 0.0446623 3.40708e-18)
(1.01045 0.0501666 3.50627e-18)
(0.876127 -0.0273298 -1.36518e-18)
(0.877396 -0.0243397 -2.84036e-18)
(0.878729 -0.0211461 -1.33952e-19)
(0.880144 -0.0177216 -2.14556e-18)
(0.881652 -0.0140099 -2.59283e-18)
(0.883313 -0.00992284 -3.39241e-19)
(0.885235 -0.00540968 -1.62916e-18)
(0.887549 -0.000590627 1.55364e-18)
(0.890499 0.0043739 3.93438e-19)
(0.894228 0.0095309 7.90689e-19)
(0.898624 0.0147221 5.9663e-19)
(0.903643 0.0199317 6.98174e-19)
(0.909251 0.0251218 5.94352e-19)
(0.915435 0.030295 6.93472e-19)
(0.922191 0.0354475 7.17349e-19)
(0.929513 0.0405869 6.1466e-19)
(0.9374 0.0457171 6.35799e-19)
(0.808937 -0.027762 -1.10888e-18)
(0.808411 -0.0248961 -1.62929e-18)
(0.807986 -0.0218712 -1.76185e-18)
(0.807697 -0.0186692 -4.51976e-18)
(0.807584 -0.0152513 -1.36279e-18)
(0.807742 -0.0115611 -3.32342e-18)
(0.808328 -0.00755015 3.2458e-19)
(0.80951 -0.00320147 2.7516e-19)
(0.811338 0.00147378 8.21857e-20)
(0.813779 0.00625855 2.49674e-19)
(0.816877 0.0111002 2.01907e-19)
(0.820687 0.0159398 1.72822e-19)
(0.825212 0.0207492 1.08558e-19)
(0.830445 0.0255258 2.42557e-19)
(0.836379 0.0302725 1.47808e-19)
(0.843011 0.0349984 1.07923e-19)
(0.850338 0.0397108 1.44844e-19)
(0.73069 -0.0267497 -1.97636e-18)
(0.728711 -0.0239315 -3.81407e-18)
(0.726899 -0.0209663 -3.63752e-19)
(0.7253 -0.0178347 -2.56921e-18)
(0.723967 -0.014503 -3.96849e-18)
(0.722983 -0.0109355 -1.00119e-18)
(0.722445 -0.00712678 -3.23508e-18)
(0.722446 -0.00313692 1.01796e-18)
(0.723082 0.000942144 -1.32424e-19)
(0.724474 0.00508645 1.88734e-19)
(0.726644 0.00927609 1.2208e-19)
(0.729552 0.0134902 1.54857e-19)
(0.733207 0.0177099 1.03888e-19)
(0.73762 0.0219198 1.56559e-19)
(0.742798 0.0261134 8.60315e-20)
(0.748742 0.0302931 1.00165e-19)
(0.755458 0.0344642 5.09938e-20)
(0.646509 -0.0248495 -3.04298e-18)
(0.643422 -0.0221625 7.87845e-20)
(0.640551 -0.0193693 8.30372e-20)
(0.637943 -0.0164594 -1.44867e-19)
(0.635654 -0.0134145 2.89438e-19)
(0.633759 -0.0102172 1.98787e-19)
(0.632354 -0.00686285 4.65819e-19)
(0.631544 -0.00336037 3.57345e-19)
(0.631404 0.000280406 4.05201e-19)
(0.631946 0.00401435 3.74779e-19)
(0.6332 0.00775147 3.76916e-19)
(0.635225 0.0114662 4.68288e-19)
(0.63803 0.0151559 4.50425e-19)
(0.641613 0.0188198 4.70121e-19)
(0.645981 0.0224592 4.62154e-19)
(0.65114 0.0260794 3.83996e-19)
(0.657095 0.0296873 3.93668e-19)
(0.560357 -0.0222769 7.51386e-19)
(0.556496 -0.0197435 6.38971e-19)
(0.552884 -0.0171344 1.43205e-18)
(0.549568 -0.0144409 1.80385e-18)
(0.5466 -0.0116489 5.32866e-18)
(0.544048 -0.00874642 1.42516e-18)
(0.541986 -0.00573209 5.8013e-18)
(0.540487 -0.00262551 9.76226e-19)
(0.539607 0.000529106 1.71023e-18)
(0.539405 0.00368472 1.62595e-18)
(0.539917 0.00686397 1.67411e-18)
(0.541154 0.010038 1.69333e-18)
(0.543135 0.0131855 1.78629e-18)
(0.545872 0.0163004 1.81085e-18)
(0.549376 0.0193844 1.84945e-18)
(0.553655 0.0224432 1.76369e-18)
(0.558718 0.0254847 1.84496e-18)
(0.475067 -0.0192521 1.13285e-18)
(0.47072 -0.0168886 1.81616e-18)
(0.466635 -0.0144793 5.23405e-18)
(0.462856 -0.0120198 6.64081e-19)
(0.459428 -0.00950328 2.47892e-18)
(0.456408 -0.00692557 1.65638e-18)
)
;

boundaryField
{
    inlet
    {
        type            uniformFixedValue;
        uniformValue    constant (1 0 0);
        value           nonuniform 0();
    }
    outlet
    {
        type            pressureInletOutletVelocity;
        value           nonuniform 0();
    }
    polygon
    {
        type            fixedValue;
        value           nonuniform 0();
    }
    top
    {
        type            symmetryPlane;
    }
    bottom
    {
        type            symmetryPlane;
    }
    outside
    {
        type            zeroGradient;
    }
    procBoundary62to54
    {
        type            processor;
        value           nonuniform List<vector> 
18
(
(0.453859 -0.00428921 4.43942e-18)
(0.45184 -0.00160623 7.33605e-18)
(0.450397 0.00110265 7.16891e-18)
(0.449576 0.00382034 7.29738e-18)
(0.44941 0.00651771 7.32011e-18)
(0.449922 0.00918406 7.34407e-18)
(0.451127 0.0118128 7.3491e-18)
(0.453041 0.0144015 7.37808e-18)
(0.455673 0.0169522 7.47967e-18)
(0.459036 0.0194709 7.37113e-18)
(0.463141 0.0219654 7.5078e-18)
(0.392529 -0.0159732 1.77515e-18)
(0.387946 -0.0137846 1.05233e-18)
(0.383624 -0.0115764 2.312e-18)
(0.3796 -0.009347 1.74522e-18)
(0.375914 -0.00709346 6.25749e-18)
(0.453859 -0.00428921 4.43942e-18)
(0.372613 -0.00481491 1.85972e-18)
)
;
    }
    procBoundary62to55
    {
        type            processor;
        value           uniform (0.47964 -0.0215727 -1.01661e-18);
    }
    procBoundary62to61
    {
        type            processor;
        value           nonuniform List<vector> 7((1.06762 0.0661428 1.1889e-18) (1.01942 0.0556616 3.59212e-18) (0.945847 0.0508444 6.17379e-19) (0.858359 0.0444185 1.14998e-19) (0.762945 0.0386344 1.43742e-19) (0.663852 0.0332919 5.74515e-19) (0.564573 0.0285181 1.87557e-18));
    }
    procBoundary62to63
    {
        type            processor;
        value           nonuniform List<vector> 7((0.94836 -0.0247766 -1.6895e-18) (0.922869 -0.0293106 -1.82725e-19) (0.874905 -0.0301417 -6.16348e-19) (0.809536 -0.0304851 -6.79094e-19) (0.7328 -0.029438 -1.28486e-18) (0.649773 -0.0274395 -4.91914e-18) (0.564428 -0.0247411 -4.61857e-18));
    }
}


// ************************************************************************* //
