/*--------------------------------*- C++ -*----------------------------------*\
  =========                 |
  \\      /  F ield         | OpenFOAM: The Open Source CFD Toolbox
   \\    /   O peration     | Website:  https://openfoam.org
    \\  /    A nd           | Version:  7
     \\/     M anipulation  |
\*---------------------------------------------------------------------------*/
FoamFile
{
    version     2.0;
    format      ascii;
    class       volVectorField;
    location    "52";
    object      U;
}
// * * * * * * * * * * * * * * * * * * * * * * * * * * * * * * * * * * * * * //

dimensions      [0 1 -1 0 0 0 0];

internalField   nonuniform List<vector> 
175
(
(1.00958 0.00481723 4.5141e-19)
(0.972781 0.00342745 -3.10541e-17)
(1.00697 0.00841384 -7.23368e-18)
(0.957571 0.00899664 1.91465e-18)
(0.997977 0.0157771 -1.28933e-18)
(0.93018 0.0220752 5.07732e-18)
(0.974356 0.0325097 1.9685e-17)
(0.877175 0.0560044 -1.32548e-17)
(0.917575 0.0782172 3.5434e-17)
(0.767492 0.163479 -3.28016e-17)
(1.00559 0.000604554 5.96215e-18)
(0.993404 -0.000666274 -2.24877e-17)
(1.00704 0.00136575 -1.43721e-17)
(0.990861 -0.000516951 -8.43549e-18)
(1.00859 0.00207331 -2.70174e-18)
(0.987139 -4.86832e-05 -2.24155e-17)
(1.00994 0.00324348 1.08004e-17)
(0.981407 0.00113582 -8.83353e-17)
(1.01039 0.00534178 2.5152e-18)
(0.972202 0.00385282 -6.9688e-17)
(1.00842 0.00934897 -1.75521e-17)
(0.956665 0.00998789 -9.03706e-18)
(1.00066 0.0175577 1.19254e-17)
(0.928862 0.024277 7.78561e-19)
(0.97985 0.0362082 -3.83889e-18)
(0.875923 0.0609181 -8.23306e-18)
(0.931752 0.0868799 8.5994e-18)
(1.00563 0.000620569 1.35289e-17)
(0.993378 -0.000550732 -6.76543e-17)
(1.00718 0.00130908 -1.88141e-17)
(0.990753 -0.000258816 -1.09335e-17)
(1.00891 0.00204728 1.43009e-17)
(0.98696 0.000449419 -7.43226e-17)
(1.01055 0.00331496 -1.08438e-18)
(0.981103 0.0019869 -5.15495e-17)
(1.01158 0.00563087 6.06108e-17)
(0.971751 0.00537991 -1.41191e-17)
(1.01068 0.0101555 -6.49214e-18)
(0.956103 0.0128069 -2.25943e-17)
(1.00501 0.0195587 8.18778e-17)
(0.928577 0.0295727 -3.63749e-17)
(0.98875 0.0408462 -8.45846e-17)
(0.878299 0.0706393 -1.74939e-17)
(0.951849 0.0958957 -1.96637e-17)
(1.00555 0.000659663 4.96159e-18)
(0.993482 -0.00051656 -1.23977e-17)
(1.00715 0.00134312 -6.62967e-18)
(0.990849 -0.000146721 -6.41336e-18)
(1.00898 0.00214983 6.86864e-18)
(0.987088 0.000657667 -1.99659e-17)
(1.01084 0.00354214 2.10045e-17)
(0.981306 0.00247124 -9.4301e-17)
(1.01228 0.00614792 7.55082e-18)
(0.97213 0.00637487 -8.10833e-17)
(1.01219 0.0112684 -2.15086e-17)
(0.956977 0.0147952 -1.79086e-17)
(1.00818 0.0218998 1.65834e-17)
(0.931006 0.0334997 -4.93871e-18)
(0.995392 0.0455824 -1.12893e-17)
(0.886384 0.0781601 -4.32002e-18)
(0.966045 0.103378 -1.03743e-17)
(1.00536 0.000683579 1.57938e-18)
(0.993749 -0.000461363 -2.13858e-18)
(1.00694 0.00135907 -1.2582e-20)
(0.991203 3.65759e-07 -3.08913e-18)
(1.00877 0.0022257 3.42085e-18)
(0.987616 0.00095124 -1.09195e-17)
(1.01069 0.0037508 2.65052e-17)
(0.982133 0.00298664 -9.28132e-17)
(1.01231 0.00661034 9.43529e-18)
(0.973526 0.00733746 -8.08236e-17)
(1.01268 0.0122581 -2.25416e-17)
(0.959568 0.0166337 -1.71505e-17)
(1.00966 0.0239306 1.6341e-17)
(0.93647 0.0370293 -1.16719e-17)
(0.999032 0.049358 7.56868e-17)
(0.899863 0.0847231 1.47944e-17)
(0.974473 0.107704 6.33776e-18)
(1.00503 0.000696057 5.71019e-19)
(0.994187 -0.000407009 6.05179e-19)
(1.00653 0.00136654 -4.93893e-19)
(0.991822 0.000118965 -5.30916e-19)
(1.00826 0.00228099 2.90756e-18)
(0.988553 0.00118602 -7.76351e-18)
(1.01008 0.00390474 1.92008e-17)
(0.983603 0.00345217 -4.54166e-17)
(1.01165 0.00697853 6.62928e-17)
(0.975943 0.00823146 -1.12549e-17)
(1.01209 0.0130504 -5.42257e-18)
(0.963814 0.0183502 -2.58813e-17)
(1.00946 0.0254934 7.15674e-17)
(0.94462 0.0403108 9.78926e-18)
(1.00001 0.0519133 3.24822e-17)
(0.917157 0.0906294 1.80788e-18)
(0.979076 0.109018 8.24708e-17)
(1.00459 0.000690818 1.01785e-18)
(0.99478 -0.000340735 -8.82774e-19)
(1.00594 0.00134942 8.97329e-20)
(0.992678 0.00025661 -1.69637e-18)
(1.00748 0.00229764 2.52679e-18)
(0.989847 0.00143563 -8.44728e-18)
(1.00908 0.00399194 2.39265e-17)
(0.985617 0.00391561 -8.4447e-17)
(1.01041 0.00721788 1.94146e-17)
(0.979198 0.00909892 -6.49679e-17)
(1.01064 0.0135849 -1.34461e-17)
(0.969338 0.0199867 -1.85397e-17)
(1.00802 0.0265064 2.49632e-17)
(0.954585 0.0433716 -6.07046e-18)
(0.999356 0.0532491 6.6146e-17)
(0.936146 0.0957999 7.93334e-17)
(0.982328 0.10814 6.13041e-17)
(1.00406 0.000663934 6.56593e-19)
(0.995485 -0.00025672 -1.37333e-18)
(1.00522 0.00130201 -1.0332e-18)
(0.993703 0.000409045 -2.86153e-18)
(1.00651 0.00225977 3.70983e-18)
(0.991388 0.00170558 -8.362e-18)
(1.00781 0.00398772 1.65102e-17)
(0.987993 0.00439725 -4.57187e-17)
(1.0088 0.00729549 6.63449e-17)
(0.982973 0.00996886 -9.32973e-18)
(1.00871 0.0138199 -2.84183e-18)
(0.975562 0.021572 -2.40682e-17)
(1.00603 0.0269424 7.0429e-17)
(0.965264 0.0462022 1.5981e-17)
(0.998365 0.0534971 1.85458e-17)
(0.954794 0.100068 6.79441e-18)
(0.986423 0.105835 9.21419e-17)
(1.00349 0.00061373 4.31708e-18)
(0.996247 -0.000152222 -1.21739e-17)
(1.00443 0.00121905 -5.21864e-18)
(0.99481 0.00058372 -4.56496e-18)
(1.00546 0.00216277 7.77873e-18)
(0.99304 0.00199927 -1.67901e-17)
(1.00644 0.00388371 1.75871e-17)
(0.990512 0.0049001 -8.70491e-17)
(1.00709 0.00720278 1.81021e-17)
(0.986907 0.0108394 -6.30228e-17)
(1.00673 0.0137558 -1.28521e-17)
(0.981877 0.0230829 -1.83583e-17)
(1.0042 0.0268495 2.55921e-17)
(0.97564 0.0487106 7.79299e-18)
(0.99817 0.0528926 -4.07831e-18)
(0.971643 0.103189 -5.87671e-18)
(0.992593 0.102872 1.75765e-17)
(1.0029 0.000540962 1.30155e-17)
(0.99701 -2.81748e-05 -6.5327e-17)
(1.00364 0.00110096 -1.50029e-17)
(0.995914 0.00077879 -7.48043e-18)
(1.00442 0.00200777 1.81675e-17)
(0.99467 0.00231271 -6.99821e-17)
(1.00513 0.00368467 -1.89941e-18)
(0.992965 0.00541369 -4.89982e-17)
(1.00551 0.00695237 6.45867e-17)
(0.990673 0.0116852 -5.17887e-18)
(1.00507 0.0134271 -1.79372e-18)
(0.987782 0.024459 -2.34304e-17)
(1.00308 0.0263246 7.95617e-17)
(0.985001 0.0507605 -2.77389e-17)
(0.999444 0.0517013 -7.70507e-17)
(0.986035 0.104933 -1.87176e-17)
(1.00091 0.0998738 -1.77988e-17)
(1.00235 0.000448652 1.47622e-17)
(0.997722 0.000111309 -1.31705e-17)
(1.0029 0.000952043 7.13399e-18)
(0.996939 0.00098762 1.66785e-18)
(1.00348 0.0018022 8.24788e-18)
(0.996169 0.00263446 -1.7383e-17)
(1.00399 0.00340432 1.1746e-17)
(0.995195 0.00591708 -7.47035e-17)
(1.00424 0.00657038 1.85343e-17)
(0.994046 0.0124667 -4.95086e-17)
(1.00396 0.0128861 -1.13161e-17)
(0.992972 0.0256251 -6.03932e-18)
)
;

boundaryField
{
    inlet
    {
        type            uniformFixedValue;
        uniformValue    constant (1 0 0);
        value           uniform (1 0 0);
    }
    outlet
    {
        type            pressureInletOutletVelocity;
        value           nonuniform 0();
    }
    polygon
    {
        type            fixedValue;
        value           nonuniform 0();
    }
    top
    {
        type            symmetryPlane;
    }
    bottom
    {
        type            symmetryPlane;
    }
    outside
    {
        type            zeroGradient;
    }
    procBoundary48to33
    {
        type            processor;
        value           nonuniform List<vector> 7((0.79646 0.244953 -7.31663e-17) (0.772874 0.174659 6.5534e-18) (0.772874 0.174659 6.5534e-18) (0.793707 0.189369 9.47502e-17) (0.824582 0.201136 3.48352e-17) (0.861143 0.209867 2.91751e-17) (0.898269 0.215936 3.70132e-17));
    }
    procBoundary48to40
    {
        type            processor;
        value           nonuniform List<vector> 
19
(
(1.00932 0.00456439 -1.54944e-17)
(0.972989 0.00327541 -2.2412e-17)
(1.0065 0.00795198 -2.50884e-18)
(0.957906 0.00857304 6.0357e-18)
(0.997105 0.0148692 -6.384e-18)
(0.930698 0.021011 7.87692e-18)
(0.972567 0.0305501 2.9184e-17)
(0.877783 0.0533293 -1.57908e-17)
(0.912941 0.0734081 4.71061e-17)
(0.766214 0.156356 -5.18722e-17)
(1.00555 0.000539208 2.5266e-18)
(0.993457 -0.000607142 -5.03298e-17)
(1.00692 0.0012352 -2.57309e-17)
(0.990994 -0.000491886 -1.11821e-17)
(1.00835 0.00187191 -2.7907e-17)
(0.98736 -7.42377e-05 -2.25932e-17)
(1.00949 0.00293055 -6.63808e-18)
(0.981767 0.000980081 -7.07516e-17)
(0.981767 0.000980081 -7.07516e-17)
)
;
    }
    procBoundary48to41
    {
        type            processor;
        value           nonuniform List<vector> 4((0.932443 0.218964 -2.80114e-17) (0.961604 0.218848 1.721e-17) (0.985336 0.215375 2.3648e-17) (1.00441 0.208837 6.92292e-17));
    }
    procBoundary48to56
    {
        type            processor;
        value           nonuniform List<vector> 
18
(
(1.00295 0.0254779 2.96475e-17)
(0.993023 0.0522261 1.27934e-17)
(1.00233 0.0501351 -2.38447e-17)
(0.998004 0.105229 -1.02e-17)
(1.01077 0.0969423 -1.43022e-17)
(1.00185 0.000341436 5.88818e-17)
(0.998347 0.000260098 -5.3614e-18)
(1.00226 0.000779207 6.5619e-17)
(0.997835 0.00120063 1.51044e-17)
(1.00269 0.00155739 9.4816e-18)
(0.997469 0.00294889 -4.84947e-18)
(1.0031 0.00306142 -8.7897e-19)
(0.99711 0.0063844 2.12848e-17)
(1.00339 0.00608871 6.73194e-17)
(0.996915 0.0131405 6.54636e-17)
(1.00351 0.0121886 2.18647e-18)
(1.00295 0.0254779 2.96475e-17)
(0.997345 0.0265117 4.89986e-17)
)
;
    }
}


// ************************************************************************* //
