/*--------------------------------*- C++ -*----------------------------------*\
  =========                 |
  \\      /  F ield         | OpenFOAM: The Open Source CFD Toolbox
   \\    /   O peration     | Website:  https://openfoam.org
    \\  /    A nd           | Version:  7
     \\/     M anipulation  |
\*---------------------------------------------------------------------------*/
FoamFile
{
    version     2.0;
    format      ascii;
    class       volVectorField;
    location    "100";
    object      U;
}
// * * * * * * * * * * * * * * * * * * * * * * * * * * * * * * * * * * * * * //

dimensions      [0 1 -1 0 0 0 0];

internalField   nonuniform List<vector> 
250
(
(0.979383 -0.0302745 -5.01101e-17)
(0.923863 -0.0365742 -3.86933e-17)
(0.831888 -0.0326571 -7.5021e-18)
(0.721006 -0.0301972 -3.47219e-17)
(0.60833 -0.0228919 6.79356e-18)
(0.500177 -0.0165872 -5.61922e-17)
(0.401138 -0.00891399 -5.61992e-17)
(0.309847 -0.00234663 -1.25532e-17)
(0.224871 0.00406472 -5.77404e-17)
(0.14334 0.00929029 -1.42442e-17)
(0.971728 -0.0398485 -7.19078e-17)
(0.922496 -0.0465632 -6.66707e-17)
(0.836977 -0.0430767 -1.50724e-17)
(0.731192 -0.0405426 -6.18251e-17)
(0.621205 -0.0332471 -1.44257e-17)
(0.514257 -0.0264705 -7.98192e-17)
(0.414973 -0.0185824 -8.38879e-17)
(0.322747 -0.0115054 -2.47471e-17)
(0.236328 -0.00482134 -7.93348e-17)
(0.153143 0.000903795 -2.77669e-17)
(0.963407 -0.0495354 -8.85591e-17)
(0.920248 -0.0569016 -8.31261e-17)
(0.841488 -0.0539312 -2.49977e-17)
(0.741244 -0.0515777 -7.43587e-17)
(0.634383 -0.0444021 -2.4148e-17)
(0.528871 -0.0373047 -8.75817e-17)
(0.429471 -0.0292024 -9.20542e-17)
(0.336394 -0.0216678 -2.85954e-17)
(0.248562 -0.0146179 -8.36793e-17)
(0.163823 -0.0083905 -2.95881e-17)
(0.954223 -0.0596569 -8.20125e-17)
(0.916887 -0.0678706 -7.73512e-17)
(0.845142 -0.065501 -1.81669e-17)
(0.750897 -0.0635382 -6.9448e-17)
(0.647687 -0.0565867 -2.27796e-17)
(0.543937 -0.0492785 -8.4509e-17)
(0.444667 -0.040965 -9.05655e-17)
(0.350847 -0.0329793 -2.78511e-17)
(0.261716 -0.0254709 -8.25939e-17)
(0.175519 -0.0186951 -2.94785e-17)
(0.943939 -0.0704033 -1.13206e-16)
(0.912143 -0.07963 -1.10856e-16)
(0.847612 -0.0779489 -5.05153e-17)
(0.759825 -0.0765676 -9.84809e-17)
(0.66086 -0.0699513 -3.63832e-17)
(0.559313 -0.0625387 -1.03419e-16)
(0.460524 -0.0540115 -1.10248e-16)
(0.366155 -0.0455636 -4.30146e-17)
(0.275894 -0.0375198 -9.18387e-17)
(0.188363 -0.0301181 -3.12863e-17)
(0.932404 -0.0819766 -3.58809e-17)
(0.905839 -0.0923449 -2.68324e-17)
(0.848664 -0.0914422 3.57752e-17)
(0.76781 -0.0908169 -1.01652e-17)
(0.67375 -0.0846566 -6.96167e-18)
(0.574969 -0.0772426 -1.66022e-17)
(0.477112 -0.0685075 -1.04496e-17)
(0.382486 -0.0595764 5.66292e-17)
(0.291301 -0.0509208 1.32194e-18)
(0.202583 -0.0427984 -3.28044e-18)
(0.919469 -0.094396 -6.46328e-17)
(0.897763 -0.105983 -7.36202e-17)
(0.847989 -0.105948 -7.09341e-18)
(0.774509 -0.106245 -6.49794e-17)
(0.686051 -0.100693 -3.36089e-17)
(0.590706 -0.0934061 -7.02124e-17)
(0.494341 -0.0845095 -7.93858e-17)
(0.399859 -0.0750974 -1.19331e-17)
(0.30803 -0.0657699 -6.96384e-17)
(0.218323 -0.0568369 -2.53859e-17)
(0.90511 -0.107733 -6.9012e-17)
(0.887824 -0.120553 -2.43872e-17)
(0.845388 -0.121474 -3.82613e-18)
(0.779675 -0.122844 -5.77433e-18)
(0.697551 -0.118075 4.60693e-17)
(0.606427 -0.111067 -5.54321e-17)
(0.512243 -0.102088 -1.92419e-17)
(0.418427 -0.0922175 -3.70962e-18)
(0.326316 -0.082173 -1.683e-18)
(0.23586 -0.0723442 5.41373e-17)
(0.889312 -0.12179 -7.50947e-17)
(0.875923 -0.135769 -7.03415e-17)
(0.840592 -0.13771 -1.91007e-17)
(0.782911 -0.140277 -5.7611e-17)
(0.707811 -0.136493 -1.35837e-17)
(0.621752 -0.12996 -6.98959e-17)
(0.530548 -0.121046 -7.83261e-17)
(0.438041 -0.110811 -2.29597e-17)
(0.346121 -0.100067 -6.62695e-17)
(0.255248 -0.089302 -1.81348e-17)
(0.872247 -0.136507 -6.57823e-17)
(0.862153 -0.151487 -2.72458e-17)
(0.833512 -0.154486 -1.01618e-17)
(0.783962 -0.158336 -1.07606e-17)
(0.716508 -0.155756 4.11842e-17)
(0.636409 -0.149931 -4.99631e-17)
(0.549121 -0.141278 -2.19621e-17)
(0.458727 -0.130812 -8.48455e-18)
(0.367616 -0.119419 -5.56225e-18)
(0.276763 -0.107699 4.99284e-17)
(0.854086 -0.151453 -7.86473e-17)
(0.846627 -0.167164 -5.86426e-17)
(0.824049 -0.171179 -1.65306e-17)
(0.782481 -0.17631 -4.1008e-17)
(0.723113 -0.175114 2.75609e-18)
(0.649807 -0.170257 -6.27655e-17)
(0.567405 -0.162131 -6.39217e-17)
(0.480023 -0.151668 -1.87157e-17)
(0.390452 -0.139799 -5.25198e-17)
(0.300163 -0.127221 -8.41345e-18)
(0.835244 -0.166508 -2.35737e-17)
(0.829737 -0.18262 -5.02999e-17)
(0.812397 -0.187563 -1.62948e-17)
(0.778381 -0.193908 -4.76245e-17)
(0.727296 -0.194249 -9.45584e-18)
(0.661509 -0.19063 -1.21753e-17)
(0.585003 -0.183333 -5.53496e-17)
(0.501686 -0.17315 -1.82464e-17)
(0.414591 -0.161011 -5.74294e-17)
(0.325619 -0.147688 -1.59052e-17)
(0.81604 -0.181048 -4.79355e-17)
(0.811851 -0.197136 -5.35135e-17)
(0.798795 -0.202789 -1.79693e-17)
(0.771619 -0.210104 -4.72636e-17)
(0.728693 -0.21196 -1.42287e-17)
(0.670911 -0.209735 -4.5781e-17)
(0.601185 -0.203541 -6.16928e-17)
(0.522966 -0.193972 -2.11523e-17)
(0.439321 -0.181908 -5.55962e-17)
(0.352475 -0.168147 -1.84727e-17)
(0.79708 -0.195045 -1.47123e-17)
(0.793659 -0.210722 -4.03091e-17)
(0.783853 -0.216882 -1.45388e-17)
(0.76253 -0.224916 -4.1206e-17)
(0.727255 -0.228243 -1.27895e-17)
(0.677627 -0.227575 -1.03388e-17)
(0.61538 -0.222789 -4.64783e-17)
(0.543288 -0.214206 -1.6254e-17)
(0.464221 -0.202563 -4.82106e-17)
(0.380567 -0.188629 -1.59172e-17)
(0.778654 -0.207774 -2.51752e-17)
(0.775611 -0.222592 -4.08819e-17)
(0.768116 -0.228898 -1.52016e-17)
(0.751563 -0.237143 -4.23302e-17)
(0.723158 -0.241533 -2.06992e-17)
(0.681493 -0.242198 -3.19318e-17)
(0.627135 -0.238791 -5.09093e-17)
(0.561999 -0.231353 -1.87062e-17)
(0.488529 -0.220434 -4.81202e-17)
(0.409072 -0.20673 -2.09492e-17)
(0.761438 -0.219481 -3.04256e-17)
(0.758511 -0.233182 -1.71877e-17)
(0.752483 -0.239461 -8.05155e-18)
(0.739519 -0.24766 -1.16834e-17)
(0.716863 -0.252942 1.36958e-17)
(0.68249 -0.254979 -2.76598e-17)
(0.635962 -0.253203 -1.8162e-17)
(0.578279 -0.247338 -8.90347e-18)
(0.511285 -0.237639 -1.06466e-17)
(0.437086 -0.224613 2.01613e-17)
(0.745436 -0.229404 -1.7978e-17)
(0.742549 -0.241643 -2.61423e-17)
(0.73744 -0.247489 -9.5706e-18)
(0.727129 -0.254993 -2.35141e-17)
(0.709182 -0.26035 1.40915e-18)
(0.681331 -0.262946 -8.78762e-18)
(0.642383 -0.26208 -2.82534e-17)
(0.592458 -0.257262 -1.03237e-17)
(0.53268 -0.248496 -2.70146e-17)
(0.464727 -0.236121 -1.30752e-18)
(0.731345 -0.238181 9.71841e-18)
(0.728475 -0.248964 -4.77499e-18)
(0.723851 -0.254444 -4.12323e-18)
(0.715284 -0.26135 -7.78622e-18)
(0.700812 -0.266897 -1.9606e-17)
(0.678238 -0.270334 8.42362e-18)
(0.645935 -0.270878 -4.74616e-18)
(0.60331 -0.267846 -3.88278e-18)
(0.550766 -0.260937 -7.26882e-18)
(0.489434 -0.250196 -2.17527e-17)
(0.718678 -0.245013 -6.49191e-18)
(0.715935 -0.254092 -2.08359e-18)
(0.711705 -0.25874 -1.4716e-18)
(0.704467 -0.264305 -1.39511e-18)
(0.692764 -0.268872 5.6522e-18)
(0.674689 -0.271672 -7.23696e-18)
(0.648486 -0.271952 -1.9595e-18)
(0.613072 -0.268978 -1.17678e-18)
(0.568219 -0.262291 -9.64408e-19)
(0.514472 -0.251765 7.36126e-18)
(0.708316 -0.250918 -2.42863e-18)
(0.705745 -0.258628 -7.16556e-18)
(0.701788 -0.2629 -2.04334e-18)
(0.695417 -0.267876 -7.74971e-18)
(0.685595 -0.27238 -4.25996e-19)
(0.670777 -0.275717 -1.74453e-18)
(0.649281 -0.277208 -8.9464e-18)
(0.619752 -0.276088 -2.51581e-18)
(0.581459 -0.271723 -9.26274e-18)
(0.534375 -0.263723 -1.04063e-18)
(0.699015 -0.255083 -9.23712e-19)
(0.696716 -0.261155 -6.4685e-18)
(0.693099 -0.264407 -2.06429e-18)
(0.687513 -0.267791 -7.55581e-18)
(0.679273 -0.270629 -2.11765e-18)
(0.667269 -0.272316 -7.22871e-19)
(0.650086 -0.272282 -7.72177e-18)
(0.626357 -0.269842 -2.61238e-18)
(0.59508 -0.264358 -7.69479e-18)
(0.555819 -0.255374 -2.42443e-18)
(0.692282 -0.258594 5.03534e-19)
(0.690312 -0.26363 -4.91021e-18)
(0.687128 -0.266714 -1.89791e-18)
(0.682293 -0.269929 -6.63265e-18)
(0.675305 -0.272981 -3.11219e-18)
(0.665335 -0.275413 -6.00152e-19)
(0.651209 -0.276749 -6.63953e-18)
(0.631615 -0.276375 -2.45171e-18)
(0.605375 -0.273611 -7.0569e-18)
(0.571671 -0.267844 -2.90461e-18)
(0.685699 -0.260924 -1.66054e-18)
(0.683984 -0.264583 -1.83254e-18)
(0.681074 -0.266654 -9.74184e-19)
(0.67675 -0.2684 -2.20882e-18)
(0.670751 -0.269702 5.83053e-19)
(0.662588 -0.270193 -1.94047e-18)
(0.651445 -0.26949 -2.3548e-18)
(0.636277 -0.267094 -1.30359e-18)
(0.616008 -0.262429 -2.23841e-18)
(0.589753 -0.254939 -1.23292e-18)
(0.682186 -0.262626 -1.73975e-18)
(0.680838 -0.265617 -1.06148e-18)
(0.678504 -0.267713 -5.7396e-19)
(0.674955 -0.269677 -8.92576e-19)
(0.669929 -0.271518 1.44117e-18)
(0.663046 -0.272961 -1.64493e-18)
(0.653667 -0.273686 -1.18431e-18)
(0.640886 -0.273259 -6.81303e-19)
(0.623631 -0.27111 -9.26921e-19)
(0.600847 -0.266598 1.6095e-18)
(0.677496 -0.263722 -8.23066e-19)
(0.675949 -0.265389 -4.92579e-19)
(0.67357 -0.266712 -2.71162e-19)
(0.670406 -0.267869 -3.31209e-19)
(0.66631 -0.268819 5.66506e-19)
(0.661084 -0.269345 -4.08378e-19)
(0.654383 -0.269203 -3.98917e-19)
(0.645655 -0.26808 -2.7694e-19)
(0.634171 -0.265567 -2.75475e-19)
(0.619115 -0.261172 -8.31978e-19)
)
;

boundaryField
{
    inlet
    {
        type            uniformFixedValue;
        uniformValue    constant (1 0 0);
        value           nonuniform 0();
    }
    outlet
    {
        type            pressureInletOutletVelocity;
        value           nonuniform List<vector> 10((0.677496 -0.263722 -8.23066e-19) (0.675949 -0.265389 -4.92579e-19) (0.67357 -0.266712 -2.71162e-19) (0.670406 -0.267869 -3.31209e-19) (0.66631 -0.268819 5.66506e-19) (0.661084 -0.269345 -4.08378e-19) (0.654383 -0.269203 -3.98917e-19) (0.645655 -0.26808 -2.7694e-19) (0.634171 -0.265567 -2.75475e-19) (0.619115 -0.261172 -8.31978e-19));
    }
    polygon
    {
        type            fixedValue;
        value           nonuniform 0();
    }
    top
    {
        type            symmetryPlane;
    }
    bottom
    {
        type            symmetryPlane;
    }
    outside
    {
        type            zeroGradient;
    }
    procBoundary15to11
    {
        type            processor;
        value           nonuniform List<vector> 
25
(
(0.0633167 0.0138054 -8.36824e-17)
(0.0713756 0.00584165 -9.4292e-17)
(0.0804259 -0.00294774 -9.54999e-17)
(0.0906116 -0.0126653 -9.38159e-17)
(0.102083 -0.0233995 -9.36192e-17)
(0.115064 -0.0352825 -8.0097e-18)
(0.129728 -0.0484142 -7.98799e-17)
(0.146361 -0.062904 -5.99198e-17)
(0.165087 -0.0787609 -7.68543e-17)
(0.186235 -0.0959893 -5.36004e-17)
(0.209666 -0.114368 -6.66246e-17)
(0.235715 -0.133724 -1.3126e-17)
(0.263785 -0.15331 -5.30651e-17)
(0.294012 -0.173078 -1.1081e-17)
(0.325519 -0.190915 -3.95727e-17)
(0.35762 -0.208854 -2.75726e-17)
(0.390398 -0.220645 -6.78847e-18)
(0.420817 -0.235901 9.45804e-18)
(0.452924 -0.237558 -7.23805e-18)
(0.479087 -0.251953 -1.67822e-18)
(0.508735 -0.242683 -8.50437e-19)
(0.530171 -0.258611 -1.05892e-18)
(0.556989 -0.244185 -1.45046e-19)
(0.571681 -0.259093 -1.69647e-18)
(0.59971 -0.254364 1.02811e-18)
)
;
    }
    procBoundary15to14
    {
        type            processor;
        value           nonuniform List<vector> 10((0.986545 -0.0204457 -2.62003e-18) (0.924646 -0.0266165 2.79799e-17) (0.826573 -0.0223545 -1.27756e-18) (0.711091 -0.0203021 4.62045e-17) (0.59604 -0.0130917 6.22264e-17) (0.486867 -0.00750037 1.7581e-17) (0.388016 -1.92503e-06 5.84696e-17) (0.29771 0.00591249 1.62294e-17) (0.214144 0.0121014 7.35004e-17) (0.134336 0.0168777 7.89165e-17));
    }
}


// ************************************************************************* //
