/*--------------------------------*- C++ -*----------------------------------*\
  =========                 |
  \\      /  F ield         | OpenFOAM: The Open Source CFD Toolbox
   \\    /   O peration     | Website:  https://openfoam.org
    \\  /    A nd           | Version:  7
     \\/     M anipulation  |
\*---------------------------------------------------------------------------*/
FoamFile
{
    version     2.0;
    format      ascii;
    class       volVectorField;
    location    "82";
    object      U;
}
// * * * * * * * * * * * * * * * * * * * * * * * * * * * * * * * * * * * * * //

dimensions      [0 1 -1 0 0 0 0];

internalField   nonuniform List<vector> 
115
(
(1.34212 0.187544 3.21437e-18)
(1.34543 0.188653 1.70484e-18)
(1.34843 0.189643 1.19947e-18)
(1.35112 0.190525 -2.58397e-20)
(1.35353 0.191309 -3.2771e-19)
(1.3557 0.192007 4.04284e-19)
(1.35764 0.192628 -2.20415e-19)
(1.35937 0.19318 2.14998e-19)
(1.36093 0.19367 -5.31033e-20)
(1.36231 0.194107 1.80159e-19)
(1.36355 0.194495 1.45675e-19)
(1.36464 0.194838 4.70638e-20)
(1.3656 0.19514 1.96723e-19)
(1.36643 0.195404 -8.85857e-20)
(1.36714 0.19563 -1.83906e-19)
(1.36772 0.195817 -1.55812e-19)
(1.36815 0.195964 3.39288e-19)
(1.33143 0.184017 8.73873e-18)
(1.33618 0.185477 7.87347e-18)
(1.34049 0.186792 6.46887e-18)
(1.34438 0.187973 3.44001e-18)
(1.34787 0.189031 -1.63589e-18)
(1.351 0.189977 8.2921e-19)
(1.35378 0.190823 -4.37055e-19)
(1.35625 0.191578 6.09897e-20)
(1.35843 0.192253 -1.95346e-19)
(1.36036 0.192858 3.36386e-20)
(1.36204 0.193401 7.32417e-20)
(1.36351 0.19389 1.9741e-20)
(1.36477 0.194332 -2.5725e-20)
(1.36585 0.194733 -9.49117e-21)
(1.36675 0.195099 9.03214e-20)
(1.36747 0.195432 6.00435e-20)
(1.36802 0.195736 2.39845e-20)
(1.31243 0.179872 2.45509e-19)
(1.31941 0.181693 1.27929e-19)
(1.3258 0.183356 3.86711e-20)
(1.33162 0.18487 1.50836e-20)
(1.33689 0.186244 -1.83045e-20)
(1.34164 0.187487 -9.35699e-22)
(1.34589 0.188608 -8.48266e-20)
(1.34967 0.189618 9.20727e-20)
(1.35301 0.190527 -7.78815e-22)
(1.35595 0.191345 7.23221e-20)
(1.35851 0.192083 9.08513e-20)
(1.36072 0.192749 -8.46431e-20)
(1.36261 0.193353 2.65619e-21)
(1.36421 0.193905 -2.97718e-19)
(1.36553 0.194411 -4.9953e-21)
(1.36659 0.194879 4.82468e-19)
(1.36741 0.195316 -6.3591e-20)
(1.2819 0.173791 1.35663e-19)
(1.29188 0.176077 -4.54779e-21)
(1.30116 0.1782 -1.46927e-19)
(1.30973 0.180165 -3.83256e-20)
(1.3176 0.181977 5.19511e-20)
(1.32479 0.183641 -1.16431e-19)
(1.3313 0.185165 1.3607e-19)
(1.33717 0.186557 3.62535e-20)
(1.34241 0.187826 1.46596e-20)
(1.34706 0.18898 1.83549e-19)
(1.35115 0.19003 6.21047e-20)
(1.35472 0.190986 -6.02977e-20)
(1.35779 0.191858 -2.17137e-19)
(1.36039 0.192657 -7.37184e-20)
(1.36257 0.193394 -4.78985e-20)
(1.36435 0.19408 2.02532e-19)
(1.36575 0.194724 1.6919e-19)
(1.23595 0.165283 2.66538e-19)
(1.24959 0.168092 -9.23953e-20)
(1.26248 0.170749 3.14502e-20)
(1.27461 0.173255 -6.09739e-20)
(1.28594 0.175608 -1.23345e-19)
(1.29646 0.17781 -1.40283e-20)
(1.30617 0.179863 9.21488e-20)
(1.31506 0.181771 4.02855e-20)
(1.32316 0.18354 -3.79625e-20)
(1.33046 0.185174 1.93035e-19)
(1.337 0.186681 4.50728e-20)
(1.34279 0.18807 4.36799e-20)
(1.34788 0.18935 -2.9407e-19)
(1.35228 0.190532 -2.12008e-19)
(1.35603 0.191626 -3.28106e-20)
(1.35918 0.192646 3.76551e-21)
(1.36175 0.193604 2.60509e-19)
(1.17106 0.154005 1.33934e-18)
(1.18869 0.157319 1.13893e-19)
(1.20565 0.160516 6.65147e-20)
(1.22188 0.163588 -1.1796e-19)
(1.23734 0.166531 -2.3827e-19)
(1.25197 0.169341 1.66536e-19)
(1.26574 0.172014 9.14608e-20)
(1.27862 0.174548 1.13897e-19)
(1.29058 0.176942 8.16817e-20)
(1.3016 0.179197 -2.53022e-20)
(1.31168 0.181315 -7.51703e-20)
(1.32082 0.1833 3.07106e-20)
(1.32902 0.185157 -1.90306e-19)
(1.33631 0.186893 -1.7632e-19)
(1.3427 0.188518 -1.77962e-20)
(1.34822 0.190041 -2.3224e-20)
(1.3529 0.191476 1.28271e-19)
(1.08526 0.13994 3.60347e-18)
(1.10663 0.143644 1.89021e-18)
(1.12755 0.147284 1.46758e-18)
(1.14795 0.15085 1.28173e-19)
(1.16774 0.154335 -5.61561e-19)
(1.18685 0.15773 2.38993e-19)
(1.20519 0.161027 -1.63149e-19)
(1.22271 0.164219 2.70709e-19)
(1.23933 0.167298 -3.6881e-20)
(1.25499 0.17026 7.48303e-20)
(1.26966 0.1731 -1.26187e-19)
(1.28328 0.175815 8.18823e-20)
(1.29583 0.178405 -4.77714e-19)
)
;

boundaryField
{
    inlet
    {
        type            uniformFixedValue;
        uniformValue    constant (1 0 0);
        value           nonuniform 0();
    }
    outlet
    {
        type            pressureInletOutletVelocity;
        value           nonuniform 0();
    }
    polygon
    {
        type            fixedValue;
        value           nonuniform 0();
    }
    top
    {
        type            symmetryPlane;
    }
    bottom
    {
        type            symmetryPlane;
    }
    outside
    {
        type            zeroGradient;
    }
    procBoundary59to51
    {
        type            processor;
        value           nonuniform List<vector> 
18
(
(1.30728 0.18087 -6.51011e-20)
(1.31762 0.183212 -3.34829e-19)
(1.32684 0.185438 -3.03651e-19)
(1.33496 0.187555 1.61326e-19)
(0.97915 0.123536 1.13973e-17)
(1.00335 0.127419 9.84312e-18)
(1.02745 0.131302 8.26535e-18)
(1.05134 0.135177 4.64107e-18)
(1.07495 0.139035 -1.91447e-18)
(1.09817 0.142867 9.20688e-19)
(1.12091 0.146665 -1.89336e-19)
(1.14308 0.150419 4.10193e-19)
(1.16457 0.154118 1.05733e-19)
(1.18529 0.157755 8.55963e-20)
(1.20515 0.161319 2.73197e-20)
(1.22406 0.164802 1.84275e-19)
(1.30728 0.18087 -6.51011e-20)
(1.24193 0.168197 -1.62271e-19)
)
;
    }
    procBoundary59to58
    {
        type            processor;
        value           nonuniform List<vector> 6((1.36843 0.196067 2.59822e-19) (1.36839 0.196012 -7.29227e-21) (1.36798 0.195727 -6.76955e-20) (1.36679 0.195337 -1.96941e-19) (1.36378 0.194512 -1.96652e-19) (1.35679 0.192836 2.43094e-19));
    }
    procBoundary59to60
    {
        type            processor;
        value           nonuniform List<vector> 7((1.33845 0.186304 1.36758e-18) (1.3262 0.182401 9.02301e-18) (1.30485 0.177886 3.05991e-19) (1.27123 0.171339 1.65064e-19) (1.2216 0.162326 3.60282e-20) (1.15284 0.15058 7.25156e-20) (1.06353 0.136181 1.87596e-18));
    }
}


// ************************************************************************* //
