/*--------------------------------*- C++ -*----------------------------------*\
  =========                 |
  \\      /  F ield         | OpenFOAM: The Open Source CFD Toolbox
   \\    /   O peration     | Website:  https://openfoam.org
    \\  /    A nd           | Version:  7
     \\/     M anipulation  |
\*---------------------------------------------------------------------------*/
FoamFile
{
    version     2.0;
    format      ascii;
    class       volVectorField;
    location    "82";
    object      U;
}
// * * * * * * * * * * * * * * * * * * * * * * * * * * * * * * * * * * * * * //

dimensions      [0 1 -1 0 0 0 0];

internalField   nonuniform List<vector> 
175
(
(-0.247215 -0.00980064 -1.50504e-18)
(-0.245178 -0.0103612 -6.52004e-19)
(-0.242981 -0.0108562 -1.27091e-18)
(-0.240641 -0.0112827 -1.76047e-18)
(-0.238177 -0.0116383 -3.81245e-19)
(-0.235606 -0.0119211 -1.56923e-18)
(-0.232947 -0.0121301 -2.03883e-18)
(-0.230219 -0.0122651 -5.95093e-19)
(-0.227443 -0.0123268 -1.34934e-18)
(-0.224636 -0.0123167 1.86103e-19)
(-0.217986 -0.00334889 -6.22973e-18)
(-0.2182 -0.00446113 -7.49665e-18)
(-0.218176 -0.00554129 -1.26835e-18)
(-0.217921 -0.00658159 -7.53562e-18)
(-0.217444 -0.00757528 -1.7924e-18)
(-0.216752 -0.0085164 -7.64664e-18)
(-0.215855 -0.00939954 -8.31234e-18)
(-0.214763 -0.0102197 -1.66723e-18)
(-0.213489 -0.0109723 -6.79358e-18)
(-0.212043 -0.0116528 -1.66252e-18)
(-0.21044 -0.0122574 -6.5488e-18)
(-0.208694 -0.0127822 -7.75247e-18)
(-0.206821 -0.0132244 -1.58609e-18)
(-0.204836 -0.0135814 -6.50071e-18)
(-0.202757 -0.0138519 -7.541e-18)
(-0.2006 -0.0140356 -1.54924e-18)
(-0.198382 -0.0141332 -6.39119e-18)
(-0.19612 -0.0141464 -1.08664e-18)
(-0.174481 -0.00292114 1.07514e-19)
(-0.175277 -0.00419655 -1.11866e-18)
(-0.175851 -0.00543628 -5.53615e-19)
(-0.176208 -0.00663181 -1.6096e-18)
(-0.176354 -0.00777577 -6.00684e-19)
(-0.176296 -0.00886158 -1.52291e-18)
(-0.176043 -0.00988318 -1.79189e-18)
(-0.175601 -0.0108349 -8.18006e-19)
(-0.17498 -0.0117115 -1.53751e-18)
(-0.174191 -0.0125078 -6.66738e-19)
(-0.173244 -0.013219 -1.41512e-18)
(-0.172151 -0.0138407 -1.88441e-18)
(-0.170926 -0.0143693 -6.08666e-19)
(-0.16958 -0.0148019 -1.38343e-18)
(-0.168129 -0.015137 -1.74664e-18)
(-0.166587 -0.0153741 -6.27483e-19)
(-0.164967 -0.0155141 -1.25296e-18)
(-0.163283 -0.0155593 -6.26813e-19)
(-0.126374 -0.00206661 6.55205e-18)
(-0.127804 -0.00349524 9.20221e-19)
(-0.129026 -0.00488513 2.96271e-20)
(-0.130045 -0.00622711 -5.62668e-19)
(-0.130865 -0.00751343 -2.6174e-19)
(-0.131491 -0.00873713 -8.09999e-19)
(-0.131928 -0.00989174 -4.84416e-19)
(-0.132182 -0.0109711 -2.17243e-19)
(-0.13226 -0.0119695 -4.27616e-19)
(-0.132168 -0.012881 -1.88119e-19)
(-0.131914 -0.0137003 -3.11188e-19)
(-0.131508 -0.0144223 -4.37174e-19)
(-0.130958 -0.0150429 -2.90102e-19)
(-0.130276 -0.0155589 -4.33827e-19)
(-0.129472 -0.0159685 -2.7662e-19)
(-0.128556 -0.0162712 -3.79823e-19)
(-0.12754 -0.0164682 -1.66932e-19)
(-0.126433 -0.0165624 -2.06337e-19)
(-0.0743022 -0.000754969 2.1022e-18)
(-0.0764 -0.0023249 3.15975e-19)
(-0.0783036 -0.00385457 -9.88429e-20)
(-0.0800157 -0.00533436 -1.36537e-18)
(-0.0815389 -0.006756 -5.60595e-19)
(-0.0828755 -0.00811228 -1.38429e-18)
(-0.0840282 -0.00939643 -3.25071e-19)
(-0.0849997 -0.010602 -6.79048e-20)
(-0.0857931 -0.0117229 1.49318e-20)
(-0.0864121 -0.0127527 4.72693e-20)
(-0.086861 -0.0136856 -1.39752e-19)
(-0.0871447 -0.0145159 -1.3942e-19)
(-0.0872691 -0.015239 -8.75602e-20)
(-0.0872406 -0.0158513 5.44026e-20)
(-0.0870661 -0.0163508 -2.74831e-19)
(-0.0867523 -0.0167373 -1.18072e-19)
(-0.0863054 -0.0170123 2.26894e-20)
(-0.0857312 -0.0171793 8.04661e-20)
(-0.0187558 0.00103329 3.80842e-19)
(-0.0215328 -0.000670314 -5.72577e-20)
(-0.0241294 -0.00233116 -8.90125e-19)
(-0.026544 -0.00394127 -7.12931e-18)
(-0.0287766 -0.00549269 -1.70799e-18)
(-0.0308271 -0.00697817 -7.1838e-18)
(-0.0326946 -0.00839066 -8.93728e-19)
(-0.0343785 -0.0097237 7.89576e-20)
(-0.0358778 -0.0109709 -7.2554e-20)
(-0.037192 -0.0121257 7.14485e-20)
(-0.0383208 -0.0131818 5.56129e-20)
(-0.0392646 -0.0141329 -6.22064e-20)
(-0.0400248 -0.0149738 4.71114e-24)
(-0.0406033 -0.0157008 -7.65023e-20)
(-0.0410023 -0.0163118 -5.91136e-20)
(-0.0412238 -0.0168067 -4.17677e-20)
(-0.0412695 -0.0171875 3.95339e-20)
(-0.0411402 -0.0174584 -1.08224e-19)
(0.0399719 0.00330047 -4.2853e-19)
(0.0365253 0.0014716 -4.85067e-19)
(0.0332504 -0.000315265 -1.92917e-18)
(0.0301496 -0.00205137 -2.93586e-18)
(0.0272269 -0.00372908 -2.36543e-18)
(0.0244865 -0.00534314 -2.6269e-18)
(0.0219329 -0.00688605 -4.26307e-19)
(0.019571 -0.00835155 -3.33031e-20)
(0.0174065 -0.00973335 1.25248e-19)
(0.0154454 -0.0110248 1.13332e-20)
(0.0136934 -0.0122191 7.33804e-20)
(0.0121553 -0.0133095 -1.07458e-19)
(0.0108352 -0.0142905 5.9513e-20)
(0.00973648 -0.0151578 1.45422e-19)
(0.00886213 -0.0159093 -1.36104e-20)
(0.00821513 -0.0165452 8.03827e-20)
(0.00779903 -0.017068 -8.30414e-20)
(0.00761825 -0.0174825 1.17776e-19)
(0.101805 0.0060286 -3.02454e-19)
(0.097726 0.00408306 -1.40531e-18)
(0.093813 0.00217499 -7.97025e-18)
(0.0900721 0.000313978 -8.38136e-18)
(0.0865086 -0.00149244 -8.46582e-18)
(0.0831313 -0.00323661 -7.2536e-18)
(0.0799509 -0.00491555 -5.98513e-19)
(0.0769769 -0.00652311 2.07786e-19)
(0.0742208 -0.00805318 8.95712e-20)
(0.0716951 -0.00949899 -2.33345e-20)
(0.0694117 -0.0108535 -3.19716e-20)
(0.0673822 -0.0121095 -5.63133e-20)
(0.0656166 -0.0132606 -5.20356e-20)
(0.0641242 -0.0143022 2.36973e-20)
(0.0629134 -0.0152321 2.19847e-19)
(0.0619928 -0.0160505 9.53324e-20)
(0.0613711 -0.0167606 9.80887e-20)
(0.0610579 -0.0173678 1.07382e-19)
(0.166864 0.00918223 -3.75883e-19)
(0.162223 0.0071238 -1.10993e-18)
(0.157745 0.00509811 -3.05504e-18)
(0.153439 0.00311271 -2.30358e-18)
(0.149318 0.00117417 -2.9046e-18)
(0.145391 -0.000709993 -1.48575e-18)
(0.141675 -0.00253591 -1.05817e-19)
(0.138187 -0.00429965 2.6481e-20)
(0.134946 -0.00599764 2.99523e-21)
(0.131972 -0.00762255 -9.24383e-20)
(0.129284 -0.00916694 -9.84683e-20)
(0.1269 -0.0106227 8.78978e-20)
(0.124839 -0.0119828 -6.71827e-20)
(0.123115 -0.0132417 -1.69085e-19)
(0.121743 -0.014397 3.95118e-20)
(0.120736 -0.0154488 1.53877e-19)
(0.120108 -0.0164006 2.3319e-20)
(0.119874 -0.0172586 1.09136e-19)
(0.235397 0.0126997 -7.33652e-19)
(0.230303 0.0105311 -1.76291e-18)
(0.225371 0.00838755 -6.84681e-18)
(0.220613 0.00627577 -1.76488e-18)
(0.216048 0.00420074 -6.98503e-18)
(0.211693 0.00216523 -4.01782e-20)
(0.207569 0.000174618 -1.13476e-20)
(0.203698 -0.00176826 -4.58273e-20)
(0.20011 -0.00365787 1.49665e-19)
(0.196834 -0.00549323 6.83228e-21)
(0.193897 -0.0072648 2.48796e-20)
(0.191328 -0.00896314 1.6257e-19)
(0.18915 -0.0105795 8.74971e-20)
(0.187384 -0.0121074 4.78661e-20)
(0.186051 -0.0135434 8.49358e-20)
(0.185168 -0.0148876 4.42109e-20)
(0.184755 -0.0161435 -6.07124e-20)
(0.184829 -0.0173176 4.04381e-20)
(0.307656 0.0164892 -5.25557e-19)
(0.302263 0.0142129 -6.35294e-19)
(0.297029 0.0119505 -9.03784e-19)
)
;

boundaryField
{
    inlet
    {
        type            uniformFixedValue;
        uniformValue    constant (1 0 0);
        value           nonuniform 0();
    }
    outlet
    {
        type            pressureInletOutletVelocity;
        value           nonuniform 0();
    }
    polygon
    {
        type            fixedValue;
        value           nonuniform 0();
    }
    top
    {
        type            symmetryPlane;
    }
    bottom
    {
        type            symmetryPlane;
    }
    outside
    {
        type            zeroGradient;
    }
    procBoundary14to6
    {
        type            processor;
        value           nonuniform List<vector> 
19
(
(0.291974 0.00970728 -2.49385e-19)
(0.287118 0.00748667 -1.1417e-18)
(0.282488 0.00528996 6.70749e-20)
(0.278112 0.00311712 -7.00588e-20)
(0.274023 0.000969289 -3.55566e-19)
(0.270256 -0.00114805 -2.96427e-19)
(0.266847 -0.0032279 -1.30813e-19)
(0.263842 -0.00527138 -2.60527e-19)
(0.261274 -0.00726226 -2.77425e-19)
(0.259174 -0.00918922 -1.85553e-20)
(0.25757 -0.0110445 -2.44463e-19)
(0.256487 -0.0128233 -1.59181e-19)
(0.255946 -0.0145248 -4.97074e-20)
(0.25597 -0.0161523 -1.06957e-19)
(0.256579 -0.0177125 -1.61737e-19)
(0.383725 0.0204249 -2.84287e-20)
(0.378235 0.0180448 -9.30087e-19)
(0.291974 0.00970728 -2.49385e-19)
(0.372899 0.0156637 8.93784e-19)
)
;
    }
    procBoundary14to7
    {
        type            processor;
        value           nonuniform List<vector> 2((0.240638 0.0148844 5.62273e-18) (0.31319 0.0187716 1.01052e-18));
    }
    procBoundary14to13
    {
        type            processor;
        value           nonuniform List<vector> 10((-0.221817 -0.0122373 -1.09394e-18) (-0.19383 -0.0140783 -5.92851e-18) (-0.161549 -0.0155133 -1.25884e-18) (-0.125243 -0.0165581 -2.77386e-19) (-0.0850341 -0.0172434 -1.39166e-19) (-0.0408353 -0.0176254 -1.02291e-19) (0.00767843 -0.0177958 -1.14127e-19) (0.0610641 -0.0178801 -2.9453e-20) (0.120049 -0.0180314 1.48885e-20) (0.18541 -0.0184194 -8.41374e-20));
    }
    procBoundary14to15
    {
        type            processor;
        value           nonuniform List<vector> 8((-0.217531 -0.00221367 5.08285e-19) (-0.173457 -0.00162035 9.01393e-19) (-0.124733 -0.00061012 2.7641e-18) (-0.0720105 0.000846922 7.32448e-18) (-0.0157985 0.00276949 1.0072e-18) (0.0435887 0.00515862 -5.6636e-18) (0.106046 0.00800163 -6.76753e-19) (0.171659 0.0112639 8.05203e-19));
    }
    procBoundary14to22
    {
        type            processor;
        value           nonuniform List<vector> 
19
(
(-0.264184 -0.00885113 -1.45479e-18)
(-0.261843 -0.00934598 -9.9397e-19)
(-0.259341 -0.00978253 -9.52323e-19)
(-0.256696 -0.0101582 -1.29225e-18)
(-0.253926 -0.0104709 4.19639e-19)
(-0.25105 -0.0107191 -2.53997e-18)
(-0.248089 -0.0109019 -2.24395e-18)
(-0.245063 -0.0110189 -5.46884e-19)
(-0.241992 -0.0110708 -1.11008e-18)
(-0.238897 -0.011059 2.2528e-18)
(-0.256166 -0.00342252 -6.73635e-18)
(-0.255864 -0.0043586 -2.60834e-18)
(-0.25531 -0.00526687 -1.28033e-19)
(-0.254513 -0.00614036 -7.03107e-18)
(-0.253481 -0.00697313 -1.51333e-18)
(-0.252224 -0.00775998 -7.37188e-18)
(-0.250752 -0.00849627 -2.80412e-18)
(-0.249078 -0.00917778 -3.78871e-19)
(-0.249078 -0.00917778 -3.78871e-19)
)
;
    }
}


// ************************************************************************* //
