/*--------------------------------*- C++ -*----------------------------------*\
  =========                 |
  \\      /  F ield         | OpenFOAM: The Open Source CFD Toolbox
   \\    /   O peration     | Website:  https://openfoam.org
    \\  /    A nd           | Version:  7
     \\/     M anipulation  |
\*---------------------------------------------------------------------------*/
FoamFile
{
    version     2.0;
    format      ascii;
    class       volVectorField;
    location    "16";
    object      U;
}
// * * * * * * * * * * * * * * * * * * * * * * * * * * * * * * * * * * * * * //

dimensions      [0 1 -1 0 0 0 0];

internalField   nonuniform List<vector> 
175
(
(0.801274 -0.207669 1.77453e-16)
(0.812288 -0.160013 1.6962e-16)
(0.823639 -0.111522 1.4899e-16)
(0.835656 -0.063724 9.3232e-17)
(0.848528 -0.0177826 -2.93847e-17)
(0.62925 -0.307363 2.83657e-19)
(0.62868 -0.325046 -6.55709e-19)
(0.629693 -0.342494 -7.89282e-18)
(0.632216 -0.358833 6.66701e-18)
(0.636077 -0.372904 -1.24797e-17)
(0.641026 -0.383301 1.91082e-17)
(0.646738 -0.388486 -4.67464e-18)
(0.652847 -0.386987 7.11057e-17)
(0.659012 -0.377615 -3.32336e-17)
(0.664983 -0.359698 1.03323e-16)
(0.670634 -0.333261 -6.07729e-17)
(0.676012 -0.299086 1.00912e-16)
(0.681347 -0.258617 5.5479e-17)
(0.687017 -0.213739 6.69131e-17)
(0.693437 -0.166453 6.0765e-17)
(0.700963 -0.11856 4.38016e-17)
(0.709836 -0.071497 2.02499e-17)
(0.72013 -0.0263116 -1.07669e-17)
(0.593254 -0.305079 2.64183e-18)
(0.588263 -0.323648 7.42901e-18)
(0.584176 -0.341939 2.38077e-17)
(0.580893 -0.359024 3.38946e-17)
(0.578265 -0.373695 3.79416e-17)
(0.576114 -0.384514 5.86378e-17)
(0.574246 -0.38994 6.05446e-17)
(0.572483 -0.388523 7.952e-17)
(0.570723 -0.37913 1.49577e-17)
(0.568981 -0.361163 1.24911e-16)
(0.567397 -0.334745 2.12222e-17)
(0.566239 -0.300756 2.00069e-16)
(0.565884 -0.260718 1.70488e-16)
(0.566749 -0.216543 1.92362e-16)
(0.569215 -0.170199 1.87478e-16)
(0.573548 -0.123415 1.73377e-16)
(0.579873 -0.0775221 1.18451e-16)
(0.588153 -0.0334555 -2.36281e-17)
(0.554036 -0.299695 3.44324e-19)
(0.544119 -0.318677 -3.46493e-18)
(0.534422 -0.337318 1.4507e-17)
(0.524847 -0.354665 1.71898e-17)
(0.515292 -0.369497 2.14067e-17)
(0.50568 -0.380387 2.94663e-17)
(0.495975 -0.385828 3.111e-17)
(0.486203 -0.384429 3.37034e-17)
(0.476515 -0.375134 1.80184e-17)
(0.467192 -0.357423 5.65897e-17)
(0.458622 -0.33149 2.88818e-17)
(0.451265 -0.298268 9.27893e-17)
(0.445595 -0.259287 7.03159e-17)
(0.442029 -0.216424 7.12217e-17)
(0.44087 -0.171575 5.87777e-17)
(0.442272 -0.12637 4.19685e-17)
(0.446238 -0.0820443 2.0424e-17)
(0.452638 -0.0394388 -6.71036e-18)
(0.511803 -0.290905 6.10566e-19)
(0.496619 -0.309829 1.32824e-18)
(0.480999 -0.328347 7.47556e-18)
(0.464866 -0.345505 8.07417e-18)
(0.448182 -0.360109 1.10038e-17)
(0.43099 -0.370779 1.4392e-17)
(0.413415 -0.376079 1.46186e-17)
(0.39569 -0.37471 1.52388e-17)
(0.37821 -0.365702 1.32792e-17)
(0.361502 -0.34861 2.68171e-17)
(0.346168 -0.323663 2.17173e-17)
(0.332824 -0.291799 4.32331e-17)
(0.322009 -0.254482 2.89021e-17)
(0.314115 -0.213508 2.71322e-17)
(0.309362 -0.17066 1.95077e-17)
(0.307794 -0.12746 9.76858e-18)
(0.309303 -0.0850561 4.1782e-18)
(0.313686 -0.0442208 -2.0973e-18)
(0.466904 -0.278523 -1.46136e-18)
(0.446294 -0.296941 -6.90461e-18)
(0.424642 -0.314894 4.42093e-18)
(0.401906 -0.331461 4.02113e-18)
(0.378123 -0.345502 5.63412e-18)
(0.353451 -0.355717 6.7825e-18)
(0.328172 -0.360775 7.03024e-18)
(0.302709 -0.359486 7.67627e-18)
(0.277671 -0.350981 7.38548e-18)
(0.253799 -0.334869 1.32681e-17)
(0.231865 -0.311384 1.26487e-17)
(0.212619 -0.281422 1.75517e-17)
(0.196652 -0.246322 1.06235e-17)
(0.184327 -0.207757 1.04761e-17)
(0.175808 -0.167369 7.3666e-18)
(0.171054 -0.126566 3.79689e-18)
(0.169879 -0.086418 3.38662e-18)
(0.172023 -0.0476549 -2.14616e-18)
(0.419797 -0.262481 -7.50397e-19)
(0.393789 -0.279981 -1.30077e-18)
(0.366199 -0.296975 2.16504e-18)
(0.337026 -0.312597 1.83579e-18)
(0.306384 -0.325784 2.82484e-18)
(0.274535 -0.33535 3.37727e-18)
(0.241896 -0.340085 4.48253e-18)
(0.209049 -0.338928 3.89673e-18)
(0.17678 -0.331113 3.44885e-18)
(0.146005 -0.316285 5.01021e-18)
(0.117621 -0.294663 6.70406e-18)
(0.092501 -0.267094 7.19646e-18)
(0.0712804 -0.234687 5.65264e-18)
(0.0543151 -0.198992 5.17835e-18)
(0.0417602 -0.161491 4.45021e-18)
(0.0335353 -0.123471 1.77316e-18)
(0.029413 -0.0859293 1.13763e-18)
(0.0290948 -0.0495528 1.48008e-19)
(0.371012 -0.242846 -1.81449e-18)
(0.339815 -0.259067 -6.43216e-18)
(0.306571 -0.274764 1.39398e-18)
(0.271327 -0.289148 1.36997e-18)
(0.234259 -0.301254 1.86082e-18)
(0.19572 -0.310024 1.83463e-18)
(0.156233 -0.31439 2.50528e-18)
(0.116499 -0.313422 -9.33288e-19)
(0.0774459 -0.306484 2.13815e-18)
(0.0401194 -0.293203 2.6103e-18)
(0.00547161 -0.273764 5.89476e-18)
(-0.0254773 -0.248877 5.46896e-18)
(-0.0520168 -0.21958 6.26269e-19)
(-0.0738143 -0.187164 2.49598e-18)
(-0.0906602 -0.152947 3.73241e-18)
(-0.102622 -0.118092 2.15313e-18)
(-0.109911 -0.0835275 4.43531e-18)
(-0.112804 -0.0499406 3.71379e-18)
(0.321119 -0.219791 -1.21323e-18)
(0.285097 -0.234416 -3.43593e-18)
(0.246646 -0.248511 -1.0889e-17)
(0.205856 -0.261385 -3.10789e-18)
(0.16296 -0.27217 -2.4438e-17)
(0.118375 -0.279954 -4.97603e-18)
(0.0727032 -0.283826 -3.70641e-17)
(0.0267091 -0.283013 4.52938e-17)
(-0.0185572 -0.276882 -5.54038e-17)
(-0.0619401 -0.26519 6.94298e-17)
(-0.102433 -0.248077 -8.09761e-17)
(-0.13901 -0.226058 -8.75148e-18)
(-0.170862 -0.20013 3.1118e-18)
(-0.197537 -0.17132 8.29333e-18)
(-0.218786 -0.14076 1.13106e-17)
(-0.234613 -0.109469 1.68609e-17)
(-0.245199 -0.0782767 2.3839e-17)
(-0.250827 -0.0478082 1.27368e-17)
(0.270911 -0.193639 -2.63678e-19)
(0.230532 -0.206478 7.058e-19)
(0.187425 -0.21883 9.26298e-18)
(0.141731 -0.230133 1.77351e-17)
(0.0937332 -0.239596 1.97207e-17)
(0.0438742 -0.246497 3.42397e-17)
(-0.00719917 -0.250066 3.60017e-17)
(-0.0586053 -0.249625 6.99404e-17)
(-0.109274 -0.244604 -9.47906e-18)
(-0.15807 -0.234838 9.90423e-17)
(-0.203859 -0.220418 -1.42149e-17)
(-0.245592 -0.201737 9.27674e-17)
(-0.282395 -0.179559 1.28331e-16)
(-0.313691 -0.154747 1.47973e-16)
(-0.339147 -0.128241 1.62204e-16)
(-0.358674 -0.100928 1.76633e-16)
(-0.372366 -0.0735596 2.05351e-16)
(-0.380459 -0.0467232 6.15668e-17)
(0.222567 -0.164103 -5.78121e-19)
(0.17837 -0.174654 -2.70293e-18)
(0.131189 -0.184658 2.93403e-18)
(0.081245 -0.193787 5.69227e-18)
(0.0288492 -0.201197 7.32878e-18)
(-0.0255409 -0.206408 1.17415e-17)
(-0.0811726 -0.208798 1.3354e-17)
(-0.137137 -0.20782 2.3124e-17)
)
;

boundaryField
{
    inlet
    {
        type            uniformFixedValue;
        uniformValue    constant (1 0 0);
        value           nonuniform 0();
    }
    outlet
    {
        type            pressureInletOutletVelocity;
        value           nonuniform 0();
    }
    polygon
    {
        type            fixedValue;
        value           nonuniform 0();
    }
    top
    {
        type            symmetryPlane;
    }
    bottom
    {
        type            symmetryPlane;
    }
    outside
    {
        type            zeroGradient;
    }
    procBoundary52to44
    {
        type            processor;
        value           nonuniform List<vector> 
18
(
(0.154193 -0.156127 -8.92569e-19)
(0.105669 -0.165357 4.92299e-19)
(0.0543336 -0.173932 2.83674e-18)
(0.000485815 -0.180979 7.28294e-18)
(-0.0554904 -0.186211 6.80925e-18)
(-0.112818 -0.188989 5.15375e-18)
(-0.170631 -0.188828 1.18862e-17)
(-0.192345 -0.203119 7.78073e-19)
(-0.245629 -0.194549 3.29272e-17)
(-0.295815 -0.182225 4.00072e-19)
(-0.341823 -0.166495 2.55246e-17)
(-0.382749 -0.14796 3.99632e-17)
(-0.417949 -0.127326 4.12405e-17)
(-0.447035 -0.105341 4.52753e-17)
(-0.469866 -0.0827102 5.36329e-17)
(-0.486504 -0.0600405 6.05142e-17)
(-0.497157 -0.0377932 4.54594e-17)
(-0.192345 -0.203119 7.78073e-19)
)
;
    }
    procBoundary52to45
    {
        type            processor;
        value           uniform (0.199619 -0.14647 -5.26535e-19);
    }
    procBoundary52to51
    {
        type            processor;
        value           nonuniform List<vector> 8((0.59822 0.00817933 6.10686e-18) (0.461248 0.000918481 3.10106e-18) (0.320687 -0.00543643 7.19135e-21) (0.177204 -0.0107439 -5.27209e-19) (0.0322999 -0.0147794 3.01813e-18) (-0.111626 -0.0178123 3.76715e-18) (-0.251744 -0.0185356 7.53265e-18) (-0.383285 -0.0208414 2.01962e-17));
    }
    procBoundary52to53
    {
        type            processor;
        value           nonuniform List<vector> 10((0.631387 -0.290045 -1.20674e-19) (0.599188 -0.286885 8.87827e-19) (0.564245 -0.281059 -2.34768e-18) (0.526638 -0.272273 -1.63376e-19) (0.486559 -0.260329 -1.29671e-18) (0.444298 -0.245134 -1.5295e-19) (0.400219 -0.226711 8.58256e-19) (0.354748 -0.205189 5.3573e-19) (0.308579 -0.180798 1.11293e-18) (0.263789 -0.153461 4.41299e-18));
    }
    procBoundary52to59
    {
        type            processor;
        value           nonuniform List<vector> 2((0.862254 0.0254972 9.9801e-18) (0.731752 0.0162881 5.64385e-18));
    }
    procBoundary52to60
    {
        type            processor;
        value           nonuniform List<vector> 
19
(
(0.907324 -0.197813 5.79115e-17)
(0.92374 -0.150318 4.46471e-17)
(0.9398 -0.101731 3.18019e-17)
(0.955879 -0.0536472 1.03042e-17)
(0.972247 -0.00734167 -1.007e-17)
(0.661964 -0.306942 1.21475e-18)
(0.66518 -0.323289 6.0005e-18)
(0.670618 -0.339407 2.30159e-17)
(0.678255 -0.354502 3.22843e-17)
(0.687936 -0.367497 3.70406e-17)
(0.699374 -0.377055 5.83826e-17)
(0.71215 -0.381689 6.29489e-17)
(0.72575 -0.37994 7.83626e-17)
(0.73963 -0.370594 2.76661e-17)
(0.753297 -0.352913 1.19345e-16)
(0.766371 -0.32682 4.03257e-17)
(0.778653 -0.292962 1.89931e-16)
(0.790193 -0.252647 1.5775e-16)
(0.790193 -0.252647 1.5775e-16)
)
;
    }
}


// ************************************************************************* //
