/*--------------------------------*- C++ -*----------------------------------*\
  =========                 |
  \\      /  F ield         | OpenFOAM: The Open Source CFD Toolbox
   \\    /   O peration     | Website:  https://openfoam.org
    \\  /    A nd           | Version:  7
     \\/     M anipulation  |
\*---------------------------------------------------------------------------*/
FoamFile
{
    version     2.0;
    format      ascii;
    class       volVectorField;
    location    "28";
    object      U;
}
// * * * * * * * * * * * * * * * * * * * * * * * * * * * * * * * * * * * * * //

dimensions      [0 1 -1 0 0 0 0];

internalField   nonuniform List<vector> 
125
(
(1.24902 -0.295502 -5.71336e-18)
(1.25678 -0.314886 2.64228e-18)
(1.26951 -0.336392 3.00239e-18)
(1.28703 -0.362132 -1.85651e-18)
(1.30819 -0.388473 -1.41392e-19)
(1.31628 -0.417168 5.62764e-18)
(1.24101 -0.301522 -4.12291e-18)
(1.24837 -0.322762 3.61843e-18)
(1.26052 -0.346579 3.80323e-18)
(1.27746 -0.375 -1.47681e-18)
(1.29595 -0.403993 3.11912e-19)
(1.23231 -0.305079 -9.85362e-18)
(1.23881 -0.32753 4.16068e-18)
(1.24983 -0.352938 1.72045e-18)
(1.26592 -0.383482 -8.1199e-19)
(1.28401 -0.415814 -2.74901e-19)
(1.22284 -0.309285 -8.74087e-18)
(1.22844 -0.333114 5.57956e-18)
(1.23828 -0.360302 6.2655e-18)
(1.2531 -0.392858 9.92312e-19)
(1.26926 -0.427809 -6.39754e-19)
(1.21266 -0.312822 -1.6817e-17)
(1.21709 -0.337848 1.22978e-18)
(1.22551 -0.366597 6.05064e-18)
(1.23884 -0.400977 5.2679e-19)
(1.2537 -0.438665 -1.03598e-18)
(1.20137 -0.293342 -3.86254e-17)
(1.20189 -0.316087 -1.02051e-17)
(1.20496 -0.342263 4.0343e-18)
(1.21174 -0.372484 7.86753e-18)
(1.22323 -0.408499 4.77758e-18)
(1.23624 -0.448506 1.80585e-19)
(1.19179 -0.295181 -4.66309e-17)
(1.19113 -0.318808 -1.36587e-17)
(1.1927 -0.346005 3.5517e-18)
(1.19767 -0.377528 8.97211e-18)
(1.20708 -0.415018 9.11354e-18)
(1.21816 -0.457202 -1.52174e-18)
(1.18242 -0.296658 -4.68188e-17)
(1.18075 -0.321068 -5.7492e-18)
(1.18101 -0.34916 4.49396e-18)
(1.18434 -0.381807 1.01054e-17)
(1.19179 -0.420555 1.57076e-17)
(1.17182 -0.297858 -5.05166e-17)
(1.16917 -0.322977 -1.7029e-17)
(1.16823 -0.351858 -2.61559e-18)
(1.17012 -0.38547 1.11582e-17)
(1.17589 -0.425302 1.72012e-17)
(1.1569 -0.298689 -6.21533e-17)
(1.15223 -0.324474 -1.47852e-17)
(1.1489 -0.354081 -5.23669e-19)
(1.14803 -0.388558 1.32518e-17)
(1.15073 -0.429367 1.32659e-17)
(1.30959 -0.267562 -2.03953e-19)
(1.31791 -0.276483 2.07502e-18)
(1.32028 -0.28108 2.36916e-18)
(1.29921 -0.274897 1.99951e-18)
(1.22109 -0.248068 3.11839e-18)
(1.30438 -0.269446 -6.98408e-19)
(1.31398 -0.279985 1.68138e-18)
(1.32143 -0.287879 3.36481e-18)
(1.31325 -0.287606 2.35289e-18)
(1.25958 -0.269236 3.76354e-18)
(1.2986 -0.271551 -1.24447e-18)
(1.30833 -0.283094 1.11594e-18)
(1.31786 -0.292813 2.51952e-18)
(1.31675 -0.296013 2.59866e-18)
(1.27983 -0.283845 3.14129e-18)
(1.29258 -0.273348 -9.82981e-19)
(1.30242 -0.286077 1.05036e-18)
(1.31406 -0.298039 3.04707e-18)
(1.32011 -0.305388 8.4653e-19)
(1.29978 -0.300116 3.17751e-18)
(1.21271 -0.269107 2.94795e-18)
(1.28611 -0.274933 -2.13195e-18)
(1.29547 -0.288568 7.49763e-19)
(1.30773 -0.30221 3.29711e-18)
(1.31818 -0.312975 -4.07211e-19)
(1.31096 -0.314343 2.68188e-19)
(1.25116 -0.293219 4.63615e-18)
(1.28814 -0.290798 1.93147e-19)
(1.30057 -0.306015 3.78681e-18)
(1.31416 -0.319898 5.8362e-20)
(1.3174 -0.327442 4.13481e-19)
(1.28145 -0.316219 3.70939e-18)
(1.28009 -0.29258 -4.40364e-19)
(1.29188 -0.309063 4.26109e-18)
(1.30686 -0.325534 1.18288e-19)
(1.31747 -0.338649 -1.74489e-19)
(1.30165 -0.337369 3.48539e-18)
(1.27151 -0.293952 5.48605e-19)
(1.28218 -0.311483 3.98197e-18)
(1.29718 -0.330022 7.78661e-19)
(1.3121 -0.347838 -5.35935e-19)
(1.3117 -0.355898 4.15593e-18)
(1.2628 -0.29479 -1.37458e-18)
(1.27201 -0.313099 3.4627e-18)
(1.286 -0.333124 1.61251e-19)
(1.30256 -0.354663 -1.29048e-18)
(1.31276 -0.370976 1.5905e-18)
(1.25523 -0.295188 2.55236e-19)
(1.26341 -0.314049 2.01468e-18)
(1.2765 -0.334976 2.61368e-18)
(1.29356 -0.359112 -1.61927e-18)
(1.3106 -0.381851 1.53485e-18)
(1.01311 -0.0866444 -3.48468e-18)
(1.01402 -0.193614 -6.27825e-17)
(1.06769 -0.170699 -3.3757e-17)
(1.07431 -0.297487 -6.07194e-17)
(1.00109 -0.0879387 -1.86842e-18)
(1.00122 -0.203569 1.72918e-17)
(1.05162 -0.175433 -8.51613e-17)
(1.05543 -0.325297 -2.10823e-17)
(0.988698 -0.0891157 -7.42157e-18)
(0.987594 -0.212487 7.32802e-18)
(1.0314 -0.179181 -6.91999e-17)
(1.03525 -0.357106 -6.89995e-18)
(0.977424 -0.0904071 -5.70923e-18)
(0.97164 -0.219277 -1.69498e-17)
(1.00644 -0.182116 1.44967e-17)
(1.01495 -0.394263 2.30033e-17)
(0.969198 -0.0920391 -1.18943e-17)
(0.950889 -0.222241 -3.78401e-17)
(0.977685 -0.185268 7.58946e-17)
(0.995972 -0.438202 3.61546e-17)
)
;

boundaryField
{
    inlet
    {
        type            uniformFixedValue;
        uniformValue    constant (1 0 0);
        value           nonuniform 0();
    }
    outlet
    {
        type            pressureInletOutletVelocity;
        value           nonuniform 0();
    }
    polygon
    {
        type            fixedValue;
        value           nonuniform 0();
    }
    top
    {
        type            symmetryPlane;
    }
    bottom
    {
        type            symmetryPlane;
    }
    outside
    {
        type            zeroGradient;
    }
    procBoundary17to8
    {
        type            processor;
        value           nonuniform List<vector> 5((0.997969 -0.105052 -6.26603e-17) (0.989398 -0.105845 1.41073e-17) (0.979321 -0.105015 -1.55831e-17) (0.966724 -0.102444 -1.69238e-17) (0.95077 -0.0981058 1.32342e-17));
    }
    procBoundary17to9
    {
        type            processor;
        value           nonuniform List<vector> 
26
(
(1.24448 -0.278346 -1.8812e-17)
(1.23693 -0.28291 -2.11727e-17)
(1.22891 -0.285479 -2.49384e-17)
(1.22024 -0.288543 -2.82177e-17)
(1.21101 -0.291061 -3.31245e-17)
(1.21101 -0.291061 -3.31245e-17)
(1.20224 -0.272989 -1.55895e-17)
(1.19359 -0.274101 -1.70063e-17)
(1.18502 -0.274924 -9.58424e-18)
(1.17526 -0.275514 -2.21591e-17)
(1.16205 -0.275758 -2.03204e-17)
(1.30204 -0.257353 -3.91928e-18)
(1.2969 -0.258413 -4.82181e-18)
(1.2915 -0.25985 -6.9231e-18)
(1.28588 -0.260933 -6.43793e-18)
(1.28001 -0.261904 -8.5544e-18)
(1.27939 -0.276283 -1.34539e-18)
(1.27939 -0.276283 -1.34539e-18)
(1.27226 -0.277339 -2.90428e-18)
(1.26477 -0.278077 -6.82297e-18)
(1.25719 -0.27842 -1.19324e-17)
(1.25037 -0.278427 -1.41374e-17)
(1.02407 -0.0850905 1.15393e-18)
(1.02645 -0.183151 -2.06422e-17)
(1.08079 -0.165095 -6.99909e-18)
(1.09125 -0.272791 -2.61726e-17)
)
;
    }
    procBoundary17to10
    {
        type            processor;
        value           nonuniform List<vector> 5((1.31988 -0.260484 -3.12917e-19) (1.32609 -0.267357 1.64877e-18) (1.32161 -0.269436 4.35941e-18) (1.28499 -0.260801 1.3522e-18) (1.17941 -0.232904 2.14003e-18));
    }
    procBoundary17to25
    {
        type            processor;
        value           nonuniform List<vector> 
28
(
(1.27434 -0.420901 5.58913e-18)
(1.29816 -0.433011 3.79725e-18)
(1.3045 -0.398519 7.04962e-18)
(1.29816 -0.433011 3.79725e-18)
(1.28959 -0.450309 5.09597e-18)
(1.27337 -0.464511 8.25778e-18)
(1.25843 -0.478642 9.26918e-18)
(1.24027 -0.490908 1.12559e-17)
(1.22165 -0.502173 1.44467e-17)
(1.20098 -0.464573 1.53023e-18)
(1.20098 -0.464573 1.53023e-18)
(1.18361 -0.470883 -9.50113e-19)
(1.15549 -0.476317 -2.59025e-18)
(1.03992 -0.192049 2.89698e-18)
(1.11312 -0.220901 8.54209e-18)
(1.16338 -0.244092 7.08104e-18)
(1.16338 -0.244092 7.08104e-18)
(0.997966 -0.200738 4.22052e-18)
(1.07736 -0.234596 7.4676e-18)
(1.14852 -0.269961 7.542e-18)
(1.20843 -0.305753 1.04103e-18)
(1.25416 -0.34028 1.70095e-18)
(1.2848 -0.371779 5.22249e-18)
(1.3045 -0.398519 7.04962e-18)
(0.965472 -0.0935448 -7.56413e-17)
(0.9225 -0.220261 -4.20574e-17)
(0.948355 -0.19015 3.10428e-17)
(0.978349 -0.489975 2.91504e-17)
)
;
    }
}


// ************************************************************************* //
