/*--------------------------------*- C++ -*----------------------------------*\
  =========                 |
  \\      /  F ield         | OpenFOAM: The Open Source CFD Toolbox
   \\    /   O peration     | Website:  https://openfoam.org
    \\  /    A nd           | Version:  7
     \\/     M anipulation  |
\*---------------------------------------------------------------------------*/
FoamFile
{
    version     2.0;
    format      ascii;
    class       labelList;
    location    "constant/polyMesh";
    object      faceProcAddressing;
}
// * * * * * * * * * * * * * * * * * * * * * * * * * * * * * * * * * * * * * //


215
(
1171
1172
1173
1174
1175
1176
1177
1178
1179
1190
1191
1192
1193
1194
1195
1196
1197
1198
1209
1210
1211
1212
1213
1214
1215
1216
1217
1228
1229
1230
1231
1232
1233
1234
1235
1236
1247
1248
1249
1250
1251
1252
1253
1254
1255
1266
1267
1268
1269
1270
1271
1272
1273
1274
1285
1286
1287
1288
1289
1290
1291
1292
1293
1304
1305
1306
1307
1308
1309
1310
1311
1312
1323
1324
1325
1326
1327
1328
1329
1330
1331
1337
1338
1339
1340
1536
1537
1538
1539
1540
2251
2252
2253
2254
2255
2256
2257
2258
2259
2260
2261
2262
2263
2264
2265
2266
2267
2268
2269
2270
2271
2272
2273
2274
2275
2276
2277
2278
2279
2280
2281
2282
2283
2284
2285
2286
2287
2288
2289
2290
2291
2292
2293
2294
2295
2296
2297
2298
2299
2300
3051
3052
3053
3054
3055
3056
3057
3058
3059
3060
3061
3062
3063
3064
3065
3066
3067
3068
3069
3070
3071
3072
3073
3074
3075
3076
3077
3078
3079
3080
3081
3082
3083
3084
3085
3086
3087
3088
3089
3090
3091
3092
3093
3094
3095
3096
3097
3098
3099
3100
-800
-820
-840
-860
-880
-900
-920
-940
-960
-970
-218
-221
-224
-227
-229
-1169
-1188
-1207
-1226
-1245
-1264
-1283
-1302
-1321
-1336
)


// ************************************************************************* //
