/*--------------------------------*- C++ -*----------------------------------*\
  =========                 |
  \\      /  F ield         | OpenFOAM: The Open Source CFD Toolbox
   \\    /   O peration     | Website:  https://openfoam.org
    \\  /    A nd           | Version:  7
     \\/     M anipulation  |
\*---------------------------------------------------------------------------*/
FoamFile
{
    version     2.0;
    format      ascii;
    class       volVectorField;
    location    "64";
    object      U;
}
// * * * * * * * * * * * * * * * * * * * * * * * * * * * * * * * * * * * * * //

dimensions      [0 1 -1 0 0 0 0];

internalField   nonuniform List<vector> 
125
(
(-0.321694 0.00877764 -3.12901e-19)
(-0.318186 0.00932936 2.74637e-19)
(-0.314477 0.00982826 5.36592e-19)
(-0.310587 0.0102691 -4.23004e-18)
(-0.306539 0.0106474 -1.66172e-18)
(-0.302359 0.0109598 -1.24653e-18)
(-0.298071 0.0112038 3.26758e-21)
(-0.293702 0.0113781 -2.39767e-18)
(-0.289278 0.0114826 3.25918e-18)
(-0.284824 0.0115184 -1.41753e-18)
(-0.280367 0.0114877 3.46934e-18)
(-0.275929 0.0113939 1.87513e-18)
(-0.271535 0.0112414 -2.55604e-18)
(-0.267204 0.0110351 2.373e-18)
(-0.262956 0.0107808 3.32942e-20)
(-0.258807 0.0104843 1.82026e-18)
(-0.336112 0.00717858 3.67862e-19)
(-0.332686 0.00770562 5.316e-19)
(-0.329028 0.00819175 9.60371e-19)
(-0.325159 0.00863162 1.04706e-18)
(-0.321101 0.00902058 -4.23292e-18)
(-0.316878 0.00935473 -6.83373e-19)
(-0.312514 0.00963097 2.86903e-19)
(-0.308038 0.00984711 3.54555e-20)
(-0.303477 0.0100019 -1.79888e-20)
(-0.298857 0.0100953 2.81229e-18)
(-0.294207 0.0101281 -1.22022e-18)
(-0.289553 0.0101022 2.89794e-18)
(-0.28492 0.0100206 3.0207e-18)
(-0.280333 0.0098871 5.24162e-19)
(-0.275814 0.00970609 -1.40707e-19)
(-0.271383 0.00948255 1.08134e-18)
(-0.267057 0.00922173 1.23132e-18)
(-0.345767 0.00614032 8.28217e-19)
(-0.342221 0.00659259 1.63529e-18)
(-0.338435 0.00700998 2.12792e-18)
(-0.334428 0.0073879 1.56606e-18)
(-0.330224 0.00772233 -7.11976e-18)
(-0.325848 0.0080099 9.82898e-19)
(-0.321326 0.00824793 1.92097e-18)
(-0.316685 0.00843449 8.67862e-21)
(-0.311956 0.00856849 2.46759e-18)
(-0.307166 0.00864975 4.00011e-18)
(-0.302343 0.008679 -2.39315e-18)
(-0.297517 0.00865784 4.66672e-18)
(-0.292713 0.00858877 5.34278e-18)
(-0.287957 0.00847499 3.01075e-18)
(-0.283272 0.0083203 -2.70458e-18)
(-0.27868 0.00812894 2.92823e-18)
(-0.274198 0.00790545 1.16717e-18)
(-0.353896 0.00506995 -8.35533e-19)
(-0.35025 0.00544452 1.04222e-18)
(-0.346356 0.00579041 1.32619e-18)
(-0.342234 0.00610377 1.87698e-18)
(-0.337908 0.00638128 -7.68395e-18)
(-0.333403 0.00662012 1.48797e-18)
(-0.328747 0.00681805 2.86974e-19)
(-0.323968 0.00697344 -2.58402e-19)
(-0.319097 0.00708537 2.02879e-18)
(-0.314162 0.00715363 1.85589e-18)
(-0.309194 0.00717878 -4.26125e-19)
(-0.304221 0.00716216 4.75939e-18)
(-0.299271 0.00710576 4.24566e-18)
(-0.294372 0.00701222 -2.15978e-19)
(-0.289546 0.00688469 -1.15887e-18)
(-0.284815 0.00672668 6.93561e-19)
(-0.280201 0.00654193 1.07391e-18)
(-0.360456 0.00397346 -7.65594e-19)
(-0.356731 0.00426787 -1.13545e-18)
(-0.35275 0.00453987 1.14797e-18)
(-0.348535 0.00478643 2.32124e-18)
(-0.34411 0.00500494 -6.3826e-18)
(-0.339502 0.00519316 1.16424e-18)
(-0.334737 0.00534931 -1.6023e-18)
(-0.329847 0.00547209 -7.26674e-19)
(-0.32486 0.00556077 3.12954e-18)
(-0.319808 0.00561514 4.55802e-19)
(-0.314721 0.00563562 1.06226e-18)
(-0.30963 0.00562323 2.88631e-18)
(-0.304562 0.00557953 4.66124e-18)
(-0.299544 0.00550658 1.27816e-18)
(-0.294603 0.00540682 -3.19549e-19)
(-0.289761 0.00528301 -6.70308e-19)
(-0.285037 0.0051381 1.65516e-18)
(-0.365412 0.00285625 -1.07817e-18)
(-0.361627 0.00306842 -9.58586e-19)
(-0.357581 0.00326454 2.27011e-18)
(-0.353296 0.00344241 3.22967e-18)
(-0.348797 0.00360015 -2.51529e-18)
(-0.34411 0.00373612 -6.18748e-19)
(-0.339264 0.00384905 -7.79416e-19)
(-0.334289 0.00393798 -9.65136e-19)
(-0.329215 0.00400235 1.95881e-18)
(-0.324074 0.00404203 3.46503e-18)
(-0.318897 0.00405728 3.32832e-18)
(-0.313714 0.00404883 2.90495e-18)
(-0.308556 0.00401778 1.56997e-18)
(-0.30345 0.0039656 2.34739e-18)
(-0.298421 0.00389405 -9.67029e-20)
(-0.293493 0.00380512 4.14461e-18)
(-0.288686 0.00370093 3.30176e-18)
(-0.368734 0.00172441 -2.0215e-18)
(-0.364909 0.00185278 -8.7673e-19)
(-0.36082 0.0019715 2.36832e-18)
(-0.356489 0.00207923 2.07381e-18)
(-0.35194 0.00217482 -1.27183e-18)
(-0.3472 0.0022573 -2.17927e-18)
(-0.342299 0.00232587 -3.31514e-19)
(-0.337267 0.00237996 -1.34994e-18)
(-0.332134 0.00241923 2.52889e-18)
(-0.326933 0.00244357 3.40877e-18)
(-0.321695 0.00245314 1.57326e-18)
(-0.316452 0.00244837 4.0464e-18)
(-0.311233 0.00242992 -1.02219e-18)
(-0.306066 0.00239867 -1.4186e-18)
(-0.300978 0.00235568 -2.58282e-19)
(-0.295992 0.00230214 5.19207e-18)
(-0.291129 0.00223933 -6.42752e-19)
(-0.370402 0.000587468 -1.96205e-18)
(-0.366558 0.000631378 -4.63435e-19)
(-0.362447 0.000671999 1.42934e-18)
(-0.358092 0.000708868 1.38141e-18)
(-0.353518 0.00074158 -1.68152e-18)
(-0.348752 0.000769792 -9.0901e-19)
(-0.343823 0.000793228 2.67163e-19)
)
;

boundaryField
{
    inlet
    {
        type            uniformFixedValue;
        uniformValue    constant (1 0 0);
        value           nonuniform 0();
    }
    outlet
    {
        type            pressureInletOutletVelocity;
        value           nonuniform 0();
    }
    polygon
    {
        type            fixedValue;
        value           nonuniform 0();
    }
    top
    {
        type            symmetryPlane;
    }
    bottom
    {
        type            symmetryPlane;
    }
    outside
    {
        type            zeroGradient;
    }
    procBoundary38to30
    {
        type            processor;
        value           nonuniform List<vector> 
18
(
(-0.338762 0.000811681 -2.52633e-18)
(-0.333599 0.000825028 6.69951e-19)
(-0.328368 0.000833229 -2.13449e-19)
(-0.3231 0.000836335 2.87493e-19)
(-0.317825 0.000834487 1.77638e-18)
(-0.312575 0.000827911 1.50579e-19)
(-0.307378 0.000816904 1.71859e-19)
(-0.30226 0.00080183 2.05007e-19)
(-0.297245 0.000783094 3.02902e-18)
(-0.292354 0.000761132 3.43919e-19)
(-0.370402 -0.000586783 -7.83268e-19)
(-0.366558 -0.000630851 3.49711e-19)
(-0.362447 -0.000671636 1.63725e-18)
(-0.358092 -0.000708674 1.04149e-18)
(-0.353518 -0.000741556 -4.9081e-20)
(-0.348752 -0.000769938 3.79818e-19)
(-0.338762 0.000811681 -2.52633e-18)
(-0.343823 -0.000793538 1.12407e-18)
)
;
    }
    procBoundary38to37
    {
        type            processor;
        value           nonuniform List<vector> 6((-0.262853 0.00892904 -1.06167e-18) (-0.269844 0.00765447 -3.42595e-19) (-0.275718 0.00633429 -1.12933e-20) (-0.28045 0.00497513 1.76779e-20) (-0.284019 0.00358365 -2.71667e-19) (-0.286408 0.00216857 -1.51121e-18));
    }
    procBoundary38to39
    {
        type            processor;
        value           nonuniform List<vector> 7((-0.339289 0.00661665 2.83039e-19) (-0.349054 0.00565837 1.21111e-18) (-0.357274 0.00467099 9.47258e-19) (-0.363907 0.00366004 -7.32221e-19) (-0.368917 0.00263047 -3.19372e-19) (-0.372276 0.00158786 -3.38947e-20) (-0.373962 0.000540784 9.13442e-20));
    }
    procBoundary38to45
    {
        type            processor;
        value           uniform (-0.254773 0.0101519 -2.61827e-18);
    }
    procBoundary38to46
    {
        type            processor;
        value           nonuniform List<vector> 
18
(
(-0.309301 0.00980662 -1.32093e-18)
(-0.305963 0.0104208 -8.07455e-20)
(-0.302434 0.0109757 -1.07993e-20)
(-0.298734 0.0114657 -3.57733e-18)
(-0.294885 0.0118858 -2.7285e-18)
(-0.290911 0.0122322 9.65055e-19)
(-0.286834 0.0125023 1.12161e-19)
(-0.28268 0.0126948 -1.37186e-18)
(-0.278474 0.0128094 1.28412e-18)
(-0.27424 0.0128476 -3.16938e-18)
(-0.270002 0.0128119 1.01771e-18)
(-0.265782 0.0127062 8.12621e-19)
(-0.261602 0.0125353 -1.22877e-18)
(-0.25748 0.0123048 8.36568e-19)
(-0.253435 0.012021 -1.53209e-18)
(-0.249483 0.0116906 3.35059e-18)
(-0.324981 0.00817913 1.779e-19)
(-0.324981 0.00817913 1.779e-19)
)
;
    }
}


// ************************************************************************* //
