/*--------------------------------*- C++ -*----------------------------------*\
  =========                 |
  \\      /  F ield         | OpenFOAM: The Open Source CFD Toolbox
   \\    /   O peration     | Website:  https://openfoam.org
    \\  /    A nd           | Version:  7
     \\/     M anipulation  |
\*---------------------------------------------------------------------------*/
FoamFile
{
    version     2.0;
    format      ascii;
    class       volVectorField;
    location    "82";
    object      U;
}
// * * * * * * * * * * * * * * * * * * * * * * * * * * * * * * * * * * * * * //

dimensions      [0 1 -1 0 0 0 0];

internalField   nonuniform List<vector> 
125
(
(-0.151895 0.010166 -5.14923e-18)
(-0.146685 0.0119666 -1.24833e-17)
(-0.140932 0.0141563 -1.84301e-17)
(-0.134544 0.0168417 -2.55793e-18)
(-0.127533 0.0201883 -7.96422e-18)
(-0.11968 0.0243946 -1.85918e-18)
(-0.111371 0.0297318 -2.99319e-19)
(-0.101617 0.0366937 -9.80593e-20)
(-0.0927742 0.0448948 1.48689e-17)
(-0.0800324 0.0565091 1.4705e-18)
(-0.0713495 0.0639477 -1.92542e-17)
(-0.0512304 0.0743359 -4.164e-18)
(-0.0196575 0.0431099 -8.23797e-18)
(-0.180074 0.00520124 -4.58803e-18)
(-0.176596 0.00612531 -2.23196e-17)
(-0.172697 0.00722362 -4.50449e-18)
(-0.168318 0.00854109 -3.10745e-18)
(-0.16338 0.0101326 -9.55445e-18)
(-0.157817 0.0120784 -1.0117e-17)
(-0.151494 0.01448 -8.60333e-19)
(-0.144383 0.0174906 -1.66343e-17)
(-0.136161 0.0213126 -1.99038e-18)
(-0.127131 0.0261779 -1.38076e-19)
(-0.116111 0.032646 8.53422e-20)
(-0.105135 0.0402279 1.30418e-17)
(-0.0894928 0.0512006 1.60884e-18)
(-0.0756896 0.0582024 -1.81133e-17)
(-0.0514733 0.0669046 -3.71402e-18)
(-0.016835 0.0395951 -1.30209e-17)
(-0.192967 0.00417629 -2.21843e-18)
(-0.189817 0.00495976 -2.36211e-17)
(-0.186223 0.00589445 -5.83969e-18)
(-0.182116 0.00701987 -2.46037e-18)
(-0.177401 0.00838508 -1.36211e-17)
(-0.171989 0.0100615 -7.6689e-18)
(-0.165709 0.0121419 2.20002e-18)
(-0.158494 0.0147616 -1.59969e-17)
(-0.149936 0.0181179 -1.74733e-18)
(-0.140255 0.0223957 7.98759e-19)
(-0.12811 0.0281747 1.90328e-17)
(-0.115227 0.0349105 1.96735e-17)
(-0.09704 0.0448389 2.50826e-18)
(-0.0788864 0.0512395 -1.1013e-17)
(-0.0512527 0.0584671 -3.23806e-18)
(-0.0152687 0.035612 -8.20661e-18)
(-0.20354 0.00325619 -1.6627e-18)
(-0.200658 0.00389694 -2.27369e-17)
(-0.197314 0.00466359 -6.17624e-18)
(-0.19343 0.00558932 -1.86774e-18)
(-0.188895 0.00671591 -6.95225e-18)
(-0.183605 0.00810374 -8.04601e-18)
(-0.177357 0.00983339 8.67983e-18)
(-0.170053 0.012018 -6.89918e-18)
(-0.161209 0.0148394 3.74065e-19)
(-0.150979 0.0184348 2.00658e-18)
(-0.137891 0.0233634 2.93227e-17)
(-0.123389 0.0290708 1.73811e-17)
(-0.103062 0.0376308 1.87821e-18)
(-0.0813263 0.0432487 -1.32855e-17)
(-0.0507987 0.0492183 -2.53582e-18)
(-0.0142425 0.031036 -1.09339e-17)
(-0.21189 0.00242723 -1.63448e-18)
(-0.20922 0.0029231 -1.91805e-17)
(-0.206074 0.00351792 -6.43067e-18)
(-0.202367 0.00423795 -1.62756e-18)
(-0.197976 0.00511663 -5.02366e-18)
(-0.192786 0.00620176 -1.32722e-17)
(-0.186566 0.00755922 2.10921e-18)
(-0.179194 0.00927705 -4.98146e-18)
(-0.170128 0.0115122 3.73595e-18)
(-0.159463 0.0143565 3.42054e-18)
(-0.145631 0.0183068 1.88335e-17)
(-0.129832 0.0228486 2.19882e-17)
(-0.107791 0.029781 1.25199e-18)
(-0.0832155 0.0344309 -5.83722e-18)
(-0.050249 0.0392634 -1.45487e-18)
(-0.0134484 0.0257564 -4.27102e-18)
(-0.218092 0.00165841 -4.06628e-18)
(-0.215581 0.00201082 -2.973e-17)
(-0.212584 0.00243433 -7.10414e-18)
(-0.209011 0.00294781 -1.85807e-18)
(-0.204731 0.00357561 -6.29945e-18)
(-0.199618 0.004352 -6.817e-18)
(-0.193423 0.00532604 1.09278e-19)
(-0.186008 0.00655939 -6.82681e-18)
(-0.176783 0.00817613 9.94356e-18)
(-0.165806 0.0102257 6.36377e-18)
(-0.151431 0.0131022 2.18975e-17)
(-0.13467 0.0163852 1.90954e-17)
(-0.111347 0.0214868 -1.81102e-18)
(-0.0846502 0.0249929 -3.10396e-18)
(-0.0497067 0.0286763 -3.21224e-19)
(-0.0127852 0.0196908 -2.07368e-18)
(-0.2222 0.000981333 -1.25526e-17)
(-0.219796 0.00118962 -2.31028e-17)
(-0.216899 0.00144029 -6.34637e-18)
(-0.213417 0.00174459 -2.05368e-18)
(-0.209213 0.00211729 -1.22173e-17)
(-0.204156 0.00257875 -4.33656e-18)
(-0.197982 0.00315955 -4.29345e-20)
(-0.190545 0.00389535 6.92861e-18)
(-0.181223 0.00486782 4.04244e-18)
(-0.170052 0.00610236 1.17722e-17)
(-0.155328 0.00786373 1.88457e-17)
(-0.137943 0.0098459 5.87032e-18)
(-0.113766 0.0129867 -8.96063e-18)
(-0.0856539 0.0151952 -2.42371e-18)
(-0.0492561 0.0176188 3.89569e-19)
(-0.0122523 0.0128136 -1.83395e-18)
(-0.224249 0.000264368 -1.38224e-17)
(-0.221899 0.000330294 -1.16946e-17)
(-0.219054 0.000410561 -4.8355e-18)
(-0.215619 0.000508885 -2.91145e-18)
(-0.211455 0.000630493 -6.48111e-18)
(-0.206429 0.00078176 -2.20922e-18)
(-0.20027 0.00097411 9.31743e-20)
(-0.192827 0.00121713 4.20459e-18)
(-0.183457 0.00154384 -6.15912e-19)
(-0.172192 0.00195644 4.20013e-18)
(-0.1573 0.00256467 7.37635e-18)
(-0.139613 0.00321601 -5.15385e-18)
(-0.115009 0.00428672 -4.47726e-18)
(-0.0861828 0.00501556 -1.72428e-18)
(-0.0489682 0.00590042 2.19615e-18)
(-0.0119137 0.00452665 -3.96344e-18)
)
;

boundaryField
{
    inlet
    {
        type            uniformFixedValue;
        uniformValue    constant (1 0 0);
        value           nonuniform 0();
    }
    outlet
    {
        type            pressureInletOutletVelocity;
        value           nonuniform 0();
    }
    polygon
    {
        type            fixedValue;
        value           uniform (0 0 0);
    }
    top
    {
        type            symmetryPlane;
    }
    bottom
    {
        type            symmetryPlane;
    }
    outside
    {
        type            zeroGradient;
    }
    procBoundary34to26
    {
        type            processor;
        value           nonuniform List<vector> 
16
(
(-0.224249 -0.000266148 -7.79162e-18)
(-0.221899 -0.000333369 -6.22505e-18)
(-0.219054 -0.000414674 -4.06884e-18)
(-0.215619 -0.000513763 -4.9247e-18)
(-0.211455 -0.000635849 -4.569e-18)
(-0.206429 -0.000787308 -1.01305e-18)
(-0.20027 -0.000979584 1.1235e-18)
(-0.192826 -0.00122229 4.99548e-18)
(-0.183457 -0.00154849 -6.07629e-18)
(-0.172192 -0.00196046 5.82126e-19)
(-0.1573 -0.00256796 2.04957e-18)
(-0.139613 -0.00321856 -2.4834e-18)
(-0.115009 -0.00428856 -2.57413e-18)
(-0.0861827 -0.00501677 -9.04317e-19)
(-0.0489681 -0.00590101 5.81737e-18)
(-0.0119137 -0.00452659 -9.22972e-18)
)
;
    }
    procBoundary34to27
    {
        type            processor;
        value           uniform (-0.226186 0.000209982 3.88962e-18);
    }
    procBoundary34to35
    {
        type            processor;
        value           nonuniform List<vector> 6((-0.183183 0.00441935 -4.13926e-18) (-0.195735 0.0035158 3.48979e-18) (-0.206028 0.00271757 -4.27092e-18) (-0.214157 0.0020115 2.90594e-18) (-0.220195 0.00136353 1.10704e-17) (-0.224193 0.000807262 5.99018e-18));
    }
    procBoundary34to42
    {
        type            processor;
        value           nonuniform List<vector> 
17
(
(-0.132679 0.0119007 -1.03631e-17)
(-0.127135 0.0138923 -3.11291e-18)
(-0.121137 0.0162994 -1.7055e-17)
(-0.114641 0.0192306 -2.62968e-18)
(-0.107704 0.0228578 -4.00638e-18)
(-0.100215 0.0273657 -1.28193e-18)
(-0.0926463 0.0330498 -1.00435e-19)
(-0.0842312 0.0402884 1.74176e-19)
(-0.0776406 0.0488499 7.13465e-18)
(-0.0680495 0.0606083 3.38298e-19)
(-0.0651771 0.0683021 -1.2872e-17)
(-0.0500566 0.0803244 -3.9995e-18)
(-0.0252725 0.0465529 -1.07194e-17)
(-0.164743 0.00635212 -1.03276e-17)
(-0.160872 0.00741276 -1.75674e-17)
(-0.156604 0.00866767 -2.27471e-18)
(-0.156604 0.00866767 -2.27471e-18)
)
;
    }
}


// ************************************************************************* //
