/*--------------------------------*- C++ -*----------------------------------*\
  =========                 |
  \\      /  F ield         | OpenFOAM: The Open Source CFD Toolbox
   \\    /   O peration     | Website:  https://openfoam.org
    \\  /    A nd           | Version:  7
     \\/     M anipulation  |
\*---------------------------------------------------------------------------*/
FoamFile
{
    version     2.0;
    format      ascii;
    class       volVectorField;
    location    "38";
    object      U;
}
// * * * * * * * * * * * * * * * * * * * * * * * * * * * * * * * * * * * * * //

dimensions      [0 1 -1 0 0 0 0];

internalField   nonuniform List<vector> 
115
(
(1.34035 0.191589 -6.4107e-19)
(1.34666 0.19419 -2.99075e-19)
(1.35164 0.196747 -7.13418e-19)
(1.35531 0.199281 4.25966e-19)
(1.35772 0.201819 -3.14178e-19)
(1.35889 0.204387 -1.78111e-19)
(1.35888 0.207019 -2.49335e-19)
(1.35771 0.209756 2.71421e-19)
(1.35539 0.212647 1.53576e-19)
(1.3519 0.215732 1.25861e-18)
(1.34726 0.219036 2.90947e-19)
(1.34152 0.222599 -5.78686e-19)
(1.33464 0.226555 -9.42677e-19)
(1.26317 0.173624 2.76194e-19)
(1.27965 0.177505 -1.25609e-19)
(1.2946 0.181322 3.85759e-19)
(1.30794 0.185077 -5.20577e-19)
(1.31963 0.188772 -7.12709e-20)
(1.32962 0.192416 -8.3226e-19)
(1.33787 0.19602 -2.22633e-19)
(1.34439 0.199603 4.86851e-19)
(1.34918 0.203185 1.40363e-19)
(1.35229 0.206796 -3.095e-19)
(1.35374 0.210479 3.57935e-19)
(1.35356 0.214291 -1.343e-19)
(1.35176 0.218288 2.9306e-19)
(1.34842 0.222516 1.27732e-19)
(1.34369 0.227044 1.12987e-19)
(1.33768 0.232056 1.15265e-18)
(1.18326 0.159058 8.11959e-20)
(1.20683 0.163984 -2.3958e-19)
(1.22906 0.168939 5.34705e-20)
(1.24979 0.173913 -3.62925e-19)
(1.26885 0.178897 7.20003e-20)
(1.28608 0.183886 -2.27643e-20)
(1.30134 0.188876 1.91304e-19)
(1.31451 0.193865 4.4168e-19)
(1.32549 0.198859 2.08032e-20)
(1.33425 0.203867 -2.43556e-19)
(1.34074 0.208917 1.39613e-19)
(1.34495 0.214055 -2.41158e-19)
(1.34686 0.219341 -1.3406e-19)
(1.34655 0.224828 1.24582e-19)
(1.34426 0.230607 1.54733e-19)
(1.34027 0.236914 5.58103e-19)
(1.06815 0.139486 -2.85053e-19)
(1.09825 0.145128 2.84901e-19)
(1.12769 0.150955 5.93737e-20)
(1.15623 0.156963 -4.11035e-19)
(1.18363 0.163142 1.2981e-20)
(1.2096 0.169479 6.2607e-19)
(1.23387 0.175961 -2.37903e-19)
(1.25617 0.18257 2.98551e-19)
(1.27622 0.18929 1.11227e-18)
(1.2938 0.196103 2.42911e-19)
(1.30869 0.203002 3.12935e-19)
(1.3207 0.210001 -2.65054e-19)
(1.32967 0.217134 -5.86376e-19)
(1.33555 0.224443 -2.48644e-19)
(1.33858 0.232008 -5.66417e-19)
(1.33912 0.240103 4.80548e-19)
(0.919428 0.116181 -4.88313e-19)
(0.953363 0.121883 -1.78006e-19)
(0.98765 0.127934 3.79303e-19)
(1.0221 0.134356 -1.51245e-19)
(1.05649 0.141163 2.16819e-19)
(1.09053 0.148364 -3.11484e-19)
(1.12389 0.155961 3.88806e-20)
(1.15619 0.163945 -2.00277e-20)
(1.18702 0.172301 8.77141e-19)
(1.21595 0.180996 -1.72382e-19)
(1.24251 0.189994 5.08773e-19)
(1.26624 0.199265 1.95013e-20)
(1.28663 0.208802 4.58039e-20)
(1.30335 0.218611 1.36376e-19)
(1.31641 0.228725 4.3036e-19)
(1.32607 0.239385 -3.1695e-19)
(0.748063 0.0918647 -4.35374e-19)
(0.781623 0.0968981 -9.27087e-20)
(0.81641 0.102352 5.00592e-19)
(0.852405 0.10828 -5.17184e-20)
(0.889554 0.114741 1.06357e-20)
(0.92775 0.121793 -5.30585e-19)
(0.966821 0.129492 -2.12613e-19)
(1.00651 0.137888 3.59247e-19)
(1.04646 0.147015 1.41956e-19)
(1.08624 0.156889 7.2605e-19)
(1.12527 0.167496 2.44433e-19)
(1.16288 0.178803 1.48054e-20)
(1.19825 0.190786 -2.00936e-19)
(1.23058 0.203434 5.24787e-19)
(1.25943 0.216719 4.58936e-19)
(1.2847 0.23073 5.8997e-19)
(0.571391 0.0696027 -2.00159e-19)
(0.600787 0.0735767 -1.01916e-19)
(0.631686 0.0779052 5.01321e-19)
(0.664222 0.082651 -1.08138e-20)
(0.698537 0.0878904 3.7934e-21)
(0.734778 0.0937143 1.03341e-19)
(0.773076 0.100229 4.42983e-19)
(0.813532 0.107555 1.54368e-19)
(0.856185 0.115824 -1.29712e-19)
(0.900977 0.125167 -5.45786e-20)
(0.947714 0.135694 5.05976e-19)
(0.995982 0.147488 -1.1011e-19)
(1.04507 0.160626 -2.51246e-20)
(1.09406 0.175194 -3.00986e-19)
(1.14217 0.1912 1.95059e-19)
(1.18887 0.208551 -3.26466e-20)
(0.405627 0.0512788 -5.93154e-20)
(0.429117 0.0542742 3.60723e-19)
(0.45384 0.0575098 4.96102e-19)
(0.479941 0.0610249 1.4623e-19)
(0.507601 0.0648691 -1.16186e-19)
(0.537043 0.0691062 2.85155e-19)
)
;

boundaryField
{
    inlet
    {
        type            uniformFixedValue;
        uniformValue    constant (1 0 0);
        value           nonuniform 0();
    }
    outlet
    {
        type            pressureInletOutletVelocity;
        value           nonuniform 0();
    }
    polygon
    {
        type            fixedValue;
        value           nonuniform 0();
    }
    top
    {
        type            symmetryPlane;
    }
    bottom
    {
        type            symmetryPlane;
    }
    outside
    {
        type            zeroGradient;
    }
    procBoundary50to41
    {
        type            processor;
        value           nonuniform List<vector> 3((1.33188 0.251182 -6.9662e-19) (1.3053 0.246047 1.131e-18) (1.23242 0.227252 -8.84931e-19));
    }
    procBoundary50to42
    {
        type            processor;
        value           nonuniform List<vector> 
17
(
(0.568544 0.0738187 4.15741e-19)
(0.602445 0.0791154 -3.2367e-19)
(0.639151 0.0851402 -3.19769e-19)
(0.679133 0.092079 2.17135e-19)
(0.722905 0.100156 3.23891e-19)
(0.770948 0.109631 -2.57465e-19)
(0.823572 0.120822 -2.77321e-19)
(0.88083 0.134128 4.48463e-19)
(0.942695 0.149866 1.05042e-18)
(1.0087 0.168473 1.20251e-18)
(0.260347 0.0371792 -1.46806e-19)
(0.27811 0.0394911 -7.94872e-19)
(0.296687 0.0419719 7.92282e-19)
(0.316149 0.0446401 2.09629e-19)
(0.336587 0.0475162 -2.9275e-19)
(0.568544 0.0738187 4.15741e-19)
(0.358125 0.0506233 -1.10921e-19)
)
;
    }
    procBoundary50to43
    {
        type            processor;
        value           nonuniform List<vector> 2((0.543376 0.0659314 -5.44953e-19) (0.383255 0.048492 -4.73271e-19));
    }
    procBoundary50to49
    {
        type            processor;
        value           nonuniform List<vector> 4((1.32612 0.231131 -1.75934e-18) (1.32993 0.237881 4.00076e-19) (1.33423 0.244183 9.51483e-19) (1.33691 0.249252 -4.73901e-19));
    }
    procBoundary50to51
    {
        type            processor;
        value           nonuniform List<vector> 5((1.24526 0.169682 2.23596e-19) (1.15854 0.154171 8.70628e-19) (1.0376 0.134034 3.62634e-19) (0.885991 0.110808 -1.55361e-19) (0.715719 0.0872014 2.29196e-19));
    }
    procBoundary50to58
    {
        type            processor;
        value           nonuniform List<vector> 
17
(
(1.35656 0.194934 -3.3834e-20)
(1.35949 0.196727 8.11779e-20)
(1.36146 0.198505 -2.25128e-19)
(1.36253 0.200289 3.72398e-19)
(1.36272 0.202103 5.71057e-20)
(1.36205 0.20397 -2.9359e-19)
(1.36053 0.205919 7.0185e-19)
(1.35817 0.20798 2.98445e-19)
(1.35492 0.210184 4.89794e-19)
(1.35074 0.212551 -8.2727e-20)
(1.34559 0.215086 -3.73997e-19)
(1.33946 0.217806 -7.17492e-19)
(1.33219 0.220801 -8.14209e-19)
(1.31327 0.183355 -1.39247e-19)
(1.32366 0.186184 3.80944e-19)
(1.33269 0.188925 1.83041e-19)
(1.33269 0.188925 1.83041e-19)
)
;
    }
}


// ************************************************************************* //
