/*--------------------------------*- C++ -*----------------------------------*\
  =========                 |
  \\      /  F ield         | OpenFOAM: The Open Source CFD Toolbox
   \\    /   O peration     | Website:  https://openfoam.org
    \\  /    A nd           | Version:  7
     \\/     M anipulation  |
\*---------------------------------------------------------------------------*/
FoamFile
{
    version     2.0;
    format      ascii;
    class       volVectorField;
    location    "52";
    object      U;
}
// * * * * * * * * * * * * * * * * * * * * * * * * * * * * * * * * * * * * * //

dimensions      [0 1 -1 0 0 0 0];

internalField   nonuniform List<vector> 
250
(
(1.24925 -0.216702 1.58251e-17)
(1.24483 -0.235161 1.26312e-17)
(1.23726 -0.242397 3.75775e-18)
(1.23115 -0.256361 6.96231e-18)
(1.22439 -0.267461 -2.95325e-19)
(1.21853 -0.281179 -6.46392e-18)
(1.21244 -0.294436 3.66537e-18)
(1.2068 -0.30945 -2.64542e-18)
(1.20092 -0.325929 -1.04644e-17)
(1.19582 -0.343159 -1.74974e-17)
(1.18976 -0.364513 -7.41431e-19)
(1.18587 -0.384858 6.73294e-18)
(1.2417 -0.21209 1.00701e-17)
(1.23661 -0.231694 1.07809e-17)
(1.22858 -0.239602 6.10143e-18)
(1.22166 -0.254871 1.13216e-17)
(1.21419 -0.266999 -1.82557e-18)
(1.20724 -0.282145 -5.98756e-18)
(1.20015 -0.296788 2.9809e-18)
(1.19314 -0.313632 -1.98244e-19)
(1.18583 -0.331975 -1.46663e-17)
(1.17831 -0.351885 -2.08885e-17)
(1.1699 -0.375935 6.48832e-18)
(1.16132 -0.400509 3.7929e-18)
(1.234 -0.206848 1.54739e-17)
(1.22845 -0.227152 1.49552e-17)
(1.22011 -0.235112 5.40592e-18)
(1.2125 -0.250886 1.39402e-17)
(1.2045 -0.263245 -2.01192e-17)
(1.19658 -0.278798 -8.9614e-18)
(1.18862 -0.293747 5.49103e-18)
(1.18036 -0.310988 -7.51295e-19)
(1.1718 -0.329639 -1.90262e-17)
(1.16259 -0.349946 -2.69861e-17)
(1.15206 -0.374336 9.41812e-18)
(1.2263 -0.201781 2.18562e-18)
(1.22014 -0.22295 1.77345e-17)
(1.2114 -0.231214 5.17551e-18)
(1.20295 -0.247774 2.77794e-18)
(1.19427 -0.260649 -2.07966e-17)
(1.18521 -0.276968 -9.53208e-18)
(1.17612 -0.292635 -1.22193e-17)
(1.16621 -0.310831 6.96413e-19)
(1.15585 -0.330387 -2.289e-18)
(1.14419 -0.351878 -3.5222e-17)
(1.13089 -0.377151 1.76342e-17)
(1.21858 -0.196466 7.24599e-18)
(1.21183 -0.218326 2.30102e-17)
(1.20272 -0.226707 6.27897e-18)
(1.19345 -0.243789 -7.44663e-18)
(1.18412 -0.256903 -2.90395e-17)
(1.17393 -0.273617 -1.00869e-17)
(1.16373 -0.289594 -8.03726e-18)
(1.15221 -0.308155 -1.94359e-17)
(1.13997 -0.327996 -1.15436e-17)
(1.1258 -0.349794 -2.2811e-17)
(1.10958 -0.374989 2.78893e-18)
(1.31118 -0.258411 8.36155e-19)
(1.30719 -0.275076 -1.42579e-18)
(1.3029 -0.283129 5.64463e-19)
(1.3003 -0.297458 4.73745e-19)
(1.29804 -0.309536 -8.01012e-19)
(1.2975 -0.324235 1.60553e-19)
(1.29756 -0.338069 -1.44171e-18)
(1.29729 -0.351609 -1.54534e-18)
(1.29029 -0.360419 -2.6991e-18)
(1.30615 -0.255333 1.2912e-18)
(1.30191 -0.272201 -7.32363e-19)
(1.29733 -0.280274 5.98955e-19)
(1.29425 -0.294599 8.06662e-19)
(1.29156 -0.30681 -2.08236e-18)
(1.29044 -0.321907 4.86979e-19)
(1.29036 -0.336937 -1.40534e-18)
(1.2918 -0.353474 -1.34592e-18)
(1.29211 -0.369004 -2.59932e-18)
(1.3009 -0.25206 1.66535e-18)
(1.29641 -0.2692 -1.54088e-18)
(1.29145 -0.277479 6.42059e-19)
(1.2879 -0.291958 1.43695e-18)
(1.2847 -0.304308 -2.11023e-18)
(1.28291 -0.319487 6.69741e-19)
(1.28192 -0.334435 -2.16747e-19)
(1.28221 -0.350657 -1.60636e-18)
(1.28196 -0.36617 -4.07385e-18)
(1.27644 -0.379055 -3.24852e-18)
(1.29539 -0.248514 2.32825e-18)
(1.29072 -0.265825 -1.93247e-18)
(1.28541 -0.274154 5.29149e-19)
(1.28143 -0.288658 2.11599e-18)
(1.27775 -0.301094 -2.72476e-18)
(1.27542 -0.316522 6.31028e-19)
(1.27396 -0.33223 -2.9313e-19)
(1.2745 -0.35014 -7.59891e-19)
(1.27673 -0.368915 -3.9736e-18)
(1.27884 -0.387358 -2.0707e-18)
(1.28964 -0.244746 1.44794e-19)
(1.28483 -0.262231 -6.4874e-18)
(1.27914 -0.270633 4.41483e-18)
(1.27477 -0.285159 -1.21474e-18)
(1.27054 -0.297568 -3.37536e-18)
(1.2675 -0.312816 5.26104e-19)
(1.26488 -0.328156 9.50876e-20)
(1.2635 -0.34552 2.92067e-18)
(1.26318 -0.36404 -2.92935e-18)
(1.2642 -0.384131 -3.69515e-18)
(1.28365 -0.240714 2.52354e-18)
(1.27876 -0.258317 -2.51542e-18)
(1.27271 -0.266717 4.15225e-18)
(1.26798 -0.28122 1.00858e-18)
(1.26326 -0.293612 -4.67629e-18)
(1.25974 -0.308899 1.70787e-19)
(1.25668 -0.324479 -9.55058e-19)
(1.25501 -0.342398 2.83327e-18)
(1.25455 -0.36179 -2.54476e-18)
(1.25601 -0.383036 -4.55553e-18)
(1.27745 -0.236437 2.69761e-18)
(1.27255 -0.254148 -6.49751e-18)
(1.26614 -0.262505 5.63239e-18)
(1.2611 -0.276941 1.85023e-18)
(1.25586 -0.289163 -6.12925e-18)
(1.25168 -0.304159 2.22847e-19)
(1.24761 -0.319257 -1.8881e-18)
(1.2444 -0.336519 -1.94149e-18)
(1.2417 -0.355451 -1.56001e-18)
(1.24067 -0.37689 -1.80413e-18)
(1.24154 -0.401467 -3.46729e-19)
(1.27104 -0.231903 4.94849e-18)
(1.26625 -0.249708 -8.36945e-19)
(1.25952 -0.257955 6.37339e-18)
(1.25427 -0.272312 4.39324e-18)
(1.24859 -0.284372 -7.78406e-18)
(1.244 -0.299217 1.53068e-19)
(1.23943 -0.314154 -1.30909e-18)
(1.23576 -0.331181 -4.01275e-19)
(1.23242 -0.349724 -2.11258e-18)
(1.23002 -0.370401 -4.32344e-18)
(1.2283 -0.394567 -1.11807e-18)
(1.2643 -0.227137 6.31226e-18)
(1.25975 -0.245071 3.2428e-18)
(1.25274 -0.253111 7.91677e-18)
(1.24731 -0.267338 7.54438e-18)
(1.2412 -0.279084 9.67546e-19)
(1.23611 -0.293533 -2.61855e-19)
(1.23069 -0.307918 -2.24827e-18)
(1.22591 -0.324321 -1.4089e-18)
(1.22119 -0.342233 -1.17152e-17)
(1.2172 -0.362 -4.15591e-18)
(1.21324 -0.3855 3.60837e-18)
(1.25702 -0.222123 7.69392e-18)
(1.25268 -0.240264 7.09168e-19)
(1.24535 -0.247976 9.06085e-18)
(1.23966 -0.262073 9.41282e-18)
(1.23317 -0.273508 -1.96115e-18)
(1.22776 -0.287609 8.25718e-19)
(1.22192 -0.30147 -2.14842e-18)
(1.21663 -0.317226 2.68095e-18)
(1.2111 -0.334363 -1.06637e-17)
(1.20612 -0.352784 -1.06839e-17)
(1.20046 -0.374927 5.25865e-18)
(1.1961 -0.397743 -5.56808e-18)
(1.3826 -0.287279 2.37104e-18)
(1.3782 -0.28676 -1.3568e-18)
(1.36786 -0.28403 -2.43938e-18)
(1.34567 -0.278774 -4.33401e-18)
(1.30241 -0.268021 -1.32162e-18)
(1.22712 -0.249954 1.01197e-18)
(1.10988 -0.222637 -2.69111e-18)
(0.948094 -0.186663 -6.86818e-19)
(0.752278 -0.145579 -4.97816e-19)
(1.38283 -0.287483 -7.39783e-19)
(1.38025 -0.288128 7.52937e-19)
(1.37368 -0.286591 1.15976e-18)
(1.3586 -0.283506 1.48986e-18)
(1.32675 -0.275701 4.29644e-19)
(1.26715 -0.261387 -2.7941e-19)
(1.16766 -0.237831 5.2212e-19)
(1.02073 -0.204474 -5.20445e-20)
(0.830657 -0.16355 2.61262e-19)
(1.38182 -0.287257 1.19676e-19)
(1.38037 -0.289042 -5.66721e-19)
(1.37645 -0.288491 -6.47989e-19)
(1.36693 -0.287366 -6.98248e-19)
(1.34485 -0.282259 -2.11007e-19)
(1.30005 -0.271645 -1.42235e-19)
(1.21929 -0.252133 -3.61754e-19)
(1.09108 -0.222039 5.50964e-22)
(0.912964 -0.181964 -1.49735e-19)
(1.37947 -0.286577 1.66454e-19)
(1.37864 -0.289601 3.77742e-19)
(1.37639 -0.289942 3.28433e-19)
(1.37091 -0.290683 2.47153e-19)
(1.35662 -0.288142 -8.07191e-20)
(1.32478 -0.281341 -2.1407e-19)
(1.26212 -0.266521 1.17079e-19)
(1.15423 -0.241163 -2.3651e-19)
(0.992104 -0.204153 7.84741e-20)
(1.37563 -0.285357 9.02412e-20)
(1.37508 -0.289752 2.63437e-20)
(1.37379 -0.29088 -2.37717e-19)
(1.37113 -0.293323 -5.46535e-20)
(1.36289 -0.292961 -2.84278e-19)
(1.34227 -0.289552 -1.69817e-19)
(1.29715 -0.279095 -1.25884e-19)
(1.21197 -0.258451 -1.93251e-19)
(1.07247 -0.224857 -3.03889e-19)
(1.36997 -0.283563 1.54982e-19)
(1.36945 -0.289641 2.53066e-19)
(1.3685 -0.291628 2.54867e-19)
(1.36746 -0.295906 8.5509e-20)
(1.36325 -0.297762 -3.26275e-20)
(1.35106 -0.297967 -3.08343e-20)
(1.32054 -0.292633 -2.05378e-19)
(1.25637 -0.278467 -2.21337e-19)
(1.14054 -0.251283 -1.16922e-19)
(1.3623 -0.28086 -1.9692e-20)
(1.36163 -0.288866 -7.1867e-20)
(1.36063 -0.291689 -2.84653e-20)
(1.36049 -0.297696 6.74653e-21)
(1.35906 -0.301286 -1.00978e-19)
(1.35365 -0.304218 -1.73441e-19)
(1.33643 -0.302746 -2.93663e-19)
(1.29413 -0.293804 -5.28255e-19)
(1.20755 -0.272263 -4.49857e-19)
(1.35219 -0.277136 3.06219e-20)
(1.35114 -0.287457 -3.56955e-20)
(1.34963 -0.291422 1.41246e-19)
(1.34944 -0.299745 -8.58566e-20)
(1.34881 -0.305873 -1.66998e-19)
(1.34668 -0.312622 -2.94647e-19)
(1.33752 -0.316571 -4.72937e-19)
(1.31095 -0.31532 -5.43521e-19)
(1.24861 -0.30325 -3.97598e-19)
(1.33922 -0.271848 1.43373e-20)
(1.33775 -0.284512 -3.48875e-19)
(1.33582 -0.289371 1.73627e-19)
(1.33578 -0.299404 -9.24426e-22)
(1.33608 -0.306908 -2.56616e-19)
(1.33717 -0.315621 -2.06529e-19)
(1.33579 -0.322374 -5.37921e-19)
(1.32561 -0.325819 -6.50454e-19)
(1.29176 -0.320497 -1.17362e-18)
(1.32266 -0.26511 3.16015e-19)
(1.31971 -0.280872 -7.6805e-19)
(1.31627 -0.287887 3.85896e-19)
(1.31484 -0.301219 1.7634e-19)
(1.31363 -0.312323 -4.52997e-19)
(1.31402 -0.325803 -8.3181e-20)
(1.31378 -0.338608 -1.11655e-18)
(1.30982 -0.350738 -1.252e-18)
(1.29121 -0.357538 -2.00815e-18)
)
;

boundaryField
{
    inlet
    {
        type            uniformFixedValue;
        uniformValue    constant (1 0 0);
        value           nonuniform 0();
    }
    outlet
    {
        type            pressureInletOutletVelocity;
        value           nonuniform 0();
    }
    polygon
    {
        type            fixedValue;
        value           nonuniform 0();
    }
    top
    {
        type            symmetryPlane;
    }
    bottom
    {
        type            symmetryPlane;
    }
    outside
    {
        type            zeroGradient;
    }
    procBoundary1to0
    {
        type            processor;
        value           nonuniform List<vector> 
11
(
(1.21089 -0.191155 4.27688e-18)
(1.2035 -0.213678 2.87e-17)
(1.19402 -0.222204 8.23754e-18)
(1.18389 -0.239802 -3.24002e-18)
(1.17386 -0.25316 -1.4484e-17)
(1.16249 -0.270249 -3.31623e-17)
(1.15108 -0.286536 -1.16072e-17)
(1.13788 -0.305422 -1.6429e-17)
(1.12368 -0.325431 -8.03192e-18)
(1.10684 -0.347427 -1.10196e-17)
(1.08757 -0.372295 -1.40086e-17)
)
;
    }
    procBoundary1to2
    {
        type            processor;
        value           nonuniform List<vector> 9((1.38101 -0.286608 -6.84672e-18) (1.37397 -0.284838 1.61017e-18) (1.35858 -0.280727 3.81704e-18) (1.3277 -0.273129 9.8756e-18) (1.27161 -0.259345 4.73553e-18) (1.1802 -0.237784 -4.50108e-18) (1.04666 -0.207463 7.55467e-18) (0.873515 -0.170147 7.71433e-19) (0.676197 -0.130304 2.0076e-18));
    }
    procBoundary1to5
    {
        type            processor;
        value           nonuniform List<vector> 
29
(
(1.17772 -0.414919 -1.04388e-17)
(1.14958 -0.43425 -2.588e-17)
(1.14059 -0.399204 6.56156e-18)
(1.14059 -0.399204 6.56156e-18)
(1.11509 -0.403523 4.68499e-18)
(1.08994 -0.401194 5.58637e-18)
(1.26212 -0.358329 -3.71272e-18)
(1.28312 -0.379482 3.67244e-19)
(1.28312 -0.379482 3.67244e-19)
(1.25216 -0.383026 -4.00927e-18)
(1.27177 -0.400089 -3.152e-18)
(1.2632 -0.403694 -1.10183e-18)
(1.25794 -0.405535 2.49948e-19)
(1.25794 -0.405535 2.49948e-19)
(1.24415 -0.426946 -1.10522e-17)
(1.22911 -0.421057 -1.15039e-17)
(1.21113 -0.410975 -6.01413e-18)
(1.21113 -0.410975 -6.01413e-18)
(1.18971 -0.429176 -9.84837e-18)
(0.54651 -0.105707 -3.29728e-19)
(0.618202 -0.121125 3.37116e-19)
(0.699764 -0.136997 1.02044e-19)
(0.782462 -0.158843 5.53403e-20)
(0.876244 -0.179544 -2.67817e-19)
(0.961872 -0.20983 -1.30842e-19)
(1.05856 -0.234748 -5.67004e-19)
(1.1281 -0.275022 -5.02778e-19)
(1.21173 -0.30017 -1.21798e-18)
(1.23803 -0.352757 -2.18674e-18)
)
;
    }
}


// ************************************************************************* //
