/*--------------------------------*- C++ -*----------------------------------*\
  =========                 |
  \\      /  F ield         | OpenFOAM: The Open Source CFD Toolbox
   \\    /   O peration     | Website:  https://openfoam.org
    \\  /    A nd           | Version:  7
     \\/     M anipulation  |
\*---------------------------------------------------------------------------*/
FoamFile
{
    version     2.0;
    format      ascii;
    class       volVectorField;
    location    "6";
    object      U;
}
// * * * * * * * * * * * * * * * * * * * * * * * * * * * * * * * * * * * * * //

dimensions      [0 1 -1 0 0 0 0];

internalField   nonuniform List<vector> 
250
(
(1.00081 0.000521113 1.99922e-19)
(1.00077 0.000477646 4.68952e-19)
(1.00073 0.000430492 1.93574e-19)
(1.00069 0.00038002 4.39717e-19)
(1.00067 0.000326625 2.26569e-20)
(1.00064 0.000270722 -3.18349e-19)
(1.00062 0.000212742 3.58102e-19)
(1.0006 0.000153132 1.76097e-19)
(1.00059 9.23505e-05 4.42182e-19)
(1.00059 3.08622e-05 3.34558e-20)
(1.00066 0.000679933 2.6066e-19)
(1.0006 0.000622687 8.25629e-19)
(1.00055 0.000560794 2.67501e-19)
(1.0005 0.000494725 8.02347e-19)
(1.00047 0.00042498 2.45526e-20)
(1.00043 0.000352084 -6.39001e-19)
(1.00041 0.00027658 6.7939e-19)
(1.00038 0.00019903 2.449e-19)
(1.00037 0.000120009 8.09613e-19)
(1.00036 4.01016e-05 7.07801e-20)
(1.00059 0.000754612 1.26313e-19)
(1.00053 0.000690802 7.07534e-19)
(1.00047 0.000621924 1.71397e-19)
(1.00042 0.000548492 6.98147e-19)
(1.00038 0.00047105 2.96751e-20)
(1.00034 0.000390172 -6.12031e-19)
(1.00031 0.000306451 6.01654e-19)
(1.00029 0.000220499 1.50134e-19)
(1.00027 0.000132944 7.20243e-19)
(1.00027 4.44222e-05 1.0057e-19)
(1.00043 0.000922401 2.68839e-20)
(1.00035 0.000844057 -5.03348e-21)
(1.00029 0.000759625 9.11922e-20)
(1.00022 0.000669727 -3.77854e-21)
(1.00017 0.000575018 7.01735e-20)
(1.00013 0.000476186 7.17659e-20)
(1.00009 0.000373945 -7.2214e-20)
(1.00006 0.000269028 6.16672e-20)
(1.00004 0.000162189 3.28987e-20)
(1.00004 5.41921e-05 1.87662e-19)
(1.0003 0.00106326 3.13843e-19)
(1.00021 0.000972562 5.66789e-19)
(1.00013 0.000874977 3.57133e-19)
(1.00006 0.000771203 5.59851e-19)
(0.999999 0.000661983 1.57536e-19)
(0.999948 0.000548094 -3.80773e-19)
(0.999906 0.000430346 3.12618e-19)
(0.999875 0.000309569 2.93378e-19)
(0.999854 0.000186616 5.98645e-19)
(0.999844 6.23514e-05 3.10032e-19)
(1.0001 0.00126761 4.15611e-19)
(0.999998 0.00115914 1.01126e-18)
(0.999904 0.00104257 5.04105e-19)
(0.999821 0.000918722 1.04979e-18)
(0.999749 0.000788466 3.52232e-19)
(0.999687 0.000652721 -9.4726e-19)
(0.999638 0.000512435 6.48198e-19)
(0.999601 0.000368588 4.22328e-19)
(0.999576 0.000222182 1.13018e-18)
(0.999563 7.42323e-05 6.19545e-19)
(0.999895 0.00147939 5.71009e-19)
(0.999775 0.00135237 2.2903e-18)
(0.999667 0.00121603 6.26015e-19)
(0.99957 0.00107133 2.43089e-18)
(0.999486 0.000919258 8.43493e-19)
(0.999416 0.000760876 -2.66865e-18)
(0.999359 0.000597272 1.809e-18)
(0.999315 0.000429571 5.66324e-19)
(0.999286 0.000258926 2.47864e-18)
(0.999272 8.65062e-05 1.27331e-18)
(0.999636 0.00174579 -3.91067e-20)
(0.999495 0.00159552 -1.38705e-19)
(0.999368 0.00143438 5.04379e-20)
(0.999254 0.00126348 5.56269e-20)
(0.999156 0.00108399 2.09725e-18)
(0.999073 0.000897122 -1.8482e-18)
(0.999006 0.00070416 -3.67674e-19)
(0.998955 0.000506414 2.74933e-20)
(0.998921 0.00030523 9.20829e-20)
(0.998904 0.000101974 2.64819e-18)
(0.999341 0.00204373 6.9388e-19)
(0.999177 0.00186736 1.63123e-18)
(0.999029 0.00167844 6.85408e-19)
(0.998898 0.00147821 1.39567e-18)
(0.998783 0.00126804 -5.37024e-19)
(0.998686 0.00104933 -4.62181e-19)
(0.998608 0.000823558 1.36716e-18)
(0.998549 0.000592245 6.59703e-19)
(0.99851 0.000356948 1.35314e-18)
(0.99849 0.00011925 -8.45145e-19)
(0.998987 0.00240016 4.95012e-19)
(0.998796 0.00219266 2.8445e-18)
(0.998623 0.00197053 5.01192e-19)
(0.998469 0.00173526 2.88578e-18)
(0.998335 0.00148839 2.04362e-19)
(0.998222 0.00123158 -2.77362e-18)
(0.998131 0.000966541 2.51805e-18)
(0.998062 0.000695039 4.81311e-19)
(0.998016 0.000418891 2.99163e-18)
(0.997993 0.000139942 5.03963e-19)
(0.998576 0.00280948 -5.02428e-19)
(0.998354 0.0025662 -1.01711e-18)
(0.998152 0.00230596 -3.98741e-19)
(0.997973 0.00203043 -9.61062e-19)
(0.997817 0.00174143 -4.73152e-20)
(0.997686 0.00144087 7.93099e-19)
(0.99758 0.00113074 -7.73744e-19)
(0.997499 0.000813088 -3.29452e-19)
(0.997445 0.000490027 -9.80857e-19)
(0.997418 0.000163706 2.17142e-20)
(0.99809 0.00329048 2.95876e-19)
(0.997832 0.00300526 5.12028e-19)
(0.997597 0.00270029 3.17465e-19)
(0.997388 0.00237751 4.72246e-19)
(0.997206 0.00203903 1.13942e-19)
(0.997053 0.00168705 -2.2374e-19)
(0.996929 0.0013239 3.23136e-19)
(0.996835 0.000951974 2.95278e-19)
(0.996772 0.000573725 4.67992e-19)
(0.996741 0.000191666 1.28555e-19)
(0.997524 0.00384788 1.13344e-19)
(0.997223 0.00351414 1.30755e-19)
(0.996949 0.0031574 8.49177e-20)
(0.996706 0.00277991 1.03514e-19)
(0.996494 0.00238411 4.02356e-20)
(0.996315 0.00197256 1.07786e-20)
(0.996171 0.00154795 4.24836e-20)
(0.996061 0.00111308 5.67834e-20)
(0.995988 0.000670821 8.8482e-20)
(0.995951 0.000224104 6.70682e-20)
(0.99686 0.00449888 4.90965e-19)
(0.996509 0.00410865 6.37265e-19)
(0.99619 0.0036916 4.57893e-19)
(0.995906 0.00325031 4.71609e-19)
(0.995659 0.00278761 4.84709e-20)
(0.995451 0.00230647 -2.09626e-19)
(0.995282 0.00181004 3.07767e-19)
(0.995155 0.00130157 3.79857e-19)
(0.995069 0.000784435 4.77616e-19)
(0.995026 0.000262062 -3.49299e-20)
(0.996084 0.00525583 9.2384e-19)
(0.995676 0.00480014 1.24831e-18)
(0.995305 0.00431314 7.12644e-19)
(0.994974 0.0037978 1.08751e-18)
(0.994685 0.00325739 6.86078e-20)
(0.994442 0.00269535 -7.10987e-19)
(0.994245 0.00211535 7.35559e-19)
(0.994096 0.00152119 6.17962e-19)
(0.993996 0.000916827 1.04676e-18)
(0.993946 0.000306297 -1.22668e-19)
(0.995178 0.00613845 1.34792e-18)
(0.994703 0.00560679 2.70094e-18)
(0.99427 0.00503851 1.13105e-18)
(0.993884 0.00443704 2.4803e-18)
(0.993547 0.00380612 3.22453e-20)
(0.993263 0.00314976 -2.08749e-18)
(0.993032 0.00247223 1.89935e-18)
(0.992858 0.00177799 1.07135e-18)
(0.992741 0.00107166 2.55517e-18)
(0.992683 0.000358035 -9.37649e-20)
(0.994123 0.00716644 1.60289e-18)
(0.993568 0.00654675 5.87426e-18)
(0.993063 0.0058842 1.33097e-18)
(0.992612 0.00518271 5.76826e-18)
(0.992219 0.00444657 -1.50932e-19)
(0.991886 0.00368042 -5.62268e-18)
(0.991616 0.00288919 5.01032e-18)
(0.991412 0.00207812 1.22022e-18)
(0.991275 0.00125268 5.96216e-18)
(0.991207 0.000418532 7.27084e-19)
(0.992892 0.00836515 -8.77402e-20)
(0.992246 0.00764343 -4.66259e-19)
(0.991656 0.00687155 -4.13239e-19)
(0.991129 0.0060539 -5.32343e-19)
(0.990668 0.00519538 -3.55183e-19)
(0.990278 0.00430129 -1.06355e-18)
(0.989962 0.00337735 -7.1517e-19)
(0.989722 0.0024297 -4.3564e-19)
(0.989561 0.0014648 -5.23846e-19)
(0.98948 0.000489439 -7.9847e-19)
(0.99146 0.00976256 1.04403e-18)
(0.990706 0.00892275 3.8794e-18)
(0.990017 0.00802423 4.01986e-19)
(0.9894 0.00707189 3.7594e-18)
(0.98886 0.0060712 -4.90943e-19)
(0.988402 0.00502818 -6.40361e-18)
(0.98803 0.00394938 3.02923e-18)
(0.987747 0.00284199 2.51979e-19)
(0.987557 0.00171369 4.05802e-18)
(0.987462 0.000572658 1.07018e-18)
(0.989794 0.0113919 -1.76997e-18)
(0.988915 0.0104155 -8.70568e-18)
(0.988109 0.00937054 -2.30159e-18)
(0.987386 0.00826227 -8.56306e-18)
(0.986752 0.00709665 -7.78829e-19)
(0.986212 0.00588035 1.03016e-18)
(0.985773 0.00462083 -8.2966e-18)
(0.985438 0.00332643 -2.3077e-18)
(0.985213 0.00200636 -8.81018e-18)
(0.985099 0.000670554 -1.19406e-18)
(0.987858 0.0132901 1.19567e-18)
(0.986832 0.0121561 3.10774e-18)
(0.985891 0.0109423 1.48836e-18)
(0.985042 0.00965405 3.05135e-18)
(0.984296 0.00829762 6.52214e-19)
(0.983658 0.00688014 5.07224e-20)
(0.983136 0.0054099 2.8324e-18)
(0.982737 0.00389655 1.53685e-18)
(0.982468 0.00235114 3.16974e-18)
(0.982332 0.000785944 1.24677e-18)
(0.985609 0.0154986 -4.08895e-19)
(0.984415 0.0141832 -1.1522e-18)
(0.983314 0.0127754 -6.7964e-19)
(0.982318 0.0112803 -1.14793e-18)
(0.981436 0.00970401 -3.25585e-19)
(0.980678 0.00805364 -1.77214e-19)
(0.980055 0.00633813 -1.04369e-18)
(0.979576 0.00456849 -7.38345e-19)
(0.979252 0.00275807 -1.21488e-18)
(0.979087 0.000922235 -5.12586e-19)
(0.983002 0.018061 5.00921e-19)
(0.981613 0.0165379 5.30033e-19)
(0.980327 0.0149085 3.33846e-19)
(0.979156 0.0131772 3.82337e-19)
(0.978112 0.0113489 1.86497e-19)
(0.977207 0.0094303 1.47502e-19)
(0.976457 0.00743022 3.53389e-19)
(0.975876 0.00536105 2.77323e-19)
(0.97548 0.00323893 4.49686e-19)
(0.975279 0.00108345 1.73665e-19)
(0.979981 0.0210216 3.5208e-19)
(0.978373 0.0192618 1.16295e-21)
(0.976873 0.0173812 -9.6521e-20)
(0.975495 0.0153824 -1.25664e-19)
(0.974255 0.0132679 -1.45286e-19)
(0.973168 0.0110424 -5.11009e-20)
(0.972256 0.00871383 -1.04828e-19)
(0.971544 0.0062956 -1.2749e-19)
(0.971054 0.00380729 -2.19056e-19)
(0.970804 0.00127423 -3.88269e-19)
(0.976491 0.0244215 8.11695e-19)
(0.974635 0.022394 1.89802e-19)
(0.972891 0.0202314 1.04645e-19)
(0.971272 0.0179327 6.24564e-20)
(0.969793 0.0154966 4.58035e-20)
(0.968478 0.0129233 1.05231e-19)
(0.967359 0.0102183 1.42863e-20)
(0.966473 0.00739534 5.55267e-20)
(0.965856 0.0044781 -1.89553e-20)
(0.96554 0.00149976 -6.56357e-19)
)
;

boundaryField
{
    inlet
    {
        type            uniformFixedValue;
        uniformValue    constant (1 0 0);
        value           nonuniform 0();
    }
    outlet
    {
        type            pressureInletOutletVelocity;
        value           nonuniform List<vector> 10((1.00081 0.000521113 1.99922e-19) (1.00077 0.000477646 4.68952e-19) (1.00073 0.000430492 1.93574e-19) (1.00069 0.00038002 4.39717e-19) (1.00067 0.000326625 2.26569e-20) (1.00064 0.000270722 -3.18349e-19) (1.00062 0.000212742 3.58102e-19) (1.0006 0.000153132 1.76097e-19) (1.00059 9.23505e-05 4.42182e-19) (1.00059 3.08622e-05 3.34558e-20));
    }
    polygon
    {
        type            fixedValue;
        value           nonuniform 0();
    }
    top
    {
        type            symmetryPlane;
    }
    bottom
    {
        type            symmetryPlane;
    }
    outside
    {
        type            zeroGradient;
    }
    procBoundary7to3
    {
        type            processor;
        value           nonuniform List<vector> 
25
(
(1.00086 0.000560553 4.95869e-19)
(1.00072 0.000732097 8.18842e-19)
(1.00066 0.000812879 5.65475e-19)
(1.00051 0.000994085 -2.91666e-19)
(1.00039 0.00114641 4.29903e-19)
(1.00021 0.00136721 6.42644e-19)
(1.00002 0.00159623 2.19703e-18)
(0.999788 0.00188419 -5.65291e-19)
(0.999518 0.00220636 1.21695e-18)
(0.999194 0.00259169 2.73655e-18)
(0.998816 0.00303425 -1.52103e-18)
(0.998371 0.00355418 -3.12127e-20)
(0.99785 0.0041566 9.62315e-20)
(0.997239 0.00485997 2.61055e-19)
(0.996526 0.00567754 1.97673e-18)
(0.995692 0.00663048 3.20225e-18)
(0.994721 0.00773989 6.99574e-18)
(0.993588 0.00903291 4.19606e-19)
(0.99227 0.0105395 6.64091e-18)
(0.990737 0.0122952 -3.54065e-18)
(0.988954 0.0143397 1.72859e-18)
(0.986882 0.016717 -5.39443e-19)
(0.984475 0.019474 8.24179e-19)
(0.981681 0.0226582 1.04912e-18)
(0.978441 0.0263135 3.04183e-18)
)
;
    }
    procBoundary7to6
    {
        type            processor;
        value           nonuniform List<vector> 10((0.972468 0.0282932 8.88254e-19) (0.97034 0.0259659 1.45996e-19) (0.968321 0.0234902 6.64089e-20) (0.966419 0.02086 7.25296e-20) (0.964653 0.0180671 6.61454e-23) (0.963051 0.0151046 -6.52614e-20) (0.961661 0.0119727 3.63439e-20) (0.960542 0.00868397 1.46363e-20) (0.959754 0.00526694 -1.07188e-19) (0.959347 0.00176547 -6.58885e-19));
    }
    procBoundary7to11
    {
        type            processor;
        value           nonuniform List<vector> 
25
(
(1.00059 -3.08622e-05 -3.41507e-19)
(1.00036 -4.01016e-05 -5.94536e-19)
(1.00027 -4.44222e-05 -3.56203e-19)
(1.00004 -5.41921e-05 5.44713e-19)
(0.999844 -6.23514e-05 9.72665e-20)
(0.999563 -7.42323e-05 -9.9582e-20)
(0.999272 -8.65062e-05 -7.85314e-19)
(0.998904 -0.000101974 3.21948e-18)
(0.99849 -0.00011925 -1.79236e-18)
(0.997993 -0.000139942 -1.86332e-18)
(0.997418 -0.000163706 2.02447e-18)
(0.996741 -0.000191666 4.02105e-19)
(0.995951 -0.000224104 7.22042e-19)
(0.995026 -0.000262062 -2.07653e-19)
(0.993946 -0.000306297 -1.77912e-18)
(0.992683 -0.000358035 -5.35063e-18)
(0.991207 -0.000418532 5.54846e-19)
(0.98948 -0.000489439 -5.87876e-18)
(0.987462 -0.000572658 3.7944e-18)
(0.985099 -0.000670554 -5.44811e-21)
(0.982332 -0.000785944 2.83748e-18)
(0.979087 -0.000922235 1.00389e-18)
(0.975279 -0.00108345 1.17099e-18)
(0.970804 -0.00127423 -4.61029e-19)
(0.96554 -0.00149976 -3.18276e-18)
)
;
    }
}


// ************************************************************************* //
