/*--------------------------------*- C++ -*----------------------------------*\
  =========                 |
  \\      /  F ield         | OpenFOAM: The Open Source CFD Toolbox
   \\    /   O peration     | Website:  https://openfoam.org
    \\  /    A nd           | Version:  7
     \\/     M anipulation  |
\*---------------------------------------------------------------------------*/
FoamFile
{
    version     2.0;
    format      ascii;
    class       volVectorField;
    location    "90";
    object      U;
}
// * * * * * * * * * * * * * * * * * * * * * * * * * * * * * * * * * * * * * //

dimensions      [0 1 -1 0 0 0 0];

internalField   nonuniform List<vector> 
175
(
(-0.220065 -0.00293704 -3.044e-19)
(-0.218892 -0.00268216 -2.17425e-18)
(-0.217834 -0.00242045 -3.31149e-19)
(-0.216883 -0.00215344 -3.1464e-18)
(-0.216029 -0.00188297 6.17741e-19)
(-0.232868 -0.000995235 -2.28744e-18)
(-0.231762 -0.000972854 5.27776e-18)
(-0.230801 -0.000930454 1.73049e-18)
(-0.229976 -0.0008683 -3.76979e-18)
(-0.22928 -0.000787281 1.65816e-18)
(-0.228701 -0.000688532 8.81695e-19)
(-0.228231 -0.000573851 7.6149e-19)
(-0.227859 -0.000445541 -1.30766e-18)
(-0.227574 -0.000306144 1.58791e-18)
(-0.227367 -0.000159156 -1.49669e-18)
(-0.227228 -8.85795e-06 -1.01496e-18)
(-0.227146 0.000149312 3.45896e-18)
(-0.227109 0.000302137 -3.8502e-18)
(-0.227108 0.000447553 6.11108e-19)
(-0.227133 0.000582579 -1.17984e-18)
(-0.227173 0.000703562 -6.22211e-18)
(-0.227218 0.000807247 -1.24398e-18)
(-0.232636 -0.00119081 -3.69541e-19)
(-0.231527 -0.00114319 5.11543e-18)
(-0.230562 -0.00107688 1.63817e-18)
(-0.229734 -0.000992305 -3.78513e-18)
(-0.229034 -0.00089046 2.21113e-18)
(-0.228451 -0.000772584 1.82428e-18)
(-0.227976 -0.000640573 2.55972e-18)
(-0.227599 -0.000496783 2.36872e-18)
(-0.227309 -0.000343873 1.38114e-18)
(-0.227096 -0.000185308 -1.08574e-20)
(-0.226951 -2.4805e-05 -1.92734e-18)
(-0.226862 0.000141455 2.67626e-18)
(-0.226819 0.000301848 -2.76392e-18)
(-0.226811 0.000452787 1.4347e-18)
(-0.226829 0.000591441 -3.337e-18)
(-0.226862 0.000714156 -3.87737e-18)
(-0.2269 0.000817693 -1.02606e-18)
(-0.232169 -0.00138795 1.43283e-18)
(-0.231056 -0.0013154 3.67125e-18)
(-0.230088 -0.00122547 1.49303e-18)
(-0.229255 -0.00111872 -4.69664e-18)
(-0.228548 -0.000996224 9.66106e-19)
(-0.227957 -0.00085932 2.90945e-18)
(-0.227474 -0.000709957 4.74435e-18)
(-0.227088 -0.000550497 3.73836e-18)
(-0.226788 -0.000383601 1.40215e-18)
(-0.226564 -0.000212523 1.15573e-18)
(-0.226407 -4.04194e-05 -3.1716e-18)
(-0.226306 0.000132863 2.50234e-18)
(-0.22625 0.000299457 -2.36763e-18)
(-0.226228 0.000454917 2.67422e-18)
(-0.226231 0.000596428 -3.46719e-18)
(-0.226248 0.000720248 -2.14879e-18)
(-0.22627 0.000823109 -7.77042e-19)
(-0.231466 -0.00158438 1.36968e-18)
(-0.23035 -0.00148711 2.9896e-18)
(-0.229376 -0.00137377 1.42771e-18)
(-0.228536 -0.00124504 -4.29337e-18)
(-0.22782 -0.0011021 3.36877e-19)
(-0.22722 -0.000946368 4.64997e-18)
(-0.226725 -0.000779856 5.3076e-18)
(-0.226326 -0.00060495 3.09078e-18)
(-0.226011 -0.000424353 1.56379e-18)
(-0.225771 -0.000241296 2.63202e-18)
(-0.225596 -5.89921e-05 -2.52472e-18)
(-0.225476 0.000122067 2.47231e-19)
(-0.2254 0.000295234 1.53744e-19)
(-0.225357 0.000455281 1.68001e-18)
(-0.225337 0.000599617 -4.55775e-18)
(-0.22533 0.00072447 -6.38387e-19)
(-0.225326 0.000826563 -6.69374e-19)
(-0.230528 -0.00178062 1.51618e-18)
(-0.229408 -0.00165897 2.77584e-18)
(-0.228427 -0.00152256 1.35909e-18)
(-0.227578 -0.0013722 -2.5654e-18)
(-0.226852 -0.00120917 9.07468e-20)
(-0.226238 -0.00103498 5.01215e-18)
(-0.225728 -0.000851683 6.61766e-18)
(-0.225311 -0.000661714 2.71603e-18)
(-0.224977 -0.000467809 1.8589e-18)
(-0.224716 -0.000273179 1.87533e-18)
(-0.224517 -8.08939e-05 -2.49117e-18)
(-0.224371 0.000107401 -1.67574e-18)
(-0.224268 0.000286944 -9.09392e-20)
(-0.224196 0.00045134 9.70479e-19)
(-0.224145 0.000598243 -3.66224e-18)
(-0.224105 0.000723862 -2.02178e-18)
(-0.224066 0.000824902 -6.19042e-19)
(-0.229355 -0.00197695 2.14334e-18)
(-0.228229 -0.00183136 3.12551e-18)
(-0.22724 -0.00167234 1.28364e-18)
(-0.22638 -0.0015008 -1.41219e-18)
(-0.22564 -0.00131812 -3.91351e-20)
(-0.22501 -0.0011259 4.01697e-18)
(-0.224481 -0.000926269 6.5326e-18)
(-0.224042 -0.000721671 1.7097e-19)
(-0.223684 -0.000514875 -2.57394e-19)
(-0.223396 -0.000309078 1.26446e-18)
(-0.223168 -0.000107243 -3.12387e-18)
(-0.22299 8.7792e-05 -1.10764e-18)
(-0.222852 0.000273389 -1.43717e-19)
(-0.222743 0.000441695 -2.52129e-18)
(-0.222653 0.000590737 -3.52488e-18)
(-0.222571 0.000716701 -3.55184e-18)
(-0.222488 0.000816265 -6.59003e-19)
(-0.227944 -0.00217343 9.62343e-19)
(-0.226812 -0.00200443 1.83537e-18)
(-0.225814 -0.00182331 1.19627e-18)
(-0.224941 -0.00163111 -5.83885e-19)
(-0.224185 -0.00142931 -8.47017e-20)
(-0.223535 -0.00121958 1.37949e-18)
(-0.222983 -0.00100412 5.09056e-18)
(-0.222518 -0.000785398 -2.88027e-18)
(-0.222131 -0.000566229 5.97927e-20)
(-0.22181 -0.000349817 1.11001e-18)
(-0.221546 -0.0001391 -1.74167e-18)
(-0.221329 6.26306e-05 -4.49769e-19)
(-0.22115 0.00025332 -8.54477e-20)
(-0.220996 0.000425114 -3.65141e-18)
(-0.220858 0.000575827 -1.14529e-18)
(-0.220725 0.000701655 -2.55534e-18)
(-0.220588 0.00079925 -5.69405e-19)
(-0.226297 -0.00237071 -9.27493e-20)
(-0.225158 -0.00217891 7.38403e-19)
(-0.224148 -0.0019763 1.29191e-18)
(-0.22326 -0.00176405 -2.25722e-18)
(-0.222484 -0.00154371 -1.88034e-19)
(-0.221811 -0.00131705 -8.50025e-19)
(-0.221232 -0.00108629 4.63223e-18)
(-0.220736 -0.00085396 -4.34662e-18)
(-0.220314 -0.00062289 6.40391e-19)
(-0.219955 -0.000396296 9.55372e-19)
(-0.219649 -0.000177285 -8.77803e-19)
(-0.219386 2.69318e-05 1.7627e-19)
(-0.219157 0.000225617 -1.49135e-19)
(-0.218951 0.000400445 -5.45415e-18)
(-0.218756 0.000552181 -1.71394e-18)
(-0.218563 0.000677235 -1.94254e-18)
(-0.218362 0.000772229 -3.56269e-18)
(-0.224412 -0.00257005 -1.40377e-18)
(-0.223264 -0.00235627 -2.5032e-19)
(-0.222241 -0.00213299 -6.97695e-19)
(-0.221334 -0.0019015 -2.11982e-18)
(-0.220536 -0.00166344 -6.03876e-20)
(-0.219836 -0.00142064 -8.13431e-19)
(-0.219226 -0.00117537 2.65864e-18)
(-0.218694 -0.000930162 -4.62637e-18)
(-0.218232 -0.000687843 1.73397e-18)
(-0.217829 -0.00045156 9.13511e-19)
(-0.217474 -0.000224279 -2.93363e-18)
(-0.217157 -1.33444e-05 8.91451e-19)
(-0.21687 0.000188379 -2.74781e-19)
(-0.216603 0.000364748 -2.66359e-18)
(-0.216343 0.000516458 -2.31787e-18)
(-0.21608 0.000639884 -1.71464e-18)
(-0.215805 0.000731512 -7.07263e-18)
(-0.222289 -0.00276781 -7.14815e-19)
(-0.22113 -0.00253286 -1.1911e-18)
(-0.220091 -0.0022898 -4.8671e-19)
(-0.219163 -0.00204002 -2.38013e-18)
(-0.218339 -0.00178526 2.20263e-19)
(-0.217609 -0.00152743 -8.89915e-19)
(-0.216962 -0.00126888 1.25455e-18)
(-0.21639 -0.00101219 -3.37496e-18)
(-0.215881 -0.000760232 3.30164e-18)
(-0.215427 -0.000516206 1.07224e-18)
(-0.215017 -0.000283235 -2.96467e-18)
(-0.214639 -6.5595e-05 2.00725e-18)
(-0.214287 0.000135379 -5.52485e-19)
(-0.213949 0.000314477 -4.35566e-19)
(-0.213614 0.000466392 -3.21791e-18)
(-0.213271 0.000588068 -1.70349e-18)
(-0.212911 0.000675984 -5.81957e-18)
)
;

boundaryField
{
    inlet
    {
        type            uniformFixedValue;
        uniformValue    constant (1 0 0);
        value           nonuniform 0();
    }
    outlet
    {
        type            pressureInletOutletVelocity;
        value           nonuniform 0();
    }
    polygon
    {
        type            fixedValue;
        value           nonuniform 0();
    }
    top
    {
        type            symmetryPlane;
    }
    bottom
    {
        type            symmetryPlane;
    }
    outside
    {
        type            zeroGradient;
    }
    procBoundary28to20
    {
        type            processor;
        value           nonuniform List<vector> 
18
(
(-0.217767 -0.00309913 -1.49148e-20)
(-0.216577 -0.00282721 -2.45906e-18)
(-0.215496 -0.00254968 -1.76888e-19)
(-0.214516 -0.00226816 -3.27752e-18)
(-0.215264 -0.00161106 -1.18544e-18)
(-0.213628 -0.00198459 1.65941e-19)
(-0.215264 -0.00161106 -1.18544e-18)
(-0.214577 -0.00134013 1.60773e-19)
(-0.213959 -0.00107286 -2.97759e-18)
(-0.213399 -0.00081223 3.34923e-18)
(-0.212888 -0.000561556 1.10598e-18)
(-0.212416 -0.000324346 -3.59028e-18)
(-0.211971 -0.00010549 9.81974e-19)
(-0.211547 9.7146e-05 -1.06249e-18)
(-0.211131 0.000278593 -1.07712e-18)
(-0.210713 0.000430797 -4.73984e-18)
(-0.210283 0.000550456 -1.86025e-18)
(-0.20983 0.000634181 -5.58168e-18)
)
;
    }
    procBoundary28to21
    {
        type            processor;
        value           nonuniform List<vector> 2((-0.22136 -0.00318384 1.04721e-18) (-0.223576 -0.00299351 9.88738e-19));
    }
    procBoundary28to27
    {
        type            processor;
        value           nonuniform List<vector> 10((-0.227259 0.000890532 -2.36339e-18) (-0.226933 0.000898898 -2.71695e-18) (-0.226285 0.000901777 -3.52679e-18) (-0.225314 0.000902582 -1.8813e-18) (-0.224018 0.000897964 -5.72738e-19) (-0.222392 0.000885935 6.41126e-19) (-0.220435 0.000865013 2.05786e-18) (-0.218142 0.000833456 3.9393e-18) (-0.215506 0.000787482 6.92011e-18) (-0.212524 0.000726186 5.45059e-18));
    }
    procBoundary28to29
    {
        type            processor;
        value           nonuniform List<vector> 9((-0.234128 -0.000997836 -3.33489e-20) (-0.233897 -0.00121984 -2.99682e-20) (-0.233432 -0.00144306 1.37075e-20) (-0.232731 -0.00166535 1.18376e-19) (-0.231796 -0.00188712 -3.85039e-20) (-0.230625 -0.00210855 -2.59855e-19) (-0.229217 -0.00232962 1.3614e-18) (-0.227574 -0.00255086 1.07134e-18) (-0.225694 -0.00277337 9.87535e-19));
    }
    procBoundary28to36
    {
        type            processor;
        value           nonuniform List<vector> 
17
(
(-0.232866 -0.000810128 -2.35835e-18)
(-0.231762 -0.000813601 4.45033e-18)
(-0.230802 -0.000795685 1.91886e-18)
(-0.22998 -0.000756484 -4.6373e-18)
(-0.229285 -0.000696769 1.74861e-18)
(-0.228709 -0.000617556 -7.55594e-20)
(-0.22824 -0.000520519 -8.54815e-19)
(-0.227869 -0.000407843 -2.60046e-18)
(-0.227585 -0.000281777 2.08389e-18)
(-0.227378 -0.000145243 -3.3588e-18)
(-0.22724 7.93087e-07 -3.30605e-19)
(-0.227158 0.000143351 2.23569e-18)
(-0.227121 0.00028583 -6.0311e-18)
(-0.227119 0.00042366 3.23454e-19)
(-0.227142 0.000553197 8.71189e-19)
(-0.227181 0.000670641 -6.7876e-18)
(-0.227225 0.000772663 -1.27374e-18)
)
;
    }
}


// ************************************************************************* //
