/*--------------------------------*- C++ -*----------------------------------*\
  =========                 |
  \\      /  F ield         | OpenFOAM: The Open Source CFD Toolbox
   \\    /   O peration     | Website:  https://openfoam.org
    \\  /    A nd           | Version:  7
     \\/     M anipulation  |
\*---------------------------------------------------------------------------*/
FoamFile
{
    version     2.0;
    format      ascii;
    class       volVectorField;
    location    "92";
    object      U;
}
// * * * * * * * * * * * * * * * * * * * * * * * * * * * * * * * * * * * * * //

dimensions      [0 1 -1 0 0 0 0];

internalField   nonuniform List<vector> 
115
(
(-0.24067 0.000307473 4.04856e-18)
(-0.239264 0.000279905 -2.01886e-18)
(-0.237992 0.000252958 -1.30235e-18)
(-0.23685 0.000226758 2.80723e-18)
(-0.236166 -0.00723332 -1.90635e-18)
(-0.233747 -0.00706641 -7.54794e-20)
(-0.231375 -0.00686706 2.60693e-18)
(-0.229059 -0.006639 7.16539e-19)
(-0.22681 -0.00638607 -1.16752e-18)
(-0.224633 -0.00611215 1.60183e-18)
(-0.222535 -0.00582113 -3.25299e-18)
(-0.220522 -0.00551678 -5.17792e-18)
(-0.218595 -0.00520279 -5.60013e-18)
(-0.25308 -0.00539356 -2.82242e-19)
(-0.250401 -0.0052683 9.84239e-19)
(-0.247784 -0.00511875 1.11979e-18)
(-0.24524 -0.00494752 4.14203e-18)
(-0.24278 -0.00475732 2.48385e-18)
(-0.240411 -0.00455094 2.3035e-18)
(-0.238142 -0.00433115 1.91049e-18)
(-0.235978 -0.00410068 -3.62676e-18)
(-0.233922 -0.00386221 -4.04478e-18)
(-0.231979 -0.00361829 -9.47736e-19)
(-0.23015 -0.00337135 -2.01196e-18)
(-0.228435 -0.00312369 -1.80976e-18)
(-0.226834 -0.00287742 -3.34721e-19)
(-0.225344 -0.00263454 -1.40712e-19)
(-0.223964 -0.00239683 3.26248e-18)
(-0.22269 -0.00216594 -7.32426e-19)
(-0.221518 -0.00194332 1.33339e-18)
(-0.245067 -0.00637358 -3.47848e-18)
(-0.242515 -0.0062266 -3.0405e-18)
(-0.240019 -0.00605111 -1.88169e-18)
(-0.237588 -0.00585025 1.2856e-18)
(-0.235232 -0.00562729 4.76608e-19)
(-0.23296 -0.00538555 1.43513e-18)
(-0.230777 -0.00512835 -2.56826e-19)
(-0.228689 -0.00485894 -2.87536e-18)
(-0.2267 -0.00458049 -6.51485e-18)
(-0.224812 -0.00429603 -4.31459e-18)
(-0.223027 -0.00400845 -6.84309e-19)
(-0.221344 -0.00372045 -4.72814e-18)
(-0.219763 -0.00343455 -9.64106e-19)
(-0.218281 -0.00315306 -4.00084e-18)
(-0.216896 -0.00287812 -2.45885e-18)
(-0.215604 -0.00261163 -4.35869e-18)
(-0.2144 -0.00235529 3.55312e-18)
(-0.265292 -0.0031528 6.75876e-19)
(-0.262405 -0.00307934 7.34984e-18)
(-0.25959 -0.00299161 3.69934e-18)
(-0.25686 -0.00289108 1.49633e-18)
(-0.254226 -0.0027793 5.75952e-18)
(-0.251697 -0.00265784 2.74403e-18)
(-0.24928 -0.00252829 2.16989e-18)
(-0.246983 -0.00239221 2.18646e-18)
(-0.24481 -0.00225113 -9.27651e-19)
(-0.242766 -0.00210652 1.29295e-18)
(-0.240851 -0.00195979 4.61562e-18)
(-0.239068 -0.00181227 5.06522e-19)
(-0.237417 -0.00166519 2.34205e-18)
(-0.235896 -0.00151971 2.21958e-18)
(-0.234504 -0.00137689 2.55178e-18)
(-0.233236 -0.0012377 3.45282e-18)
(-0.23209 -0.00110299 6.82229e-19)
(-0.259911 -0.00432044 2.90464e-18)
(-0.257117 -0.00422009 5.75568e-18)
(-0.254392 -0.00410034 5.09777e-18)
(-0.251746 -0.00396325 2.3102e-18)
(-0.24919 -0.00381095 5.75198e-18)
(-0.246734 -0.00364565 5.07186e-18)
(-0.244385 -0.00346952 4.86912e-18)
(-0.242148 -0.00328474 2.04162e-19)
(-0.24003 -0.0030934 -4.52917e-18)
(-0.238032 -0.00289754 2.46752e-18)
(-0.236158 -0.00269906 4.12559e-18)
(-0.234407 -0.0024998 1.8095e-19)
(-0.232781 -0.00230142 5.83548e-19)
(-0.231277 -0.00210551 3.87929e-18)
(-0.229893 -0.00191349 2.1692e-18)
(-0.228625 -0.00172667 1.07011e-18)
(-0.227471 -0.0015462 8.37387e-19)
(-0.270907 -0.000651487 5.45625e-19)
(-0.26792 -0.000636716 1.05021e-17)
(-0.265009 -0.000618786 5.52806e-18)
(-0.262189 -0.000597991 1.39812e-18)
(-0.259469 -0.000574641 3.86892e-18)
(-0.25686 -0.000549062 2.48623e-19)
(-0.25437 -0.000521584 3.88406e-20)
(-0.252006 -0.000492543 9.08346e-18)
(-0.249773 -0.000462267 -1.23183e-19)
(-0.247675 -0.000431081 6.09873e-18)
(-0.245715 -0.000399297 -5.63331e-18)
(-0.243894 -0.000367216 -6.65643e-19)
(-0.242213 -0.000335123 -2.98146e-18)
(-0.24067 -0.000303277 8.17693e-18)
(-0.239264 -0.000271938 1.96422e-18)
(-0.237991 -0.000241339 -7.55976e-19)
(-0.236849 -0.000211689 8.32275e-19)
(-0.26901 -0.00192731 -4.70829e-20)
(-0.266056 -0.00188283 8.21634e-18)
(-0.263178 -0.00182963 3.74194e-18)
(-0.260389 -0.00176858 1.26222e-18)
(-0.257698 -0.00170062 3.1208e-18)
(-0.255116 -0.00162669 1.26386e-18)
(-0.252652 -0.00154777 7.27481e-19)
(-0.250311 -0.00146479 6.56575e-18)
(-0.248098 -0.00137869 4.7798e-19)
(-0.246019 -0.00129039 2.22978e-18)
(-0.244075 -0.00120072 -1.89872e-20)
(-0.242267 -0.00111053 4.6748e-20)
(-0.240596 -0.00102056 -3.47182e-18)
(-0.239062 -0.000931539 2.59212e-18)
(-0.23766 -0.000844125 5.0017e-18)
(-0.23639 -0.000758918 -1.84944e-18)
(-0.235247 -0.000676457 2.53847e-19)
)
;

boundaryField
{
    inlet
    {
        type            uniformFixedValue;
        uniformValue    constant (1 0 0);
        value           nonuniform 0();
    }
    outlet
    {
        type            pressureInletOutletVelocity;
        value           nonuniform 0();
    }
    polygon
    {
        type            fixedValue;
        value           nonuniform 0();
    }
    top
    {
        type            symmetryPlane;
    }
    bottom
    {
        type            symmetryPlane;
    }
    outside
    {
        type            zeroGradient;
    }
    procBoundary29to21
    {
        type            processor;
        value           nonuniform List<vector> 
18
(
(-0.22669 -0.00800049 -1.66368e-18)
(-0.2244 -0.00781752 3.12127e-18)
(-0.222148 -0.0075986 1.20173e-18)
(-0.219943 -0.00734795 1.5531e-19)
(-0.217793 -0.00706993 -4.09869e-18)
(-0.215706 -0.00676894 3.31173e-18)
(-0.213685 -0.00644938 -1.04363e-18)
(-0.211736 -0.00611552 -2.59437e-18)
(-0.216756 -0.00488265 -8.3389e-19)
(-0.209861 -0.00577151 4.35218e-19)
(-0.216756 -0.00488265 -8.3389e-19)
(-0.215008 -0.00455968 1.19245e-18)
(-0.213348 -0.00423699 -3.29479e-18)
(-0.211777 -0.00391745 -1.08398e-18)
(-0.21029 -0.0036037 -1.94814e-18)
(-0.208885 -0.00329817 1.57511e-19)
(-0.207557 -0.00300303 -1.65773e-18)
(-0.206303 -0.00272017 1.06397e-18)
)
;
    }
    procBoundary29to28
    {
        type            processor;
        value           nonuniform List<vector> 5((-0.220442 -0.00173023 -2.99732e-19) (-0.213279 -0.00211059 -1.92458e-18) (-0.231061 -0.000973546 1.15738e-18) (-0.226425 -0.00137311 4.13506e-19) (-0.234227 -0.000597222 3.14371e-18));
    }
    procBoundary29to30
    {
        type            processor;
        value           nonuniform List<vector> 7((-0.23862 -0.00736429 -1.03401e-18) (-0.255809 -0.00549208 2.83269e-19) (-0.247661 -0.00648908 -3.3621e-20) (-0.268239 -0.00321062 -3.30194e-19) (-0.26276 -0.00439948 3.50295e-19) (-0.273958 -0.000662835 -1.82271e-18) (-0.272025 -0.00196223 -1.39539e-18));
    }
    procBoundary29to36
    {
        type            processor;
        value           nonuniform List<vector> 2((-0.235833 0.000201411 8.17615e-19) (-0.235833 -0.000183177 -2.21717e-18));
    }
    procBoundary29to37
    {
        type            processor;
        value           nonuniform List<vector> 
18
(
(-0.239063 0.000935788 7.54703e-18)
(-0.237662 0.000852135 3.9698e-19)
(-0.236392 0.00077057 -2.50557e-18)
(-0.235249 0.000691547 9.29865e-18)
(-0.270907 0.000630213 4.047e-18)
(-0.26792 0.000614567 7.05034e-18)
(-0.265009 0.000596305 -2.94239e-19)
(-0.262189 0.000575731 1.4147e-18)
(-0.259469 0.000553153 -1.25264e-18)
(-0.25686 0.000528882 -1.94358e-18)
(-0.25437 0.000503223 2.31703e-19)
(-0.252006 0.000476471 3.27455e-18)
(-0.249773 0.000448906 6.13372e-18)
(-0.247676 0.000420793 6.80504e-18)
(-0.245716 0.000392377 -2.82973e-19)
(-0.243895 0.000363885 -9.70334e-20)
(-0.242213 0.000335518 -5.51425e-18)
(-0.242213 0.000335518 -5.51425e-18)
)
;
    }
}


// ************************************************************************* //
