/*--------------------------------*- C++ -*----------------------------------*\
  =========                 |
  \\      /  F ield         | OpenFOAM: The Open Source CFD Toolbox
   \\    /   O peration     | Website:  https://openfoam.org
    \\  /    A nd           | Version:  7
     \\/     M anipulation  |
\*---------------------------------------------------------------------------*/
FoamFile
{
    version     2.0;
    format      ascii;
    class       volVectorField;
    location    "106";
    object      U;
}
// * * * * * * * * * * * * * * * * * * * * * * * * * * * * * * * * * * * * * //

dimensions      [0 1 -1 0 0 0 0];

internalField   nonuniform List<vector> 
175
(
(-0.212234 0.00774548 -4.55668e-18)
(-0.211715 0.00697556 -3.65461e-18)
(-0.211168 0.0060708 7.19431e-19)
(-0.210584 0.00506063 -4.78236e-18)
(-0.209953 0.00398022 2.56822e-18)
(-0.20926 0.00286738 -4.23478e-18)
(-0.140831 0.00132139 1.83856e-18)
(-0.137144 0.00145073 1.9291e-18)
(-0.133158 0.00190376 -1.32289e-18)
(-0.128847 0.0027184 1.83158e-18)
(-0.124176 0.00391063 7.09661e-19)
(-0.119137 0.00551927 -2.66073e-19)
(-0.113687 0.00753788 3.03232e-18)
(-0.173351 0.00873124 1.2982e-19)
(-0.171434 0.00792493 6.43746e-19)
(-0.169445 0.00700928 8.62227e-19)
(-0.167375 0.00602095 1.29849e-18)
(-0.165213 0.00500143 1.78741e-18)
(-0.162943 0.00399595 1.03576e-19)
(-0.160548 0.00305192 -6.02957e-19)
(-0.158008 0.00221846 4.59744e-18)
(-0.155296 0.00154245 1.07546e-18)
(-0.152388 0.00107713 5.30668e-19)
(-0.149256 0.000859502 2.60639e-18)
(-0.14587 0.000925484 7.65202e-19)
(-0.142193 0.0013056 2.00384e-19)
(-0.138199 0.00204034 6.67262e-19)
(-0.133847 0.00314587 8.71402e-19)
(-0.129127 0.00466271 -3.66909e-19)
(-0.123987 0.00658479 4.30643e-18)
(-0.11846 0.00898204 5.32937e-18)
(-0.178928 0.00853783 -3.63819e-19)
(-0.177213 0.00773269 9.82431e-19)
(-0.175431 0.00681507 1.1552e-19)
(-0.173576 0.00582073 7.71242e-19)
(-0.171635 0.0047903 2.33256e-18)
(-0.169595 0.00376818 -1.06343e-18)
(-0.167438 0.00280113 -1.37926e-18)
(-0.165143 0.00193782 3.80568e-18)
(-0.162685 0.0012249 1.26693e-18)
(-0.160039 0.000716139 5.79062e-19)
(-0.157179 0.000446704 1.8967e-18)
(-0.154074 0.00045743 -2.49476e-18)
(-0.150685 0.000767456 1.66386e-18)
(-0.146985 0.00142787 -5.86794e-19)
(-0.142928 0.00245064 1.28208e-18)
(-0.138503 0.00387777 -2.74762e-18)
(-0.133648 0.00570384 3.87281e-18)
(-0.128393 0.0079987 5.27201e-18)
(-0.18417 0.00836344 2.49267e-19)
(-0.182643 0.00755956 1.46006e-18)
(-0.181057 0.00664018 -6.89408e-19)
(-0.179403 0.00564024 1.90438e-18)
(-0.17767 0.00459964 3.22015e-18)
(-0.175845 0.00356204 -7.71688e-19)
(-0.17391 0.00257365 -2.41878e-18)
(-0.171845 0.00168264 3.84883e-18)
(-0.169624 0.000935339 1.37435e-18)
(-0.167223 0.000383319 2.65932e-18)
(-0.164615 8.11077e-05 1.50423e-18)
(-0.161772 2.98307e-05 -4.29017e-18)
(-0.158651 0.000282946 1.51187e-18)
(-0.155223 0.000851667 8.9299e-20)
(-0.15144 0.00179164 2.15031e-18)
(-0.147288 0.00312892 -3.55493e-18)
(-0.142694 0.00485884 2.01055e-18)
(-0.137689 0.00705056 5.73771e-18)
(-0.189085 0.008212 5.41045e-19)
(-0.187734 0.00741039 7.10708e-19)
(-0.186331 0.00649041 -1.63555e-19)
(-0.184866 0.00548622 1.84655e-18)
(-0.183328 0.00443702 4.5975e-18)
(-0.181703 0.00338571 -7.29663e-19)
(-0.179975 0.00237793 -2.1415e-18)
(-0.178125 0.00146132 2.94111e-18)
(-0.176125 0.000681777 1.51808e-18)
(-0.173949 0.000112845 3.14502e-18)
(-0.171577 -0.000266041 -5.60836e-19)
(-0.168978 -0.000378259 -4.8524e-18)
(-0.166107 -0.000181736 -2.57385e-19)
(-0.162933 0.000332634 -1.18577e-18)
(-0.159401 0.00117684 9.98097e-19)
(-0.1555 0.00242197 -2.95973e-18)
(-0.151147 0.00405364 8.80664e-19)
(-0.146369 0.00613904 4.68577e-18)
(-0.193681 0.00808421 6.88089e-19)
(-0.192496 0.00728594 1.0373e-20)
(-0.191263 0.00636648 2.85259e-19)
(-0.189974 0.00535918 2.06421e-18)
(-0.188618 0.00430255 4.97337e-18)
(-0.187181 0.00323872 -9.62189e-19)
(-0.185646 0.00221276 -2.27706e-18)
(-0.183995 0.00127169 9.38381e-19)
(-0.182197 0.000462582 1.71649e-18)
(-0.180237 -0.000150846 2.33903e-18)
(-0.178087 -0.000598688 -1.0116e-18)
(-0.175707 -0.000761491 -6.21795e-18)
(-0.173064 -0.000632519 -1.7748e-18)
(-0.170126 -0.000163855 -2.72359e-18)
(-0.166831 0.000604872 3.17725e-19)
(-0.163159 0.00175672 -2.9947e-18)
(-0.159026 0.0032884 1.3294e-19)
(-0.154458 0.00526459 4.3152e-18)
(-0.197967 0.00797818 8.32819e-19)
(-0.196936 0.00718412 -6.09249e-19)
(-0.195862 0.00626607 -8.34837e-19)
(-0.194737 0.00525661 1.01664e-18)
(-0.19355 0.00419356 4.46042e-18)
(-0.192287 0.00311824 -1.653e-18)
(-0.190931 0.00207521 -9.13182e-19)
(-0.189465 0.00111083 -8.58028e-19)
(-0.187859 0.000273008 3.71301e-19)
(-0.186095 -0.00040764 1.85415e-18)
(-0.184147 -0.000877712 3.38141e-19)
(-0.181974 -0.00109646 -6.82245e-18)
(-0.179541 -0.00103294 -1.1402e-18)
(-0.176818 -0.000647749 -2.6446e-18)
(-0.17374 7.79138e-05 -1.77527e-19)
(-0.170282 0.00113029 -1.24615e-18)
(-0.166351 0.00256008 -8.75136e-19)
(-0.161974 0.00442506 4.77023e-18)
(-0.20195 0.00789185 -5.59288e-19)
(-0.201062 0.00710281 -1.34622e-18)
(-0.200137 0.00618701 -5.30973e-19)
(-0.199164 0.00517627 1.20656e-19)
(-0.198134 0.00410775 4.63087e-18)
(-0.197032 0.003022 -1.27863e-18)
(-0.195843 0.00196306 3.01383e-19)
(-0.194547 0.000976609 -2.6546e-18)
(-0.193117 0.000114688 -8.46861e-19)
(-0.191536 -0.000610539 3.48838e-18)
(-0.189773 -0.00112736 -1.91223e-19)
(-0.187791 -0.00139924 -6.65079e-18)
(-0.185552 -0.00139752 -3.77867e-19)
(-0.183024 -0.00108479 -7.78504e-19)
(-0.180145 -0.000435922 -6.60323e-19)
(-0.176887 0.000543094 1.33438e-19)
(-0.173139 0.00186833 5.13141e-19)
(-0.168937 0.00362006 5.93297e-18)
(-0.205637 0.00782367 -6.80587e-19)
(-0.204882 0.00704066 -2.32044e-18)
(-0.204094 0.00612806 -2.20681e-19)
(-0.203263 0.00511695 -7.19322e-19)
(-0.202377 0.00404384 3.77189e-18)
(-0.201425 0.00294852 -1.13207e-18)
(-0.200388 0.00187455 1.58827e-18)
(-0.19925 0.000866953 -3.02277e-18)
(-0.197984 -1.56108e-05 -2.15916e-18)
(-0.19657 -0.000787192 3.93105e-18)
(-0.194977 -0.00134769 -1.05441e-18)
(-0.19317 -0.00167168 -7.72704e-18)
(-0.191108 -0.00173047 -1.29248e-18)
(-0.18876 -0.00148839 -1.18397e-18)
(-0.186061 -0.000929691 1.17651e-18)
(-0.182984 -6.26113e-06 -6.74191e-19)
(-0.179406 0.00121284 2.11803e-18)
(-0.175363 0.00284461 5.50169e-18)
(-0.209034 0.00777496 -2.46966e-18)
(-0.208403 0.00699915 -3.5209e-18)
(-0.207741 0.00609093 1.84904e-19)
(-0.207041 0.00508054 -1.81511e-18)
(-0.206289 0.00400383 3.72789e-18)
(-0.205474 0.0028997 -3.21853e-18)
(-0.204578 0.00181111 3.02549e-18)
(-0.203583 0.000782632 -2.15392e-18)
(-0.202467 -0.000132505 -3.75801e-18)
(-0.201209 -0.000938802 3.17868e-18)
(-0.199769 -0.00154299 -2.18187e-18)
(-0.198122 -0.00191974 -8.14446e-18)
(-0.196221 -0.00204024 -2.12451e-18)
(-0.194038 -0.0018701 -1.63312e-18)
(-0.1915 -0.00139328 1.15039e-18)
(-0.188588 -0.000566398 -3.87435e-18)
(-0.185167 0.000564333 1.86209e-18)
(-0.181268 0.00207634 6.06324e-18)
)
;

boundaryField
{
    inlet
    {
        type            uniformFixedValue;
        uniformValue    constant (1 0 0);
        value           nonuniform 0();
    }
    outlet
    {
        type            pressureInletOutletVelocity;
        value           nonuniform 0();
    }
    polygon
    {
        type            fixedValue;
        value           nonuniform 0();
    }
    top
    {
        type            symmetryPlane;
    }
    bottom
    {
        type            symmetryPlane;
    }
    outside
    {
        type            zeroGradient;
    }
    procBoundary43to34
    {
        type            processor;
        value           nonuniform List<vector> 4((-0.156942 0.0066793 1.13041e-17) (-0.164047 0.00574817 1.22356e-17) (-0.170602 0.00484128 1.2418e-17) (-0.176621 0.00394025 1.25843e-17));
    }
    procBoundary43to35
    {
        type            processor;
        value           nonuniform List<vector> 
19
(
(-0.215241 0.00768562 -4.58051e-18)
(-0.214824 0.00691534 -4.25208e-18)
(-0.214383 0.00600812 -1.73892e-18)
(-0.213906 0.00499281 -5.37276e-18)
(-0.213384 0.00390417 2.20501e-18)
(-0.20849 0.00176399 5.23156e-18)
(-0.212802 0.0027791 -2.60912e-18)
(-0.20849 0.00176399 5.23156e-18)
(-0.207622 0.000712162 -1.66124e-18)
(-0.206639 -0.000242617 -5.90435e-18)
(-0.205515 -0.00106511 3.18846e-18)
(-0.204212 -0.00170474 -1.89707e-18)
(-0.202703 -0.00212672 -7.74408e-18)
(-0.200944 -0.00230204 -2.85847e-18)
(-0.198902 -0.00219766 -2.43074e-19)
(-0.196505 -0.00179962 1.41951e-18)
(-0.193733 -0.00107478 -5.65948e-18)
(-0.190443 -2.27091e-05 4.57538e-18)
(-0.186669 0.00137885 7.37268e-18)
)
;
    }
    procBoundary43to36
    {
        type            processor;
        value           nonuniform List<vector> 2((-0.212734 0.00835648 9.15922e-19) (-0.209643 0.00839362 -2.40869e-19));
    }
    procBoundary43to42
    {
        type            processor;
        value           nonuniform List<vector> 7((-0.107863 0.0100352 3.90967e-18) (-0.107863 0.0100352 3.90967e-18) (-0.112454 0.0118126 2.18988e-18) (-0.122624 0.0107206 4.5748e-18) (-0.132132 0.00966204 7.46115e-18) (-0.141005 0.00863551 8.90518e-18) (-0.149268 0.00764163 9.43329e-18));
    }
    procBoundary43to44
    {
        type            processor;
        value           nonuniform List<vector> 8((-0.175201 0.00939734 5.70315e-18) (-0.180585 0.00920052 6.43913e-18) (-0.185644 0.00902266 6.52185e-18) (-0.190389 0.00886684 4.61853e-18) (-0.194825 0.00873365 3.27508e-18) (-0.198962 0.00862134 2.41635e-18) (-0.202806 0.00852793 1.9302e-18) (-0.206364 0.00845164 5.16927e-20));
    }
    procBoundary43to51
    {
        type            processor;
        value           nonuniform List<vector> 
18
(
(-0.167428 0.00896365 3.42359e-19)
(-0.165298 0.00815799 4.48772e-19)
(-0.163088 0.0072458 1.74153e-18)
(-0.16079 0.00626463 2.13276e-18)
(-0.158391 0.00525679 1.5319e-18)
(-0.155877 0.00426841 1.24988e-18)
(-0.153229 0.00334766 -1.60896e-18)
(-0.150427 0.00254432 4.3336e-18)
(-0.147444 0.00190595 9.87668e-19)
(-0.144255 0.00148557 3.65606e-19)
(-0.144255 0.00148557 3.65606e-19)
(-0.116827 0.00295698 6.50049e-19)
(-0.112341 0.00325012 3.14387e-19)
(-0.107537 0.00388657 -5.79124e-19)
(-0.102392 0.00489779 5.07616e-19)
(-0.0968828 0.00629591 4.46225e-19)
(-0.0910088 0.00811321 -3.98244e-19)
(-0.0847548 0.0103422 8.50755e-19)
)
;
    }
}


// ************************************************************************* //
