/*--------------------------------*- C++ -*----------------------------------*\
  =========                 |
  \\      /  F ield         | OpenFOAM: The Open Source CFD Toolbox
   \\    /   O peration     | Website:  https://openfoam.org
    \\  /    A nd           | Version:  7
     \\/     M anipulation  |
\*---------------------------------------------------------------------------*/
FoamFile
{
    version     2.0;
    format      ascii;
    class       surfaceScalarField;
    location    "116";
    object      phi;
}
// * * * * * * * * * * * * * * * * * * * * * * * * * * * * * * * * * * * * * //

dimensions      [0 3 -1 0 0 0 0];

internalField   nonuniform List<scalar> 
310
(
3.39943e-05
-0.00943877
0.0093959
7.53344e-05
-0.00941038
0.00936904
0.000114727
-0.00938532
0.00934593
0.000152057
-0.00936522
0.00932789
-0.00935054
0.0093156
3.32542e-05
-0.00948103
7.38892e-05
-0.00945101
0.000112475
-0.0094239
0.000148856
-0.0094016
-0.00938435
3.25549e-05
-0.00952269
7.24924e-05
-0.00949095
0.000110283
-0.00946169
0.000145734
-0.00943706
-0.00941707
3.18931e-05
-0.00956374
7.1133e-05
-0.00953019
0.000108128
-0.00949869
0.000142646
-0.00947157
-0.00944868
3.12753e-05
-0.00960419
6.98206e-05
-0.00956873
0.000106023
-0.00953489
0.000139608
-0.00950516
-0.00947918
3.07164e-05
-0.00964406
6.85789e-05
-0.0096066
0.000104003
-0.00957032
0.00013667
-0.00953782
-0.0095086
3.02259e-05
-0.00968335
6.74238e-05
-0.00964379
0.000102095
-0.00960499
0.000133878
-0.00956961
-0.00953697
2.97568e-05
-0.00972206
6.62835e-05
-0.00968032
0.000100202
-0.00963891
0.00013111
-0.00960052
-0.00956432
2.91911e-05
-0.00976012
6.49744e-05
-0.0097161
9.80499e-05
-0.00967198
0.000127978
-0.00963044
-0.00959052
2.81436e-05
-0.00979728
6.2734e-05
-0.00975069
9.45267e-05
-0.00970377
0.000123004
-0.00965892
-0.00961508
-0.000291548
-0.00938864
0.00938798
-0.000292298
-0.0093818
0.00938254
-0.000294568
-0.0093822
0.00938447
-0.000298525
-0.00939143
0.00939538
-0.00941195
0.00941773
-0.000292117
-0.0093887
-0.000293551
-0.00938036
-0.000296619
-0.00937913
-0.000301521
-0.00938652
-0.00940502
-0.000292523
-0.00938817
-0.000294618
-0.00937827
-0.000298453
-0.0093753
-0.000304267
-0.00938071
-0.00939698
-0.000292855
-0.00938707
-0.000295605
-0.00937552
-0.000300202
-0.0093707
-0.000306921
-0.00937399
-0.00938783
-0.0002931
-0.00938541
-0.000296495
-0.00937212
-0.000301844
-0.00936535
-0.000309456
-0.00936638
-0.0093776
-0.000291034
-0.00940326
-0.000293255
-0.00938319
-0.000297285
-0.00936809
-0.000303373
-0.00935926
-0.000311865
-0.00935789
-0.0093663
-0.000290548
-0.00940213
-0.000293313
-0.00938042
-0.000297967
-0.00936344
-0.000304781
-0.00935245
-0.000314135
-0.00934853
-0.00935394
-0.000289974
-0.00940051
-0.000293268
-0.00937713
-0.00029853
-0.00935818
-0.00030605
-0.00934493
-0.000316244
-0.00933834
-0.00934057
-0.000289308
-0.00939843
-0.000293112
-0.00937332
-0.000298959
-0.00935233
-0.000307157
-0.00933673
-0.000318151
-0.00932735
-0.00932622
-0.000288525
-0.000292814
-0.000299217
-0.000308054
-0.000319798
-0.000586842
-0.00979386
-0.00063024
-0.00979324
-0.000674709
-0.00979994
-0.00072037
-0.00981581
-0.000767263
-0.00984274
-0.00988314
-0.000586336
-0.0097512
-0.00063009
-0.00974949
-0.000674982
-0.00975505
-0.000721141
-0.00976965
-0.000768653
-0.00979523
-0.00983428
-0.000585668
-0.00970822
-0.000629757
-0.0097054
-0.000675043
-0.00970976
-0.000721672
-0.00972303
-0.00076977
-0.00974713
-0.00978466
-0.000584925
-0.00966495
-0.000629345
-0.00966098
-0.000675019
-0.00966409
-0.00072211
-0.00967593
-0.000770784
-0.00969846
-0.00973428
-0.000584094
-0.000628839
-0.00961623
-0.00067489
-0.00961804
-0.000722432
-0.00962839
-0.000771665
-0.00964923
-0.00968318
-0.000628235
-0.00957117
-0.000674653
-0.00957162
-0.000722631
-0.00958042
-0.000772404
-0.00959945
-0.00963137
-0.000627529
-0.00952581
-0.000674301
-0.00952485
-0.000722698
-0.00953202
-0.000772989
-0.00954916
-0.00957889
-0.000626717
-0.00948015
-0.000673828
-0.00947774
-0.000722626
-0.00948322
-0.000773411
-0.00949838
-0.00952578
-0.000625796
-0.0094342
-0.000673233
-0.0094303
-0.000722418
-0.00943404
-0.000773681
-0.00944711
-0.00947206
-0.000624766
-0.000672521
-0.000722085
-0.000773816
0.00908191
-0.00427477
0.0093126
-0.00417818
-0.00607407
0.00900547
-0.00459295
0.00922756
-0.00440027
-0.0065972
0.00892141
-0.00490643
0.00913458
-0.00461344
-0.00716639
0.00882788
-0.0052109
0.00903192
-0.00481748
-0.00779339
0.00872214
0.0089177
)
;

boundaryField
{
    inlet
    {
        type            calculated;
        value           nonuniform 0();
    }
    outlet
    {
        type            calculated;
        value           nonuniform 0();
    }
    polygon
    {
        type            calculated;
        value           nonuniform 0();
    }
    top
    {
        type            symmetryPlane;
        value           uniform 0;
    }
    bottom
    {
        type            symmetryPlane;
        value           uniform 0;
    }
    outside
    {
        type            calculated;
        value           nonuniform 0();
    }
    procBoundary9to0
    {
        type            processor;
        value           nonuniform List<scalar> 5(-0.00876136 -0.00868729 -0.00860794 -0.00852341 -0.00843401);
    }
    procBoundary9to1
    {
        type            processor;
        value           nonuniform List<scalar> 
35
(
8.87467e-06
9.00686e-06
9.10212e-06
9.16088e-06
9.17968e-06
9.14976e-06
9.06427e-06
8.94819e-06
8.87546e-06
9.01586e-06
0.000292207
0.000292173
0.000291999
0.000291757
0.000291436
0.00940391
0.000290392
0.000289414
0.000288357
0.000287222
0.000285994
0.000544505
0.000543668
0.000542694
0.00054165
0.000540526
-0.00962138
0.000583175
0.000582164
0.000581057
0.000579851
0.000578546
0.00395423
0.00394749
0.00558938
)
;
    }
    procBoundary9to2
    {
        type            processor;
        value           nonuniform List<scalar> 3(0.0098362 0.00983664 0.00984441);
    }
    procBoundary9to10
    {
        type            processor;
        value           nonuniform List<scalar> 3(0.00986148 0.00988964 0.00993119);
    }
    procBoundary9to17
    {
        type            processor;
        value           nonuniform List<scalar> 
34
(
0.000186991
-0.00931098
0.000182668
0.000178449
0.000174258
0.000170114
0.000166085
0.000162248
0.00015846
0.000154181
0.000147567
-0.000304306
-0.000308452
-0.000312307
-0.000316064
-0.000319688
-0.000323169
-0.00032649
-0.000329619
-0.000332494
-0.000335035
-0.000815318
-0.000817506
-0.000819395
-0.000821161
-0.000822771
-0.000824211
-0.000825464
-0.000826523
-0.000827406
-0.000828145
-0.00549903
-0.00501304
-0.00849078
)
;
    }
}


// ************************************************************************* //
