/*--------------------------------*- C++ -*----------------------------------*\
  =========                 |
  \\      /  F ield         | OpenFOAM: The Open Source CFD Toolbox
   \\    /   O peration     | Website:  https://openfoam.org
    \\  /    A nd           | Version:  7
     \\/     M anipulation  |
\*---------------------------------------------------------------------------*/
FoamFile
{
    version     2.0;
    format      ascii;
    class       volVectorField;
    location    "18";
    object      U;
}
// * * * * * * * * * * * * * * * * * * * * * * * * * * * * * * * * * * * * * //

dimensions      [0 1 -1 0 0 0 0];

internalField   nonuniform List<vector> 
115
(
(-0.182071 -0.083433 -1.45225e-17)
(-0.159843 -0.0750949 1.8943e-17)
(-0.140416 -0.0663149 -2.27275e-17)
(-0.12389 -0.0575845 3.84984e-18)
(-0.110171 -0.0494488 3.13789e-17)
(-0.0989884 -0.0424635 3.64981e-17)
(-0.0898706 -0.0371557 5.6904e-17)
(-0.0823688 -0.0339942 5.67337e-17)
(-0.0757832 -0.0333618 -1.76289e-17)
(-0.0704005 -0.0354743 1.84831e-17)
(-0.0643955 -0.0410055 -1.6898e-17)
(-0.0627977 -0.0477312 4.48563e-17)
(-0.0557993 -0.0602363 -7.66673e-18)
(-0.0624149 -0.0635112 2.08236e-17)
(-0.050894 -0.0785567 -4.09179e-17)
(-0.175414 -0.105362 9.24439e-17)
(-0.151056 -0.0982722 9.08605e-17)
(-0.12896 -0.089895 8.70826e-17)
(-0.109473 -0.0805935 2.23336e-17)
(-0.0928177 -0.0708456 7.33715e-17)
(-0.0790424 -0.0612234 8.80133e-17)
(-0.0679617 -0.0523669 9.57136e-17)
(-0.0591855 -0.0449042 9.79885e-17)
(-0.0521506 -0.0394009 1.03126e-16)
(-0.0463501 -0.036322 1.02568e-16)
(-0.0412594 -0.0358722 7.81131e-17)
(-0.0373965 -0.0383389 2.05822e-17)
(-0.0333287 -0.0435426 7.50938e-17)
(-0.0347019 -0.0508375 9.6241e-17)
(-0.0311385 -0.060796 8.38261e-17)
(-0.0473956 -0.065491 8.9709e-17)
(-0.0837615 -0.125176 4.36716e-17)
(-0.063157 -0.116538 4.24492e-17)
(-0.0449711 -0.106298 3.75531e-17)
(-0.0294671 -0.0948891 1.47965e-17)
(-0.0167203 -0.0829031 3.36628e-17)
(-0.00655725 -0.0710651 4.02172e-17)
(0.00149204 -0.060178 4.30959e-17)
(0.00806402 -0.0510189 4.21137e-17)
(0.0138168 -0.0442057 4.40638e-17)
(0.0192144 -0.0401324 4.27683e-17)
(0.024524 -0.0388518 3.50231e-17)
(0.0290907 -0.0402792 1.53597e-17)
(0.0337511 -0.0435562 3.40373e-17)
(0.0321183 -0.0487088 4.05944e-17)
(0.0359116 -0.053433 3.90877e-17)
(0.0117889 -0.0557489 4.01495e-17)
(0.0174799 -0.138653 1.27887e-16)
(0.0341526 -0.128305 1.19097e-16)
(0.0483108 -0.116181 1.05692e-16)
(0.0599386 -0.102863 3.19688e-17)
(0.069336 -0.0891371 1.00122e-16)
(0.0771284 -0.0759384 1.06679e-16)
(0.0841784 -0.0642153 1.04536e-16)
(0.0913528 -0.054793 1.03297e-16)
(0.0993145 -0.0481507 1.02996e-16)
(0.108341 -0.0444037 9.8822e-17)
(0.118342 -0.0432658 9.02997e-17)
(0.128662 -0.0442826 3.32656e-17)
(0.139319 -0.046321 9.82757e-17)
(0.146348 -0.0497018 1.00776e-16)
(0.158832 -0.0489505 1.01521e-16)
(0.150994 -0.0508461 1.01517e-16)
(0.125204 -0.149747 4.60905e-17)
(0.138107 -0.137667 4.08894e-17)
(0.148853 -0.123845 4.74336e-17)
(0.157973 -0.109099 9.32403e-17)
(0.166374 -0.0944641 3.22387e-17)
(0.175193 -0.081045 3.10052e-17)
(0.185549 -0.0698099 3.13344e-17)
(0.198262 -0.061406 3.28607e-17)
(0.213724 -0.0560368 3.81952e-17)
(0.231909 -0.0535146 2.90446e-17)
(0.252559 -0.0533367 3.89227e-17)
(0.275352 -0.0548621 8.34965e-17)
(0.300434 -0.0572245 2.28826e-17)
(0.327357 -0.0603824 2.95106e-17)
(0.362168 -0.0612911 2.76433e-17)
(0.394955 -0.0675017 2.74312e-17)
(0.237487 -0.158432 1.51947e-17)
(0.247893 -0.144923 1.8249e-17)
(0.257569 -0.130141 2.18725e-17)
(0.267754 -0.115193 3.18618e-17)
(0.279871 -0.101287 9.46245e-18)
(0.295221 -0.0894923 1.19907e-17)
(0.314704 -0.0805439 1.50373e-17)
(0.33869 -0.0747383 2.91842e-17)
(0.367125 -0.0719722 7.96869e-17)
(0.399768 -0.0719007 5.85684e-18)
(0.436498 -0.0740913 1.92709e-17)
(0.477527 -0.0781788 2.35526e-17)
(0.523596 -0.0839589 3.25475e-18)
(0.575876 -0.0917482 8.40452e-18)
(0.637329 -0.101442 5.09522e-18)
(0.706417 -0.116729 4.16881e-18)
(0.355231 -0.165594 9.90748e-18)
(0.366581 -0.151852 1.27257e-17)
(0.3799 -0.137855 3.02699e-17)
(0.396782 -0.124828 8.38251e-17)
(0.418537 -0.11385 -4.15257e-18)
(0.445926 -0.105652 8.17251e-18)
(0.47909 -0.100547 7.08518e-18)
(0.517698 -0.0985023 1.32871e-17)
(0.561231 -0.0992884 2.14788e-17)
(0.609235 -0.10265 9.06263e-18)
(0.66147 -0.108397 3.14569e-17)
(0.717886 -0.116449 6.13324e-17)
(0.77846 -0.126848 -1.56972e-17)
(0.843056 -0.139823 5.75743e-18)
(0.911611 -0.155509 -2.49682e-18)
(0.983373 -0.174356 -2.50232e-18)
(0.483809 -0.174078 1.28279e-17)
(0.501439 -0.162246 1.54282e-17)
(0.523983 -0.15136 1.97556e-17)
(0.552487 -0.142376 2.36698e-17)
)
;

boundaryField
{
    inlet
    {
        type            uniformFixedValue;
        uniformValue    constant (1 0 0);
        value           nonuniform 0();
    }
    outlet
    {
        type            pressureInletOutletVelocity;
        value           nonuniform 0();
    }
    polygon
    {
        type            fixedValue;
        value           nonuniform 0();
    }
    top
    {
        type            symmetryPlane;
    }
    bottom
    {
        type            symmetryPlane;
    }
    outside
    {
        type            zeroGradient;
    }
    procBoundary18to10
    {
        type            processor;
        value           nonuniform List<vector> 
17
(
(0.587293 -0.135907 6.54256e-18)
(0.62807 -0.132189 1.01468e-17)
(0.674009 -0.131179 9.62903e-18)
(0.724112 -0.132699 1.32372e-17)
(0.777407 -0.136549 1.3804e-17)
(0.833038 -0.142571 1.03488e-17)
(0.89025 -0.150635 1.48343e-17)
(0.948271 -0.160637 1.16189e-17)
(1.00617 -0.172496 -4.8078e-18)
(1.0629 -0.186159 1.85484e-18)
(1.11763 -0.201496 -4.72877e-18)
(1.16976 -0.218319 -6.06845e-18)
(0.630543 -0.187948 1.1257e-16)
(0.658503 -0.180062 1.00404e-16)
(0.692499 -0.173728 8.08894e-17)
(0.587293 -0.135907 6.54256e-18)
(0.732289 -0.169345 4.01884e-17)
)
;
    }
    procBoundary18to11
    {
        type            processor;
        value           nonuniform List<vector> 2((0.344322 -0.177931 7.94956e-18) (0.469577 -0.185704 1.06375e-17));
    }
    procBoundary18to17
    {
        type            processor;
        value           uniform (1.05996 -0.193239 -8.31638e-18);
    }
    procBoundary18to19
    {
        type            processor;
        value           nonuniform List<vector> 5((-0.201622 -0.110915 1.22193e-16) (-0.106428 -0.131932 5.4066e-17) (-0.00150014 -0.146857 1.3825e-16) (0.109978 -0.159525 5.0426e-17) (0.225495 -0.169812 1.70683e-17));
    }
    procBoundary18to25
    {
        type            processor;
        value           nonuniform List<vector> 7((-0.0325054 -0.0350967 -2.20619e-17) (-0.0412907 -0.0816106 7.45977e-17) (-0.0412907 -0.0816106 7.45977e-17) (0.0219906 -0.0614982 3.78851e-17) (0.185484 -0.0364384 9.94032e-17) (0.470529 -0.0615817 2.32655e-17) (0.800182 -0.128263 -1.40384e-18));
    }
    procBoundary18to26
    {
        type            processor;
        value           nonuniform List<vector> 
18
(
(-0.219051 -0.0767001 2.27549e-17)
(-0.194858 -0.0696018 3.90371e-17)
(-0.173446 -0.0619939 3.52889e-18)
(-0.154948 -0.0542859 6.57002e-17)
(-0.139314 -0.0469453 1.72823e-17)
(-0.126333 -0.0404612 2.32351e-17)
(-0.115573 -0.0353334 6.9902e-17)
(-0.106613 -0.0320251 6.53175e-17)
(-0.0986448 -0.031038 9.80005e-19)
(-0.0918447 -0.0325075 4.51888e-17)
(-0.0839943 -0.0375235 1.80455e-18)
(-0.0796165 -0.0433211 6.27951e-17)
(-0.0691754 -0.0566152 1.70173e-17)
(-0.0680254 -0.0594679 1.89879e-18)
(-0.0525374 -0.0757387 -3.56976e-17)
(-0.233837 -0.0972184 -4.74476e-17)
(-0.206856 -0.0909142 -1.79127e-17)
(-0.206856 -0.0909142 -1.79127e-17)
)
;
    }
}


// ************************************************************************* //
