/*--------------------------------*- C++ -*----------------------------------*\
  =========                 |
  \\      /  F ield         | OpenFOAM: The Open Source CFD Toolbox
   \\    /   O peration     | Website:  https://openfoam.org
    \\  /    A nd           | Version:  7
     \\/     M anipulation  |
\*---------------------------------------------------------------------------*/
FoamFile
{
    version     2.0;
    format      ascii;
    class       volVectorField;
    location    "102";
    object      U;
}
// * * * * * * * * * * * * * * * * * * * * * * * * * * * * * * * * * * * * * //

dimensions      [0 1 -1 0 0 0 0];

internalField   nonuniform List<vector> 
125
(
(0.9118 0.0496781 5.28705e-18)
(1.00575 0.000336219 -1.72226e-17)
(0.99328 -0.000316742 -1.74762e-17)
(1.00722 0.000768723 5.98168e-17)
(0.990712 -9.75078e-05 2.90008e-17)
(1.00883 0.00114343 9.75715e-17)
(0.986988 0.000413593 4.88799e-17)
(1.01022 0.00179652 -8.76516e-18)
(0.981283 0.001539 -2.68757e-17)
(1.0107 0.00300482 8.20328e-17)
(0.972173 0.00397174 5.1887e-17)
(1.00868 0.00540045 6.20164e-17)
(0.956845 0.00923396 8.4702e-17)
(1.00055 0.0105099 8.61508e-17)
(0.929389 0.0211481 2.30557e-17)
(0.977936 0.0226309 -5.1319e-19)
(0.876252 0.051392 -1.06955e-16)
(0.920413 0.0574655 4.05394e-17)
(1.00576 0.000379207 3.31547e-17)
(0.993261 -0.000366493 -1.96791e-17)
(1.00728 0.00087203 1.03316e-16)
(0.990647 -0.000137317 6.36027e-17)
(1.00896 0.00129729 5.66755e-17)
(0.986866 0.000422973 2.53752e-17)
(1.01048 0.00204509 1.43869e-17)
(0.981058 0.00166374 -8.29532e-17)
(1.0112 0.00343511 3.31908e-17)
(0.971766 0.00435605 5.40439e-18)
(1.00963 0.00620293 2.38124e-17)
(0.956124 0.0101951 3.48855e-17)
(1.00236 0.012109 4.76865e-17)
(0.928142 0.0234201 2.39176e-17)
(0.981724 0.0261084 -3.91428e-17)
(0.874355 0.0568537 -1.15018e-16)
(0.930094 0.0659291 3.31228e-18)
(1.00575 0.000432845 1.17497e-17)
(0.993265 -0.000395564 -1.93813e-17)
(1.00734 0.000972838 1.59827e-17)
(0.990588 -0.000115649 1.51077e-17)
(1.00914 0.00145971 2.3158e-17)
(0.986737 0.000514913 -6.99313e-18)
(1.01087 0.00231739 2.17457e-17)
(0.980798 0.00191613 -1.03806e-16)
(1.01199 0.00392314 1.30267e-17)
(0.971279 0.00493637 -7.22981e-17)
(1.01116 0.0071331 -1.23315e-17)
(0.955253 0.0114486 -4.48394e-18)
(1.00541 0.0139712 2.84733e-17)
(0.926701 0.0260779 1.28268e-17)
(0.988321 0.0301064 -1.69204e-17)
(0.872591 0.0625221 -4.25466e-17)
(0.94723 0.0752782 -1.6596e-17)
(1.00565 0.000445057 1.62916e-17)
(0.993404 -0.000300691 -7.95303e-17)
(1.00728 0.000947948 -1.74167e-17)
(0.990725 9.43129e-05 -7.45747e-18)
(1.00915 0.00149432 2.3164e-17)
(0.986894 0.000889605 -8.27235e-17)
(1.01106 0.0024765 -9.42434e-19)
(0.980981 0.00258499 -6.08396e-17)
(1.01257 0.00435736 7.53331e-17)
(0.971518 0.0061673 -1.26709e-17)
(1.01253 0.00816434 -3.56209e-18)
(0.955677 0.0137651 -2.74907e-17)
(1.00841 0.0163262 9.70681e-17)
(0.927909 0.0305151 -3.87536e-17)
(0.994876 0.0353083 -1.01941e-16)
(0.877745 0.0709397 -2.78359e-17)
(0.96163 0.0851847 -3.57287e-17)
(1.00541 0.00046564 7.30412e-18)
(0.993717 -0.000252759 -1.16989e-17)
(1.007 0.000965475 -6.59295e-18)
(0.991132 0.000200234 -5.56498e-18)
(1.00885 0.00157028 8.58505e-18)
(0.987484 0.00112811 -2.17291e-17)
(1.01077 0.00268363 2.59284e-17)
(0.981869 0.00306937 -1.12115e-16)
(1.01238 0.00484511 1.13626e-17)
(0.97294 0.00712259 -9.63847e-17)
(1.01264 0.00924127 -2.6284e-17)
(0.958197 0.015646 -2.04023e-17)
(1.00923 0.0186037 1.90923e-17)
(0.933131 0.0342428 -4.55223e-19)
(0.997151 0.0398156 -1.11439e-17)
(0.891289 0.0783934 -4.36564e-18)
(0.966191 0.0913952 -1.5831e-17)
(1.00505 0.000468507 1.77109e-18)
(0.994207 -0.000183173 -3.87409e-18)
(1.00653 0.000962366 1.04702e-18)
(0.991823 0.000355141 -3.58863e-18)
(1.00822 0.00162658 5.69863e-18)
(0.988517 0.00139384 -1.07821e-17)
(1.00998 0.00284994 3.02356e-17)
(0.98347 0.00355949 -1.10989e-16)
(1.01141 0.00524995 1.16064e-17)
(0.975545 0.00805416 -9.55978e-17)
(1.01148 0.0101344 -2.81623e-17)
(0.96274 0.0174546 -2.13659e-17)
(1.00792 0.0204209 1.75056e-17)
(0.941898 0.0378318 -1.18401e-17)
(0.995779 0.0429907 8.48939e-17)
(0.910552 0.0855462 1.83841e-17)
(0.965615 0.0938122 5.12061e-18)
(1.00457 0.000453103 -4.61029e-20)
(0.994849 -0.000102765 1.09283e-18)
(1.00587 0.000937174 -3.97489e-19)
(0.992748 0.000504193 -1.36372e-18)
(1.00733 0.001633 4.90659e-18)
(0.989913 0.00167045 -9.70871e-18)
(1.00879 0.00293495 2.29603e-17)
(0.98564 0.00406998 -5.71213e-17)
(1.00982 0.00550755 7.78825e-17)
(0.97905 0.00901258 -1.22686e-17)
(1.00939 0.0107366 -5.74221e-18)
(0.968699 0.0192917 -3.10551e-17)
(1.00526 0.0216118 8.24695e-17)
(0.952724 0.0414144 9.85662e-18)
(0.992808 0.0447282 3.33326e-17)
(0.931485 0.0922951 3.72653e-18)
(0.965448 0.0935795 9.44168e-17)
(1.00401 0.000414768 2.62745e-19)
(0.99559 -1.91181e-06 -5.11906e-19)
(1.0051 0.000878112 -2.96845e-18)
(0.993824 0.000680446 -2.63427e-18)
(1.00628 0.001585 4.84827e-18)
)
;

boundaryField
{
    inlet
    {
        type            uniformFixedValue;
        uniformValue    constant (1 0 0);
        value           uniform (1 0 0);
    }
    outlet
    {
        type            pressureInletOutletVelocity;
        value           nonuniform 0();
    }
    polygon
    {
        type            fixedValue;
        value           nonuniform 0();
    }
    top
    {
        type            symmetryPlane;
    }
    bottom
    {
        type            symmetryPlane;
    }
    outside
    {
        type            zeroGradient;
    }
    procBoundary40to32
    {
        type            processor;
        value           nonuniform List<vector> 
18
(
(0.904284 0.0420551 -7.89888e-18)
(1.00573 0.000292706 -7.58684e-19)
(0.993317 -0.000268499 -6.82616e-18)
(1.00716 0.000663932 5.79086e-17)
(0.990799 -6.91074e-05 1.65986e-17)
(1.00869 0.000986995 1.07148e-16)
(0.987141 0.000393406 7.46585e-17)
(1.00994 0.00154761 3.29436e-17)
(0.981553 0.00140643 3.48402e-17)
(1.0102 0.00258538 1.04913e-16)
(0.972644 0.00358604 3.21465e-17)
(1.00777 0.00464618 5.10959e-17)
(0.957666 0.00829065 8.94651e-17)
(0.998852 0.00904316 5.84803e-17)
(0.930813 0.018944 2.05804e-17)
(0.974504 0.0194816 8.68362e-18)
(0.878565 0.0460887 -4.89021e-17)
(0.878565 0.0460887 -4.89021e-17)
)
;
    }
    procBoundary40to33
    {
        type            processor;
        value           nonuniform List<vector> 7((0.766064 0.132968 1.77325e-17) (0.763994 0.147492 2.01366e-17) (0.763521 0.161724 1.99076e-17) (0.768 0.173898 2.89299e-17) (0.797536 0.188641 1.1134e-16) (0.840709 0.202289 3.90825e-17) (0.885008 0.213311 3.56914e-17));
    }
    procBoundary40to41
    {
        type            processor;
        value           uniform (0.922468 0.220268 4.06827e-17);
    }
    procBoundary40to48
    {
        type            processor;
        value           nonuniform List<vector> 
18
(
(0.991529 0.00197594 -8.87109e-18)
(1.00737 0.00292367 3.03734e-17)
(0.988129 0.00461509 -1.0335e-16)
(1.00793 0.00559307 2.39525e-17)
(0.983003 0.0100091 -7.6201e-17)
(1.00696 0.0110182 -1.66772e-17)
(0.975206 0.0211489 -2.40166e-17)
(1.00237 0.0221801 2.86663e-17)
(0.963864 0.0448806 -5.29475e-18)
(0.990456 0.0452986 7.73091e-17)
(0.950758 0.0981112 9.16434e-17)
(0.969178 0.092077 7.17347e-17)
(1.00343 0.000352569 1.87778e-18)
(0.996366 0.000120896 -3.43163e-18)
(1.00429 0.000783449 -2.15162e-18)
(0.994948 0.000882269 -1.929e-18)
(0.991529 0.00197594 -8.87109e-18)
(1.00518 0.00147711 4.32959e-18)
)
;
    }
}


// ************************************************************************* //
