/*--------------------------------*- C++ -*----------------------------------*\
  =========                 |
  \\      /  F ield         | OpenFOAM: The Open Source CFD Toolbox
   \\    /   O peration     | Website:  https://openfoam.org
    \\  /    A nd           | Version:  7
     \\/     M anipulation  |
\*---------------------------------------------------------------------------*/
FoamFile
{
    version     2.0;
    format      ascii;
    class       volVectorField;
    location    "118";
    object      U;
}
// * * * * * * * * * * * * * * * * * * * * * * * * * * * * * * * * * * * * * //

dimensions      [0 1 -1 0 0 0 0];

internalField   nonuniform List<vector> 
115
(
(1.2977 0.219611 -1.52202e-18)
(1.29854 0.229049 -2.6923e-18)
(1.30041 0.238805 1.58989e-18)
(1.30355 0.248789 -6.91065e-19)
(1.30826 0.25896 6.17326e-19)
(1.31472 0.269116 1.13227e-18)
(1.30189 0.220675 -1.17844e-19)
(1.30297 0.229968 -6.28214e-19)
(1.30514 0.239532 2.08871e-18)
(1.30863 0.249207 -6.24464e-19)
(1.31359 0.258798 6.23748e-19)
(1.31955 0.267662 4.10001e-19)
(1.28808 0.228571 1.05457e-19)
(1.28937 0.23908 1.13279e-18)
(1.29185 0.249981 -2.25383e-18)
(1.29584 0.2613 -3.80579e-19)
(1.30172 0.272996 1.34835e-18)
(1.293 0.219021 1.54158e-18)
(1.2936 0.228751 -3.18662e-18)
(1.29519 0.238845 2.35039e-18)
(1.29798 0.249222 -2.13036e-18)
(1.30224 0.259816 1.00805e-18)
(1.3081 0.270392 1.08872e-18)
(1.27553 0.22804 1.37175e-18)
(1.27619 0.239455 3.97035e-18)
(1.27793 0.251423 -4.89977e-19)
(1.28106 0.26402 -9.59968e-19)
(1.28596 0.277312 2.48077e-18)
(1.28213 0.228006 -1.84306e-18)
(1.28313 0.238878 3.01706e-18)
(1.28523 0.250196 -2.80886e-18)
(1.28872 0.261983 -3.93357e-19)
(1.29391 0.27423 9.98184e-19)
(1.26097 0.227478 -7.71998e-19)
(1.26091 0.239948 7.70423e-18)
(1.26182 0.253139 -1.53679e-18)
(1.26399 0.267188 -2.71008e-19)
(1.26774 0.28228 4.0229e-18)
(1.27359 0.298384 6.89529e-18)
(1.26857 0.227384 -3.60016e-19)
(1.2689 0.239222 5.5788e-18)
(1.27024 0.251676 -1.32935e-18)
(1.27286 0.264847 1.00978e-18)
(1.27712 0.27887 3.97966e-18)
(1.24453 0.226904 1.11093e-18)
(1.24363 0.240564 8.17976e-18)
(1.24359 0.255119 1.16163e-18)
(1.24463 0.270779 -3.2078e-18)
(1.24705 0.287876 3.10872e-18)
(1.25306 0.226781 2.7628e-18)
(1.25262 0.239737 5.1685e-18)
(1.2531 0.253487 3.00487e-18)
(1.25473 0.2682 3.86564e-18)
(1.25786 0.284144 8.28008e-18)
(1.22704 0.226335 5.10312e-18)
(1.22504 0.241297 1.23952e-17)
(1.22373 0.257275 1.67156e-18)
(1.2232 0.274646 3.61522e-18)
(1.22382 0.29387 5.01791e-18)
(1.23587 0.226198 7.27106e-18)
(1.23449 0.240402 9.81001e-18)
(1.23389 0.255556 2.47671e-18)
(1.23424 0.271927 -1.62834e-18)
(1.23589 0.289923 -4.98206e-19)
(1.21409 0.210835 5.17118e-18)
(1.21076 0.22592 -2.79237e-18)
(1.20771 0.242122 1.24226e-17)
(1.2052 0.259529 1.74689e-18)
(1.20331 0.278607 -6.30493e-18)
(1.20215 0.299898 -4.81007e-18)
(1.21889 0.22563 6.04012e-18)
(1.2163 0.241129 8.18075e-18)
(1.21431 0.257686 1.6414e-18)
(1.21299 0.275758 1.36176e-18)
(1.21262 0.295862 2.32652e-18)
(1.19525 0.209996 3.81993e-18)
(1.19039 0.226288 2.83321e-18)
(1.1857 0.243864 2.55218e-17)
(1.18137 0.262927 -1.78814e-18)
(1.17741 0.283882 -6.5238e-19)
(1.17387 0.30726 -1.71475e-17)
(1.20543 0.210037 1.55696e-18)
(1.20165 0.225614 1.54854e-17)
(1.1982 0.242351 2.4057e-17)
(1.1953 0.260418 1.04514e-17)
(1.19303 0.280236 3.46503e-18)
(1.19142 0.302321 -4.83664e-18)
(1.02677 0.0926647 -1.16825e-17)
(1.02866 0.192397 7.76737e-18)
(1.08505 0.173152 -4.1461e-19)
(1.10024 0.28994 9.9503e-18)
(1.03621 0.0895973 -9.54505e-18)
(1.04165 0.181566 3.13676e-18)
(1.09729 0.165833 -4.11662e-19)
(1.11451 0.265912 6.14978e-18)
(1.05358 0.170357 6.15169e-17)
(1.1079 0.158245 3.78097e-18)
(1.12751 0.244166 5.43132e-17)
(1.06461 0.158945 1.74031e-17)
(1.11727 0.150383 1.43786e-19)
(1.1393 0.224323 2.40863e-17)
(1.07482 0.147436 7.33069e-18)
(1.12571 0.142269 -4.44501e-18)
(1.14999 0.206028 7.92919e-18)
(1.3215 0.217294 -4.59461e-20)
(1.31047 0.219594 -6.68958e-20)
(1.32331 0.224222 7.97595e-20)
(1.31208 0.227909 -1.64054e-19)
(1.32611 0.231148 7.31842e-19)
(1.31484 0.236344 1.32579e-18)
(1.32991 0.237897 -1.17278e-19)
(1.31892 0.244711 -3.47671e-19)
(1.33422 0.244197 3.1964e-19)
(1.32426 0.252781 4.82922e-19)
(1.3369 0.249264 2.24389e-19)
)
;

boundaryField
{
    inlet
    {
        type            uniformFixedValue;
        uniformValue    constant (1 0 0);
        value           nonuniform 0();
    }
    outlet
    {
        type            pressureInletOutletVelocity;
        value           nonuniform 0();
    }
    polygon
    {
        type            fixedValue;
        value           nonuniform 0();
    }
    top
    {
        type            symmetryPlane;
    }
    bottom
    {
        type            symmetryPlane;
    }
    outside
    {
        type            zeroGradient;
    }
    procBoundary49to41
    {
        type            processor;
        value           nonuniform List<vector> 
27
(
(1.32239 0.27866 3.02971e-19)
(1.32405 0.274175 -8.48549e-20)
(1.32975 0.259902 3.26728e-19)
(1.30977 0.284828 1.9146e-18)
(1.3152 0.280429 8.38333e-19)
(1.29305 0.291188 4.04318e-18)
(1.30116 0.286832 2.59177e-18)
(1.28171 0.315992 -5.83279e-19)
(1.28354 0.293751 4.52062e-18)
(1.26305 0.30134 1.20817e-17)
(1.28354 0.293751 4.52062e-18)
(1.2514 0.306415 1.01314e-17)
(1.26305 0.30134 1.20817e-17)
(1.22602 0.314985 1.32803e-17)
(1.23934 0.309546 1.56719e-17)
(1.20193 0.323629 1.71727e-17)
(1.21355 0.318071 1.27701e-17)
(1.1708 0.33351 2.73187e-17)
(1.0847 0.316734 2.00405e-17)
(1.19058 0.327029 2.12391e-17)
(1.01722 0.0955923 -1.87208e-17)
(1.0142 0.202559 2.79023e-17)
(1.07085 0.180257 6.40791e-19)
(1.0847 0.316734 2.00405e-17)
(1.32975 0.259902 3.26728e-19)
(1.32975 0.259902 3.26728e-19)
(1.33186 0.251191 -3.37276e-19)
)
;
    }
    procBoundary49to48
    {
        type            processor;
        value           nonuniform List<vector> 4((1.00322 0.10605 -2.35746e-17) (1.01264 0.103355 -1.33169e-17) (1.04518 0.0863065 -2.55739e-17) (1.04518 0.0863065 -2.55739e-17));
    }
    procBoundary49to50
    {
        type            processor;
        value           nonuniform List<vector> 4((1.33463 0.226576 3.73576e-19) (1.33767 0.232076 5.58391e-21) (1.34025 0.236932 1.37428e-19) (1.3391 0.240118 -5.13026e-20));
    }
    procBoundary49to56
    {
        type            processor;
        value           nonuniform List<vector> 2((1.05353 0.0826726 -1.57949e-17) (1.06121 0.0786446 -9.55642e-18));
    }
    procBoundary49to57
    {
        type            processor;
        value           nonuniform List<vector> 
23
(
(1.29771 0.210364 3.7474e-18)
(1.30169 0.211523 2.86685e-18)
(1.28774 0.218489 -1.33701e-18)
(1.28774 0.218489 -1.33701e-18)
(1.29322 0.209534 2.66643e-18)
(1.27575 0.217172 5.91303e-18)
(1.28205 0.217608 2.69305e-18)
(1.26185 0.21569 5.70672e-18)
(1.2691 0.216147 2.72825e-18)
(1.24618 0.214075 1.49852e-17)
(1.25429 0.214569 6.8156e-18)
(1.22968 0.212352 8.28543e-18)
(1.23797 0.212887 1.01421e-17)
(1.21784 0.196702 -4.22467e-18)
(1.2219 0.211168 1.12383e-17)
(1.2219 0.211168 1.12383e-17)
(1.20032 0.194828 -6.50471e-18)
(1.2096 0.195488 -6.33112e-18)
(1.08426 0.135919 1.7075e-17)
(1.13339 0.133907 -4.67629e-17)
(1.15981 0.189032 -1.01601e-17)
(1.32054 0.210327 1.11047e-18)
(1.3098 0.211326 1.89145e-18)
)
;
    }
    procBoundary49to58
    {
        type            processor;
        value           nonuniform List<vector> 2((1.33051 0.215011 -8.7166e-21) (1.33218 0.220823 1.51169e-19));
    }
}


// ************************************************************************* //
