/*--------------------------------*- C++ -*----------------------------------*\
  =========                 |
  \\      /  F ield         | OpenFOAM: The Open Source CFD Toolbox
   \\    /   O peration     | Website:  https://openfoam.org
    \\  /    A nd           | Version:  7
     \\/     M anipulation  |
\*---------------------------------------------------------------------------*/
FoamFile
{
    version     2.0;
    format      ascii;
    class       volVectorField;
    location    "20";
    object      U;
}
// * * * * * * * * * * * * * * * * * * * * * * * * * * * * * * * * * * * * * //

dimensions      [0 1 -1 0 0 0 0];

internalField   nonuniform List<vector> 
250
(
(1.43593 0.342818 1.54556e-16)
(1.41498 0.353864 1.37516e-16)
(1.38404 0.352257 5.59714e-17)
(1.3309 0.347537 1.66523e-16)
(1.2462 0.330321 7.83661e-17)
(1.12125 0.300851 1.82704e-16)
(0.956592 0.258981 1.53013e-16)
(0.768686 0.212166 5.52658e-17)
(0.586119 0.17161 1.59219e-16)
(0.4302 0.144425 6.22976e-17)
(1.45057 0.357167 5.00101e-17)
(1.42107 0.368953 -7.65736e-18)
(1.37747 0.365113 1.96027e-17)
(1.30528 0.357028 -1.49185e-17)
(1.19651 0.334102 -2.41603e-17)
(1.04802 0.299314 4.43453e-17)
(0.871495 0.256475 -4.1555e-17)
(0.692057 0.216606 -6.37421e-18)
(0.53243 0.187869 -7.7897e-17)
(0.397647 0.170041 -7.91566e-17)
(1.4659 0.372768 6.26926e-17)
(1.42471 0.384261 3.33791e-17)
(1.36465 0.37704 1.42014e-17)
(1.26973 0.364414 3.63339e-17)
(1.13663 0.335863 6.05021e-18)
(0.972106 0.2992 7.82592e-17)
(0.797914 0.261746 4.24154e-17)
(0.636809 0.233235 9.02523e-18)
(0.496776 0.214719 5.26339e-17)
(0.372028 0.201457 1.04295e-17)
(1.48022 0.388272 6.9295e-17)
(1.42332 0.397887 4.84848e-17)
(1.34304 0.386103 1.78221e-17)
(1.22417 0.368534 5.8246e-17)
(1.07256 0.337003 2.22333e-17)
(0.905215 0.304202 9.02178e-17)
(0.744656 0.276791 6.52483e-17)
(0.601192 0.258643 2.13024e-17)
(0.471016 0.245451 7.76578e-17)
(0.347433 0.232728 2.86494e-17)
(1.49184 0.402146 6.22684e-17)
(1.41451 0.407804 4.70113e-17)
(1.31208 0.391018 1.89995e-17)
(1.17324 0.370225 6.01252e-17)
(1.01444 0.340602 2.63556e-17)
(0.855834 0.316332 8.32229e-17)
(0.710328 0.298802 6.04377e-17)
(0.57614 0.286594 2.26445e-17)
(0.446841 0.27464 6.95399e-17)
(0.319798 0.260798 2.56069e-17)
(1.49775 0.412759 5.76894e-17)
(1.3963 0.412461 4.35607e-17)
(1.2745 0.392109 2.17957e-17)
(1.12503 0.371533 5.31165e-17)
(0.970311 0.348117 2.4868e-17)
(0.824051 0.332763 6.47771e-17)
(0.687396 0.321261 4.52982e-17)
(0.554214 0.310786 1.67588e-17)
(0.421241 0.298137 4.91933e-17)
(0.289315 0.282902 1.72166e-17)
(1.4965 0.418104 3.04401e-17)
(1.37031 0.411241 2.07641e-17)
(1.23671 0.390349 9.99464e-18)
(1.08663 0.373108 2.75655e-17)
(0.941124 0.35695 1.37203e-17)
(0.803295 0.347262 3.53726e-17)
(0.668126 0.337738 2.32741e-17)
(0.53137 0.326806 8.59078e-18)
(0.393288 0.313041 2.3764e-17)
(0.256113 0.296637 6.28439e-18)
(1.48702 0.418893 2.99428e-17)
(1.33994 0.405344 2.36951e-17)
(1.20378 0.385961 1.8293e-17)
(1.05907 0.37288 2.56097e-17)
(0.921585 0.361474 1.48291e-17)
(0.786213 0.353475 1.42869e-17)
(0.648213 0.343417 4.95804e-18)
(0.506618 0.3313 -2.82532e-21)
(0.363447 0.3165 -4.04633e-18)
(0.221166 0.299263 -5.56949e-18)
(1.4674 0.413086 -2.49857e-17)
(1.30762 0.392301 -3.41583e-17)
(1.17576 0.3769 -1.55115e-17)
(1.03795 0.365707 -5.12595e-17)
(0.904524 0.355621 -2.84092e-17)
(0.767716 0.346596 -5.45512e-17)
(0.625711 0.334897 -4.83455e-17)
(0.479637 0.321534 -1.99134e-17)
(0.332001 0.305923 -4.58377e-17)
(0.185149 0.288337 -1.53301e-17)
(1.43908 0.396864 5.2284e-18)
(1.27601 0.36948 2.90393e-17)
(1.15046 0.358397 5.66804e-18)
(1.01856 0.345056 4.45284e-17)
(0.885372 0.3345 3.69741e-17)
(0.746118 0.322993 1.19899e-17)
(0.600613 0.309558 5.44116e-17)
(0.451164 0.295084 2.01065e-17)
(0.30011 0.279064 6.85211e-17)
(0.149709 0.261754 4.86992e-17)
(1.4025 0.368784 -2.46296e-17)
(1.24324 0.333735 -1.67394e-17)
(1.12256 0.32608 -2.6092e-19)
(0.99529 0.306975 -2.18525e-17)
(0.860293 0.295907 -9.13702e-20)
(0.720162 0.28065 -5.92186e-17)
(0.572325 0.266305 -4.27631e-17)
(0.421382 0.250973 -1.36672e-17)
(0.268365 0.235173 -6.67939e-17)
(0.115966 0.218861 -3.05603e-17)
(1.35597 0.322123 -4.79709e-17)
(1.20779 0.279364 -4.54119e-17)
(1.08979 0.274494 -1.13653e-17)
(0.967545 0.248311 -6.30308e-17)
(0.831039 0.237808 -2.30073e-17)
(0.691883 0.218675 -1.06882e-16)
(0.542967 0.204908 -9.12795e-17)
(0.392356 0.18887 -3.20647e-17)
(0.238848 0.174488 -1.0824e-16)
(0.0861617 0.159919 -4.28784e-17)
(1.30257 0.254648 -6.69272e-17)
(1.16894 0.20545 -7.00898e-17)
(1.05131 0.203668 -2.55729e-17)
(0.934291 0.170707 -9.33011e-17)
(0.797461 0.162122 -3.78101e-17)
(0.661403 0.139253 -1.35343e-16)
(0.512796 0.127316 -1.21454e-16)
(0.364834 0.110851 -3.98323e-17)
(0.212459 0.0990888 -1.24807e-16)
(0.0616306 0.0869487 -4.55448e-17)
(1.24133 0.167471 -6.93386e-17)
(1.12714 0.111829 -7.47833e-17)
(1.0094 0.112539 -2.1936e-17)
(0.897942 0.0741443 -9.73116e-17)
(0.763445 0.0677268 -3.83316e-17)
(0.630217 0.0427817 -1.39695e-16)
(0.485461 0.0337834 -1.36208e-16)
(0.340372 0.0183962 -4.27527e-17)
(0.192196 0.0105619 -1.30667e-16)
(0.0439207 0.00169766 -4.40256e-17)
(1.17776 0.0527733 -7.8111e-17)
(1.08054 -0.00410423 -9.91967e-17)
(0.96943 0.00203307 -4.87097e-17)
(0.858352 -0.0395548 -1.26062e-16)
(0.733233 -0.0413732 -4.77511e-17)
(0.601905 -0.066336 -1.53856e-16)
(0.464847 -0.0713728 -1.64134e-16)
(0.323044 -0.0835407 -6.07885e-17)
(0.180316 -0.08746 -1.3538e-16)
(0.035266 -0.0917801 -4.18544e-17)
(1.11808 -0.0594179 -4.00379e-17)
(1.03536 -0.124537 -3.94048e-17)
(0.934768 -0.117429 2.07373e-17)
(0.820895 -0.155448 -2.83063e-17)
(0.704701 -0.156907 -1.96394e-17)
(0.577186 -0.177508 -3.60814e-17)
(0.447785 -0.18152 -3.51928e-17)
(0.311815 -0.18954 6.97462e-17)
(0.174241 -0.191408 7.41408e-18)
(0.0342377 -0.191682 -1.57231e-19)
(1.04296 -0.172038 -2.87639e-17)
(0.983527 -0.247619 -4.61016e-17)
(0.900204 -0.24731 -2.28719e-18)
(0.792932 -0.282929 -5.29007e-17)
(0.682924 -0.285502 -2.3246e-17)
(0.560882 -0.300409 -6.82574e-17)
(0.436805 -0.303265 -9.81182e-17)
(0.30701 -0.306353 -1.89446e-17)
(0.174864 -0.305 -7.55891e-17)
(0.0411057 -0.300041 -2.2252e-17)
(0.952863 -0.279877 7.83375e-20)
(0.912085 -0.359974 -2.26585e-17)
(0.852094 -0.371089 -9.28135e-18)
(0.762104 -0.408685 -2.43317e-17)
(0.663628 -0.416699 2.03536e-17)
(0.551532 -0.428281 -4.23631e-17)
(0.43434 -0.430181 -3.41438e-17)
(0.312116 -0.428013 -1.52608e-17)
(0.187345 -0.420808 -2.01189e-17)
(0.062138 -0.40843 3.45499e-17)
(0.862716 -0.371844 3.27076e-17)
(0.830768 -0.445207 2.08966e-17)
(0.788808 -0.464145 8.68786e-18)
(0.718936 -0.502238 -4.63991e-18)
(0.637068 -0.517153 1.06995e-17)
(0.54087 -0.528501 -1.08199e-17)
(0.436402 -0.530742 -2.33078e-17)
(0.326259 -0.525545 -8.05865e-18)
(0.213177 -0.513226 -1.99097e-17)
(0.0999481 -0.493928 -4.23361e-18)
(0.784182 -0.446187 6.03725e-17)
(0.756705 -0.505452 1.58348e-17)
(0.724736 -0.524973 3.9243e-18)
(0.671323 -0.557553 -2.94069e-18)
(0.605915 -0.57469 -1.86229e-17)
(0.527659 -0.585144 -2.4419e-18)
(0.439998 -0.587099 -8.21919e-18)
(0.345879 -0.580346 -6.58099e-18)
(0.248149 -0.565099 -1.37609e-18)
(0.149662 -0.541731 -2.24227e-17)
(0.722971 -0.501419 1.24665e-16)
(0.699539 -0.545048 1.02339e-16)
(0.672979 -0.56124 4.1322e-17)
(0.631236 -0.584612 5.20731e-17)
(0.57908 -0.598855 1.10614e-17)
(0.516664 -0.606164 2.97443e-17)
(0.445659 -0.605943 4.49758e-17)
(0.368264 -0.597495 1.32682e-17)
(0.286904 -0.580642 4.2302e-17)
(0.204052 -0.55566 1.0831e-17)
(0.678057 -0.538848 -6.38561e-20)
(0.659396 -0.568338 6.45198e-17)
(0.637081 -0.580124 2.41495e-17)
(0.604108 -0.594039 6.17227e-17)
(0.5625 -0.602704 3.6032e-17)
(0.512879 -0.605513 3.93351e-18)
(0.456183 -0.601878 5.33083e-17)
(0.393843 -0.591153 1.45303e-17)
(0.327647 -0.57301 6.08425e-17)
(0.259509 -0.547497 3.52677e-17)
(0.648285 -0.559492 9.99493e-17)
(0.634405 -0.577186 1.14301e-16)
(0.616103 -0.584543 4.23504e-17)
(0.590235 -0.590834 8.13766e-17)
(0.557371 -0.593678 2.80961e-17)
(0.518117 -0.591781 5.59311e-17)
(0.47317 -0.584504 9.23231e-17)
(0.4235 -0.57133 2.86715e-17)
(0.370346 -0.551918 8.44691e-17)
(0.315098 -0.526176 2.83133e-17)
(0.630426 -0.564682 -1.88758e-18)
(0.621015 -0.572769 1.08894e-16)
(0.606729 -0.575853 4.68205e-17)
(0.586797 -0.576624 1.1375e-16)
(0.561307 -0.574563 8.06424e-17)
(0.530692 -0.568729 3.15725e-17)
(0.495481 -0.558453 1.24048e-16)
(0.456359 -0.543283 4.88665e-17)
(0.41419 -0.522927 1.24876e-16)
(0.369958 -0.497251 7.98953e-17)
(0.62455 -0.560713 -2.31449e-18)
(0.618345 -0.561229 -6.14188e-17)
(0.607489 -0.559225 -1.26502e-17)
(0.592303 -0.55534 -4.79545e-17)
(0.572852 -0.549232 -8.12972e-17)
(0.549337 -0.540097 -2.67632e-17)
(0.522114 -0.527345 -8.14734e-17)
(0.491677 -0.510614 -1.96405e-17)
(0.458624 -0.489644 -6.70747e-17)
(0.423634 -0.46427 -1.10414e-16)
)
;

boundaryField
{
    inlet
    {
        type            uniformFixedValue;
        uniformValue    constant (1 0 0);
        value           nonuniform 0();
    }
    outlet
    {
        type            pressureInletOutletVelocity;
        value           nonuniform 0();
    }
    polygon
    {
        type            fixedValue;
        value           nonuniform 0();
    }
    top
    {
        type            symmetryPlane;
    }
    bottom
    {
        type            symmetryPlane;
    }
    outside
    {
        type            zeroGradient;
    }
    procBoundary14to9
    {
        type            processor;
        value           uniform (0.481127 0.128819 4.13735e-17);
    }
    procBoundary14to10
    {
        type            processor;
        value           nonuniform List<vector> 
25
(
(0.302245 0.128402 1.54632e-16)
(0.280022 0.157432 -5.8349e-18)
(0.255624 0.188739 9.63959e-17)
(0.228181 0.218277 1.0119e-16)
(0.196103 0.244477 8.21846e-17)
(0.160734 0.264967 5.51646e-17)
(0.122359 0.277501 2.40243e-17)
(0.0823043 0.279445 -9.74585e-18)
(0.0416234 0.268534 -3.76827e-17)
(0.00238239 0.242877 3.56039e-18)
(-0.0338628 0.201886 -1.09262e-16)
(-0.0646412 0.145843 -1.31163e-16)
(-0.0885838 0.0766484 -1.38858e-16)
(-0.103688 -0.00362528 -1.34427e-16)
(-0.109009 -0.0930894 -1.13367e-16)
(-0.105575 -0.188796 -4.77234e-18)
(-0.0915387 -0.290866 -6.82112e-17)
(-0.0606524 -0.390388 -2.35772e-17)
(-0.010513 -0.467662 -8.95606e-18)
(0.0532417 -0.510731 7.35767e-18)
(0.122148 -0.523007 3.96849e-17)
(0.191354 -0.514921 3.34545e-18)
(0.259201 -0.494254 7.46254e-17)
(0.324712 -0.466302 3.14589e-17)
(0.387442 -0.434476 -3.93536e-17)
)
;
    }
    procBoundary14to13
    {
        type            processor;
        value           nonuniform List<vector> 9((1.42263 0.330122 1.00983e-16) (1.40794 0.340011 7.68703e-17) (1.38655 0.339826 2.18669e-17) (1.34875 0.33748 8.60535e-17) (1.28521 0.32499 2.8043e-17) (1.18514 0.301425 1.23643e-16) (1.04184 0.264415 9.56583e-17) (0.860316 0.216974 3.06601e-17) (0.663005 0.167922 1.17286e-16));
    }
    procBoundary14to15
    {
        type            processor;
        value           nonuniform List<vector> 10((0.63043 -0.548036 8.07307e-17) (0.625597 -0.542376 7.76728e-17) (0.617179 -0.536021 1.7017e-17) (0.605629 -0.528729 6.13692e-17) (0.590862 -0.519556 -4.94752e-18) (0.572936 -0.507867 4.93848e-17) (0.5521 -0.493285 7.26257e-17) (0.528688 -0.475521 1.21623e-17) (0.503086 -0.454315 7.28152e-17) (0.475733 -0.429495 -5.30168e-18));
    }
}


// ************************************************************************* //
