/*--------------------------------*- C++ -*----------------------------------*\
  =========                 |
  \\      /  F ield         | OpenFOAM: The Open Source CFD Toolbox
   \\    /   O peration     | Website:  https://openfoam.org
    \\  /    A nd           | Version:  7
     \\/     M anipulation  |
\*---------------------------------------------------------------------------*/
FoamFile
{
    version     2.0;
    format      ascii;
    class       volVectorField;
    location    "104";
    object      U;
}
// * * * * * * * * * * * * * * * * * * * * * * * * * * * * * * * * * * * * * //

dimensions      [0 1 -1 0 0 0 0];

internalField   nonuniform List<vector> 
125
(
(1.00553 1.77827e-05 6.74684e-18)
(0.993613 -1.43807e-05 6.83859e-18)
(1.00675 4.03343e-05 6.81128e-17)
(0.991341 7.44402e-07 5.5444e-17)
(1.00795 6.13417e-05 -2.28705e-17)
(0.98804 3.92438e-05 -1.97109e-17)
(1.00868 9.78043e-05 -1.01242e-18)
(0.98305 0.000120426 -9.01437e-18)
(1.00809 0.000166282 1.733e-17)
(0.975157 0.000293158 -2.62172e-17)
(1.00854 -0.000840647 4.89354e-18)
(0.987311 -0.000362888 -4.72157e-17)
(1.00967 -0.00131545 1.17618e-17)
(0.981843 -0.00125554 5.85557e-17)
(1.00972 -0.0021933 1.27941e-17)
(0.973141 -0.00316894 -3.2739e-18)
(1.00693 -0.00393519 -2.41692e-17)
(0.958522 -0.00729012 1.13197e-17)
(0.997321 -0.00764701 -4.21779e-17)
(0.932299 -0.0166209 -2.73276e-17)
(0.971481 -0.0164474 -3.43133e-17)
(0.881076 -0.0404626 -6.54696e-17)
(0.904285 -0.0420563 1.02854e-17)
(1.00566 -0.000209823 5.73167e-18)
(0.993419 0.000185521 6.66984e-17)
(1.007 -0.000471792 2.35306e-18)
(0.991001 3.03632e-05 -2.36719e-18)
(1.00839 -0.00069997 1.36957e-17)
(0.987483 -0.000324005 -8.12957e-17)
(1.00941 -0.00109251 3.47046e-17)
(0.982133 -0.00109028 2.03189e-17)
(1.00928 -0.00181745 1.47708e-17)
(0.973631 -0.0027271 -2.24156e-17)
(1.00617 -0.00325493 -4.92055e-17)
(0.959358 -0.00624581 1.42353e-17)
(0.995988 -0.00631337 -8.08206e-17)
(0.933752 -0.0142116 -5.10763e-17)
(0.968907 -0.013547 -3.14709e-17)
(0.883625 -0.0346117 -7.70112e-17)
(0.897917 -0.0346888 -2.80948e-17)
(1.00562 -0.000169781 7.13114e-18)
(0.993474 0.000147697 3.962e-17)
(1.00692 -0.00038076 -1.2532e-17)
(0.9911 1.77683e-05 -7.55477e-19)
(1.00826 -0.000564221 1.2675e-17)
(0.987647 -0.000277355 -7.1338e-17)
(1.00918 -0.000878608 1.40758e-17)
(0.982405 -0.000912364 -1.10228e-17)
(1.00889 -0.00145864 1.62238e-17)
(0.974086 -0.00226463 -6.81508e-17)
(1.00552 -0.00260784 -9.27794e-17)
(0.96013 -0.0051667 1.82963e-17)
(0.994882 -0.00504766 -8.17574e-17)
(0.935102 -0.0117357 3.13613e-18)
(0.966817 -0.0107961 -5.16054e-17)
(0.886083 -0.0285854 -3.02273e-17)
(0.892744 -0.0276365 -6.22099e-17)
(1.00559 -0.000130717 2.0766e-17)
(0.993524 0.000112138 2.78774e-17)
(1.00686 -0.000292579 -4.27932e-17)
(0.991189 9.69709e-06 6.46533e-18)
(1.00814 -0.000433198 4.51227e-18)
(0.987792 -0.000223712 -1.32116e-17)
(1.00898 -0.000673373 1.54356e-17)
(0.982644 -0.00072302 -4.79837e-17)
(1.00857 -0.00111561 1.41241e-17)
(0.974483 -0.00178327 -8.40494e-17)
(1.005 -0.00199006 -7.6897e-17)
(0.960801 -0.00405477 4.23773e-17)
(0.994023 -0.00384022 -3.41702e-17)
(0.936287 -0.00919449 -2.78479e-17)
(0.965229 -0.00817535 -1.05534e-16)
(0.888334 -0.02239 -4.2208e-18)
(0.888792 -0.0208766 -1.25026e-16)
(1.00556 -9.25392e-05 -3.08494e-17)
(0.993566 7.84256e-05 1.87291e-17)
(1.0068 -0.000206819 -1.71332e-17)
(0.991262 3.70612e-06 2.7255e-17)
(1.00805 -0.000306319 -4.13529e-18)
(0.98791 -0.000165741 4.12321e-17)
(1.00883 -0.000475621 1.64856e-17)
(0.982838 -0.00052726 -2.45257e-17)
(1.00832 -0.00078747 1.56048e-17)
(0.974804 -0.00129365 -7.61152e-17)
(1.00462 -0.00140422 -7.52934e-17)
(0.961345 -0.00293431 5.82238e-18)
(0.993416 -0.0027066 -2.11014e-17)
(0.93726 -0.00664709 7.62515e-18)
(0.964144 -0.005741 -1.06632e-16)
(0.890265 -0.0161821 1.95172e-17)
(0.886067 -0.0146036 -1.38731e-16)
(1.00554 -5.50979e-05 -1.50424e-17)
(0.993596 4.6394e-05 2.27495e-17)
(1.00677 -0.000123028 3.63216e-19)
(0.991314 2.16788e-06 6.84494e-17)
(1.00798 -0.000182762 -1.32882e-17)
(0.987995 -0.000100066 3.57615e-17)
(1.00873 -0.000282984 1.19129e-17)
(0.982976 -0.000316717 -1.37716e-17)
(1.00816 -0.000465881 1.43518e-17)
(0.975032 -0.00077444 -4.15663e-17)
(1.00438 -0.000824711 -9.84649e-17)
(0.961734 -0.0017517 -1.32848e-17)
(0.993049 -0.00157625 -1.85132e-17)
(0.937967 -0.00395955 2.8404e-17)
(0.963523 -0.00331055 -6.0097e-17)
(0.891729 -0.00962781 4.85998e-17)
(0.884493 -0.00835021 -1.29764e-16)
(1.00553 -1.78129e-05 -6.45147e-18)
(0.993613 1.43403e-05 4.33242e-17)
(1.00675 -4.04503e-05 2.6291e-17)
(0.991341 -9.32954e-07 5.5303e-17)
(1.00795 -6.15874e-05 -4.09578e-17)
(0.98804 -3.96826e-05 -3.24735e-17)
(1.00868 -9.81946e-05 1.97837e-18)
(0.98305 -0.000121134 -9.87406e-18)
(1.00809 -0.000166817 1.4823e-17)
(0.975157 -0.00029414 -5.31199e-17)
(1.00427 -0.000304347 -7.52106e-17)
(0.96195 -0.000666028 -1.78917e-17)
(0.992907 -0.000595998 -1.61239e-17)
(0.938372 -0.00151101 6.03678e-17)
(0.963323 -0.00126908 -4.34366e-17)
(0.892616 -0.00367817 -7.14294e-18)
(0.88398 -0.00319678 -9.61881e-17)
)
;

boundaryField
{
    inlet
    {
        type            uniformFixedValue;
        uniformValue    constant (1 0 0);
        value           uniform (1 0 0);
    }
    outlet
    {
        type            pressureInletOutletVelocity;
        value           nonuniform 0();
    }
    polygon
    {
        type            fixedValue;
        value           nonuniform 0();
    }
    top
    {
        type            symmetryPlane;
    }
    bottom
    {
        type            symmetryPlane;
    }
    outside
    {
        type            zeroGradient;
    }
    procBoundary24to16
    {
        type            processor;
        value           nonuniform List<vector> 
18
(
(1.00869 -0.000987266 -9.6554e-18)
(0.987141 -0.00039372 -3.74505e-17)
(1.00994 -0.00154799 1.85846e-17)
(0.981553 -0.0014069 4.17779e-17)
(1.0102 -0.00258584 4.28415e-18)
(0.972644 -0.00358669 5.6255e-18)
(1.00777 -0.00464672 -1.3951e-17)
(0.957666 -0.00829152 1.29539e-17)
(0.998853 -0.00904381 -3.59177e-17)
(0.930814 -0.0189451 -1.15133e-17)
(0.974504 -0.0194824 -6.18129e-17)
(0.878566 -0.0460902 -7.84049e-17)
(0.9118 -0.0496794 -5.83171e-17)
(1.0057 -0.000250807 2.33487e-17)
(0.993366 0.000225721 4.34707e-17)
(1.00708 -0.000565853 8.52429e-19)
(0.990898 4.74976e-05 -2.51928e-18)
(0.990898 4.74976e-05 -2.51928e-18)
)
;
    }
    procBoundary24to25
    {
        type            processor;
        value           nonuniform List<vector> 4((0.768991 -0.117121 -4.03378e-18) (0.772435 -0.100341 -1.02106e-17) (0.776192 -0.0828676 -2.41056e-17) (0.780081 -0.0648415 -4.91921e-17));
    }
    procBoundary24to32
    {
        type            processor;
        value           nonuniform List<vector> 
18
(
(1.00554 5.50677e-05 2.86783e-17)
(0.993596 -4.64345e-05 -1.20226e-17)
(1.00677 0.00012291 6.94764e-17)
(0.991314 -2.33308e-06 6.51567e-17)
(1.00798 0.000182517 -3.46901e-17)
(0.987995 9.96216e-05 -1.3214e-17)
(1.00873 0.000282589 -2.89493e-18)
(0.982976 0.000316002 -9.87612e-18)
(1.00816 0.000465339 2.36836e-17)
(1.00427 0.000303658 -8.43245e-17)
(0.975032 0.000773448 -3.31996e-17)
(1.00427 0.000303658 -8.43245e-17)
(0.96195 0.000664804 -1.6959e-17)
(0.992907 0.000595114 -5.8533e-18)
(0.938372 0.00150962 2.17206e-17)
(0.963323 0.00126792 3.80365e-17)
(0.892616 0.00367673 -7.79871e-17)
(0.88398 0.0031953 -1.12816e-16)
)
;
    }
    procBoundary24to33
    {
        type            processor;
        value           nonuniform List<vector> 3((0.783863 -0.0467144 -9.88259e-17) (0.78712 -0.027775 -7.77035e-17) (0.789391 -0.0104246 1.61564e-17));
    }
}


// ************************************************************************* //
