/*--------------------------------*- C++ -*----------------------------------*\
  =========                 |
  \\      /  F ield         | OpenFOAM: The Open Source CFD Toolbox
   \\    /   O peration     | Website:  https://openfoam.org
    \\  /    A nd           | Version:  7
     \\/     M anipulation  |
\*---------------------------------------------------------------------------*/
FoamFile
{
    version     2.0;
    format      ascii;
    class       surfaceScalarField;
    location    "82";
    object      phi;
}
// * * * * * * * * * * * * * * * * * * * * * * * * * * * * * * * * * * * * * //

dimensions      [0 3 -1 0 0 0 0];

internalField   nonuniform List<scalar> 
322
(
-0.00399495
0.00078769
-0.0041596
0.000824446
-0.00433133
0.000862374
-0.00451008
0.000901483
-0.00469576
0.000941782
-0.00488829
0.000983283
-0.00508754
0.001026
-0.00529336
0.00106993
-0.00550556
0.00111509
-0.00572389
0.00116148
-0.00594808
0.00120909
-0.00617778
0.00125792
0.00130795
-0.00417216
0.000761178
-0.00431939
0.000799504
-0.00447389
0.000838897
-0.00463556
0.00087934
-0.00480428
0.000920815
-0.00497989
0.000963303
-0.00516223
0.00100678
-0.00535108
0.00105123
-0.00554621
0.00109661
-0.00574733
0.00114291
-0.00595414
0.00119009
-0.00616625
0.00123811
-0.00638324
0.00128692
-0.00660465
0.00133649
-0.00682992
0.00138675
-0.00705846
0.00143763
-0.00728959
0.00148905
0.00154093
-0.0051131
0.000915908
-0.00527486
0.000961266
-0.00544343
0.00100747
-0.00561855
0.00105446
-0.00579992
0.00110219
-0.00598721
0.00115059
-0.00618003
0.00119961
-0.00637797
0.00124916
-0.00658055
0.00129919
-0.00678725
0.00134961
-0.0069975
0.00140033
-0.00721067
0.00145127
-0.00742607
0.00150233
-0.00764298
0.0015534
-0.0078606
0.00160437
-0.0080781
0.00165513
-0.00829459
0.00170555
0.0017555
-0.00606916
0.00108002
-0.00623935
0.00113146
-0.00641522
0.00118334
-0.00659632
0.00123556
-0.00678215
0.00128802
-0.00697217
0.00134061
-0.00716579
0.00139322
-0.00736237
0.00144574
-0.00756123
0.00149805
-0.00776165
0.00155003
-0.00796287
0.00160155
-0.00816408
0.00165249
-0.00836447
0.00170272
-0.00856319
0.00175211
-0.00875936
0.00180054
-0.00895211
0.00184789
-0.00914058
0.00189402
0.00193882
-0.00700108
0.00124618
-0.00717178
0.00130216
-0.00734643
0.00135799
-0.00752442
0.00141354
-0.00770507
0.00146867
-0.00788767
0.00152321
-0.0080715
0.00157705
-0.00825577
0.00163002
-0.00843971
0.00168199
-0.00862251
0.00173283
-0.00880335
0.00178239
-0.00898143
0.00183057
-0.00915595
0.00187724
-0.00932614
0.00192229
-0.00949123
0.00196564
-0.00965053
0.00200719
-0.00980338
0.00204687
0.00208461
-0.00786823
0.00140622
-0.0080309
0.00146482
-0.00819548
0.00152257
-0.00836124
0.00157931
-0.00852744
0.00163486
-0.00869329
0.00168907
-0.00885804
0.00174179
-0.00902089
0.00179288
-0.0091811
0.0018422
-0.00933792
0.00188965
-0.00949065
0.00193512
-0.00963862
0.00197854
-0.00978121
0.00201982
-0.00991785
0.00205893
-0.010048
0.00209583
-0.0101714
0.0021305
-0.0102874
0.00216295
0.00219318
-0.00863563
0.00155264
-0.00878271
0.00161191
-0.00892973
0.00166959
-0.00907594
0.00172552
-0.00922061
0.00177954
-0.00936304
0.0018315
-0.00950252
0.00188127
-0.0096384
0.00192876
-0.00977007
0.00197387
-0.00989696
0.00201654
-0.0100186
0.00205673
-0.0101344
0.00209442
-0.0102442
0.00212962
-0.0103476
0.00216233
-0.0104444
0.00219262
-0.0105345
0.00222053
-0.0106176
0.00224614
0.00226955
-0.00927982
0.00167999
-0.00940617
0.00173825
-0.00953085
0.00179427
-0.00965323
0.0018479
-0.00977268
0.00189899
-0.00988864
0.00194746
-0.0100006
0.00199321
-0.010108
0.00203621
-0.0102106
0.00207642
-0.0103079
0.00211386
-0.0103997
0.00214854
-0.0104858
0.00218051
-0.0105661
0.00220987
-0.0106404
0.00223668
-0.0107089
0.00226107
-0.0107715
0.00228315
-0.0108284
0.00230306
0.00232095
-0.00978956
0.0017862
-0.0098935
0.0018422
-0.00999467
0.00189544
-0.0100926
0.00194582
-0.0101868
0.00199324
-0.010277
0.00203765
-0.0103629
0.00207904
-0.010444
0.0021174
-0.0105204
0.00215279
-0.0105918
0.00218526
-0.0106582
0.00221491
-0.0107195
0.00224185
-0.0107759
0.00226621
-0.0108273
0.00228814
-0.0108741
0.00230779
-0.0109162
0.00232533
-0.0109541
0.00234093
0.00235475
-0.0101426
-0.0102286
-0.010311
-0.0103894
-0.0104637
-0.0105337
-0.0105993
-0.0106604
-0.010717
-0.0107692
-0.010817
-0.0108606
-0.0109002
-0.0109359
-0.010968
-0.0109968
-0.0110224
)
;

boundaryField
{
    inlet
    {
        type            calculated;
        value           nonuniform 0();
    }
    outlet
    {
        type            calculated;
        value           nonuniform 0();
    }
    polygon
    {
        type            calculated;
        value           nonuniform 0();
    }
    top
    {
        type            symmetryPlane;
        value           uniform 0;
    }
    bottom
    {
        type            symmetryPlane;
        value           uniform 0;
    }
    outside
    {
        type            calculated;
        value           nonuniform List<scalar> 
18
(
0.00187552
0.00192819
0.0019778
0.00202426
0.00206754
0.00210764
0.00214461
0.0021785
0.0022094
0.00223744
0.00226274
0.00228547
0.00230578
0.00232387
0.0023399
0.00235407
0.00236655
0.00237752
)
;
    }
    procBoundary4to3
    {
        type            processor;
        value           nonuniform List<scalar> 10(-0.00641259 -0.00752257 -0.00850916 -0.00932391 -0.00994917 -0.010396 -0.010694 -0.0108798 -0.0109879 -0.0110452);
    }
    procBoundary4to5
    {
        type            processor;
        value           nonuniform List<scalar> 9(0.00403228 0.00495837 0.00590505 0.00683492 0.00770818 0.00848921 0.00915247 0.00968335 0.0100533);
    }
    procBoundary4to12
    {
        type            processor;
        value           nonuniform List<scalar> 
19
(
-0.00063014
-0.000659787
-0.000690645
-0.000722739
-0.000756097
-0.000790753
-0.000826743
-0.000864108
-0.000902892
-0.000943141
-0.000984902
-0.00102822
-0.00107314
-0.000621297
-0.000652272
-0.000684395
-0.000717669
0.0038374
-0.0007521
)
;
    }
}


// ************************************************************************* //
