/*--------------------------------*- C++ -*----------------------------------*\
  =========                 |
  \\      /  F ield         | OpenFOAM: The Open Source CFD Toolbox
   \\    /   O peration     | Website:  https://openfoam.org
    \\  /    A nd           | Version:  7
     \\/     M anipulation  |
\*---------------------------------------------------------------------------*/
FoamFile
{
    version     2.0;
    format      ascii;
    class       vectorField;
    location    "constant/polyMesh";
    object      points;
}
// * * * * * * * * * * * * * * * * * * * * * * * * * * * * * * * * * * * * * //


410
(
(9.923357836 2.191341716 -0.05)
(9.807977234 2.191341716 -0.05)
(9.692596632 2.191341716 -0.05)
(9.577216029 2.191341716 -0.05)
(9.461835427 2.191341716 -0.05)
(9.346454825 2.191341716 -0.05)
(9.231074222 2.191341716 -0.05)
(9.11569362 2.191341716 -0.05)
(9.000313018 2.191341716 -0.05)
(8.884932415 2.191341716 -0.05)
(8.769551813 2.191341716 -0.05)
(8.654171211 2.191341716 -0.05)
(8.538790608 2.191341716 -0.05)
(8.423410006 2.191341716 -0.05)
(8.308029404 2.191341716 -0.05)
(8.192648801 2.191341716 -0.05)
(8.077268199 2.191341716 -0.05)
(7.961887597 2.191341716 -0.05)
(7.846506994 2.191341716 -0.05)
(9.926022053 2.172207545 -0.05)
(9.810679511 2.172207545 -0.05)
(9.695336969 2.172207545 -0.05)
(9.579994426 2.172207545 -0.05)
(9.464651884 2.172207545 -0.05)
(9.349309342 2.172207545 -0.05)
(9.2339668 2.172207545 -0.05)
(9.923357836 2.191341716 0.05)
(9.807977234 2.191341716 0.05)
(9.692596632 2.191341716 0.05)
(9.577216029 2.191341716 0.05)
(9.461835427 2.191341716 0.05)
(9.346454825 2.191341716 0.05)
(9.231074222 2.191341716 0.05)
(9.11569362 2.191341716 0.05)
(9.000313018 2.191341716 0.05)
(8.884932415 2.191341716 0.05)
(8.769551813 2.191341716 0.05)
(8.654171211 2.191341716 0.05)
(8.538790608 2.191341716 0.05)
(8.423410006 2.191341716 0.05)
(8.308029404 2.191341716 0.05)
(8.192648801 2.191341716 0.05)
(8.077268199 2.191341716 0.05)
(7.961887597 2.191341716 0.05)
(7.846506994 2.191341716 0.05)
(9.926022053 2.172207545 0.05)
(9.810679511 2.172207545 0.05)
(9.695336969 2.172207545 0.05)
(9.579994426 2.172207545 0.05)
(9.464651884 2.172207545 0.05)
(9.349309342 2.172207545 0.05)
(9.2339668 2.172207545 0.05)
(8.682842712 2.353553391 -0.05)
(8.566378246 2.353553391 -0.05)
(8.44991378 2.353553391 -0.05)
(8.333449314 2.353553391 -0.05)
(8.216984848 2.353553391 -0.05)
(8.100520382 2.353553391 -0.05)
(7.984055916 2.353553391 -0.05)
(7.86759145 2.353553391 -0.05)
(9.85507442 2.337332223 -0.05)
(9.73871834 2.337332223 -0.05)
(9.62236226 2.337332223 -0.05)
(9.506006181 2.337332223 -0.05)
(9.389650101 2.337332223 -0.05)
(9.273294021 2.337332223 -0.05)
(9.156937941 2.337332223 -0.05)
(9.040581862 2.337332223 -0.05)
(8.924225782 2.337332223 -0.05)
(8.807869702 2.337332223 -0.05)
(8.691513623 2.337332223 -0.05)
(8.575157543 2.337332223 -0.05)
(8.458801463 2.337332223 -0.05)
(8.342445383 2.337332223 -0.05)
(8.226089304 2.337332223 -0.05)
(8.109733224 2.337332223 -0.05)
(7.993377144 2.337332223 -0.05)
(7.877021064 2.337332223 -0.05)
(7.760664985 2.337332223 -0.05)
(9.862661466 2.321111056 -0.05)
(9.746413773 2.321111056 -0.05)
(9.630166079 2.321111056 -0.05)
(9.513918386 2.321111056 -0.05)
(9.397670693 2.321111056 -0.05)
(9.281422999 2.321111056 -0.05)
(9.165175306 2.321111056 -0.05)
(9.048927613 2.321111056 -0.05)
(8.932679919 2.321111056 -0.05)
(8.816432226 2.321111056 -0.05)
(8.700184533 2.321111056 -0.05)
(8.583936839 2.321111056 -0.05)
(8.467689146 2.321111056 -0.05)
(8.351441453 2.321111056 -0.05)
(8.235193759 2.321111056 -0.05)
(8.118946066 2.321111056 -0.05)
(8.002698373 2.321111056 -0.05)
(7.886450679 2.321111056 -0.05)
(7.770202986 2.321111056 -0.05)
(9.870248512 2.304889888 -0.05)
(9.754109205 2.304889888 -0.05)
(9.637969898 2.304889888 -0.05)
(9.521830591 2.304889888 -0.05)
(9.405691284 2.304889888 -0.05)
(9.289551977 2.304889888 -0.05)
(9.173412671 2.304889888 -0.05)
(9.057273364 2.304889888 -0.05)
(8.941134057 2.304889888 -0.05)
(8.82499475 2.304889888 -0.05)
(8.708855443 2.304889888 -0.05)
(8.592716136 2.304889888 -0.05)
(8.476576829 2.304889888 -0.05)
(8.360437522 2.304889888 -0.05)
(8.244298215 2.304889888 -0.05)
(8.128158908 2.304889888 -0.05)
(8.012019601 2.304889888 -0.05)
(7.895880294 2.304889888 -0.05)
(7.779740987 2.304889888 -0.05)
(9.877835559 2.288668721 -0.05)
(9.761804638 2.288668721 -0.05)
(9.645773717 2.288668721 -0.05)
(9.529742797 2.288668721 -0.05)
(9.413711876 2.288668721 -0.05)
(9.297680956 2.288668721 -0.05)
(9.181650035 2.288668721 -0.05)
(9.065619114 2.288668721 -0.05)
(8.949588194 2.288668721 -0.05)
(8.833557273 2.288668721 -0.05)
(8.717526353 2.288668721 -0.05)
(8.601495432 2.288668721 -0.05)
(8.485464512 2.288668721 -0.05)
(8.369433591 2.288668721 -0.05)
(8.25340267 2.288668721 -0.05)
(8.13737175 2.288668721 -0.05)
(8.021340829 2.288668721 -0.05)
(7.905309909 2.288668721 -0.05)
(7.789278988 2.288668721 -0.05)
(9.885422605 2.272447553 -0.05)
(9.769500071 2.272447553 -0.05)
(9.653577536 2.272447553 -0.05)
(9.537655002 2.272447553 -0.05)
(9.421732468 2.272447553 -0.05)
(9.305809934 2.272447553 -0.05)
(9.1898874 2.272447553 -0.05)
(9.073964865 2.272447553 -0.05)
(8.958042331 2.272447553 -0.05)
(8.842119797 2.272447553 -0.05)
(8.726197263 2.272447553 -0.05)
(8.610274729 2.272447553 -0.05)
(8.494352194 2.272447553 -0.05)
(8.37842966 2.272447553 -0.05)
(8.262507126 2.272447553 -0.05)
(8.146584592 2.272447553 -0.05)
(8.030662057 2.272447553 -0.05)
(7.914739523 2.272447553 -0.05)
(7.798816989 2.272447553 -0.05)
(9.893009651 2.256226386 -0.05)
(9.777195503 2.256226386 -0.05)
(9.661381356 2.256226386 -0.05)
(9.545567208 2.256226386 -0.05)
(9.42975306 2.256226386 -0.05)
(9.313938912 2.256226386 -0.05)
(9.198124764 2.256226386 -0.05)
(9.082310616 2.256226386 -0.05)
(8.966496468 2.256226386 -0.05)
(8.850682321 2.256226386 -0.05)
(8.734868173 2.256226386 -0.05)
(8.619054025 2.256226386 -0.05)
(8.503239877 2.256226386 -0.05)
(8.387425729 2.256226386 -0.05)
(8.271611581 2.256226386 -0.05)
(8.155797434 2.256226386 -0.05)
(8.039983286 2.256226386 -0.05)
(7.924169138 2.256226386 -0.05)
(7.80835499 2.256226386 -0.05)
(9.900596697 2.240005219 -0.05)
(9.784890936 2.240005219 -0.05)
(9.669185175 2.240005219 -0.05)
(9.553479413 2.240005219 -0.05)
(9.437773652 2.240005219 -0.05)
(9.32206789 2.240005219 -0.05)
(9.206362129 2.240005219 -0.05)
(9.090656367 2.240005219 -0.05)
(8.974950606 2.240005219 -0.05)
(8.859244844 2.240005219 -0.05)
(8.743539083 2.240005219 -0.05)
(8.627833321 2.240005219 -0.05)
(8.51212756 2.240005219 -0.05)
(8.396421798 2.240005219 -0.05)
(8.280716037 2.240005219 -0.05)
(8.165010276 2.240005219 -0.05)
(8.049304514 2.240005219 -0.05)
(7.933598753 2.240005219 -0.05)
(7.817892991 2.240005219 -0.05)
(9.908183744 2.223784051 -0.05)
(9.792586369 2.223784051 -0.05)
(9.676988994 2.223784051 -0.05)
(9.561391619 2.223784051 -0.05)
(9.445794243 2.223784051 -0.05)
(9.330196868 2.223784051 -0.05)
(9.214599493 2.223784051 -0.05)
(9.099002118 2.223784051 -0.05)
(8.983404743 2.223784051 -0.05)
(8.867807368 2.223784051 -0.05)
(8.752209993 2.223784051 -0.05)
(8.636612618 2.223784051 -0.05)
(8.521015243 2.223784051 -0.05)
(8.405417868 2.223784051 -0.05)
(8.289820493 2.223784051 -0.05)
(8.174223117 2.223784051 -0.05)
(8.058625742 2.223784051 -0.05)
(7.943028367 2.223784051 -0.05)
(7.827430992 2.223784051 -0.05)
(9.91577079 2.207562884 -0.05)
(9.800281801 2.207562884 -0.05)
(9.684792813 2.207562884 -0.05)
(9.569303824 2.207562884 -0.05)
(9.453814835 2.207562884 -0.05)
(9.338325847 2.207562884 -0.05)
(9.222836858 2.207562884 -0.05)
(9.107347869 2.207562884 -0.05)
(8.99185888 2.207562884 -0.05)
(8.876369892 2.207562884 -0.05)
(8.760880903 2.207562884 -0.05)
(8.645391914 2.207562884 -0.05)
(8.529902926 2.207562884 -0.05)
(8.414413937 2.207562884 -0.05)
(8.298924948 2.207562884 -0.05)
(8.183435959 2.207562884 -0.05)
(8.067946971 2.207562884 -0.05)
(7.952457982 2.207562884 -0.05)
(7.836968993 2.207562884 -0.05)
(8.682842712 2.353553391 0.05)
(8.566378246 2.353553391 0.05)
(8.44991378 2.353553391 0.05)
(8.333449314 2.353553391 0.05)
(8.216984848 2.353553391 0.05)
(8.100520382 2.353553391 0.05)
(7.984055916 2.353553391 0.05)
(7.86759145 2.353553391 0.05)
(9.85507442 2.337332223 0.05)
(9.73871834 2.337332223 0.05)
(9.62236226 2.337332223 0.05)
(9.506006181 2.337332223 0.05)
(9.389650101 2.337332223 0.05)
(9.273294021 2.337332223 0.05)
(9.156937941 2.337332223 0.05)
(9.040581862 2.337332223 0.05)
(8.924225782 2.337332223 0.05)
(8.807869702 2.337332223 0.05)
(8.691513623 2.337332223 0.05)
(8.575157543 2.337332223 0.05)
(8.458801463 2.337332223 0.05)
(8.342445383 2.337332223 0.05)
(8.226089304 2.337332223 0.05)
(8.109733224 2.337332223 0.05)
(7.993377144 2.337332223 0.05)
(7.877021064 2.337332223 0.05)
(7.760664985 2.337332223 0.05)
(9.862661466 2.321111056 0.05)
(9.746413773 2.321111056 0.05)
(9.630166079 2.321111056 0.05)
(9.513918386 2.321111056 0.05)
(9.397670693 2.321111056 0.05)
(9.281422999 2.321111056 0.05)
(9.165175306 2.321111056 0.05)
(9.048927613 2.321111056 0.05)
(8.932679919 2.321111056 0.05)
(8.816432226 2.321111056 0.05)
(8.700184533 2.321111056 0.05)
(8.583936839 2.321111056 0.05)
(8.467689146 2.321111056 0.05)
(8.351441453 2.321111056 0.05)
(8.235193759 2.321111056 0.05)
(8.118946066 2.321111056 0.05)
(8.002698373 2.321111056 0.05)
(7.886450679 2.321111056 0.05)
(7.770202986 2.321111056 0.05)
(9.870248512 2.304889888 0.05)
(9.754109205 2.304889888 0.05)
(9.637969898 2.304889888 0.05)
(9.521830591 2.304889888 0.05)
(9.405691284 2.304889888 0.05)
(9.289551977 2.304889888 0.05)
(9.173412671 2.304889888 0.05)
(9.057273364 2.304889888 0.05)
(8.941134057 2.304889888 0.05)
(8.82499475 2.304889888 0.05)
(8.708855443 2.304889888 0.05)
(8.592716136 2.304889888 0.05)
(8.476576829 2.304889888 0.05)
(8.360437522 2.304889888 0.05)
(8.244298215 2.304889888 0.05)
(8.128158908 2.304889888 0.05)
(8.012019601 2.304889888 0.05)
(7.895880294 2.304889888 0.05)
(7.779740987 2.304889888 0.05)
(9.877835559 2.288668721 0.05)
(9.761804638 2.288668721 0.05)
(9.645773717 2.288668721 0.05)
(9.529742797 2.288668721 0.05)
(9.413711876 2.288668721 0.05)
(9.297680956 2.288668721 0.05)
(9.181650035 2.288668721 0.05)
(9.065619114 2.288668721 0.05)
(8.949588194 2.288668721 0.05)
(8.833557273 2.288668721 0.05)
(8.717526353 2.288668721 0.05)
(8.601495432 2.288668721 0.05)
(8.485464512 2.288668721 0.05)
(8.369433591 2.288668721 0.05)
(8.25340267 2.288668721 0.05)
(8.13737175 2.288668721 0.05)
(8.021340829 2.288668721 0.05)
(7.905309909 2.288668721 0.05)
(7.789278988 2.288668721 0.05)
(9.885422605 2.272447553 0.05)
(9.769500071 2.272447553 0.05)
(9.653577536 2.272447553 0.05)
(9.537655002 2.272447553 0.05)
(9.421732468 2.272447553 0.05)
(9.305809934 2.272447553 0.05)
(9.1898874 2.272447553 0.05)
(9.073964865 2.272447553 0.05)
(8.958042331 2.272447553 0.05)
(8.842119797 2.272447553 0.05)
(8.726197263 2.272447553 0.05)
(8.610274729 2.272447553 0.05)
(8.494352194 2.272447553 0.05)
(8.37842966 2.272447553 0.05)
(8.262507126 2.272447553 0.05)
(8.146584592 2.272447553 0.05)
(8.030662057 2.272447553 0.05)
(7.914739523 2.272447553 0.05)
(7.798816989 2.272447553 0.05)
(9.893009651 2.256226386 0.05)
(9.777195503 2.256226386 0.05)
(9.661381356 2.256226386 0.05)
(9.545567208 2.256226386 0.05)
(9.42975306 2.256226386 0.05)
(9.313938912 2.256226386 0.05)
(9.198124764 2.256226386 0.05)
(9.082310616 2.256226386 0.05)
(8.966496468 2.256226386 0.05)
(8.850682321 2.256226386 0.05)
(8.734868173 2.256226386 0.05)
(8.619054025 2.256226386 0.05)
(8.503239877 2.256226386 0.05)
(8.387425729 2.256226386 0.05)
(8.271611581 2.256226386 0.05)
(8.155797434 2.256226386 0.05)
(8.039983286 2.256226386 0.05)
(7.924169138 2.256226386 0.05)
(7.80835499 2.256226386 0.05)
(9.900596697 2.240005219 0.05)
(9.784890936 2.240005219 0.05)
(9.669185175 2.240005219 0.05)
(9.553479413 2.240005219 0.05)
(9.437773652 2.240005219 0.05)
(9.32206789 2.240005219 0.05)
(9.206362129 2.240005219 0.05)
(9.090656367 2.240005219 0.05)
(8.974950606 2.240005219 0.05)
(8.859244844 2.240005219 0.05)
(8.743539083 2.240005219 0.05)
(8.627833321 2.240005219 0.05)
(8.51212756 2.240005219 0.05)
(8.396421798 2.240005219 0.05)
(8.280716037 2.240005219 0.05)
(8.165010276 2.240005219 0.05)
(8.049304514 2.240005219 0.05)
(7.933598753 2.240005219 0.05)
(7.817892991 2.240005219 0.05)
(9.908183744 2.223784051 0.05)
(9.792586369 2.223784051 0.05)
(9.676988994 2.223784051 0.05)
(9.561391619 2.223784051 0.05)
(9.445794243 2.223784051 0.05)
(9.330196868 2.223784051 0.05)
(9.214599493 2.223784051 0.05)
(9.099002118 2.223784051 0.05)
(8.983404743 2.223784051 0.05)
(8.867807368 2.223784051 0.05)
(8.752209993 2.223784051 0.05)
(8.636612618 2.223784051 0.05)
(8.521015243 2.223784051 0.05)
(8.405417868 2.223784051 0.05)
(8.289820493 2.223784051 0.05)
(8.174223117 2.223784051 0.05)
(8.058625742 2.223784051 0.05)
(7.943028367 2.223784051 0.05)
(7.827430992 2.223784051 0.05)
(9.91577079 2.207562884 0.05)
(9.800281801 2.207562884 0.05)
(9.684792813 2.207562884 0.05)
(9.569303824 2.207562884 0.05)
(9.453814835 2.207562884 0.05)
(9.338325847 2.207562884 0.05)
(9.222836858 2.207562884 0.05)
(9.107347869 2.207562884 0.05)
(8.99185888 2.207562884 0.05)
(8.876369892 2.207562884 0.05)
(8.760880903 2.207562884 0.05)
(8.645391914 2.207562884 0.05)
(8.529902926 2.207562884 0.05)
(8.414413937 2.207562884 0.05)
(8.298924948 2.207562884 0.05)
(8.183435959 2.207562884 0.05)
(8.067946971 2.207562884 0.05)
(7.952457982 2.207562884 0.05)
(7.836968993 2.207562884 0.05)
)


// ************************************************************************* //
