/*--------------------------------*- C++ -*----------------------------------*\
  =========                 |
  \\      /  F ield         | OpenFOAM: The Open Source CFD Toolbox
   \\    /   O peration     | Website:  https://openfoam.org
    \\  /    A nd           | Version:  7
     \\/     M anipulation  |
\*---------------------------------------------------------------------------*/
FoamFile
{
    version     2.0;
    format      ascii;
    class       surfaceScalarField;
    location    "48";
    object      phi;
}
// * * * * * * * * * * * * * * * * * * * * * * * * * * * * * * * * * * * * * //

dimensions      [0 3 -1 0 0 0 0];

internalField   nonuniform List<scalar> 
322
(
0.00162138
1.55834e-05
0.00162228
-1.75813e-05
0.0016205
3.56915e-05
0.00162128
-1.42892e-05
0.0016186
5.40177e-05
0.00161887
-2.19565e-06
0.0016146
8.44131e-05
0.00161351
2.769e-05
0.00160633
0.000138436
9.72162e-05
0.00822694
-6.98709e-05
0.00823574
-0.000100141
0.00822204
-0.00016002
0.00823423
-0.000191035
0.00821369
-0.00034108
0.00823117
-0.000371747
0.00820221
-0.000707276
0.0082293
-0.000731891
0.00819747
-0.00145422
0.00824498
-0.00143877
0.00825629
-0.00296661
-0.00277912
0.00823456
-1.63163e-05
0.00823084
2.54241e-06
0.00823461
-3.27714e-05
0.00822891
-1.92511e-05
0.008234
-5.8909e-05
0.00822503
-6.09035e-05
0.0082318
-0.000106906
0.00821744
-0.000145665
0.00822637
-0.000199958
0.0082034
-0.000318114
0.00821567
-0.000384017
0.0081798
-0.000671407
0.00819917
-0.000751262
0.00814961
-0.00140465
0.00818867
-0.00147784
0.00815978
-0.00293771
-0.00286323
0.00823397
-1.80528e-05
0.00823074
5.7678e-06
0.00823358
-3.561e-05
0.00822836
-1.40292e-05
0.00823192
-6.24658e-05
0.00822335
-5.23332e-05
0.00822762
-0.000111181
0.00821328
-0.000131318
0.00821811
-0.000204795
0.00819389
-0.000293893
0.00819942
-0.000389549
0.0081587
-0.000630681
0.0081674
-0.000759967
0.00810314
-0.00134039
0.00812856
-0.00150325
0.00806032
-0.00286948
-0.00294904
0.00823332
-1.91413e-05
0.00823066
8.43128e-06
0.0082325
-3.74538e-05
0.00822787
-9.40162e-06
0.00822977
-6.43637e-05
0.00822182
-4.43829e-05
0.00822335
-0.00011271
0.00820946
-0.000117424
0.00820967
-0.000205006
0.0081851
-0.000269328
0.00818268
-0.000387126
0.008139
-0.000587001
0.00813413
-0.000755101
0.00805888
-0.00126514
0.00806391
-0.00150828
0.00796023
-0.0027658
-0.00302374
0.00823269
-1.95957e-05
0.00823056
1.05594e-05
0.00823146
-3.83573e-05
0.0082274
-5.33558e-06
0.0082277
-6.46672e-05
0.00822036
-3.70463e-05
0.0082192
-0.000111542
0.00820584
-0.00010407
0.00820136
-0.000200527
0.00817683
-0.000244797
0.00816595
-0.000376247
0.0081205
-0.00054155
0.00810001
-0.000734611
0.00801701
-0.00118214
0.00799462
-0.00148589
0.00786195
-0.00263312
-0.00306872
0.00823213
-1.94945e-05
0.00823042
1.22695e-05
0.00823056
-3.84915e-05
0.00822687
-1.65018e-06
0.00822585
-6.36479e-05
0.00821887
-3.00625e-05
0.0082154
-0.000108072
0.00820226
-9.09309e-05
0.00819362
-0.000191888
0.0081688
-0.000219978
0.00814999
-0.000357435
0.00810278
-0.000494339
0.0080663
-0.000698132
0.00797707
-0.00109291
0.00792202
-0.00143084
0.00776647
-0.00247757
-0.00306266
0.0082317
-1.89613e-05
0.00823022
1.37501e-05
0.00822988
-3.81548e-05
0.00822623
2.00415e-06
0.00822435
-6.17684e-05
0.00821725
-2.29632e-05
0.00821218
-0.000102999
0.00819857
-7.73263e-05
0.00818685
-0.000180172
0.00816077
-0.00019389
0.00813563
-0.000332301
0.00808538
-0.000444083
0.00803474
-0.000647499
0.00793825
-0.000996422
0.0078492
-0.00134179
0.00767319
-0.00230156
-0.00298467
0.00823141
-1.81355e-05
0.00822995
1.52092e-05
0.0082294
-3.76064e-05
0.00822552
5.88367e-06
0.00822321
-5.94575e-05
0.00821552
-1.52721e-05
0.00820968
-9.71559e-05
0.00819472
-6.23678e-05
0.00818139
-0.000166848
0.00815259
-0.000165088
0.00812363
-0.000303338
0.00806799
-0.000388443
0.0080072
-0.000586714
0.00789979
-0.000889012
0.00778075
-0.00122275
0.00758061
-0.00210141
-0.00281994
0.00823126
-1.71638e-05
0.00822957
1.69037e-05
0.0082293
-3.73444e-05
0.00822457
1.06206e-05
0.00822272
-5.76098e-05
0.00821345
-6.00504e-06
0.00820802
-9.17195e-05
0.00819064
-4.49875e-05
0.00817739
-0.000153606
0.00814433
-0.000132027
0.00811438
-0.000273383
0.00805077
-0.000324834
0.00798504
-0.000520983
0.00786174
-0.000765716
0.00772175
-0.00108276
0.00748739
-0.00186706
-0.00256782
0.00823065
0.00822998
0.00822832
0.00822465
0.00822106
0.00821286
0.00820555
0.00818826
0.00817309
0.00813828
0.00810609
0.00803664
0.00796703
0.0078279
0.00767438
0.00739664
)
;

boundaryField
{
    inlet
    {
        type            calculated;
        value           nonuniform List<scalar> 10(-0.00162212 -0.00823223 -0.00823223 -0.00823223 -0.00823223 -0.00823223 -0.00823223 -0.00823223 -0.00823223 -0.00823223);
    }
    outlet
    {
        type            calculated;
        value           nonuniform 0();
    }
    polygon
    {
        type            calculated;
        value           nonuniform 0();
    }
    top
    {
        type            symmetryPlane;
        value           uniform 0;
    }
    bottom
    {
        type            symmetryPlane;
        value           uniform 0;
    }
    outside
    {
        type            calculated;
        value           nonuniform 0();
    }
    procBoundary8to0
    {
        type            processor;
        value           nonuniform List<scalar> 
18
(
7.88521e-05
9.13431e-05
0.000173723
0.000178844
0.000361622
0.000354264
0.000736237
0.000704802
0.00148604
0.00139127
0.00295529
0.00269392
1.3985e-05
1.17738e-06
2.90023e-05
2.4953e-05
-0.00823592
5.38192e-05
)
;
    }
    procBoundary8to16
    {
        type            processor;
        value           nonuniform List<scalar> 
18
(
-1.48483e-05
1.66811e-05
-3.39115e-05
1.35071e-05
-5.1336e-05
1.93028e-06
-8.01478e-05
-2.65989e-05
-0.000131253
0.00160199
-9.28821e-05
-0.000241192
-0.000255389
-0.000451374
-0.00062658
-0.000929238
-0.00158932
-0.00223906
)
;
    }
    procBoundary8to17
    {
        type            processor;
        value           nonuniform List<scalar> 5(0.0083415 0.00824388 0.00814614 0.00803494 0.00790693);
    }
    procBoundary8to25
    {
        type            processor;
        value           nonuniform List<scalar> 5(0.0077604 0.0075952 0.00741587 0.00723527 0.00706788);
    }
}


// ************************************************************************* //
