/*--------------------------------*- C++ -*----------------------------------*\
  =========                 |
  \\      /  F ield         | OpenFOAM: The Open Source CFD Toolbox
   \\    /   O peration     | Website:  https://openfoam.org
    \\  /    A nd           | Version:  7
     \\/     M anipulation  |
\*---------------------------------------------------------------------------*/
FoamFile
{
    version     2.0;
    format      ascii;
    class       volVectorField;
    location    "38";
    object      U;
}
// * * * * * * * * * * * * * * * * * * * * * * * * * * * * * * * * * * * * * //

dimensions      [0 1 -1 0 0 0 0];

internalField   nonuniform List<vector> 
175
(
(1.20931 -0.298286 -1.41344e-17)
(1.20993 -0.319621 -6.28308e-18)
(1.21207 -0.344116 -1.74208e-18)
(1.21595 -0.371014 6.54169e-18)
(1.22108 -0.40468 9.36579e-18)
(1.22847 -0.438657 1.00013e-17)
(1.20494 -0.299732 -1.53778e-17)
(1.20513 -0.321669 -6.3727e-18)
(1.20678 -0.346877 -1.97855e-18)
(1.20992 -0.374774 6.65014e-18)
(1.21421 -0.409527 9.96038e-18)
(1.21983 -0.44539 1.21619e-17)
(1.20046 -0.301093 -1.67009e-17)
(1.20019 -0.323601 -6.42379e-18)
(1.20128 -0.349474 -2.00479e-18)
(1.20363 -0.378296 7.32615e-18)
(1.20694 -0.414011 1.06952e-17)
(1.21071 -0.451572 1.29225e-17)
(1.19585 -0.302391 -1.81549e-17)
(1.19508 -0.325456 -6.43957e-18)
(1.19556 -0.351973 -2.05938e-18)
(1.19704 -0.381688 8.04653e-18)
(1.19925 -0.418298 1.13402e-17)
(1.20102 -0.457455 1.2396e-17)
(1.1911 -0.30362 -1.96947e-17)
(1.18979 -0.327224 -6.4285e-18)
(1.1896 -0.35436 -2.13969e-18)
(1.19014 -0.384924 8.83504e-18)
(1.19113 -0.422349 1.1546e-17)
(1.1908 -0.462958 1.31137e-17)
(1.18624 -0.30477 -2.13488e-17)
(1.18434 -0.328894 -6.89137e-18)
(1.18341 -0.356619 -1.94995e-18)
(1.18294 -0.38798 9.67293e-18)
(1.18259 -0.426132 1.22849e-17)
(1.18005 -0.468026 1.39044e-17)
(1.18143 -0.305834 -2.3164e-17)
(1.17894 -0.330453 -6.85693e-18)
(1.17725 -0.358732 -2.08461e-18)
(1.17572 -0.39083 1.0308e-17)
(1.17391 -0.429613 1.30223e-17)
(1.17681 -0.306817 -2.51411e-17)
(1.1738 -0.331903 -6.79067e-18)
(1.17141 -0.360697 -9.86012e-19)
(1.16889 -0.393461 1.08794e-17)
(1.16565 -0.432766 1.38023e-17)
(1.17187 -0.307737 -2.63405e-17)
(1.16835 -0.333268 -5.69482e-18)
(1.16529 -0.362539 -1.09398e-18)
(1.16187 -0.395891 1.18578e-17)
(1.15726 -0.435596 1.46233e-17)
(1.16505 -0.30858 -2.85099e-17)
(1.16065 -0.334534 -5.34837e-18)
(1.15653 -0.36425 -1.25983e-18)
(1.1518 -0.398117 1.29353e-17)
(1.14548 -0.438111 1.54539e-17)
(1.2589 -0.305353 -1.42127e-18)
(1.26588 -0.323617 4.93476e-19)
(1.27567 -0.342385 1.08081e-18)
(1.2873 -0.364973 6.25446e-18)
(1.30033 -0.383166 6.11458e-18)
(1.29585 -0.403717 6.74753e-18)
(1.25465 -0.307304 -1.55041e-18)
(1.26136 -0.326306 2.20957e-18)
(1.27084 -0.346016 3.55527e-18)
(1.28229 -0.369934 4.26724e-18)
(1.29543 -0.389902 6.83336e-18)
(1.29274 -0.414103 6.51559e-18)
(1.25017 -0.309076 -3.11156e-18)
(1.25652 -0.328782 6.29582e-19)
(1.2656 -0.349398 3.5098e-18)
(1.27676 -0.374615 4.42421e-18)
(1.29013 -0.396398 4.03001e-18)
(1.24552 -0.310781 -3.29729e-18)
(1.25147 -0.33118 8.20995e-19)
(1.26007 -0.352692 3.71165e-18)
(1.27082 -0.379178 4.87034e-18)
(1.28411 -0.402738 4.36252e-18)
(1.24073 -0.312396 -3.59677e-18)
(1.24623 -0.333469 6.67893e-19)
(1.25428 -0.355861 5.61892e-18)
(1.26449 -0.383576 7.79403e-18)
(1.27751 -0.408874 4.62547e-18)
(1.23578 -0.313913 -3.90746e-18)
(1.24078 -0.33564 6.38493e-19)
(1.24822 -0.358888 4.15757e-18)
(1.25777 -0.387781 8.01192e-18)
(1.27029 -0.414761 4.48616e-18)
(1.23066 -0.315321 -4.36284e-18)
(1.2351 -0.337676 -4.77617e-19)
(1.24185 -0.36175 5.76547e-18)
(1.25061 -0.391763 8.69413e-18)
(1.26238 -0.420356 7.1746e-18)
(1.22535 -0.316608 -4.76159e-18)
(1.22916 -0.339559 -7.35295e-19)
(1.23514 -0.364421 7.18494e-18)
(1.24296 -0.395484 7.61734e-18)
(1.2537 -0.425611 6.87862e-18)
(1.21993 -0.317758 -5.15927e-18)
(1.22309 -0.341268 -1.82824e-18)
(1.22823 -0.36687 6.55943e-18)
(1.23501 -0.398901 8.286e-18)
(1.24453 -0.430465 7.24622e-18)
(1.21465 -0.318771 -5.85221e-18)
(1.21722 -0.342803 -1.66908e-18)
(1.22163 -0.369092 6.16647e-18)
(1.22745 -0.402002 8.90214e-18)
(1.23581 -0.434881 9.67573e-18)
(1.29684 -0.292298 -6.02214e-19)
(1.30523 -0.303946 2.38829e-18)
(1.31271 -0.313313 9.34309e-18)
(1.31048 -0.317722 7.88928e-18)
(1.27606 -0.30482 8.31577e-18)
(1.29371 -0.294008 -9.83011e-19)
(1.30226 -0.306377 2.41667e-18)
(1.31055 -0.316807 9.963e-18)
(1.31081 -0.323164 8.68042e-18)
(1.28271 -0.313528 7.67685e-18)
(1.29035 -0.295583 -1.22417e-18)
(1.299 -0.30869 1.77838e-18)
(1.30815 -0.320255 1.3491e-17)
(1.31135 -0.328789 9.12028e-18)
(1.29093 -0.322789 7.92158e-18)
(1.28683 -0.297104 -1.16816e-18)
(1.29549 -0.310931 1.09887e-18)
(1.30523 -0.323575 1.10498e-17)
(1.31077 -0.334195 9.57674e-18)
(1.29705 -0.331753 8.42873e-18)
(1.28317 -0.298555 -1.67131e-18)
(1.29174 -0.313087 2.58869e-19)
(1.30191 -0.32677 8.82295e-18)
(1.3094 -0.339411 1.0226e-17)
(1.30172 -0.340449 8.68666e-18)
(1.27935 -0.299929 2.21324e-19)
(1.28777 -0.315146 -1.26769e-19)
(1.29817 -0.329821 6.44128e-18)
(1.30719 -0.344399 7.21023e-18)
(1.30481 -0.348807 4.79916e-18)
(1.27537 -0.301217 -2.34641e-20)
(1.28356 -0.317097 -6.51329e-19)
(1.294 -0.332713 6.88393e-18)
(1.30413 -0.349131 8.24542e-18)
(1.30626 -0.356759 8.73858e-19)
(1.27121 -0.302408 4.47357e-20)
(1.27907 -0.318925 -1.53483e-18)
(1.28939 -0.335424 4.40064e-18)
(1.30022 -0.353572 1.273e-17)
(1.30604 -0.364236 5.11351e-18)
(1.26694 -0.303488 2.02524e-19)
(1.27443 -0.320613 -1.96795e-18)
(1.2845 -0.33793 4.2417e-18)
(1.29569 -0.357687 1.04252e-17)
(1.30443 -0.371166 5.07898e-18)
(1.28487 -0.378527 6.4177e-18)
(1.2628 -0.304459 -1.28626e-18)
(1.26997 -0.322163 -6.75945e-19)
(1.27984 -0.340232 3.69562e-18)
(1.29125 -0.36147 8.77601e-18)
(1.30235 -0.377494 9.43581e-18)
(1.29116 -0.391687 6.64215e-18)
(1.02 -0.200177 -4.24386e-17)
(1.06283 -0.181623 -2.19986e-17)
(1.08805 -0.314239 -3.7993e-17)
(1.00441 -0.208835 1.21842e-17)
(1.04518 -0.188338 -5.37509e-17)
(1.07213 -0.343559 -1.34204e-17)
(0.985338 -0.215374 3.37791e-18)
(1.02591 -0.195328 -4.3756e-17)
(1.0547 -0.376752 -2.09702e-18)
(0.961606 -0.218848 -1.3728e-17)
(1.00596 -0.203344 1.27549e-17)
(1.03481 -0.41444 1.36374e-17)
(0.932445 -0.218963 -2.69966e-17)
(0.986215 -0.212943 5.53871e-17)
(1.01116 -0.456213 2.3175e-17)
)
;

boundaryField
{
    inlet
    {
        type            uniformFixedValue;
        uniformValue    constant (1 0 0);
        value           nonuniform 0();
    }
    outlet
    {
        type            pressureInletOutletVelocity;
        value           nonuniform 0();
    }
    polygon
    {
        type            fixedValue;
        value           nonuniform 0();
    }
    top
    {
        type            symmetryPlane;
    }
    bottom
    {
        type            symmetryPlane;
    }
    outside
    {
        type            zeroGradient;
    }
    procBoundary17to8
    {
        type            processor;
        value           nonuniform List<vector> 5((1.01077 -0.096939 -1.04718e-18) (1.00091 -0.0998705 -1.95969e-18) (0.992593 -0.102869 -4.98935e-18) (0.986424 -0.105832 -3.87767e-18) (0.982329 -0.108137 -8.07443e-18));
    }
    procBoundary17to9
    {
        type            processor;
        value           nonuniform List<vector> 
34
(
(1.20999 -0.278988 -4.08431e-18)
(1.21368 -0.297818 -1.2928e-17)
(1.20596 -0.279957 -4.41206e-18)
(1.20186 -0.280861 -4.72354e-18)
(1.19765 -0.281713 -5.55352e-18)
(1.19334 -0.282506 -5.91835e-18)
(1.18895 -0.283234 -7.15304e-18)
(1.18461 -0.283893 -8.56769e-18)
(1.1804 -0.284488 -9.19695e-18)
(1.17587 -0.285033 -8.7098e-18)
(1.16981 -0.285511 -1.05802e-17)
(1.25415 -0.288988 -4.53243e-18)
(1.25017 -0.29036 -3.97655e-18)
(1.24601 -0.29158 -5.46678e-18)
(1.24173 -0.29274 -6.75716e-18)
(1.23733 -0.293821 -7.25999e-18)
(1.23281 -0.29482 -8.58979e-18)
(1.22816 -0.295728 -9.80175e-18)
(1.22336 -0.296535 -1.06998e-17)
(1.21848 -0.297232 -1.17201e-17)
(1.21368 -0.297818 -1.2928e-17)
(1.28986 -0.280566 -1.27708e-18)
(1.28679 -0.281764 -1.25778e-18)
(1.28354 -0.282832 6.56887e-19)
(1.28018 -0.283854 -1.39864e-18)
(1.27672 -0.284815 -1.32506e-18)
(1.27314 -0.285711 -1.45493e-18)
(1.26944 -0.286534 -1.60186e-18)
(1.26561 -0.287276 -1.80681e-18)
(1.2617 -0.287928 -3.6306e-18)
(1.25785 -0.288491 -5.23644e-18)
(1.03329 -0.19028 -1.53327e-17)
(1.0784 -0.1748 -4.30658e-18)
(1.1027 -0.288229 -1.76675e-17)
)
;
    }
    procBoundary17to10
    {
        type            processor;
        value           nonuniform List<vector> 5((1.29952 -0.291458 8.40941e-20) (1.30746 -0.302333 5.99907e-18) (1.31315 -0.310238 1.21913e-17) (1.30572 -0.311441 1.02706e-17) (1.25876 -0.292804 4.27421e-18));
    }
    procBoundary17to25
    {
        type            processor;
        value           nonuniform List<vector> 
36
(
(1.2332 -0.49261 1.20264e-17)
(1.2229 -0.501049 1.27095e-17)
(1.2119 -0.508583 1.33239e-17)
(1.19998 -0.515503 1.40535e-17)
(1.1873 -0.521703 1.48152e-17)
(1.1739 -0.527122 1.56928e-17)
(1.16907 -0.472606 1.51596e-17)
(1.16907 -0.472606 1.51596e-17)
(1.15849 -0.476649 1.58082e-17)
(1.14794 -0.480112 1.67164e-17)
(1.13398 -0.48297 1.7923e-17)
(1.23465 -0.381698 1.16947e-17)
(1.23672 -0.396181 1.15962e-17)
(1.29008 -0.424507 6.66456e-18)
(1.29008 -0.424507 6.66456e-18)
(1.28617 -0.434657 6.54548e-18)
(1.28132 -0.444516 1.12339e-17)
(1.27544 -0.453998 1.1891e-17)
(1.26843 -0.463013 1.26579e-17)
(1.26014 -0.471488 9.71803e-18)
(1.25077 -0.479371 1.06034e-17)
(1.24138 -0.486594 1.12442e-17)
(1.15725 -0.26331 1.49248e-17)
(1.17566 -0.27672 1.11155e-17)
(1.19839 -0.291275 6.70837e-18)
(1.21858 -0.306069 7.80784e-18)
(1.23676 -0.320963 1.40923e-17)
(1.25267 -0.335813 1.56672e-17)
(1.26607 -0.350452 5.61892e-18)
(1.27675 -0.364729 5.98464e-18)
(1.27675 -0.364729 5.98464e-18)
(1.18375 -0.33697 1.26221e-17)
(1.21191 -0.359801 1.21614e-17)
(0.898271 -0.215935 -3.12083e-17)
(0.967243 -0.223911 2.37166e-17)
(0.980774 -0.502264 2.10706e-17)
)
;
    }
}


// ************************************************************************* //
