/*--------------------------------*- C++ -*----------------------------------*\
  =========                 |
  \\      /  F ield         | OpenFOAM: The Open Source CFD Toolbox
   \\    /   O peration     | Website:  https://openfoam.org
    \\  /    A nd           | Version:  7
     \\/     M anipulation  |
\*---------------------------------------------------------------------------*/
FoamFile
{
    version     2.0;
    format      ascii;
    class       volVectorField;
    location    "118";
    object      U;
}
// * * * * * * * * * * * * * * * * * * * * * * * * * * * * * * * * * * * * * //

dimensions      [0 1 -1 0 0 0 0];

internalField   nonuniform List<vector> 
125
(
(-0.071322 -0.0640436 -1.63365e-18)
(-0.0512221 -0.0743838 1.47743e-18)
(-0.0196589 -0.0431132 8.73542e-20)
(-0.146832 -0.00752901 1.09811e-17)
(-0.142474 -0.00882618 4.54664e-18)
(-0.137747 -0.0103223 4.43561e-18)
(-0.132623 -0.0120657 4.51762e-18)
(-0.127064 -0.0141161 3.30781e-18)
(-0.121055 -0.0165628 4.38847e-18)
(-0.114552 -0.0195144 1.7792e-17)
(-0.107613 -0.0231441 5.37312e-18)
(-0.100126 -0.027639 1.00073e-17)
(-0.0925645 -0.0332969 3.50314e-18)
(-0.0841598 -0.0405 -2.86987e-18)
(-0.0775825 -0.0490213 2.55761e-18)
(-0.0680082 -0.0607365 2.46152e-18)
(-0.0651521 -0.0683871 1.44834e-18)
(-0.0500508 -0.0803622 3.23525e-18)
(-0.0252749 -0.0465525 1.59825e-18)
(-0.126167 -0.00901055 1.06725e-17)
(-0.121254 -0.0104382 4.30908e-18)
(-0.116002 -0.0120776 7.11715e-18)
(-0.110397 -0.0139785 8.05281e-18)
(-0.104424 -0.0162011 7.7427e-18)
(-0.0980954 -0.0188346 8.58868e-18)
(-0.0914139 -0.0219842 1.46843e-17)
(-0.0844853 -0.02582 9.33368e-18)
(-0.0773088 -0.0305009 1.07676e-17)
(-0.0704319 -0.036345 3.42881e-18)
(-0.0633267 -0.0435671 -6.14695e-18)
(-0.0589566 -0.0521558 6.4177e-18)
(-0.052565 -0.0633603 7.25875e-18)
(-0.055939 -0.0710618 6.21757e-18)
(-0.0469978 -0.0838571 6.90862e-18)
(-0.0369897 -0.050776 5.6632e-18)
(-0.0945347 -0.010416 2.07992e-17)
(-0.0889382 -0.0118363 2.03902e-17)
(-0.0830479 -0.0134407 4.52954e-18)
(-0.0768648 -0.0152625 1.9034e-17)
(-0.0703985 -0.0173497 2.17383e-17)
(-0.0636701 -0.019755 2.20612e-17)
(-0.0567331 -0.0225587 2.25858e-17)
(-0.0496611 -0.0258489 2.44438e-17)
(-0.0426254 -0.0297682 2.35422e-17)
(-0.0357966 -0.0344156 2.21199e-17)
(-0.029808 -0.0401048 4.36478e-18)
(-0.0244856 -0.0467326 1.68875e-17)
(-0.0231633 -0.0548044 2.20517e-17)
(-0.0212375 -0.0639325 2.25451e-17)
(-0.0340006 -0.0711855 2.2204e-17)
(-0.0362834 -0.0837241 2.39691e-17)
(-0.0752083 -0.0528689 2.05132e-17)
(-0.0276845 -0.0146868 8.67919e-18)
(-0.0200872 -0.016299 7.91247e-18)
(-0.0122016 -0.0180886 3.14584e-18)
(-0.00404897 -0.0200813 8.2134e-18)
(0.00434091 -0.0223109 9.60508e-18)
(0.012915 -0.0248159 9.703e-18)
(0.0215821 -0.0276444 9.75312e-18)
(0.0302163 -0.0308458 1.02275e-17)
(0.0386006 -0.0344836 1.00607e-17)
(0.0464479 -0.0385816 8.76914e-18)
(0.053169 -0.0432168 3.71212e-18)
(0.0585037 -0.048104 8.04281e-18)
(0.0595597 -0.0536165 9.8456e-18)
(0.0605555 -0.0575645 9.80166e-18)
(0.0435392 -0.0605344 9.73435e-18)
(0.0440011 -0.0580836 9.67222e-18)
(-0.0248738 -0.0279591 3.59712e-18)
(0.0583547 -0.0207928 2.1171e-17)
(0.0687997 -0.0226193 1.97369e-17)
(0.0796095 -0.0246094 7.13286e-18)
(0.0907682 -0.0267802 2.15304e-17)
(0.102252 -0.0291499 2.28036e-17)
(0.114021 -0.0317428 2.33662e-17)
(0.126012 -0.0345755 2.37672e-17)
(0.138139 -0.0376588 2.41811e-17)
(0.150266 -0.0409908 2.38426e-17)
(0.162224 -0.0445181 2.15469e-17)
(0.173739 -0.0481391 7.43316e-18)
(0.184652 -0.0514992 2.38966e-17)
(0.193906 -0.0544878 2.43402e-17)
(0.204624 -0.0546313 2.41371e-17)
(0.20733 -0.0546928 2.35927e-17)
(0.233725 -0.0411462 2.29184e-17)
(0.222681 -0.0336409 8.45758e-18)
(0.166545 -0.0292159 5.92313e-18)
(0.180972 -0.031349 7.85644e-18)
(0.195989 -0.0336433 1.84304e-17)
(0.211627 -0.0361127 5.3017e-18)
(0.227925 -0.0387714 6.53635e-18)
(0.244931 -0.0416352 6.5904e-18)
(0.262713 -0.0447137 7.35121e-18)
(0.281371 -0.0480101 8.61261e-18)
(0.301058 -0.0515144 7.19549e-18)
(0.322027 -0.0551854 9.73697e-18)
(0.344693 -0.0589509 1.99279e-17)
(0.369803 -0.0626887 5.34798e-18)
(0.398527 -0.0664666 7.11451e-18)
(0.4342 -0.0699114 7.04447e-18)
(0.477414 -0.075938 6.63673e-18)
(0.547786 -0.0782449 5.84026e-18)
(0.610652 -0.100732 4.35157e-18)
(0.299272 -0.0408043 2.46831e-18)
(0.319009 -0.0434479 3.93275e-18)
(0.339749 -0.0462932 5.95723e-18)
(0.361612 -0.0493661 1.09199e-18)
(0.384754 -0.0526993 2.28848e-18)
(0.409384 -0.0563352 3.27234e-18)
(0.435777 -0.060328 7.33959e-18)
(0.464312 -0.0647527 1.81913e-17)
(0.495506 -0.0697165 8.20285e-19)
(0.530071 -0.0753715 4.73959e-18)
(0.568955 -0.0819481 5.38427e-18)
(0.61336 -0.089815 6.44141e-19)
(0.664741 -0.099602 2.48742e-18)
(0.725024 -0.112053 2.24006e-18)
(0.795621 -0.128408 2.3983e-18)
(0.88006 -0.146736 2.60424e-18)
(0.959796 -0.178265 2.55747e-18)
(0.456582 -0.0564805 2.63848e-18)
(0.482668 -0.0599634 6.01551e-18)
(0.510242 -0.0637587 1.54247e-17)
(0.5395 -0.0679256 -1.71629e-18)
(0.570682 -0.0725414 1.85584e-18)
)
;

boundaryField
{
    inlet
    {
        type            uniformFixedValue;
        uniformValue    constant (1 0 0);
        value           nonuniform 0();
    }
    outlet
    {
        type            pressureInletOutletVelocity;
        value           nonuniform 0();
    }
    polygon
    {
        type            fixedValue;
        value           uniform (0 0 0);
    }
    top
    {
        type            symmetryPlane;
    }
    bottom
    {
        type            symmetryPlane;
    }
    outside
    {
        type            zeroGradient;
    }
    procBoundary18to10
    {
        type            processor;
        value           nonuniform List<vector> 
18
(
(0.604074 -0.0777072 1.90822e-18)
(0.640016 -0.0835547 3.16771e-18)
(0.678894 -0.0902548 4.83414e-18)
(0.721126 -0.0980208 2.48682e-18)
(0.767125 -0.107104 7.25351e-18)
(0.817204 -0.117789 1.37309e-17)
(0.871441 -0.130397 -2.67892e-18)
(0.929613 -0.145272 2.3505e-18)
(0.991346 -0.162641 7.44118e-19)
(1.05587 -0.182577 1.96318e-18)
(1.12088 -0.204996 2.49769e-18)
(1.17885 -0.233117 3.28559e-18)
(0.633178 -0.0767523 3.63192e-18)
(0.665277 -0.0813883 3.7708e-18)
(0.699025 -0.0864783 4.2493e-18)
(0.734547 -0.0921032 1.65757e-18)
(0.604074 -0.0777072 1.90822e-18)
(0.77196 -0.0983596 2.77491e-18)
)
;
    }
    procBoundary18to11
    {
        type            processor;
        value           nonuniform List<vector> 2((0.280444 -0.0383418 1.91355e-18) (0.431824 -0.0532651 1.48046e-18));
    }
    procBoundary18to19
    {
        type            processor;
        value           nonuniform List<vector> 7((-0.150852 -0.00639738 6.83677e-18) (-0.130758 -0.00775994 8.95994e-18) (-0.130758 -0.00775994 8.95994e-18) (-0.0998423 -0.00915407 1.97481e-17) (-0.0349841 -0.0132314 8.32354e-18) (0.0482823 -0.0191153 2.0625e-17) (0.152683 -0.0272322 5.03918e-18));
    }
    procBoundary18to25
    {
        type            processor;
        value           nonuniform List<vector> 5((1.03933 -0.192163 3.31793e-18) (0.720653 -0.111732 7.0689e-18) (0.309356 -0.0284897 -2.23946e-17) (0.0061061 -0.0196366 -1.86757e-17) (-0.0692384 -0.0306188 -1.57546e-17));
    }
    procBoundary18to26
    {
        type            processor;
        value           nonuniform List<vector> 
17
(
(-0.0756614 -0.0583088 -5.2369e-18)
(-0.0514638 -0.0669631 4.12973e-19)
(-0.0168359 -0.0396036 -1.13732e-18)
(-0.164751 -0.00622492 -2.47253e-18)
(-0.160862 -0.00739144 7.09213e-18)
(-0.156578 -0.00874068 3.70893e-18)
(-0.151852 -0.0103178 3.55233e-18)
(-0.146629 -0.0121799 3.87551e-19)
(-0.140864 -0.0144121 2.27453e-18)
(-0.134469 -0.0171211 1.15247e-17)
(-0.127455 -0.0204734 2.04881e-18)
(-0.119601 -0.0246696 -5.22712e-18)
(-0.111296 -0.0299841 4.97678e-18)
(-0.10155 -0.0369125 -2.61249e-18)
(-0.0927175 -0.0450753 6.66034e-19)
(-0.0799899 -0.0566476 2.86072e-19)
(-0.0799899 -0.0566476 2.86072e-19)
)
;
    }
}


// ************************************************************************* //
