/*--------------------------------*- C++ -*----------------------------------*\
  =========                 |
  \\      /  F ield         | OpenFOAM: The Open Source CFD Toolbox
   \\    /   O peration     | Website:  https://openfoam.org
    \\  /    A nd           | Version:  7
     \\/     M anipulation  |
\*---------------------------------------------------------------------------*/
FoamFile
{
    version     2.0;
    format      ascii;
    class       surfaceScalarField;
    location    "10";
    object      phi;
}
// * * * * * * * * * * * * * * * * * * * * * * * * * * * * * * * * * * * * * //

dimensions      [0 3 -1 0 0 0 0];

internalField   nonuniform List<scalar> 
321
(
0.000754242
0.00106591
0.000854523
0.000964403
0.000941413
0.000841815
0.00101336
0.000703195
0.00106947
0.000554019
0.00110942
0.00039981
0.00113331
0.00024456
0.0011418
9.31805e-05
0.00113514
-5.59756e-05
0.00111412
-0.000199613
0.00107911
-0.000338719
-0.000474816
4.10312e-05
0.00102845
0.000169229
0.00106398
0.000299734
0.00108437
0.000430223
0.00108579
0.000557929
0.00106512
0.00067992
0.00102078
0.000793275
0.000952557
0.000895355
0.000862323
0.000983961
0.000753209
0.00105749
0.000629669
0.00111496
0.000496544
0.00115601
0.000358765
0.00118068
0.00021989
0.00118956
8.43016e-05
0.00118293
-4.93537e-05
0.0011615
-0.000178173
0.00112568
-0.000302905
-0.000424906
6.70775e-05
0.00090308
0.000196772
0.000934288
0.00032884
0.000952303
0.000460931
0.000953703
0.000590272
0.000935776
0.000713923
0.000897131
0.000828941
0.000837538
0.000932656
0.000758608
0.00102282
0.000663041
0.00109779
0.000554706
0.00115651
0.000437821
0.00119856
0.000316717
0.00122393
0.000194513
0.00123317
7.5065e-05
0.00122655
-4.27378e-05
0.00120474
-0.000156361
0.00116818
-0.000266347
-0.000373905
9.03556e-05
0.000776408
0.000221383
0.00080326
0.000354838
0.000818848
0.000488354
0.000820188
0.000619157
0.000804973
0.000744297
0.000771991
0.000860816
0.000721019
0.000966014
0.00065341
0.00105761
0.000571448
0.00113388
0.000478429
0.00119375
0.00037795
0.00123673
0.000273737
0.00126278
0.000168471
0.00127236
6.54789e-05
0.00126577
-3.61461e-05
0.00124364
-0.000134234
0.00120644
-0.000229143
-0.000321945
0.000110557
0.000648612
0.000242736
0.000671081
0.000377393
0.000684191
0.000512149
0.000685432
0.000644234
0.000672888
0.000770691
0.000645534
0.000888545
0.000603165
0.000995072
0.000546884
0.00108795
0.000478571
0.00116542
0.000400957
0.00122634
0.000317027
0.00127019
0.000229895
0.00129686
0.000141802
0.00130679
5.5542e-05
0.00130027
-2.96198e-05
0.0012779
-0.000111867
0.00124017
-0.000191409
-0.00026918
0.000127394
0.000519853
0.000260533
0.000537942
0.000396197
0.000548527
0.000532004
0.000549625
0.000665186
0.000539706
0.00079278
0.00051794
0.000911801
0.000484144
0.0010195
0.000439186
0.00111352
0.000384551
0.00119206
0.000322413
0.00125394
0.000255147
0.00129858
0.000185257
0.00132584
0.000114537
0.00133614
4.52455e-05
0.00132973
-2.32064e-05
0.00130721
-8.93493e-05
0.00126908
-0.000153277
-0.000215784
0.000140594
0.000390406
0.00027449
0.000404046
0.000410958
0.000412059
0.000547618
0.000412965
0.000681703
0.000405621
0.000810251
0.000389392
0.000930263
0.000364132
0.00103897
0.000330478
0.00113399
0.000289533
0.00121348
0.000242918
0.00127622
0.000192408
0.00132159
0.000139888
0.00134942
8.67047e-05
0.0013601
3.45714e-05
0.00135386
-1.69633e-05
0.00133129
-6.67823e-05
0.00129291
-0.000114896
-0.000161949
0.000149922
0.000260468
0.000284362
0.000269606
0.000421423
0.000274998
0.000558727
0.000275662
0.000693515
0.000270832
0.000822824
0.000260084
0.000943646
0.00024331
0.0010532
0.000220928
0.00114906
0.000193665
0.00122938
0.000162598
0.00129288
0.000128907
0.00133892
9.38496e-05
0.0013673
5.83286e-05
0.00137838
2.34953e-05
0.00137237
-1.09628e-05
0.00134987
-4.42823e-05
0.00131141
-7.643e-05
-0.000107885
0.000155186
0.000130251
0.000289951
0.000134842
0.000427386
0.000137563
0.000565121
0.000137926
0.000700406
0.000135548
0.000830278
0.000130212
0.000951724
0.000121864
0.00106194
0.000110707
0.00115851
9.71016e-05
0.00123952
8.1584e-05
0.00130369
6.4742e-05
0.00135033
4.72064e-05
0.00137923
2.94279e-05
0.00139073
1.19947e-05
0.00138503
-5.26571e-06
0.00136273
-2.19803e-05
0.00132436
-3.80545e-05
-5.38136e-05
0.00015617
0.000291011
0.000428574
0.0005665
0.000702048
0.00083226
0.000954124
0.00106483
0.00116193
0.00124352
0.00130826
0.00135547
0.00138489
0.00139689
0.00139162
0.00136964
0.00133159
0.00127778
)
;

boundaryField
{
    inlet
    {
        type            calculated;
        value           nonuniform 0();
    }
    outlet
    {
        type            calculated;
        value           nonuniform 0();
    }
    polygon
    {
        type            calculated;
        value           nonuniform 0();
    }
    top
    {
        type            symmetryPlane;
        value           uniform 0;
    }
    bottom
    {
        type            symmetryPlane;
        value           uniform 0;
    }
    outside
    {
        type            calculated;
        value           nonuniform 0();
    }
    procBoundary35to27
    {
        type            processor;
        value           nonuniform List<scalar> 
19
(
1.66255e-10
5.87891e-11
8.02687e-12
1.00172e-11
-3.07914e-11
-6.59397e-12
6.14906e-11
-1.20175e-10
-3.01761e-10
-4.06599e-10
-5.07025e-10
-5.38625e-10
-5.08535e-10
-4.14507e-10
-3.00032e-10
-1.2355e-10
6.23331e-11
2.99434e-10
5.41071e-10
)
;
    }
    procBoundary35to34
    {
        type            processor;
        value           nonuniform List<scalar> 
11
(
0.00103038
0.00107577
0.00111718
0.00115448
0.0011874
0.00121568
0.00123907
0.00125734
0.00127029
6.91205e-05
0.00120865
)
;
    }
    procBoundary35to36
    {
        type            processor;
        value           nonuniform List<scalar> 9(8.28554e-05 5.8291e-05 3.63166e-05 1.72388e-05 1.36448e-06 -1.11462e-05 -1.99843e-05 -2.49694e-05 -2.59189e-05);
    }
    procBoundary35to43
    {
        type            processor;
        value           nonuniform List<scalar> 
19
(
-0.00115234
-0.00119218
-0.00121488
-0.00121628
-0.00119282
-0.000642718
-0.00114277
-0.00117744
-0.00106468
-0.000928704
-0.000775147
-0.000610127
-0.000439753
-0.000268457
-0.000101669
6.26326e-05
0.000220636
0.000373734
0.000523543
)
;
    }
}


// ************************************************************************* //
