/*--------------------------------*- C++ -*----------------------------------*\
  =========                 |
  \\      /  F ield         | OpenFOAM: The Open Source CFD Toolbox
   \\    /   O peration     | Website:  https://openfoam.org
    \\  /    A nd           | Version:  7
     \\/     M anipulation  |
\*---------------------------------------------------------------------------*/
FoamFile
{
    version     2.0;
    format      ascii;
    class       volVectorField;
    location    "108";
    object      U;
}
// * * * * * * * * * * * * * * * * * * * * * * * * * * * * * * * * * * * * * //

dimensions      [0 1 -1 0 0 0 0];

internalField   nonuniform List<vector> 
125
(
(-0.231596 7.81022e-05 1.60999e-18)
(-0.231648 4.29216e-05 -1.11983e-19)
(-0.231736 1.00712e-05 -7.57923e-19)
(-0.231853 -2.02039e-05 3.29213e-19)
(-0.23199 -5.14215e-05 9.47246e-21)
(-0.23214 -8.12061e-05 2.14842e-18)
(-0.232297 -0.000109142 5.75143e-19)
(-0.233665 -9.99624e-05 -2.83018e-18)
(-0.232979 -4.54597e-05 2.45153e-18)
(-0.232396 -1.91385e-07 -1.79407e-19)
(-0.231908 3.56666e-05 -4.59314e-18)
(-0.23151 6.34069e-05 1.41022e-18)
(-0.231194 8.56469e-05 2.68858e-19)
(-0.230951 9.88878e-05 3.38454e-18)
(-0.230776 0.000101284 3.38445e-18)
(-0.230662 9.55194e-05 -5.74422e-18)
(-0.230603 8.36148e-05 -1.16134e-18)
(-0.230591 6.61377e-05 5.33317e-18)
(-0.23062 4.35581e-05 -2.14792e-18)
(-0.23068 1.63737e-05 -1.19159e-18)
(-0.230766 -1.01398e-05 2.22537e-18)
(-0.230873 -3.45534e-05 4.17299e-19)
(-0.230992 -6.28469e-05 1.31029e-18)
(-0.231116 -9.10619e-05 4.52896e-19)
(-0.231933 -0.000306184 -2.43276e-18)
(-0.231234 -0.000223695 4.37581e-18)
(-0.230634 -0.000151827 -1.41212e-18)
(-0.230125 -9.08169e-05 -6.98707e-19)
(-0.229701 -4.01419e-05 5.07284e-18)
(-0.229355 2.29611e-06 8.32537e-19)
(-0.229083 3.34724e-05 -1.72312e-18)
(-0.228875 5.78323e-05 5.50681e-18)
(-0.228723 7.31491e-05 -7.04879e-18)
(-0.228621 7.82857e-05 -1.52618e-18)
(-0.228563 7.38474e-05 1.96389e-18)
(-0.228542 6.334e-05 -6.89511e-18)
(-0.228551 4.95411e-05 -1.81471e-18)
(-0.228581 2.78538e-05 5.89617e-18)
(-0.228628 8.10144e-07 9.40083e-19)
(-0.228684 -2.41445e-05 9.44465e-19)
(-0.228741 -5.14938e-05 4.22935e-19)
(-0.229329 -0.00053355 -4.1037e-18)
(-0.228607 -0.000419882 1.653e-18)
(-0.22798 -0.000318478 3.82181e-18)
(-0.227439 -0.000229758 3.27723e-18)
(-0.226979 -0.000154416 3.02549e-18)
(-0.226591 -9.41434e-05 7.17307e-19)
(-0.226269 -4.70433e-05 1.87806e-18)
(-0.226005 -8.72725e-06 1.65621e-18)
(-0.225795 1.85498e-05 -4.48475e-18)
(-0.225631 3.57797e-05 -1.14274e-18)
(-0.225504 4.41387e-05 2.14922e-19)
(-0.225409 4.2395e-05 -5.80486e-18)
(-0.225336 3.20821e-05 -1.66202e-18)
(-0.225282 1.45234e-05 2.40249e-18)
(-0.225237 -6.92319e-06 9.315e-19)
(-0.225195 -3.04969e-05 8.96058e-19)
(-0.22515 -5.86451e-05 5.9855e-19)
(-0.225844 -0.000760234 -5.52944e-19)
(-0.225092 -0.00061852 1.1617e-18)
(-0.224426 -0.000491442 2.62655e-18)
(-0.22384 -0.000379367 -2.2486e-19)
(-0.223327 -0.000282222 2.12409e-18)
(-0.22288 -0.000199506 3.77712e-19)
(-0.222493 -0.000131043 -2.93108e-18)
(-0.222157 -7.92551e-05 -1.43046e-18)
(-0.221866 -4.2253e-05 -5.54773e-18)
(-0.221613 -1.64487e-05 -7.21199e-19)
(-0.221391 -1.73711e-07 -9.85931e-19)
(-0.221194 5.63062e-06 -9.16767e-18)
(-0.221014 2.53985e-06 -1.37507e-18)
(-0.220843 -1.04962e-05 1.51076e-18)
(-0.220674 -2.75943e-05 1.00322e-18)
(-0.220503 -5.44714e-05 9.33102e-19)
(-0.220321 -8.74492e-05 1.31087e-18)
(-0.22147 -0.00099694 2.211e-18)
(-0.220675 -0.000829607 1.59649e-18)
(-0.219959 -0.000678883 2.68246e-18)
(-0.219314 -0.000545225 -4.21712e-18)
(-0.218733 -0.000428938 2.8426e-18)
(-0.218209 -0.000330363 -1.52811e-19)
(-0.217735 -0.000248652 -2.10573e-19)
(-0.217305 -0.000182775 -4.96547e-18)
(-0.216911 -0.000131975 9.86935e-21)
(-0.216546 -9.66065e-05 3.94602e-19)
(-0.216203 -7.63679e-05 -2.85598e-18)
(-0.215875 -6.78939e-05 -7.79479e-18)
(-0.215555 -6.94481e-05 -9.16824e-20)
(-0.215236 -8.0146e-05 1.76626e-18)
(-0.21491 -0.000103322 1.73006e-18)
(-0.214573 -0.000133979 1.34067e-18)
(-0.214216 -0.000172633 3.32715e-18)
(-0.216194 -0.00124471 6.46084e-18)
(-0.215344 -0.00105466 3.15056e-18)
(-0.214562 -0.000883407 4.23571e-18)
(-0.213841 -0.00073143 -2.90167e-18)
(-0.213174 -0.000598906 6.17982e-18)
(-0.212554 -0.000485766 -1.53446e-18)
(-0.211973 -0.000391516 1.9097e-18)
(-0.211425 -0.000316413 -1.69642e-18)
(-0.210902 -0.000259185 6.40189e-18)
(-0.210398 -0.000218451 1.82737e-18)
(-0.209905 -0.000192927 3.86131e-18)
(-0.209416 -0.00018187 -1.52938e-20)
(-0.208925 -0.000184259 2.56473e-18)
(-0.208423 -0.00019964 3.46599e-18)
(-0.207905 -0.000226442 3.75609e-18)
(-0.207364 -0.000264884 2.27663e-18)
(-0.206793 -0.000313504 7.40414e-18)
(-0.209998 -0.00150856 6.56438e-18)
(-0.209079 -0.00129926 5.46009e-18)
(-0.208216 -0.00111088 8.06274e-18)
(-0.207401 -0.00094395 5.18577e-18)
(-0.206628 -0.000798704 5.14136e-18)
(-0.20589 -0.000675165 4.46407e-18)
(-0.205178 -0.000572802 5.85556e-18)
(-0.204487 -0.000491227 -1.90033e-19)
(-0.203808 -0.000429418 7.39792e-18)
(-0.203135 -0.000386809 3.36422e-18)
(-0.202461 -0.00036232 2.08336e-18)
(-0.201779 -0.000354334 7.10825e-18)
(-0.201081 -0.000361486 7.05161e-18)
(-0.200361 -0.000383111 7.35809e-18)
(-0.199611 -0.000419188 7.48891e-18)
(-0.198826 -0.000468235 4.18912e-18)
)
;

boundaryField
{
    inlet
    {
        type            uniformFixedValue;
        uniformValue    constant (1 0 0);
        value           nonuniform 0();
    }
    outlet
    {
        type            pressureInletOutletVelocity;
        value           nonuniform 0();
    }
    polygon
    {
        type            fixedValue;
        value           nonuniform 0();
    }
    top
    {
        type            symmetryPlane;
    }
    bottom
    {
        type            symmetryPlane;
    }
    outside
    {
        type            zeroGradient;
    }
    procBoundary28to20
    {
        type            processor;
        value           nonuniform List<vector> 
18
(
(-0.197998 -0.000529674 3.86661e-18)
(-0.202864 -0.00179165 2.79747e-18)
(-0.201858 -0.00156772 1.78848e-18)
(-0.200895 -0.00136694 7.41094e-18)
(-0.199966 -0.00118983 6.11962e-18)
(-0.199065 -0.00103661 6.81727e-18)
(-0.198184 -0.000907221 3.00556e-18)
(-0.197315 -0.00080118 2.86801e-18)
(-0.196453 -0.000718172 -1.32337e-22)
(-0.195589 -0.000657118 3.47332e-18)
(-0.194716 -0.000617107 6.3857e-18)
(-0.193828 -0.000596946 1.2779e-18)
(-0.192916 -0.00059547 7.92815e-18)
(-0.191975 -0.000611561 3.69781e-18)
(-0.190997 -0.000644508 3.33863e-18)
(-0.189974 -0.000693561 3.33208e-18)
(-0.197998 -0.000529674 3.86661e-18)
(-0.188902 -0.000757921 7.50316e-18)
)
;
    }
    procBoundary28to21
    {
        type            processor;
        value           uniform (-0.210979 -0.0017382 7.67569e-19);
    }
    procBoundary28to27
    {
        type            processor;
        value           nonuniform List<vector> 7((-0.232454 -0.000134317 -2.23355e-18) (-0.231238 -0.000118515 -5.26535e-18) (-0.228792 -8.03897e-05 6.91615e-19) (-0.225095 -9.07801e-05 7.70199e-18) (-0.220122 -0.000125952 7.23855e-18) (-0.213833 -0.000219169 -1.21338e-18) (-0.206184 -0.00037197 1.36113e-18));
    }
    procBoundary28to29
    {
        type            processor;
        value           nonuniform List<vector> 6((-0.23446 -0.00015947 8.33162e-19) (-0.232737 -0.000400731 1.99056e-18) (-0.23015 -0.000659152 4.48924e-18) (-0.22669 -0.000916376 1.87681e-18) (-0.22235 -0.00118056 8.61131e-19) (-0.217118 -0.00145307 6.52886e-19));
    }
    procBoundary28to36
    {
        type            processor;
        value           nonuniform List<vector> 
18
(
(-0.231591 3.11561e-05 -8.12987e-19)
(-0.231645 -1.036e-05 1.40246e-18)
(-0.231733 -5.49456e-05 -6.42453e-19)
(-0.231848 -0.000100649 -1.01568e-18)
(-0.231984 -0.000143748 -9.26305e-20)
(-0.232135 -0.00018354 4.14842e-18)
(-0.232293 -0.000218252 1.02742e-18)
(-0.234531 0.000133459 3.47389e-18)
(-0.233853 0.000157896 2.87056e-18)
(-0.233277 0.000175656 6.03794e-19)
(-0.232798 0.000186748 -2.77535e-18)
(-0.232411 0.000190415 -7.33565e-20)
(-0.232106 0.000184934 -6.21966e-19)
(-0.231879 0.000173654 1.45594e-18)
(-0.231721 0.000157506 2.68737e-18)
(-0.231626 0.000136379 9.41673e-19)
(-0.231586 0.000109815 -1.27127e-19)
(-0.231586 0.000109815 -1.27127e-19)
)
;
    }
}


// ************************************************************************* //
