/*--------------------------------*- C++ -*----------------------------------*\
  =========                 |
  \\      /  F ield         | OpenFOAM: The Open Source CFD Toolbox
   \\    /   O peration     | Website:  https://openfoam.org
    \\  /    A nd           | Version:  7
     \\/     M anipulation  |
\*---------------------------------------------------------------------------*/
FoamFile
{
    version     2.0;
    format      ascii;
    class       volVectorField;
    location    "48";
    object      U;
}
// * * * * * * * * * * * * * * * * * * * * * * * * * * * * * * * * * * * * * //

dimensions      [0 1 -1 0 0 0 0];

internalField   nonuniform List<vector> 
175
(
(-0.209154 -0.000128875 8.05219e-18)
(-0.208655 -0.000205976 -2.38542e-18)
(-0.208089 -0.000299799 8.45375e-18)
(-0.207448 -0.000411578 6.67787e-18)
(-0.206721 -0.000542927 6.37199e-18)
(-0.205896 -0.000696787 2.33242e-18)
(-0.20496 -0.000876533 2.29522e-18)
(-0.203897 -0.00108668 9.41185e-18)
(-0.202691 -0.00133201 1.22623e-17)
(-0.201322 -0.00161943 5.22782e-18)
(-0.199765 -0.00195544 -1.29685e-18)
(-0.197998 -0.00235122 -6.39573e-18)
(-0.19598 -0.00281506 -1.34459e-17)
(-0.19369 -0.00336672 -1.21284e-17)
(-0.19106 -0.00401537 1.63943e-18)
(-0.188076 -0.00479934 6.14117e-18)
(-0.184613 -0.00572365 5.86654e-18)
(-0.180704 -0.0068692 -6.87815e-18)
(-0.205783 -0.000209749 5.286e-19)
(-0.205165 -0.00029778 -3.47805e-19)
(-0.204474 -0.000403712 6.66678e-18)
(-0.203703 -0.000529033 5.90887e-19)
(-0.20284 -0.000675658 4.33702e-18)
(-0.201874 -0.000846815 2.64635e-18)
(-0.200791 -0.00104618 -5.36364e-19)
(-0.199577 -0.00127866 5.61047e-18)
(-0.198215 -0.00154945 1.64715e-17)
(-0.196685 -0.00186601 4.98123e-18)
(-0.194964 -0.00223542 -1.76286e-18)
(-0.193028 -0.00266967 -2.22172e-18)
(-0.190842 -0.0031779 -1.41921e-17)
(-0.188381 -0.00378122 -1.30989e-17)
(-0.185583 -0.00448993 -1.33146e-18)
(-0.182436 -0.00534478 1.30747e-18)
(-0.178821 -0.00635223 6.85203e-18)
(-0.174769 -0.00759786 -5.57959e-18)
(-0.202125 -0.000302353 -5.63939e-18)
(-0.201376 -0.000401983 1.72571e-18)
(-0.20055 -0.000520842 6.03736e-18)
(-0.199636 -0.000660589 -1.50284e-18)
(-0.198625 -0.000823392 2.81745e-18)
(-0.197506 -0.00101274 2.79811e-18)
(-0.196263 -0.00123262 1.50943e-18)
(-0.194885 -0.00148828 2.68521e-18)
(-0.193352 -0.00178533 1.76135e-17)
(-0.191647 -0.00213173 5.30547e-18)
(-0.189746 -0.00253513 1.8721e-18)
(-0.187627 -0.00300828 1.24137e-18)
(-0.185256 -0.00356111 -1.70022e-17)
(-0.182609 -0.00421594 -9.63402e-18)
(-0.179629 -0.0049842 -3.806e-18)
(-0.176302 -0.0059087 2.11639e-18)
(-0.17252 -0.00699742 9.19747e-18)
(-0.168312 -0.00833988 -5.48858e-18)
(-0.198173 -0.000415681 -6.68909e-18)
(-0.197282 -0.000527426 -5.60431e-19)
(-0.196308 -0.00065978 6.45637e-18)
(-0.19524 -0.000814577 -4.11813e-18)
(-0.194069 -0.000994232 2.29798e-18)
(-0.192782 -0.00120249 3.54524e-18)
(-0.191367 -0.00144361 -1.29312e-18)
(-0.189809 -0.00172319 8.2996e-19)
(-0.188091 -0.00204723 2.19471e-17)
(-0.186196 -0.00242419 5.46857e-18)
(-0.1841 -0.00286224 6.17143e-18)
(-0.181783 -0.00337485 5.10493e-18)
(-0.17921 -0.00397271 -1.29614e-17)
(-0.176361 -0.00467927 -7.07851e-18)
(-0.173182 -0.00550703 -6.57253e-18)
(-0.16966 -0.00650069 3.8931e-18)
(-0.165696 -0.00766969 7.18342e-18)
(-0.161318 -0.00910694 -1.0598e-18)
(-0.193918 -0.000549913 -7.80292e-18)
(-0.192875 -0.000674875 1.97669e-18)
(-0.191741 -0.000821825 8.58847e-18)
(-0.190507 -0.000992781 -2.87803e-18)
(-0.189162 -0.0011904 2.35686e-18)
(-0.187695 -0.00141869 4.4001e-18)
(-0.186093 -0.00168216 -4.80396e-18)
(-0.184341 -0.00198678 -1.05284e-18)
(-0.182424 -0.00233891 2.46421e-17)
(-0.180322 -0.00274746 4.97702e-18)
(-0.178015 -0.00322114 1.07899e-17)
(-0.175483 -0.00377408 4.66898e-18)
(-0.172693 -0.0044177 -1.12762e-17)
(-0.169625 -0.00517647 -1.0259e-17)
(-0.16623 -0.00606396 -5.17639e-18)
(-0.162496 -0.00712649 6.91796e-18)
(-0.158334 -0.00837495 6.09367e-18)
(-0.153771 -0.00990516 -2.453e-18)
(-0.189354 -0.000706613 -9.31835e-18)
(-0.188146 -0.000845822 4.87759e-18)
(-0.18684 -0.00100844 1.14662e-17)
(-0.185427 -0.00119667 2.68786e-18)
(-0.183895 -0.0014134 2.83303e-18)
(-0.182234 -0.00166288 1.08473e-17)
(-0.18043 -0.00194991 -4.20526e-18)
(-0.17847 -0.00228075 -3.33334e-18)
(-0.176337 -0.00266214 2.66643e-17)
(-0.174013 -0.00310342 9.95715e-18)
(-0.171479 -0.00361378 1.1819e-17)
(-0.168714 -0.00420799 4.65857e-18)
(-0.16569 -0.00489815 -6.33206e-18)
(-0.162386 -0.00570964 -9.28427e-18)
(-0.158757 -0.00665703 -3.78088e-18)
(-0.154794 -0.00778807 1.11857e-17)
(-0.150416 -0.00911497 5.59897e-18)
(-0.145652 -0.0107359 1.46798e-18)
(-0.184473 -0.000887863 -7.54012e-18)
(-0.183088 -0.00104249 9.59417e-18)
(-0.181597 -0.00122197 2.08414e-17)
(-0.179991 -0.00142869 3.0875e-18)
(-0.178258 -0.00166579 3.44125e-18)
(-0.176389 -0.00193774 1.44802e-17)
(-0.174368 -0.00224959 -4.91395e-18)
(-0.172184 -0.00260793 -1.11979e-18)
(-0.169819 -0.00301981 2.76423e-17)
(-0.167257 -0.00349499 1.48255e-17)
(-0.164478 -0.00404313 9.08353e-18)
(-0.161463 -0.00467954 1.041e-17)
(-0.158186 -0.00541697 -2.63766e-18)
(-0.154627 -0.00628162 -9.77571e-18)
(-0.150746 -0.00728892 2.92541e-18)
(-0.146535 -0.00848784 1.21981e-17)
(-0.141924 -0.0098918 6.23351e-18)
(-0.136941 -0.0116008 4.25294e-18)
(-0.179265 -0.00109545 -2.43083e-18)
(-0.177691 -0.00126663 1.10348e-17)
(-0.176002 -0.00146413 2.375e-17)
(-0.174189 -0.00169051 8.58457e-18)
(-0.172242 -0.00194915 9.35663e-18)
(-0.170148 -0.00224473 2.03065e-17)
(-0.167896 -0.00258257 -1.89559e-18)
(-0.165471 -0.00296953 1.02487e-18)
(-0.162857 -0.00341298 2.38766e-17)
(-0.160039 -0.00392305 2.11456e-17)
(-0.156998 -0.00450984 1.24508e-17)
(-0.153715 -0.00518915 1.2365e-17)
(-0.150165 -0.00597433 6.01469e-18)
(-0.146332 -0.00689228 -1.72553e-18)
(-0.14218 -0.00795925 1.08e-17)
(-0.137702 -0.0092252 9.85244e-18)
(-0.132838 -0.0107046 6.84694e-18)
(-0.127617 -0.0124988 8.21273e-18)
(-0.173723 -0.00132546 7.22262e-18)
(-0.171946 -0.00151407 1.43042e-17)
(-0.170045 -0.00173045 2.56762e-17)
(-0.168012 -0.0019774 1.3821e-17)
(-0.165834 -0.00225849 1.58347e-17)
(-0.163502 -0.00257864 2.39621e-17)
(-0.161001 -0.00294341 -2.86127e-19)
(-0.158318 -0.00335992 7.99308e-18)
(-0.155439 -0.00383588 2.36899e-17)
(-0.152346 -0.00438176 2.5166e-17)
(-0.149023 -0.00500808 1.69374e-17)
(-0.145453 -0.00573111 1.60834e-17)
(-0.141612 -0.00656477 1e-17)
(-0.137485 -0.00753659 6.47969e-18)
(-0.13304 -0.00866362 1.47832e-17)
(-0.128273 -0.00999663 8.74995e-18)
(-0.123135 -0.011551 7.97991e-18)
(-0.117655 -0.0134293 1.34314e-17)
(-0.167836 -0.00158757 1.78664e-17)
(-0.165843 -0.00179564 1.95391e-17)
(-0.163716 -0.00203307 3.1484e-17)
(-0.161447 -0.00230284 2.04395e-17)
(-0.159024 -0.00260876 2.4549e-17)
(-0.156436 -0.00295595 3.10538e-17)
(-0.15367 -0.00335024 1.06435e-17)
(-0.200724 -0.00250753 -2.01909e-17)
(-0.198583 -0.00300849 -1.89991e-17)
(-0.196098 -0.00359758 -5.80485e-19)
(-0.193258 -0.0043107 1.23378e-17)
(-0.189925 -0.00515107 -3.49632e-19)
(-0.186138 -0.00619508 -3.92835e-18)
)
;

boundaryField
{
    inlet
    {
        type            uniformFixedValue;
        uniformValue    constant (1 0 0);
        value           nonuniform 0();
    }
    outlet
    {
        type            pressureInletOutletVelocity;
        value           nonuniform 0();
    }
    polygon
    {
        type            fixedValue;
        value           nonuniform 0();
    }
    top
    {
        type            symmetryPlane;
    }
    bottom
    {
        type            symmetryPlane;
    }
    outside
    {
        type            zeroGradient;
    }
    procBoundary19to11
    {
        type            processor;
        value           nonuniform List<vector> 
18
(
(-0.150713 -0.00379899 1.57533e-17)
(-0.147549 -0.0043102 2.71528e-17)
(-0.144164 -0.00489468 3.20432e-17)
(-0.14054 -0.00556331 2.29941e-17)
(-0.136661 -0.00633278 2.22619e-17)
(-0.132508 -0.0072175 1.42949e-17)
(-0.128065 -0.00824547 1.48122e-17)
(-0.123306 -0.00943446 2.08762e-17)
(-0.118229 -0.0108356 8.81355e-18)
(-0.112792 -0.0124653 1.53617e-17)
(-0.150639 -0.00253624 3.94022e-17)
(-0.148056 -0.00280633 4.10383e-17)
(-0.145315 -0.00311001 4.55009e-17)
(-0.142407 -0.00345071 4.29845e-17)
(-0.139321 -0.00383269 4.41906e-17)
(-0.136044 -0.00426149 4.67094e-17)
(-0.150713 -0.00379899 1.57533e-17)
(-0.132565 -0.00474337 4.15603e-17)
)
;
    }
    procBoundary19to18
    {
        type            processor;
        value           nonuniform List<vector> 5((-0.140338 -0.0126425 5.29534e-18) (-0.131446 -0.0136077 1.15083e-17) (-0.121922 -0.0146017 1.38221e-17) (-0.11174 -0.0156261 1.82494e-17) (-0.107031 -0.0144257 2.01248e-17));
    }
    procBoundary19to20
    {
        type            processor;
        value           nonuniform List<vector> 10((-0.209595 -6.7657e-05 -1.84963e-17) (-0.206339 -0.000139056 -2.06649e-17) (-0.202806 -0.000221204 -2.04923e-17) (-0.198988 -0.000323675 -1.86823e-17) (-0.19488 -0.000445943 -1.43797e-17) (-0.190473 -0.000589679 -7.61211e-18) (-0.185761 -0.000756815 -2.23018e-18) (-0.180735 -0.000949144 3.64608e-18) (-0.175386 -0.00116304 1.05232e-17) (-0.169706 -0.00140708 1.41701e-17));
    }
    procBoundary19to26
    {
        type            processor;
        value           nonuniform List<vector> 6((-0.176071 -0.00822068 -6.6878e-18) (-0.170026 -0.00906752 -8.33829e-18) (-0.163446 -0.00992331 -1.11718e-17) (-0.156317 -0.0108012 -1.03633e-17) (-0.148621 -0.0117073 1.48807e-19) (-0.181597 -0.00742521 -5.84347e-18));
    }
    procBoundary19to27
    {
        type            processor;
        value           nonuniform List<vector> 
19
(
(-0.212326 -7.78924e-05 1.77975e-17)
(-0.211934 -0.00014718 -1.54581e-19)
(-0.211481 -0.000231539 7.24283e-18)
(-0.210957 -0.000332205 8.93623e-18)
(-0.210351 -0.000450587 4.42709e-18)
(-0.209652 -0.00058938 2.02811e-18)
(-0.208846 -0.000751665 3.23073e-19)
(-0.207918 -0.00094157 1.43638e-17)
(-0.20685 -0.00116344 9.40882e-18)
(-0.205624 -0.00142362 5.43257e-18)
(-0.204212 -0.00172797 -6.39246e-18)
(-0.202593 -0.0020868 -1.11045e-17)
(-0.205118 -0.0021787 -1.92035e-17)
(-0.20311 -0.00262759 -1.62085e-17)
(-0.200755 -0.00315613 -1.73361e-18)
(-0.198041 -0.00379709 9.24305e-18)
(-0.194824 -0.00455326 -7.25662e-18)
(-0.191143 -0.00549448 -1.9171e-18)
(-0.202593 -0.0020868 -1.11045e-17)
)
;
    }
}


// ************************************************************************* //
