/*--------------------------------*- C++ -*----------------------------------*\
  =========                 |
  \\      /  F ield         | OpenFOAM: The Open Source CFD Toolbox
   \\    /   O peration     | Website:  https://openfoam.org
    \\  /    A nd           | Version:  7
     \\/     M anipulation  |
\*---------------------------------------------------------------------------*/
FoamFile
{
    version     2.0;
    format      ascii;
    class       volVectorField;
    location    "106";
    object      U;
}
// * * * * * * * * * * * * * * * * * * * * * * * * * * * * * * * * * * * * * //

dimensions      [0 1 -1 0 0 0 0];

internalField   nonuniform List<vector> 
115
(
(0.548565 -0.0456485 9.60968e-19)
(0.543774 -0.044466 1.01755e-18)
(0.537856 -0.0433035 -1.29523e-18)
(0.53252 -0.0418194 -4.16788e-19)
(0.526862 -0.0402362 -9.49022e-19)
(0.521378 -0.0384705 7.31618e-20)
(0.515824 -0.0366026 3.59617e-19)
(0.510347 -0.0346217 4.16163e-18)
(0.504896 -0.0325639 2.46348e-18)
(0.499523 -0.0304346 2.42124e-18)
(0.494232 -0.028253 -2.27612e-18)
(0.489054 -0.026025 -2.47792e-19)
(0.484009 -0.0237599 -1.17965e-18)
(0.492106 -0.0429676 1.777e-20)
(0.481581 -0.043102 -1.67487e-20)
(0.47808 -0.0420864 8.23715e-19)
(0.470712 -0.0415179 -6.49432e-19)
(0.465397 -0.0403473 1.32934e-18)
(0.459018 -0.039157 -2.11962e-18)
(0.4532 -0.0376951 -1.28574e-19)
(0.447128 -0.0361094 -2.41239e-18)
(0.441227 -0.0343697 9.52064e-20)
(0.4353 -0.0325246 -2.86427e-18)
(0.429466 -0.0305844 1.05219e-19)
(0.423686 -0.028575 -3.55411e-18)
(0.418005 -0.02651 -4.89116e-20)
(0.412428 -0.0244057 -3.96602e-18)
(0.406981 -0.022272 2.61296e-19)
(0.401684 -0.0201182 -3.62805e-18)
(0.415665 -0.0385158 -1.30672e-20)
(0.40438 -0.038784 2.63055e-20)
(0.400677 -0.0376793 2.51569e-19)
(0.39306 -0.0371159 9.42971e-21)
(0.387458 -0.0359859 1.12747e-18)
(0.380938 -0.0347887 2.09307e-18)
(0.374917 -0.0333665 2.91693e-18)
(0.368729 -0.0317998 2.56599e-18)
(0.362701 -0.030101 3.40594e-18)
(0.356689 -0.0282969 1.90617e-18)
(0.350779 -0.0264118 -5.92262e-19)
(0.344949 -0.0244658 -9.01911e-19)
(0.33923 -0.0224773 1.22572e-18)
(0.333631 -0.0204615 4.70607e-18)
(0.328172 -0.0184308 5.76841e-18)
(0.32287 -0.0163948 4.66056e-18)
(0.339896 -0.0337882 -1.79581e-19)
(0.328119 -0.0343155 -3.20384e-19)
(0.324367 -0.0331559 6.28271e-19)
(0.316783 -0.0326284 -8.59017e-19)
(0.311104 -0.0315687 1.71502e-18)
(0.304699 -0.0303906 -1.15893e-18)
(0.298713 -0.0290226 7.71919e-19)
(0.292649 -0.027496 -1.60757e-18)
(0.286731 -0.0258506 6.76084e-19)
(0.280868 -0.0241031 -2.98645e-18)
(0.275113 -0.0222842 -1.11918e-18)
(0.269457 -0.0204125 -4.23008e-18)
(0.263922 -0.0185087 -3.64364e-20)
(0.258517 -0.0165882 -2.2898e-18)
(0.253257 -0.0146644 1.62094e-18)
(0.248157 -0.0127477 -2.72548e-18)
(0.265787 -0.0288805 -2.89157e-20)
(0.253671 -0.0297939 -1.06918e-19)
(0.24999 -0.0286611 -3.33738e-20)
(0.242638 -0.0282078 -1.08176e-19)
(0.237065 -0.0272453 6.31738e-19)
(0.230958 -0.0261157 2.5149e-18)
(0.225199 -0.0248148 3.30389e-18)
(0.219441 -0.0233474 3.31772e-18)
(0.21382 -0.0217668 3.83668e-18)
(0.208284 -0.0200884 2.53256e-18)
(0.202864 -0.0183448 -1.15575e-18)
(0.197559 -0.0165557 -8.7458e-19)
(0.192381 -0.0147424 3.05465e-19)
(0.18734 -0.0129209 5.46036e-18)
(0.182447 -0.0111055 6.26089e-18)
(0.177714 -0.00930716 5.51049e-18)
(0.194036 -0.0238349 1.89701e-19)
(0.181662 -0.0252479 -2.02272e-19)
(0.178123 -0.0242942 -8.93769e-19)
(0.171122 -0.02397 -3.17229e-19)
(0.165803 -0.0231268 -1.50701e-18)
(0.160115 -0.0220766 6.10339e-19)
(0.154725 -0.0208559 8.09292e-19)
(0.149398 -0.0194649 8.34098e-19)
(0.144208 -0.0179604 7.36643e-19)
(0.139129 -0.016362 -2.36647e-19)
(0.134176 -0.0147021 -4.40841e-18)
(0.129349 -0.0130023 -1.03845e-18)
(0.124659 -0.0112843 -4.42226e-18)
(0.12011 -0.00956477 1.0715e-18)
(0.115712 -0.00785834 1.33008e-18)
(0.111474 -0.00617656 1.14252e-18)
(0.125112 -0.0186433 9.08221e-20)
(0.112566 -0.020643 -1.02213e-19)
(0.109219 -0.0201217 -3.31015e-19)
(0.102617 -0.0199855 -2.0219e-19)
(0.0976621 -0.0192879 -5.82393e-19)
(0.092456 -0.018347 8.73665e-20)
(0.0875243 -0.0172217 1.5382e-19)
(0.0827055 -0.015923 1.91014e-19)
(0.0780338 -0.0145068 9.04847e-20)
(0.0734939 -0.0129991 -3.53832e-19)
(0.0690929 -0.0114318 -1.67533e-18)
(0.0648313 -0.0098283 -6.34196e-19)
(0.0607146 -0.00821067 -1.71088e-18)
(0.0567472 -0.00659622 4.27947e-20)
(0.0529348 -0.00499995 2.20038e-19)
(0.0492836 -0.00343353 1.46324e-19)
(0.0592466 -0.0140192 4.12084e-19)
(0.0467391 -0.0159597 -9.41866e-20)
(0.0436817 -0.0162628 -8.80824e-19)
(0.0375089 -0.0162703 -3.43047e-19)
(0.0329734 -0.0157729 -1.89214e-18)
(0.0282673 -0.0149643 -1.3409e-19)
)
;

boundaryField
{
    inlet
    {
        type            uniformFixedValue;
        uniformValue    constant (1 0 0);
        value           nonuniform 0();
    }
    outlet
    {
        type            pressureInletOutletVelocity;
        value           nonuniform List<vector> 7((0.492106 -0.0429676 1.777e-20) (0.415665 -0.0385158 -1.30672e-20) (0.339896 -0.0337882 -1.79581e-19) (0.265787 -0.0288805 -2.89157e-20) (0.194036 -0.0238349 1.89701e-19) (0.125112 -0.0186433 9.08221e-20) (0.0592466 -0.0140192 4.12084e-19));
    }
    polygon
    {
        type            fixedValue;
        value           nonuniform 0();
    }
    top
    {
        type            symmetryPlane;
    }
    bottom
    {
        type            symmetryPlane;
    }
    outside
    {
        type            zeroGradient;
    }
    procBoundary55to47
    {
        type            processor;
        value           nonuniform List<vector> 
17
(
(0.0238355 -0.0139525 -1.36827e-20)
(0.019559 -0.0127628 7.5693e-21)
(0.0154461 -0.0114492 -8.71816e-21)
(0.0114873 -0.010044 -5.05863e-19)
(0.00768335 -0.00857939 -4.52658e-18)
(0.0040337 -0.00708048 -1.10908e-18)
(0.000540625 -0.00556972 -5.10445e-18)
(-0.00279376 -0.00406502 -5.27331e-19)
(-0.00596638 -0.00258135 -1.8033e-20)
(-0.00897359 -0.00113006 -7.16075e-20)
(-0.00415924 -0.00866217 8.20985e-20)
(-0.0150374 -0.0110864 -5.16452e-20)
(-0.0180892 -0.0127408 -2.94273e-19)
(-0.0237367 -0.0128243 -2.0117e-19)
(-0.0279002 -0.0125822 -6.36913e-19)
(0.0238355 -0.0139525 -1.36827e-20)
(-0.0321047 -0.0119355 -1.39888e-19)
)
;
    }
    procBoundary55to54
    {
        type            processor;
        value           nonuniform List<vector> 6((0.396562 -0.0179493 1.94082e-18) (0.317747 -0.0143603 5.66684e-18) (0.243233 -0.0108462 2.25093e-18) (0.173154 -0.00753469 5.59121e-18) (0.107406 -0.00452856 1.81868e-19) (0.0457997 -0.00190607 -3.41677e-19));
    }
    procBoundary55to62
    {
        type            processor;
        value           uniform (0.479128 -0.0214601 1.30371e-18);
    }
    procBoundary55to63
    {
        type            processor;
        value           nonuniform List<vector> 
17
(
(0.624904 -0.0492935 -1.08454e-18)
(0.620885 -0.0481237 2.28782e-19)
(0.6158 -0.0470031 -3.17695e-18)
(0.611254 -0.0455163 -1.35417e-18)
(0.606361 -0.0439546 -3.49764e-18)
(0.601621 -0.0421808 -1.27998e-18)
(0.596779 -0.0403104 -3.51886e-18)
(0.59199 -0.0383068 -4.35389e-19)
(0.587196 -0.0362198 -4.17167e-18)
(0.582451 -0.0340437 -1.62147e-18)
(0.57776 -0.0318016 -5.94704e-18)
(0.573154 -0.0294944 -1.65768e-18)
(0.568656 -0.0271316 -5.06749e-18)
(0.567854 -0.0470119 2.47083e-19)
(0.558467 -0.0471146 7.82287e-19)
(0.555331 -0.0461957 1.12899e-18)
(0.555331 -0.0461957 1.12899e-18)
)
;
    }
}


// ************************************************************************* //
