/*--------------------------------*- C++ -*----------------------------------*\
  =========                 |
  \\      /  F ield         | OpenFOAM: The Open Source CFD Toolbox
   \\    /   O peration     | Website:  https://openfoam.org
    \\  /    A nd           | Version:  7
     \\/     M anipulation  |
\*---------------------------------------------------------------------------*/
FoamFile
{
    version     2.0;
    format      ascii;
    class       volVectorField;
    location    "88";
    object      U;
}
// * * * * * * * * * * * * * * * * * * * * * * * * * * * * * * * * * * * * * //

dimensions      [0 1 -1 0 0 0 0];

internalField   nonuniform List<vector> 
125
(
(1.2565 -0.153476 2.95028e-18)
(1.25438 -0.168552 3.95415e-18)
(1.2511 -0.176302 8.52116e-18)
(1.24794 -0.187555 6.70847e-18)
(1.24526 -0.198175 -1.25492e-18)
(1.24313 -0.209756 8.81598e-18)
(1.25188 -0.151257 -1.94216e-18)
(1.2495 -0.166913 -1.37846e-18)
(1.24604 -0.174997 5.99311e-18)
(1.24261 -0.186745 8.08445e-18)
(1.2397 -0.197865 -1.85814e-18)
(1.23728 -0.210005 1.05095e-17)
(1.24714 -0.148881 -6.40159e-19)
(1.24451 -0.165032 5.70648e-18)
(1.24089 -0.173357 7.75988e-18)
(1.2372 -0.185454 3.73679e-18)
(1.23404 -0.196945 2.47983e-18)
(1.23132 -0.209482 5.06286e-18)
(1.24229 -0.146465 -2.06482e-18)
(1.23939 -0.163131 1.05067e-17)
(1.2356 -0.171735 9.03214e-18)
(1.23161 -0.184211 1.22645e-17)
(1.22817 -0.196112 9.6079e-19)
(1.23736 -0.143964 -3.01216e-18)
(1.23417 -0.161118 3.88073e-18)
(1.23021 -0.16999 1.66317e-17)
(1.22592 -0.182803 1.19375e-17)
(1.22218 -0.195087 1.266e-18)
(1.2324 -0.141397 -3.18081e-18)
(1.22889 -0.159026 -8.21937e-19)
(1.22477 -0.168174 9.77055e-18)
(1.22017 -0.181303 1.47192e-17)
(1.21613 -0.193963 7.44047e-18)
(1.22742 -0.138758 3.14503e-18)
(1.22356 -0.156844 -7.4916e-18)
(1.21931 -0.166274 5.82558e-18)
(1.21442 -0.179683 1.66434e-17)
(1.21009 -0.192703 1.33371e-17)
(1.2223 -0.136048 1.90496e-18)
(1.21806 -0.154578 -7.88972e-18)
(1.2137 -0.164312 7.90259e-18)
(1.2085 -0.177964 1.0868e-17)
(1.20389 -0.191337 2.17568e-17)
(1.21673 -0.133272 3.48801e-18)
(1.21215 -0.152223 5.63336e-18)
(1.20756 -0.162276 8.69684e-18)
(1.20201 -0.176135 1.38527e-17)
(1.19701 -0.189856 1.43947e-17)
(1.21057 -0.130456 3.2581e-18)
(1.20574 -0.149754 9.62156e-18)
(1.20071 -0.160108 7.68135e-19)
(1.1947 -0.174144 2.39545e-17)
(1.18909 -0.188183 1.09335e-17)
(1.29482 -0.172692 1.63218e-18)
(1.29401 -0.184373 1.82343e-18)
(1.29219 -0.19069 9.5987e-19)
(1.29096 -0.199959 -1.06692e-18)
(1.29026 -0.208518 3.18217e-18)
(1.29164 -0.171153 1.07465e-19)
(1.2906 -0.183162 3.96182e-18)
(1.28868 -0.189632 3.26817e-18)
(1.28726 -0.199093 -1.7164e-18)
(1.28639 -0.207862 3.02678e-18)
(1.2883 -0.169574 2.74149e-19)
(1.28711 -0.181931 6.03745e-18)
(1.28502 -0.188587 3.42265e-18)
(1.28341 -0.198299 -4.7814e-18)
(1.28236 -0.207323 4.07598e-19)
(1.28483 -0.167877 -2.78152e-18)
(1.28349 -0.180571 4.05921e-18)
(1.28123 -0.187401 5.00797e-18)
(1.27944 -0.197333 3.83194e-19)
(1.2782 -0.206587 -4.14962e-20)
(1.28121 -0.166098 -2.82638e-18)
(1.27974 -0.179128 5.39776e-18)
(1.27732 -0.186132 5.70612e-18)
(1.27534 -0.19629 -4.26964e-18)
(1.27389 -0.205775 -1.0027e-18)
(1.27746 -0.164223 -4.28728e-18)
(1.27587 -0.177584 2.76243e-18)
(1.27329 -0.184754 4.51283e-18)
(1.27112 -0.195126 -3.57028e-18)
(1.26946 -0.204831 1.45587e-18)
(1.27358 -0.162258 -1.71839e-18)
(1.27188 -0.175948 4.03007e-18)
(1.26914 -0.183274 6.71898e-18)
(1.26678 -0.193854 -1.16048e-18)
(1.2649 -0.203767 -4.01713e-19)
(1.26957 -0.160201 2.48404e-19)
(1.26778 -0.174223 4.08407e-18)
(1.26489 -0.181689 7.75176e-18)
(1.26233 -0.192461 -2.30384e-18)
(1.26023 -0.202569 -1.26721e-18)
(1.26541 -0.158057 3.06333e-18)
(1.26355 -0.172416 4.39763e-18)
(1.26052 -0.179999 9.78549e-18)
(1.25776 -0.190947 1.91884e-18)
(1.25543 -0.201232 -3.00001e-18)
(1.25368 -0.21248 6.83105e-18)
(1.26106 -0.155822 2.45388e-18)
(1.2591 -0.170531 4.27746e-18)
(1.25594 -0.178204 1.16841e-17)
(1.25298 -0.189309 6.44198e-18)
(1.25045 -0.199758 8.18247e-19)
(1.24848 -0.211172 8.32081e-18)
(1.08404 -0.0474331 -4.95827e-17)
(1.10719 -0.0808361 -2.65775e-17)
(1.14814 -0.0904778 3.90036e-17)
(1.18252 -0.117771 3.34092e-18)
(1.08068 -0.0564204 -3.37898e-18)
(1.10216 -0.0971572 5.40442e-18)
(1.14443 -0.104635 -1.07301e-17)
(1.17672 -0.138039 -2.53703e-17)
(1.07622 -0.0608068 5.33281e-18)
(1.09548 -0.106045 2.58306e-17)
(1.13915 -0.111953 -7.91254e-17)
(1.16944 -0.149423 -3.72236e-17)
(1.07085 -0.0658683 2.46684e-17)
(1.08779 -0.117377 6.40585e-18)
(1.13305 -0.120923 2.77891e-18)
(1.16108 -0.164093 -9.29778e-18)
(1.06477 -0.0703552 1.68743e-17)
(1.07938 -0.128424 -6.08023e-18)
(1.12626 -0.129263 2.35532e-17)
(1.15204 -0.179176 2.01744e-17)
)
;

boundaryField
{
    inlet
    {
        type            uniformFixedValue;
        uniformValue    constant (1 0 0);
        value           nonuniform 0();
    }
    outlet
    {
        type            pressureInletOutletVelocity;
        value           nonuniform 0();
    }
    polygon
    {
        type            fixedValue;
        value           nonuniform 0();
    }
    top
    {
        type            symmetryPlane;
    }
    bottom
    {
        type            symmetryPlane;
    }
    outside
    {
        type            zeroGradient;
    }
    procBoundary1to0
    {
        type            processor;
        value           nonuniform List<vector> 5((1.05827 -0.0516061 4.94426e-17) (1.05511 -0.0615768 1.81311e-17) (1.05076 -0.0668947 2.17829e-17) (1.04567 -0.0733929 7.8411e-17) (1.04004 -0.0794779 3.05131e-17));
    }
    procBoundary1to2
    {
        type            processor;
        value           nonuniform List<vector> 5((1.30137 -0.175454 1.28886e-18) (1.30112 -0.186337 1.24516e-18) (1.29954 -0.192235 6.2773e-19) (1.29877 -0.200716 -2.9385e-19) (1.29843 -0.208577 2.97719e-18));
    }
    procBoundary1to9
    {
        type            processor;
        value           nonuniform List<vector> 
26
(
(1.24166 -0.221808 1.37245e-17)
(1.23552 -0.22268 2.16752e-17)
(1.22925 -0.222609 1.1475e-17)
(1.22513 -0.209086 7.56944e-18)
(1.22513 -0.209086 7.56944e-18)
(1.21878 -0.208456 1.42219e-17)
(1.21236 -0.207708 1.36629e-17)
(1.20596 -0.206793 1.54076e-17)
(1.19942 -0.205748 1.66982e-17)
(1.19211 -0.204566 -2.51771e-19)
(1.18346 -0.203161 1.21663e-17)
(1.29036 -0.217896 8.12003e-18)
(1.2863 -0.217469 9.85308e-18)
(1.28206 -0.217217 9.56523e-18)
(1.27769 -0.216735 7.07626e-18)
(1.27316 -0.216176 6.55656e-18)
(1.26849 -0.215469 8.15403e-18)
(1.26368 -0.214629 9.40537e-18)
(1.25875 -0.213636 1.06949e-17)
(1.25875 -0.213636 1.06949e-17)
(1.25257 -0.224153 1.21155e-17)
(1.24714 -0.223033 1.02313e-17)
(1.05805 -0.0742982 1.17298e-17)
(1.07027 -0.13945 -1.65887e-17)
(1.11884 -0.137239 9.54404e-17)
(1.14216 -0.194996 4.02368e-17)
)
;
    }
}


// ************************************************************************* //
