/*--------------------------------*- C++ -*----------------------------------*\
  =========                 |
  \\      /  F ield         | OpenFOAM: The Open Source CFD Toolbox
   \\    /   O peration     | Website:  https://openfoam.org
    \\  /    A nd           | Version:  7
     \\/     M anipulation  |
\*---------------------------------------------------------------------------*/
FoamFile
{
    version     2.0;
    format      ascii;
    class       surfaceScalarField;
    location    "70";
    object      phi;
}
// * * * * * * * * * * * * * * * * * * * * * * * * * * * * * * * * * * * * * //

dimensions      [0 3 -1 0 0 0 0];

internalField   nonuniform List<scalar> 
321
(
0.0003986
-7.64941e-06
0.000396617
-9.629e-06
0.000394336
-1.19891e-05
0.000391714
-1.47971e-05
0.000388696
-1.81148e-05
0.000385223
-2.20533e-05
0.000381222
-2.66908e-05
0.000376606
-3.22267e-05
0.000371277
-3.87428e-05
0.000365101
-4.6633e-05
0.00035794
-5.59241e-05
-6.74605e-05
0.000411958
-1.03392e-06
0.000411267
-1.38264e-06
0.000410467
-1.91213e-06
0.000409535
-2.63329e-06
0.000408446
-3.56534e-06
0.000407172
-4.73131e-06
0.000405683
-6.16039e-06
0.000403944
-7.88989e-06
0.000401915
-9.96051e-06
0.000399551
-1.24329e-05
0.000396798
-1.53623e-05
0.000393594
-1.88488e-05
0.000389865
-2.29621e-05
0.000385521
-2.78823e-05
0.00038046
-3.36815e-05
0.000374543
-4.07166e-05
0.000367628
-4.90085e-05
-5.93241e-05
0.000417081
-5.88788e-07
0.000416558
-8.59906e-07
0.000415935
-1.28922e-06
0.000415188
-1.88642e-06
0.000414292
-2.66929e-06
0.000413219
-3.6583e-06
0.000411938
-4.87977e-06
0.000410415
-6.36648e-06
0.000408609
-8.15444e-06
0.000406473
-1.02974e-05
0.000403955
-1.28439e-05
0.000400989
-1.58826e-05
0.000397501
-1.94745e-05
0.000393398
-2.37792e-05
0.000388576
-2.88591e-05
0.000382891
-3.50316e-05
0.000376195
-4.23124e-05
-5.13846e-05
0.000421535
-2.82454e-07
0.000421159
-4.83525e-07
0.00042069
-8.19972e-07
0.000420104
-1.30039e-06
0.000419375
-1.94109e-06
0.000418477
-2.76002e-06
0.000417378
-3.78064e-06
0.000416043
-5.03104e-06
0.000414431
-6.54252e-06
0.000412495
-8.36163e-06
0.000410181
-1.05303e-05
0.000407424
-1.31252e-05
0.000404148
-1.61983e-05
0.000400257
-1.98882e-05
0.000395645
-2.42474e-05
0.000390165
-2.95515e-05
0.000383664
-3.58118e-05
-4.36221e-05
0.000425334
-9.42405e-08
0.000425082
-2.31622e-07
0.000424743
-4.81599e-07
0.000424294
-8.51408e-07
0.000423709
-1.35604e-06
0.00042296
-2.0109e-06
0.000422016
-2.83658e-06
0.000420841
-3.85638e-06
0.000419396
-5.09683e-06
0.000417631
-6.59719e-06
0.000415493
-8.39257e-06
0.000412916
-1.05473e-05
0.000409822
-1.31046e-05
0.000406114
-1.61806e-05
0.000401686
-1.98186e-05
0.000396384
-2.42503e-05
0.000390056
-2.94833e-05
-3.60175e-05
0.000428484
-3.51013e-09
0.000428335
-8.32574e-08
0.000428106
-2.51793e-07
0.00042777
-5.16267e-07
0.000427304
-8.90028e-07
0.000426679
-1.38591e-06
0.000425865
-2.02174e-06
0.000424824
-2.81588e-06
0.000423517
-3.79006e-06
0.000421896
-4.97615e-06
0.000419906
-6.40237e-06
0.000417479
-8.12044e-06
0.000414539
-1.01647e-05
0.000410987
-1.26286e-05
0.000406714
-1.55457e-05
0.000401567
-1.91025e-05
0.000395387
-2.33037e-05
-2.85519e-05
0.000430995
8.72761e-09
0.000430928
-1.66303e-08
0.000430785
-1.08778e-07
0.000430541
-2.7222e-07
0.000430171
-5.19322e-07
0.000429645
-8.60427e-07
0.000428934
-1.31068e-06
0.000428002
-1.88333e-06
0.000426807
-2.59533e-06
0.000425302
-3.47104e-06
0.000423431
-4.53182e-06
0.000421127
-5.81655e-06
0.000418313
-7.35076e-06
0.000414889
-9.20432e-06
0.000410745
-1.14018e-05
0.000405726
-1.40831e-05
0.000399672
-1.72504e-05
-2.12063e-05
0.000432871
-3.71139e-08
0.000432867
-1.24067e-08
0.000432789
-3.07772e-08
0.000432613
-9.6473e-08
0.000432314
-2.20448e-07
0.000431864
-4.10444e-07
0.000431232
-6.78371e-07
0.000430382
-1.03302e-06
0.000429273
-1.48623e-06
0.000427857
-2.05491e-06
0.000426078
-2.75351e-06
0.00042387
-3.60797e-06
0.000421154
-4.63496e-06
0.00041783
-5.88066e-06
0.000413789
-7.36057e-06
0.000408873
-9.16725e-06
0.000402923
-1.13007e-05
-1.39621e-05
0.00043412
-1.21936e-07
0.000434157
-4.98533e-08
0.000434123
3.56118e-09
0.000433994
3.24505e-08
0.000433744
2.94746e-08
0.000433345
-1.08899e-08
0.000432767
-1.0037e-07
0.000431973
-2.39378e-07
0.000430923
-4.36482e-07
0.000429569
-7.00867e-07
0.000427856
-1.04011e-06
0.000425715
-1.46711e-06
0.00042307
-1.98978e-06
0.00041982
-2.63037e-06
0.000415854
-3.39547e-06
0.000411017
-4.32992e-06
0.000405148
-5.43195e-06
-6.80037e-06
0.00043474
0.000434799
0.000434788
0.000434683
0.000434459
0.000434088
0.000433539
0.000432776
0.000431759
0.000430441
0.000428765
0.000426664
0.000424062
0.000420858
0.000416942
0.000412159
0.000406348
0.000399249
)
;

boundaryField
{
    inlet
    {
        type            calculated;
        value           nonuniform 0();
    }
    outlet
    {
        type            calculated;
        value           nonuniform 0();
    }
    polygon
    {
        type            calculated;
        value           nonuniform 0();
    }
    top
    {
        type            symmetryPlane;
        value           uniform 0;
    }
    bottom
    {
        type            symmetryPlane;
        value           uniform 0;
    }
    outside
    {
        type            calculated;
        value           nonuniform 0();
    }
    procBoundary35to27
    {
        type            processor;
        value           nonuniform List<scalar> 
19
(
-2.26455e-07
-1.08656e-07
1.43663e-08
1.37843e-07
2.53994e-07
3.59362e-07
4.48941e-07
5.23351e-07
5.8028e-07
6.17988e-07
6.35729e-07
6.33586e-07
6.12409e-07
5.73784e-07
5.19971e-07
4.53837e-07
3.7867e-07
2.98138e-07
2.15894e-07
)
;
    }
    procBoundary35to34
    {
        type            processor;
        value           nonuniform List<scalar> 
11
(
0.000349584
0.000359491
0.000368255
0.000375902
0.000382451
0.000387921
0.000392327
0.000395679
0.000397987
8.40522e-06
0.000390628
)
;
    }
    procBoundary35to36
    {
        type            processor;
        value           nonuniform List<scalar> 9(-0.000412563 -0.000417526 -0.000421842 -0.000425522 -0.000428574 -0.000431007 -0.000432825 -0.000434035 -0.000434636);
    }
    procBoundary35to43
    {
        type            processor;
        value           nonuniform List<scalar> 
19
(
1.63913e-06
2.07395e-06
2.71193e-06
3.56518e-06
4.6544e-06
-0.000400325
6.00513e-06
9.37444e-06
1.16122e-05
1.42695e-05
1.742e-05
2.1132e-05
2.55269e-05
3.06913e-05
3.68427e-05
4.40726e-05
5.28088e-05
6.30848e-05
7.5816e-05
)
;
    }
}


// ************************************************************************* //
