/*--------------------------------*- C++ -*----------------------------------*\
  =========                 |
  \\      /  F ield         | OpenFOAM: The Open Source CFD Toolbox
   \\    /   O peration     | Website:  https://openfoam.org
    \\  /    A nd           | Version:  7
     \\/     M anipulation  |
\*---------------------------------------------------------------------------*/
FoamFile
{
    version     2.0;
    format      ascii;
    class       volVectorField;
    location    "50";
    object      U;
}
// * * * * * * * * * * * * * * * * * * * * * * * * * * * * * * * * * * * * * //

dimensions      [0 1 -1 0 0 0 0];

internalField   nonuniform List<vector> 
125
(
(-0.212475 0.00127282 -1.54419e-18)
(-0.211757 0.00089535 4.41068e-20)
(-0.211158 0.000607188 8.83805e-19)
(-0.210641 0.000392897 3.50913e-19)
(-0.210179 0.0002381 8.69227e-19)
(-0.209749 0.000131083 5.84396e-19)
(-0.209332 6.52664e-05 -2.93575e-18)
(-0.208916 2.63214e-05 -5.9357e-19)
(-0.208491 6.94434e-06 2.23429e-19)
(-0.208048 5.27373e-06 -2.93964e-18)
(-0.207579 1.8324e-05 -1.86425e-19)
(-0.207079 4.4576e-05 1.02957e-18)
(-0.20654 8.00309e-05 1.318e-18)
(-0.223175 0.00345261 5.3369e-19)
(-0.221409 0.0026765 -4.488e-19)
(-0.220015 0.00202765 1.35238e-18)
(-0.218926 0.00149555 4.11057e-18)
(-0.218079 0.00106796 -2.03174e-18)
(-0.21742 0.000731612 6.71738e-19)
(-0.216904 0.000473023 2.68147e-18)
(-0.216493 0.000279189 7.30982e-19)
(-0.216154 0.00013804 6.39384e-19)
(-0.215861 4.10581e-05 8.75728e-19)
(-0.215597 -2.63494e-05 -6.91058e-18)
(-0.215349 -7.05333e-05 -7.55726e-19)
(-0.215102 -9.58197e-05 7.73365e-20)
(-0.214846 -0.000103772 -4.14137e-18)
(-0.214575 -9.77112e-05 5.09203e-19)
(-0.214283 -7.96266e-05 1.02209e-18)
(-0.213965 -5.33461e-05 2.23936e-18)
(-0.227887 0.00288475 5.69932e-19)
(-0.226061 0.00223215 -1.61749e-18)
(-0.224637 0.00168484 8.28342e-19)
(-0.223544 0.00123436 2.43912e-18)
(-0.222718 0.0008708 -1.43075e-18)
(-0.222104 0.000583344 2.07911e-18)
(-0.221652 0.000360927 2.377e-18)
(-0.221322 0.000192661 9.61547e-19)
(-0.22108 6.84785e-05 7.15954e-19)
(-0.220901 -1.82136e-05 1.34228e-18)
(-0.220763 -8.49141e-05 -6.53525e-18)
(-0.220648 -0.000128056 6.03357e-20)
(-0.220544 -0.000152391 -1.22198e-19)
(-0.220441 -0.000163687 -2.5376e-18)
(-0.220332 -0.000164696 2.27997e-18)
(-0.220209 -0.000156641 1.62479e-18)
(-0.220067 -0.000138203 4.19729e-18)
(-0.231653 0.0022856 6.56999e-19)
(-0.229775 0.00176613 -3.6159e-18)
(-0.228322 0.00132959 1.21901e-18)
(-0.227222 0.000969471 1.74011e-18)
(-0.22641 0.00067811 -2.15059e-18)
(-0.225826 0.000447164 1.87653e-18)
(-0.225423 0.000268097 2.93307e-18)
(-0.225156 0.000132521 1.24974e-18)
(-0.224989 3.28475e-05 1.16016e-18)
(-0.224896 -4.3356e-05 2.11203e-18)
(-0.224854 -9.79634e-05 -5.84363e-18)
(-0.224845 -0.000134191 -2.13953e-18)
(-0.224854 -0.000156908 -5.63722e-19)
(-0.224871 -0.000168635 -2.44288e-18)
(-0.224888 -0.00017135 5.9466e-19)
(-0.224899 -0.00016663 3.01999e-18)
(-0.224897 -0.000155739 2.30969e-18)
(-0.234475 0.00165871 1.02983e-18)
(-0.232555 0.00128008 -2.50818e-18)
(-0.231078 0.000961298 4.18955e-19)
(-0.22997 0.000697636 -1.18793e-18)
(-0.229165 0.000483617 -1.30623e-18)
(-0.228603 0.000313292 -1.395e-20)
(-0.228232 0.000180586 1.28667e-18)
(-0.228009 7.93782e-05 1.60528e-18)
(-0.227899 4.22845e-06 2.13235e-18)
(-0.227871 -5.39734e-05 -3.37548e-19)
(-0.2279 -9.60989e-05 -4.60977e-18)
(-0.227967 -0.000124901 -4.27578e-18)
(-0.228059 -0.000143242 -9.15791e-19)
(-0.228165 -0.000153692 -3.62723e-18)
(-0.228276 -0.000157939 -1.79089e-19)
(-0.228385 -0.000156881 6.86526e-19)
(-0.228485 -0.000150475 1.16444e-18)
(-0.236352 0.00100898 2.06037e-18)
(-0.234404 0.000778897 -2.04212e-19)
(-0.232909 0.000585557 3.02378e-19)
(-0.231795 0.000425848 -1.98562e-18)
(-0.230994 0.000296347 -9.03787e-19)
(-0.230446 0.000193402 -1.69081e-18)
(-0.230098 0.000113283 4.17815e-19)
(-0.229905 5.21774e-05 2.61777e-18)
(-0.22983 7.83762e-06 3.79077e-18)
(-0.229843 -2.97206e-05 4.5472e-19)
(-0.229918 -5.55937e-05 -1.82072e-18)
(-0.230036 -7.32667e-05 -3.45826e-18)
(-0.230184 -8.47572e-05 -8.98774e-19)
(-0.230348 -9.13456e-05 -1.7686e-18)
(-0.230521 -9.39548e-05 -2.31143e-19)
(-0.230694 -9.3316e-05 -1.13263e-18)
(-0.230863 -8.98784e-05 6.43622e-19)
(-0.237287 0.00033145 1.33058e-18)
(-0.235324 0.000251626 1.52623e-18)
(-0.233821 0.000184796 4.29255e-19)
(-0.232703 0.000129794 -1.17955e-18)
(-0.231904 8.54138e-05 -4.59281e-19)
(-0.231362 5.04258e-05 -8.50255e-19)
(-0.231024 2.36846e-05 2.89233e-19)
(-0.230845 4.28135e-06 1.50119e-18)
(-0.23079 -8.16191e-06 3.2271e-18)
(-0.230825 -2.38568e-05 4.80373e-19)
(-0.230923 -3.52031e-05 -4.00369e-19)
(-0.231066 -4.31013e-05 2.38245e-19)
(-0.23124 -4.84126e-05 -4.59336e-19)
(-0.231434 -5.18291e-05 -7.19699e-19)
(-0.231637 -5.38057e-05 -1.56918e-19)
(-0.231843 -5.45458e-05 2.1389e-18)
(-0.232045 -5.39954e-05 6.52306e-19)
(-0.237287 -0.000331193 1.20808e-18)
(-0.235324 -0.000251396 1.07654e-18)
(-0.233821 -0.000184597 3.5584e-19)
(-0.232703 -0.00012963 -1.14987e-18)
(-0.231904 -8.52875e-05 -2.8841e-20)
(-0.231362 -5.03392e-05 -3.24656e-19)
(-0.231024 -2.36394e-05 6.02583e-19)
(-0.230845 -4.2795e-06 1.23942e-18)
(-0.23079 8.11843e-06 5.38901e-19)
(-0.230825 2.37745e-05 7.11147e-21)
)
;

boundaryField
{
    inlet
    {
        type            uniformFixedValue;
        uniformValue    constant (1 0 0);
        value           nonuniform 0();
    }
    outlet
    {
        type            pressureInletOutletVelocity;
        value           nonuniform 0();
    }
    polygon
    {
        type            fixedValue;
        value           nonuniform 0();
    }
    top
    {
        type            symmetryPlane;
    }
    bottom
    {
        type            symmetryPlane;
    }
    outside
    {
        type            zeroGradient;
    }
    procBoundary36to28
    {
        type            processor;
        value           nonuniform List<vector> 
18
(
(-0.230923 3.50825e-05 7.56964e-19)
(-0.231066 4.29454e-05 -2.84577e-19)
(-0.23124 4.82238e-05 -4.65849e-19)
(-0.231434 5.16126e-05 1.84382e-20)
(-0.231637 5.35667e-05 -1.42749e-21)
(-0.231843 5.42908e-05 1.11763e-18)
(-0.232045 5.37253e-05 4.25958e-19)
(-0.236352 -0.00100872 -8.38469e-19)
(-0.234404 -0.00077867 1.08573e-18)
(-0.232909 -0.000585362 1.10946e-19)
(-0.231795 -0.000425687 -1.68548e-18)
(-0.230994 -0.000296226 5.55483e-19)
(-0.230446 -0.00019332 5.03934e-20)
(-0.230098 -0.000113243 1.29214e-18)
(-0.229905 -5.21785e-05 1.53678e-18)
(-0.22983 -7.88031e-06 -2.25142e-18)
(-0.230923 3.50825e-05 7.56964e-19)
(-0.229843 2.963e-05 -4.27611e-19)
)
;
    }
    procBoundary36to29
    {
        type            processor;
        value           uniform (-0.23979 -0.000425341 1.85911e-19);
    }
    procBoundary36to35
    {
        type            processor;
        value           nonuniform List<vector> 7((-0.205959 0.000123834 9.97438e-19) (-0.213613 -1.84692e-05 9.21228e-19) (-0.219899 -0.0001094 1.05721e-18) (-0.224876 -0.000139125 7.48995e-19) (-0.228571 -0.000138829 4.41102e-19) (-0.231021 -8.38535e-05 9.62221e-21) (-0.232238 -5.21396e-05 -4.2808e-19));
    }
    procBoundary36to37
    {
        type            processor;
        value           nonuniform List<vector> 6((-0.225389 0.00436399 1.60571e-18) (-0.23019 0.00364902 6.85051e-19) (-0.234033 0.00289294 -3.37369e-20) (-0.236914 0.00210104 -8.42772e-19) (-0.238832 0.0012789 6.80988e-19) (-0.23979 0.000425621 3.02986e-19));
    }
    procBoundary36to44
    {
        type            processor;
        value           nonuniform List<vector> 
18
(
(-0.205889 0.00149159 -2.17598e-18)
(-0.205091 0.00108168 -2.30349e-19)
(-0.204385 0.000771604 -3.55027e-19)
(-0.203739 0.000543832 4.50912e-20)
(-0.203126 0.000382421 1.40568e-18)
(-0.202526 0.00027396 3.88579e-19)
(-0.201923 0.00020566 -8.54597e-19)
(-0.201308 0.000169768 -2.1199e-19)
(-0.200669 0.000159349 6.68729e-19)
(-0.2 0.000167372 -3.45893e-18)
(-0.199293 0.00019007 -4.08986e-19)
(-0.198544 0.00022573 1.79031e-18)
(-0.197746 0.000275928 1.11789e-18)
(-0.217519 0.00398787 4.20922e-19)
(-0.215815 0.00309948 4.80049e-19)
(-0.214449 0.00235964 9.14704e-20)
(-0.213355 0.00175564 1.86849e-18)
(-0.213355 0.00175564 1.86849e-18)
)
;
    }
}


// ************************************************************************* //
