/*--------------------------------*- C++ -*----------------------------------*\
  =========                 |
  \\      /  F ield         | OpenFOAM: The Open Source CFD Toolbox
   \\    /   O peration     | Website:  https://openfoam.org
    \\  /    A nd           | Version:  7
     \\/     M anipulation  |
\*---------------------------------------------------------------------------*/
FoamFile
{
    version     2.0;
    format      ascii;
    class       volVectorField;
    location    "12";
    object      U;
}
// * * * * * * * * * * * * * * * * * * * * * * * * * * * * * * * * * * * * * //

dimensions      [0 1 -1 0 0 0 0];

internalField   nonuniform List<vector> 
175
(
(1.00927 0.00484751 4.96936e-19)
(0.972957 0.00358584 -4.67936e-18)
(1.00636 0.00848509 -9.19515e-19)
(0.957718 0.0091326 4.5171e-19)
(0.997086 0.0159176 -1.81584e-19)
(0.930241 0.0222876 6.58796e-19)
(0.972977 0.0328853 5.8416e-18)
(0.876886 0.0563343 -5.0695e-18)
(0.915324 0.0790395 1.34743e-17)
(0.766163 0.163619 -1.3339e-17)
(1.00557 0.00057454 9.79516e-19)
(0.99347 -0.000649635 -3.08016e-18)
(1.00699 0.00138917 -2.03795e-18)
(0.99089 -0.000462714 -1.06871e-18)
(1.00848 0.00200985 -3.52417e-19)
(0.987275 -1.23677e-05 -3.36518e-18)
(1.00974 0.00322073 1.68029e-18)
(0.981596 0.00120384 -1.34652e-17)
(1.01008 0.00537678 6.73241e-19)
(0.972382 0.00403141 -1.06621e-17)
(1.0078 0.00942467 -2.33689e-18)
(0.956838 0.0101401 -1.7386e-18)
(0.999745 0.0177088 2.59082e-18)
(0.928975 0.0245206 -8.37612e-20)
(0.978413 0.0366155 -1.22281e-18)
(0.875736 0.0613089 -2.74805e-18)
(0.929357 0.0877841 3.84162e-18)
(1.00561 0.000584306 2.16984e-18)
(0.993438 -0.000530796 -9.6095e-18)
(1.00713 0.00134055 -2.30265e-18)
(0.990773 -0.000199069 -1.5719e-18)
(1.0088 0.00197128 1.96417e-18)
(0.987092 0.000498015 -1.04457e-17)
(1.01036 0.00329402 -1.60123e-19)
(0.981285 0.00206103 -7.8811e-18)
(1.01127 0.00567798 1.02612e-17)
(0.97193 0.00558641 -1.82484e-18)
(1.01007 0.0102507 -4.10398e-19)
(0.956302 0.0129793 -5.05683e-18)
(1.0041 0.0197463 1.74615e-17)
(0.928747 0.0298603 -7.11074e-18)
(0.987294 0.0413392 -2.29924e-17)
(0.87821 0.0711249 -4.93841e-18)
(0.94939 0.0970223 -7.81089e-18)
(1.00554 0.000617454 7.95028e-19)
(0.993537 -0.000493004 -1.65928e-18)
(1.00711 0.00138204 -8.20919e-19)
(0.990861 -8.16182e-05 -7.56615e-19)
(1.00889 0.00206159 8.73148e-19)
(0.987209 0.000712231 -3.07007e-18)
(1.01067 0.00351814 3.00809e-18)
(0.981472 0.00255723 -1.4126e-17)
(1.012 0.00620433 1.41619e-18)
(0.972291 0.00661613 -1.2507e-17)
(1.01163 0.0113717 -2.95816e-18)
(0.957171 0.0149948 -3.22434e-18)
(1.00734 0.0221095 3.52768e-18)
(0.931171 0.0338453 -9.01655e-19)
(0.994023 0.0461402 -2.1502e-18)
(0.886278 0.0787568 -3.53174e-19)
(0.963733 0.104713 -5.20346e-18)
(1.00535 0.000635521 2.59229e-19)
(0.993798 -0.000434032 -4.6304e-19)
(1.0069 0.00140632 1.56679e-20)
(0.991206 7.18463e-05 -3.19666e-19)
(1.00869 0.00212503 4.81014e-19)
(0.987722 0.00101279 -1.59955e-18)
(1.01054 0.00372727 3.82581e-18)
(0.982273 0.00307874 -1.38125e-17)
(1.01207 0.00667686 1.93372e-18)
(0.973651 0.00760626 -1.24421e-17)
(1.01218 0.0123703 -3.58994e-18)
(0.95972 0.016853 -3.32954e-18)
(1.00894 0.0241663 3.20077e-18)
(0.936563 0.0374233 -2.99848e-18)
(0.997852 0.0499881 1.7991e-17)
(0.89963 0.0854144 3.97433e-18)
(0.972487 0.109273 2.98865e-19)
(1.00502 0.000642882 -5.57168e-20)
(0.994231 -0.000376799 -1.46525e-19)
(1.00649 0.00142227 -1.19274e-19)
(0.991818 0.000189648 2.85161e-20)
(1.0082 0.00216865 2.91655e-19)
(0.98864 0.00125409 -1.07077e-18)
(1.00996 0.00388246 2.86046e-18)
(0.983708 0.0035492 -7.14497e-18)
(1.01147 0.00705658 1.02677e-17)
(0.976018 0.00852454 -1.88456e-18)
(1.01169 0.0131725 -6.95984e-19)
(0.963896 0.0185822 -4.56361e-18)
(1.0089 0.0257599 1.42151e-17)
(0.94459 0.0407422 1.2999e-18)
(0.999097 0.0526231 6.87753e-18)
(0.916733 0.0913944 2.24988e-19)
(0.977526 0.110829 2.19335e-17)
(1.00458 0.000633267 1.57758e-19)
(0.994819 -0.000308302 -4.84013e-20)
(1.00591 0.00141349 -3.53022e-19)
(0.992668 0.000328495 -6.6468e-20)
(1.00744 0.00217609 1.26796e-19)
(0.989911 0.00150822 -1.32658e-18)
(1.00899 0.00397286 3.53622e-18)
(0.985682 0.00401352 -1.25005e-17)
(1.01029 0.00730918 3.28053e-18)
(0.979215 0.00940994 -9.94324e-18)
(1.01036 0.0137196 -2.07979e-18)
(0.969334 0.0202225 -3.39034e-18)
(1.00766 0.0268101 5.20308e-18)
(0.954412 0.043827 -1.19752e-18)
(0.998746 0.0540441 1.49144e-17)
(0.935528 0.0966195 1.62602e-17)
(0.981238 0.110186 1.34909e-17)
(1.00405 0.000602943 1.98181e-19)
(0.995519 -0.000223038 -4.85836e-19)
(1.0052 0.00137448 -3.37727e-19)
(0.993688 0.000480059 -3.7734e-19)
(1.00649 0.00213101 5.05243e-19)
(0.99143 0.00178095 -1.39239e-18)
(1.00776 0.00397428 2.37982e-18)
(0.988017 0.00449173 -6.97234e-18)
(1.00875 0.00740181 1.01639e-17)
(0.982934 0.0102907 -9.47388e-19)
(1.00855 0.0139703 -3.27469e-20)
(0.975474 0.0218019 -4.02829e-18)
(1.00586 0.0272891 1.31507e-17)
(0.964961 0.0466687 2.18749e-18)
(0.998049 0.054378 3.88529e-18)
(0.954035 0.100927 1.29894e-18)
(0.985747 0.108091 1.9458e-17)
(1.00347 0.000550305 5.10125e-19)
(0.996276 -0.000118361 -1.76419e-18)
(1.00441 0.00129956 -9.52424e-19)
(0.994793 0.000652464 -5.91646e-19)
(1.00545 0.00202923 1.05524e-18)
(0.993061 0.00207544 -2.80592e-18)
(1.00642 0.00387803 2.46047e-18)
(0.990499 0.00498709 -1.28482e-17)
(1.00709 0.00732524 2.88808e-18)
(0.986821 0.0111654 -9.35847e-18)
(1.00668 0.0139244 -2.06803e-18)
(0.98172 0.0232988 -2.97348e-18)
(1.00421 0.027242 4.46512e-18)
(0.975244 0.0491789 1.39354e-18)
(0.998104 0.0538523 -9.46144e-19)
(0.970827 0.104081 -1.21963e-18)
(0.992253 0.10529 4.34993e-18)
(1.00289 0.000476148 2.06693e-18)
(0.997034 4.62686e-06 -9.4655e-18)
(1.00363 0.00118887 -2.05267e-18)
(0.995895 0.000844299 -1.04463e-18)
(1.00442 0.00187179 2.40669e-18)
(0.994673 0.00238772 -1.00673e-17)
(1.00513 0.00368839 -2.03682e-19)
(0.992922 0.00548979 -7.34135e-18)
(1.00557 0.00709096 9.61468e-18)
(0.990555 0.0120094 -6.1021e-19)
(1.00512 0.0136146 1.78676e-19)
(0.987583 0.0246549 -3.28272e-18)
(1.00323 0.0267618 1.25151e-17)
(0.984564 0.0512254 -3.80476e-18)
(0.999572 0.0527259 -1.23828e-17)
(0.985247 0.105857 -3.36771e-18)
(1.00084 0.102401 -9.54761e-19)
(1.00233 0.00038342 1.90997e-18)
(0.997742 0.000142009 -1.60629e-18)
(1.0029 0.00104649 7.35772e-19)
(0.996921 0.0010493 2.14545e-19)
(1.00349 0.00166583 1.20339e-18)
(0.996159 0.00270657 -2.13465e-18)
(1.00402 0.00341843 1.87885e-18)
(0.995129 0.00597984 -1.05094e-17)
(1.00435 0.00672381 2.92033e-18)
(0.993913 0.0127844 -6.75623e-18)
(1.00409 0.0130917 -1.43532e-18)
(0.992758 0.0257978 -9.71208e-19)
)
;

boundaryField
{
    inlet
    {
        type            uniformFixedValue;
        uniformValue    constant (1 0 0);
        value           uniform (1 0 0);
    }
    outlet
    {
        type            pressureInletOutletVelocity;
        value           nonuniform 0();
    }
    polygon
    {
        type            fixedValue;
        value           nonuniform 0();
    }
    top
    {
        type            symmetryPlane;
    }
    bottom
    {
        type            symmetryPlane;
    }
    outside
    {
        type            zeroGradient;
    }
    procBoundary48to33
    {
        type            processor;
        value           nonuniform List<vector> 7((0.792581 0.245741 -3.62507e-17) (0.771685 0.174915 4.80658e-18) (0.771685 0.174915 4.80658e-18) (0.792527 0.189838 3.3521e-17) (0.823233 0.20183 1.24358e-17) (0.859535 0.210785 9.76496e-18) (0.896412 0.217075 1.03918e-17));
    }
    procBoundary48to40
    {
        type            processor;
        value           nonuniform List<vector> 
19
(
(1.009 0.00459285 -2.23993e-18)
(0.973163 0.00342533 -3.39556e-18)
(1.0059 0.00802132 -1.39719e-19)
(0.958045 0.00870089 1.2994e-18)
(0.996222 0.015004 -1.21648e-18)
(0.93074 0.0212077 1.29439e-18)
(0.97121 0.0309094 9.0725e-18)
(0.877459 0.0536299 -6.48702e-18)
(0.910747 0.0741937 1.82893e-17)
(0.764835 0.156455 -2.17266e-17)
(1.00552 0.000513043 3.17596e-19)
(0.993526 -0.000592999 -6.9878e-18)
(1.00687 0.00125476 -3.64365e-18)
(0.991028 -0.000443284 -1.50243e-18)
(1.00823 0.00181601 -4.02253e-18)
(0.987499 -3.89156e-05 -3.25984e-18)
(1.00929 0.00291114 -1.21672e-18)
(0.981955 0.00104057 -1.06767e-17)
(0.981955 0.00104057 -1.06767e-17)
)
;
    }
    procBoundary48to41
    {
        type            processor;
        value           nonuniform List<vector> 4((0.930438 0.220333 -3.79808e-18) (0.959599 0.220463 5.12247e-18) (0.983482 0.217263 3.95925e-18) (1.00282 0.211002 5.35329e-18));
    }
    procBoundary48to56
    {
        type            processor;
        value           nonuniform List<vector> 
18
(
(1.0032 0.025955 4.38741e-18)
(0.992593 0.0526856 1.70399e-18)
(1.0026 0.0512069 -3.40071e-18)
(0.997314 0.106183 -1.81564e-18)
(1.01092 0.0995374 -1.16412e-18)
(1.00183 0.000276621 8.4775e-18)
(0.998363 0.000287931 -4.4937e-19)
(1.00226 0.000879172 9.29088e-18)
(0.99782 0.00125828 2.42487e-18)
(1.00271 0.00142232 7.85615e-19)
(0.997449 0.00301666 -6.64615e-19)
(1.00314 0.00308616 -6.05645e-19)
(0.997032 0.00643248 3.31324e-18)
(1.00352 0.00625457 9.59265e-18)
(0.996782 0.0134486 9.1852e-18)
(1.00369 0.01241 1.64011e-19)
(1.0032 0.025955 4.38741e-18)
(0.997139 0.0266598 6.15463e-18)
)
;
    }
}


// ************************************************************************* //
