/*--------------------------------*- C++ -*----------------------------------*\
  =========                 |
  \\      /  F ield         | OpenFOAM: The Open Source CFD Toolbox
   \\    /   O peration     | Website:  https://openfoam.org
    \\  /    A nd           | Version:  7
     \\/     M anipulation  |
\*---------------------------------------------------------------------------*/
FoamFile
{
    version     2.0;
    format      ascii;
    class       volVectorField;
    location    "54";
    object      U;
}
// * * * * * * * * * * * * * * * * * * * * * * * * * * * * * * * * * * * * * //

dimensions      [0 1 -1 0 0 0 0];

internalField   nonuniform List<vector> 
125
(
(0.991529 0.00197604 -1.23289e-17)
(1.00737 0.00292381 3.99311e-17)
(0.988129 0.00461519 -1.24129e-16)
(1.00793 0.00559323 2.73716e-17)
(0.983003 0.0100092 -9.42307e-17)
(1.00696 0.0110184 -2.16549e-17)
(0.975206 0.021149 -2.85492e-17)
(1.00237 0.0221803 3.37585e-17)
(0.963864 0.0448809 -5.69891e-18)
(0.990457 0.0452989 9.34098e-17)
(0.950759 0.0981117 1.12867e-16)
(0.969179 0.0920774 8.62153e-17)
(1.00343 0.000352586 2.6392e-18)
(0.996366 0.000120934 -4.12407e-18)
(1.00429 0.00078352 -2.23096e-18)
(0.994948 0.000882343 -3.93199e-18)
(1.00518 0.00147722 3.91647e-18)
(0.993199 0.00231183 -1.142e-17)
(1.00592 0.00281254 2.5708e-17)
(0.990664 0.00519236 -6.61424e-17)
(1.00608 0.0055084 9.6454e-17)
(0.986936 0.0110255 -1.05256e-17)
(1.00475 0.011003 -4.9163e-18)
(0.98146 0.0229585 -3.75828e-17)
(1.00023 0.0222334 1.02655e-16)
(0.973988 0.0480179 2.18409e-17)
(0.990182 0.0450998 2.56048e-17)
(0.966714 0.102451 1.08258e-17)
(0.977407 0.0904475 1.31814e-16)
(1.00285 0.000268447 6.71023e-18)
(0.997116 0.000263036 -1.77668e-17)
(1.00351 0.000655598 -5.73674e-18)
(0.996026 0.00110431 -7.16392e-18)
(1.00416 0.00131434 8.74862e-18)
(0.994779 0.00266755 -2.45964e-17)
(1.00462 0.00261244 2.76237e-17)
(0.993017 0.00577992 -1.26751e-16)
(1.00454 0.00527893 2.6076e-17)
(0.990501 0.0120142 -9.22576e-17)
(1.00316 0.0107518 -2.0343e-17)
(0.986947 0.0246148 -2.90369e-17)
(0.999356 0.0219212 3.50638e-17)
(0.982474 0.0506016 1.08709e-17)
(0.992354 0.0444779 -6.19976e-18)
(0.979312 0.105023 -7.22057e-18)
(0.988683 0.0891576 2.54477e-17)
(1.00231 0.000166509 1.95647e-17)
(0.997793 0.000418785 -9.49054e-17)
(1.00281 0.000500567 -2.28422e-17)
(0.99699 0.00133706 -1.23347e-17)
(1.00327 0.00110777 2.4256e-17)
(0.99617 0.00302609 -1.00909e-16)
(1.00358 0.00234366 4.59927e-19)
(0.995055 0.00634658 -6.76998e-17)
(1.00344 0.00494221 9.70092e-17)
(0.993527 0.0129176 -8.21719e-18)
(1.00236 0.010336 -3.2765e-18)
(0.991497 0.0260135 -3.40223e-17)
(0.99982 0.0213787 1.16106e-16)
(0.989336 0.052478 -4.03907e-17)
(0.996507 0.0436376 -1.13727e-16)
(0.98939 0.105855 -2.74999e-17)
(1.00108 0.0879817 -2.81592e-17)
(1.00185 5.2394e-05 1.96687e-17)
(0.998368 0.000580927 -1.91662e-17)
(1.00222 0.000326669 1.28196e-17)
(0.997803 0.00156908 2.3223e-18)
(1.00257 0.000870926 1.34844e-17)
(0.997331 0.00336846 -2.31986e-17)
(1.00283 0.00202822 1.9422e-17)
(0.996738 0.00686097 -1.07619e-16)
(1.00281 0.00453464 2.67631e-17)
(0.996001 0.013685 -7.249e-17)
(1.0023 0.00981531 -1.84066e-17)
(0.995197 0.027079 -9.63618e-18)
(1.00134 0.0206977 4.5296e-17)
(0.994949 0.0535807 1.7009e-17)
(1.00182 0.0426896 -3.24723e-17)
(0.997962 0.105063 -1.61275e-17)
(1.01311 0.0866881 -1.7371e-17)
(1.00145 -6.86635e-05 8.78406e-17)
(0.998833 0.000741855 -8.04738e-18)
(1.00175 0.000142326 9.76441e-17)
(0.998461 0.00178932 2.48367e-17)
(1.00205 0.000616401 1.32134e-17)
(0.998266 0.00367773 -4.97601e-18)
(1.00235 0.00168507 -7.10651e-19)
(0.998094 0.00729794 3.515e-17)
(1.00258 0.00408427 9.57293e-17)
(0.998012 0.0142814 9.51483e-17)
(1.00278 0.00922913 -4.1019e-19)
(0.998265 0.0277727 7.17852e-17)
(1.00353 0.0199269 1.21822e-16)
(0.999778 0.0539065 6.11765e-17)
(1.0075 0.0417079 -9.07567e-17)
(1.00581 0.102822 -2.75615e-17)
(1.02407 0.0851345 -1.43221e-17)
(1.00114 -0.000191576 2.38236e-17)
(0.999196 0.000895124 -2.0058e-17)
(1.00138 -4.56965e-05 1.30672e-17)
(0.998977 0.00198863 2.12894e-18)
(1.00168 0.000354247 1.21788e-17)
(0.999008 0.00394133 -2.24152e-17)
(1.00208 0.0013279 1.68704e-17)
(0.999191 0.00764104 -1.07468e-16)
(1.00265 0.00360889 2.44062e-17)
(0.999685 0.0146891 -7.08003e-17)
(1.00361 0.00859771 -1.92766e-17)
(1.00092 0.0280881 -1.4997e-18)
(1.00602 0.0190802 4.26609e-17)
(1.00419 0.0535031 2.80337e-17)
(1.01305 0.0406431 -3.18508e-17)
(1.0133 0.0994502 -1.53521e-17)
(1.03387 0.0831711 -1.23775e-17)
(1.00088 -0.000311824 2.41783e-17)
(0.999471 0.00103584 -9.68541e-17)
(1.00111 -0.000231999 -2.1047e-17)
(0.999379 0.00216051 -8.43415e-18)
(1.00144 9.17942e-05 2.53498e-17)
(0.999599 0.00415144 -1.00461e-16)
(1.00198 0.000965282 -4.71228e-18)
(1.0001 0.00788176 -6.61193e-17)
(1.0029 0.00311799 9.45454e-17)
(1.00113 0.0149035 -5.19703e-18)
(1.00463 0.00792892 -2.85501e-18)
)
;

boundaryField
{
    inlet
    {
        type            uniformFixedValue;
        uniformValue    constant (1 0 0);
        value           uniform (1 0 0);
    }
    outlet
    {
        type            pressureInletOutletVelocity;
        value           nonuniform 0();
    }
    polygon
    {
        type            fixedValue;
        value           nonuniform 0();
    }
    top
    {
        type            symmetryPlane;
    }
    bottom
    {
        type            symmetryPlane;
    }
    outside
    {
        type            zeroGradient;
    }
    procBoundary48to40
    {
        type            processor;
        value           nonuniform List<vector> 
18
(
(0.989913 0.00167055 -1.10508e-17)
(1.00879 0.0029351 2.81389e-17)
(0.98564 0.00407009 -6.82916e-17)
(1.00982 0.00550771 9.24585e-17)
(0.97905 0.00901271 -1.53386e-17)
(1.00939 0.0107368 -7.23415e-18)
(0.968699 0.0192919 -3.66003e-17)
(1.00526 0.021612 1.01036e-16)
(0.952724 0.0414147 1.31037e-17)
(0.992809 0.0447285 4.32379e-17)
(0.931485 0.0922956 5.74259e-18)
(0.965449 0.0935799 1.17294e-16)
(1.00401 0.000414787 -1.45074e-18)
(0.99559 -1.87363e-06 -2.19249e-18)
(1.0051 0.000878187 -2.20959e-19)
(0.993824 0.000680521 -2.53315e-18)
(1.00628 0.00158511 3.73169e-18)
(1.00628 0.00158511 3.73169e-18)
)
;
    }
    procBoundary48to41
    {
        type            processor;
        value           nonuniform List<vector> 5((0.950861 0.222254 -4.05705e-17) (0.971615 0.219295 2.30721e-17) (0.987573 0.21251 3.611e-17) (1.00121 0.203597 1.05962e-16) (1.014 0.193645 3.04679e-17));
    }
    procBoundary48to49
    {
        type            processor;
        value           nonuniform List<vector> 2((1.02644 0.183186 9.3556e-18) (1.03845 0.172443 4.94883e-18));
    }
    procBoundary48to56
    {
        type            processor;
        value           nonuniform List<vector> 
18
(
(1.00332 0.0280363 -2.88194e-17)
(1.00859 0.0181618 1.16476e-16)
(1.00837 0.0524261 -3.14729e-17)
(1.01827 0.0393915 -1.11668e-16)
(1.02053 0.0952761 -2.7158e-17)
(1.04269 0.0807144 -3.10714e-17)
(1.00068 -0.000426612 2.15613e-17)
(0.999675 0.00116039 -1.64385e-17)
(1.0009 -0.000412455 1.0498e-17)
(0.999691 0.00230123 5.08353e-18)
(1.00128 -0.000167332 1.31528e-17)
(1.00008 0.0043038 -2.10868e-17)
(1.00199 0.000601927 1.69749e-17)
(1.00087 0.00801731 -1.06788e-16)
(1.00327 0.00261598 2.72286e-17)
(1.00242 0.0149284 -7.03045e-17)
(1.00332 0.0280363 -2.88194e-17)
(1.00573 0.00722454 -1.74898e-17)
)
;
    }
}


// ************************************************************************* //
