/*--------------------------------*- C++ -*----------------------------------*\
  =========                 |
  \\      /  F ield         | OpenFOAM: The Open Source CFD Toolbox
   \\    /   O peration     | Website:  https://openfoam.org
    \\  /    A nd           | Version:  7
     \\/     M anipulation  |
\*---------------------------------------------------------------------------*/
FoamFile
{
    version     2.0;
    format      ascii;
    class       volVectorField;
    location    "112";
    object      U;
}
// * * * * * * * * * * * * * * * * * * * * * * * * * * * * * * * * * * * * * //

dimensions      [0 1 -1 0 0 0 0];

internalField   nonuniform List<vector> 
115
(
(1.00202 0.000215049 1.21294e-17)
(0.999284 0.00417145 -2.26093e-17)
(1.00288 0.00121259 1.43895e-17)
(0.999954 0.00794796 -8.96291e-17)
(1.00429 0.00357996 2.01018e-17)
(1.00145 0.0150159 -5.95465e-17)
(1.00686 0.00873107 -1.32748e-17)
(1.00478 0.0281484 -6.65968e-18)
(1.01236 0.0195116 3.18208e-17)
(1.0122 0.0524758 1.5516e-17)
(1.0248 0.0413797 -2.41323e-17)
(1.02873 0.0948393 -1.18841e-17)
(1.05353 0.082675 -1.6305e-17)
(1.00086 -0.00038598 7.1138e-17)
(0.999425 0.00111742 -3.01334e-18)
(1.00119 -0.000343226 8.3819e-17)
(0.999462 0.00225627 2.15823e-17)
(1.00174 -4.10922e-05 6.08482e-18)
(0.999936 0.00427048 -2.74799e-18)
(1.00271 0.0008295 -4.62629e-19)
(1.00096 0.00801159 2.74759e-17)
(1.00443 0.00300406 7.97549e-17)
(1.00304 0.0149311 7.85957e-17)
(1.00768 0.00783605 4.55089e-18)
(1.00737 0.0275605 5.51403e-17)
(1.01457 0.0181137 9.96885e-17)
(1.01655 0.0504902 4.50361e-17)
(1.02938 0.0391515 -5.40733e-17)
(1.03581 0.0895374 -1.57974e-17)
(1.06122 0.0786469 -8.90259e-18)
(1.00065 -0.000480608 1.15871e-17)
(0.999648 0.00119842 1.80913e-18)
(1.00097 -0.000506812 1.6411e-17)
(0.999805 0.00232814 8.41169e-18)
(1.00155 -0.000296703 6.31153e-18)
(1.00046 0.00431604 -5.71562e-18)
(1.00267 0.000437149 2.3676e-17)
(1.00179 0.00797647 -8.80099e-17)
(1.00471 0.00241115 2.30601e-17)
(1.0044 0.0146734 -5.74164e-17)
(1.0086 0.00689721 -1.50536e-17)
(1.00967 0.0266624 -2.30339e-18)
(1.01677 0.0166212 3.46597e-17)
(1.02052 0.0479947 9.76894e-18)
(1.03371 0.0366724 6.56777e-17)
(1.04233 0.0837462 1.55735e-17)
(1.06825 0.0742 6.13589e-18)
(1.00049 -0.000568829 5.06748e-18)
(0.999811 0.00126174 1.3105e-19)
(1.00081 -0.000663141 1.16018e-18)
(1.00007 0.00236705 -4.47982e-19)
(1.00144 -0.000545364 4.78091e-18)
(1.00088 0.00429895 -7.32378e-18)
(1.00271 6.42251e-05 1.85686e-17)
(1.00249 0.00783729 -5.22857e-17)
(1.00506 0.00183408 7.84927e-17)
(1.00557 0.0142519 -6.16305e-18)
(1.00957 0.00592008 -2.90501e-18)
(1.01171 0.0254734 -2.40751e-17)
(1.01888 0.0149927 8.09849e-17)
(1.02411 0.0450722 1.65866e-17)
(1.03772 0.0338739 2.93091e-17)
(1.04832 0.077519 -2.57179e-19)
(1.07461 0.0692566 6.17054e-17)
(1.00036 -0.000648599 7.11652e-18)
(0.999926 0.00130565 -1.17319e-17)
(1.00069 -0.000810719 -7.60665e-18)
(1.00027 0.0023761 -6.01341e-18)
(1.00139 -0.000794827 9.33023e-18)
(1.00122 0.00423681 -2.34889e-17)
(1.0028 -0.000354589 2.36323e-17)
(1.00307 0.00761586 -1.05286e-16)
(1.00547 0.00113585 2.29533e-17)
(1.00656 0.0136686 -7.61978e-17)
(1.01051 0.00480234 -1.8199e-17)
(1.01349 0.0240291 -2.20055e-17)
(1.02083 0.013127 2.74639e-17)
(1.0273 0.0417924 -9.03915e-18)
(1.04132 0.0306802 6.1987e-17)
(1.05371 0.070821 1.34286e-17)
(1.08024 0.0637655 1.00405e-17)
(1.00027 -0.000713145 1.67371e-17)
(1 0.0013243 -7.90886e-17)
(1.00063 -0.000928215 -2.42776e-17)
(1.00042 0.00234565 -1.48062e-17)
(1.00138 -0.0009881 2.161e-17)
(1.00147 0.00412225 -8.55462e-17)
(1.00293 -0.000647187 -1.07131e-18)
(1.00352 0.00734464 -6.29592e-17)
(1.00586 0.000740759 7.63831e-17)
(1.00735 0.0130893 -1.69157e-17)
(1.01135 0.00402028 -6.77637e-18)
(1.01493 0.0226767 -3.02169e-17)
(1.02251 0.0116561 8.88453e-17)
(1.02996 0.0389346 -3.72876e-17)
(1.04437 0.0279845 -6.78757e-17)
(1.05831 0.0653203 -8.92565e-18)
(1.08494 0.0590581 -1.70175e-17)
(1.00022 -0.000801621 7.24175e-18)
(1.00004 0.00133584 -1.51853e-17)
(1.0006 -0.00110445 -9.03382e-18)
(1.00051 0.00226072 -8.74039e-18)
(1.0014 -0.00130462 7.87107e-18)
(1.00166 0.00385819 -2.81921e-17)
(1.00306 -0.00118896 2.33419e-17)
(1.00388 0.00672206 -1.13597e-16)
(1.00619 -0.000200763 8.76264e-18)
(1.0079 0.0118209 -9.48913e-17)
(1.01201 0.00227963 -2.64207e-17)
(1.01595 0.0199795 -2.08434e-17)
(1.02383 0.0084574 1.68349e-17)
(1.03185 0.0334481 1.06498e-18)
(1.04674 0.0222742 -1.65655e-17)
(1.06164 0.0549436 -4.59027e-18)
(1.0885 0.0495104 -1.25479e-17)
)
;

boundaryField
{
    inlet
    {
        type            uniformFixedValue;
        uniformValue    constant (1 0 0);
        value           uniform (1 0 0);
    }
    outlet
    {
        type            pressureInletOutletVelocity;
        value           nonuniform 0();
    }
    polygon
    {
        type            fixedValue;
        value           nonuniform 0();
    }
    top
    {
        type            symmetryPlane;
    }
    bottom
    {
        type            symmetryPlane;
    }
    outside
    {
        type            zeroGradient;
    }
    procBoundary56to48
    {
        type            processor;
        value           nonuniform List<vector> 
18
(
(1.00242 0.000466122 2.14109e-17)
(0.998477 0.00402316 -8.45276e-17)
(1.0032 0.00158296 -3.58584e-18)
(0.998743 0.00779229 -5.5718e-17)
(1.00433 0.00412706 7.73219e-17)
(0.99959 0.0149276 -4.77607e-18)
(1.00624 0.00956797 8.62925e-19)
(1.00182 0.0284069 -2.34136e-17)
(1.01028 0.0208176 9.41242e-17)
(1.00739 0.0538704 -2.63915e-17)
(1.02007 0.0433917 -9.05268e-17)
(1.02106 0.0995182 -2.36631e-17)
(1.04518 0.0863091 -2.63298e-17)
(1.00113 -0.000286767 1.68032e-17)
(0.999129 0.00102109 -1.68228e-17)
(1.00149 -0.000175322 8.74349e-18)
(0.999024 0.00215475 2.93048e-18)
(0.999024 0.00215475 2.93048e-18)
)
;
    }
    procBoundary56to49
    {
        type            processor;
        value           nonuniform List<vector> 2((1.06462 0.158949 1.80109e-17) (1.07483 0.14744 5.86508e-18));
    }
    procBoundary56to57
    {
        type            processor;
        value           nonuniform List<vector> 5((1.08426 0.135922 1.93392e-17) (1.09297 0.124358 2.85258e-17) (1.10093 0.112462 3.02504e-17) (1.10783 0.103157 6.62074e-17) (1.11302 0.0860197 1.90651e-17));
    }
}


// ************************************************************************* //
