/*--------------------------------*- C++ -*----------------------------------*\
  =========                 |
  \\      /  F ield         | OpenFOAM: The Open Source CFD Toolbox
   \\    /   O peration     | Website:  https://openfoam.org
    \\  /    A nd           | Version:  7
     \\/     M anipulation  |
\*---------------------------------------------------------------------------*/
FoamFile
{
    version     2.0;
    format      ascii;
    class       volVectorField;
    location    "34";
    object      U;
}
// * * * * * * * * * * * * * * * * * * * * * * * * * * * * * * * * * * * * * //

dimensions      [0 1 -1 0 0 0 0];

internalField   nonuniform List<vector> 
175
(
(1.24424 -0.153217 -3.85865e-20)
(1.23983 -0.170612 -2.57612e-18)
(1.23498 -0.178318 -3.04774e-18)
(1.22958 -0.191758 1.30028e-18)
(1.22501 -0.203404 4.86126e-18)
(1.24207 -0.151754 9.53341e-20)
(1.23734 -0.169445 -2.73998e-18)
(1.23249 -0.177333 -3.3053e-18)
(1.22684 -0.190969 1.36678e-18)
(1.22219 -0.202863 5.22535e-18)
(1.23988 -0.150265 2.06973e-19)
(1.23482 -0.168257 -2.8919e-18)
(1.22999 -0.176336 -3.58451e-18)
(1.22409 -0.190158 1.42994e-18)
(1.21934 -0.202302 5.55235e-18)
(1.23765 -0.148752 3.21601e-19)
(1.23227 -0.167046 -3.09952e-18)
(1.22745 -0.175324 -4.30439e-18)
(1.22131 -0.189323 1.47925e-18)
(1.21645 -0.201717 5.91944e-18)
(1.2354 -0.147215 4.92261e-19)
(1.22969 -0.165812 -3.14545e-18)
(1.22488 -0.1743 -4.56786e-18)
(1.2185 -0.188462 1.50791e-18)
(1.21352 -0.201108 6.29791e-18)
(1.23314 -0.145657 5.85223e-19)
(1.22708 -0.164555 -3.32993e-18)
(1.22229 -0.173262 -5.00906e-18)
(1.21567 -0.187574 1.40012e-18)
(1.21057 -0.200473 6.50096e-18)
(1.2309 -0.144076 7.30158e-19)
(1.22446 -0.163276 -3.52582e-18)
(1.21972 -0.172213 -5.48795e-18)
(1.21286 -0.186661 1.41682e-18)
(1.20763 -0.199813 6.6568e-18)
(1.22867 -0.142471 1.10254e-18)
(1.22182 -0.161973 -3.73441e-18)
(1.21714 -0.171156 -6.01552e-18)
(1.21005 -0.185723 1.1748e-18)
(1.20471 -0.199131 7.50119e-18)
(1.22625 -0.140842 1.33143e-18)
(1.21906 -0.160647 -3.95355e-18)
(1.21439 -0.170091 -6.54398e-18)
(1.20706 -0.184761 1.23874e-18)
(1.20158 -0.198428 8.03353e-18)
(1.22337 -0.139206 1.46834e-18)
(1.21606 -0.159299 -4.37354e-18)
(1.21118 -0.169008 -7.07713e-18)
(1.20366 -0.183771 1.73187e-18)
(1.19792 -0.197692 8.57783e-18)
(1.26837 -0.169147 -6.39684e-19)
(1.26566 -0.183599 -2.1448e-18)
(1.26165 -0.189901 -3.23519e-18)
(1.25803 -0.201425 2.04402e-18)
(1.25496 -0.211009 4.94641e-18)
(1.25254 -0.222467 2.84615e-18)
(1.26611 -0.167675 -4.13557e-19)
(1.26326 -0.182428 -9.28401e-19)
(1.25914 -0.188881 -2.3852e-18)
(1.25536 -0.200631 2.1643e-18)
(1.25214 -0.210427 4.09139e-18)
(1.24957 -0.222117 2.98344e-18)
(1.26381 -0.166171 -3.89175e-19)
(1.26082 -0.181221 -1.10191e-18)
(1.25659 -0.187817 -1.71492e-18)
(1.25266 -0.199783 1.15429e-18)
(1.24929 -0.209786 3.45246e-18)
(1.24655 -0.221697 3.16323e-18)
(1.26146 -0.164637 -2.85568e-19)
(1.25834 -0.179985 -1.12362e-18)
(1.25401 -0.186724 -2.07857e-18)
(1.2499 -0.198901 1.15173e-18)
(1.24639 -0.209111 3.81102e-18)
(1.24349 -0.22124 3.40255e-18)
(1.25908 -0.163075 -1.39149e-18)
(1.25581 -0.178719 -1.23112e-18)
(1.25138 -0.1856 -2.42243e-18)
(1.24711 -0.197983 1.1069e-18)
(1.24344 -0.2084 4.15713e-18)
(1.24037 -0.220742 3.64509e-18)
(1.25666 -0.161483 -1.47934e-18)
(1.25323 -0.177423 -1.18553e-18)
(1.2487 -0.184445 -2.84209e-18)
(1.24426 -0.197027 1.84869e-18)
(1.24045 -0.207651 3.7094e-18)
(1.25421 -0.159861 -1.70072e-18)
(1.25062 -0.176097 -2.04481e-18)
(1.24599 -0.18326 -1.67068e-18)
(1.24138 -0.196034 1.96393e-18)
(1.2374 -0.206864 4.06682e-18)
(1.25171 -0.158211 -7.82388e-19)
(1.24796 -0.174742 -2.11619e-18)
(1.24325 -0.182044 -2.04549e-18)
(1.23846 -0.195003 1.45575e-18)
(1.23432 -0.206039 4.33058e-18)
(1.24918 -0.156534 -8.08885e-19)
(1.24527 -0.173359 -2.27551e-18)
(1.24047 -0.180798 -2.20166e-18)
(1.2355 -0.193932 1.51391e-18)
(1.23119 -0.205175 4.68e-18)
(1.24662 -0.154828 -8.40048e-21)
(1.2425 -0.171947 -2.47262e-18)
(1.23764 -0.179523 -3.07296e-18)
(1.23247 -0.192822 1.53409e-18)
(1.22801 -0.204272 4.73337e-18)
(1.28849 -0.182459 4.62994e-19)
(1.28665 -0.194289 -2.2982e-18)
(1.28382 -0.199474 -7.84597e-19)
(1.28148 -0.209304 2.25207e-18)
(1.27976 -0.217316 2.47519e-18)
(1.28668 -0.181274 -1.46158e-18)
(1.28477 -0.193376 -2.3728e-18)
(1.28179 -0.19869 -2.90907e-18)
(1.27934 -0.208699 2.46612e-18)
(1.27748 -0.216882 2.8042e-18)
(1.28482 -0.180056 -1.31773e-18)
(1.28284 -0.192421 -2.50917e-18)
(1.27973 -0.197856 -1.42202e-18)
(1.27716 -0.208037 2.50834e-18)
(1.27516 -0.216382 1.40678e-18)
(1.28293 -0.178807 -1.32262e-18)
(1.28086 -0.191433 -8.82316e-19)
(1.27762 -0.196986 -1.89611e-18)
(1.27493 -0.207342 2.83133e-18)
(1.2728 -0.215848 1.36679e-19)
(1.28098 -0.177527 -1.46478e-18)
(1.27884 -0.190412 -2.8691e-18)
(1.27547 -0.196081 -2.24908e-18)
(1.27266 -0.20661 1.43009e-18)
(1.27039 -0.215276 2.22622e-19)
(1.279 -0.176214 3.75789e-19)
(1.27677 -0.189357 -1.28446e-18)
(1.27328 -0.19514 -8.96273e-19)
(1.27034 -0.205841 1.735e-18)
(1.26794 -0.214666 1.44447e-19)
(1.26627 -0.225328 -6.91386e-19)
(1.27697 -0.174869 4.07584e-19)
(1.27465 -0.18827 -1.50931e-18)
(1.27105 -0.194164 -1.46867e-18)
(1.26798 -0.205035 3.10262e-19)
(1.26544 -0.214016 1.70222e-18)
(1.26362 -0.224845 6.54369e-19)
(1.2749 -0.17349 4.4719e-19)
(1.27249 -0.18715 -1.64482e-18)
(1.26878 -0.193151 2.90529e-20)
(1.26558 -0.204191 1.71871e-18)
(1.2629 -0.213326 1.74384e-18)
(1.26093 -0.224319 3.73957e-19)
(1.27278 -0.172077 5.45405e-19)
(1.27028 -0.185999 -1.91261e-18)
(1.26647 -0.192104 -1.49157e-18)
(1.26313 -0.203308 1.81473e-18)
(1.26032 -0.212594 3.22312e-18)
(1.25819 -0.223746 1.52826e-18)
(1.27061 -0.17063 7.68817e-19)
(1.26801 -0.184815 -2.00042e-18)
(1.26409 -0.191021 -1.70286e-18)
(1.26062 -0.202386 1.97095e-18)
(1.25768 -0.211821 3.44736e-18)
(1.2554 -0.223128 2.75113e-18)
(1.11387 -0.0849842 -1.21345e-17)
(1.15548 -0.0956746 1.31695e-17)
(1.19373 -0.124349 3.01607e-18)
(1.10858 -0.102173 3.57012e-18)
(1.15141 -0.110459 -7.36393e-18)
(1.1865 -0.146719 -3.25626e-18)
(1.10165 -0.111441 1.26403e-17)
(1.14559 -0.118075 -3.70199e-17)
(1.17896 -0.158693 -9.00949e-18)
(1.09375 -0.123272 5.34816e-18)
(1.13893 -0.127408 1.20305e-18)
(1.16985 -0.174309 2.33366e-18)
(1.08524 -0.134729 -1.79451e-18)
(1.13134 -0.136085 1.25181e-17)
(1.16074 -0.190349 7.98012e-18)
)
;

boundaryField
{
    inlet
    {
        type            uniformFixedValue;
        uniformValue    constant (1 0 0);
        value           nonuniform 0();
    }
    outlet
    {
        type            pressureInletOutletVelocity;
        value           nonuniform 0();
    }
    polygon
    {
        type            fixedValue;
        value           nonuniform 0();
    }
    top
    {
        type            symmetryPlane;
    }
    bottom
    {
        type            symmetryPlane;
    }
    outside
    {
        type            zeroGradient;
    }
    procBoundary1to0
    {
        type            processor;
        value           nonuniform List<vector> 5((1.08764 -0.0505436 -2.85658e-17) (1.08401 -0.0602023 -1.04711e-18) (1.07919 -0.0649582 4.52383e-18) (1.07335 -0.0704918 1.6374e-17) (1.06666 -0.0754631 1.22708e-17));
    }
    procBoundary1to2
    {
        type            processor;
        value           nonuniform List<vector> 5((1.29011 -0.183563 4.29255e-19) (1.28834 -0.195168 -2.28155e-19) (1.28564 -0.200284 -6.66978e-19) (1.28339 -0.210015 2.0993e-18) (1.28178 -0.217927 2.26259e-18));
    }
    procBoundary1to9
    {
        type            processor;
        value           nonuniform List<vector> 
35
(
(1.22085 -0.216888 5.17329e-18)
(1.2178 -0.216575 5.45971e-18)
(1.21472 -0.216231 5.75789e-18)
(1.21159 -0.215855 6.07309e-18)
(1.20843 -0.215445 6.43459e-18)
(1.20525 -0.215 6.82992e-18)
(1.2021 -0.214519 7.19486e-18)
(1.19896 -0.214008 7.54129e-18)
(1.1956 -0.213467 7.94054e-18)
(1.19158 -0.212883 7.80208e-18)
(1.25086 -0.23391 2.76159e-18)
(1.24772 -0.233813 2.87707e-18)
(1.24453 -0.233633 3.00445e-18)
(1.24128 -0.233414 3.17059e-18)
(1.23797 -0.233148 3.26378e-18)
(1.23719 -0.220201 3.8314e-18)
(1.23719 -0.220201 3.8314e-18)
(1.23397 -0.219616 4.12929e-18)
(1.23071 -0.218987 4.38787e-18)
(1.22741 -0.218312 4.6873e-18)
(1.22405 -0.217593 5.0154e-18)
(1.27875 -0.227101 -9.21048e-21)
(1.27635 -0.22685 -1.73609e-19)
(1.27391 -0.226526 -1.78448e-19)
(1.27141 -0.226167 -3.05441e-19)
(1.26887 -0.225768 -4.4985e-19)
(1.26887 -0.225768 -4.4985e-19)
(1.2654 -0.235878 7.94888e-19)
(1.26259 -0.235583 2.4313e-18)
(1.25973 -0.23524 2.28601e-18)
(1.25682 -0.234845 2.31714e-18)
(1.25386 -0.2344 2.44549e-18)
(1.0761 -0.146091 -8.36592e-18)
(1.12311 -0.144496 4.80277e-17)
(1.15061 -0.206798 1.89668e-17)
)
;
    }
}


// ************************************************************************* //
