/*--------------------------------*- C++ -*----------------------------------*\
  =========                 |
  \\      /  F ield         | OpenFOAM: The Open Source CFD Toolbox
   \\    /   O peration     | Website:  https://openfoam.org
    \\  /    A nd           | Version:  7
     \\/     M anipulation  |
\*---------------------------------------------------------------------------*/
FoamFile
{
    version     2.0;
    format      ascii;
    class       volVectorField;
    location    "58";
    object      U;
}
// * * * * * * * * * * * * * * * * * * * * * * * * * * * * * * * * * * * * * //

dimensions      [0 1 -1 0 0 0 0];

internalField   nonuniform List<vector> 
115
(
(-0.179967 -0.00144789 -3.12794e-18)
(-0.178188 -0.0016811 -2.92534e-18)
(-0.176276 -0.00195097 -1.35999e-17)
(-0.174219 -0.00226286 -7.49163e-18)
(-0.172001 -0.00262309 -6.36094e-19)
(-0.16961 -0.00303933 -1.94421e-18)
(-0.167026 -0.0035206 -5.03778e-18)
(-0.164232 -0.00407791 -4.3977e-18)
(-0.161207 -0.00472469 1.42255e-18)
(-0.176555 -0.000959524 -3.34655e-18)
(-0.174996 -0.00105327 -4.10658e-18)
(-0.173348 -0.0011689 -4.76867e-18)
(-0.171603 -0.00130692 -5.80956e-18)
(-0.169753 -0.00146884 -3.17854e-18)
(-0.167789 -0.00165707 -8.99903e-18)
(-0.165703 -0.00187485 -5.34499e-18)
(-0.163485 -0.00212561 -6.0917e-18)
(-0.161125 -0.00241366 -6.02812e-18)
(-0.158611 -0.00274408 -9.87331e-18)
(-0.15593 -0.0031229 -7.72762e-18)
(-0.153071 -0.00355725 1.21937e-18)
(-0.150019 -0.00405573 1.96219e-18)
(-0.146759 -0.00462838 -5.36261e-18)
(-0.143274 -0.00528751 -5.7939e-18)
(-0.139549 -0.00604802 -3.14949e-18)
(-0.155503 -0.00197427 1.38808e-18)
(-0.153299 -0.00212665 -1.79438e-19)
(-0.150977 -0.00230503 1.16493e-18)
(-0.14853 -0.00251067 -1.3742e-17)
(-0.14595 -0.0027457 -1.57127e-17)
(-0.143227 -0.00301281 -1.70668e-17)
(-0.140354 -0.00331523 -1.58569e-17)
(-0.13732 -0.00365677 -1.55485e-17)
(-0.134116 -0.00404216 -1.55947e-17)
(-0.130731 -0.00447694 -1.59905e-17)
(-0.127154 -0.00496758 -1.52763e-17)
(-0.123373 -0.00552168 -1.28327e-17)
(-0.119377 -0.00614838 -1.19354e-17)
(-0.115154 -0.00685815 -1.32356e-17)
(-0.110691 -0.00766377 -1.31268e-17)
(-0.105977 -0.00858057 -1.2089e-17)
(-0.11833 -0.00373542 1.42466e-17)
(-0.114971 -0.00397683 2.49822e-18)
(-0.111446 -0.00424936 1.35878e-17)
(-0.107745 -0.00455445 -3.05725e-18)
(-0.103862 -0.00489433 -6.18921e-18)
(-0.0997861 -0.00527196 -7.06899e-18)
(-0.0955091 -0.00569099 -6.93027e-18)
(-0.0910214 -0.00615559 -6.75599e-18)
(-0.0863133 -0.00667066 -6.74763e-18)
(-0.0813749 -0.0072419 -6.74201e-18)
(-0.0761967 -0.00787582 -6.46801e-18)
(-0.0707692 -0.00857992 -5.81899e-18)
(-0.0650832 -0.00936349 -5.60014e-18)
(-0.0591303 -0.0102361 -5.66218e-18)
(-0.0529035 -0.0112102 -5.46721e-18)
(-0.0463973 -0.0122996 -5.19408e-18)
(-0.0712993 -0.00653423 2.94551e-18)
(-0.0664444 -0.00691212 8.14472e-19)
(-0.06136 -0.00732667 1.92919e-18)
(-0.0560368 -0.00777978 -1.45337e-17)
(-0.0504653 -0.00827405 -1.68846e-17)
(-0.0446357 -0.00881265 -1.67442e-17)
(-0.0385378 -0.00939928 -1.67445e-17)
(-0.0321616 -0.0100382 -1.61226e-17)
(-0.0254968 -0.0107342 -1.58734e-17)
(-0.0185335 -0.0114929 -1.53932e-17)
(-0.011262 -0.0123204 -1.50838e-17)
(-0.00367344 -0.0132239 -1.467e-17)
(0.004241 -0.0142118 -1.43173e-17)
(0.0124886 -0.015293 -1.40109e-17)
(0.0210745 -0.0164781 -1.35333e-17)
(0.0300025 -0.0177794 -1.27881e-17)
(-0.0131458 -0.0104699 7.28124e-19)
(-0.00640845 -0.0110317 3.08244e-19)
(0.000637278 -0.011637 -5.01896e-19)
(0.00800256 -0.0122881 -5.23291e-18)
(0.015699 -0.0129878 -4.06101e-18)
(0.0237387 -0.0137394 -3.67137e-18)
(0.0321336 -0.0145467 -3.74574e-18)
(0.0408963 -0.0154139 -3.79688e-18)
(0.0500392 -0.0163458 -3.82598e-18)
(0.0595749 -0.0173477 -3.6048e-18)
(0.0695158 -0.0184256 -3.68615e-18)
(0.0798743 -0.0195861 -3.69753e-18)
(0.0906629 -0.0208365 -4.0309e-18)
(0.101894 -0.0221856 -4.99022e-18)
(0.113578 -0.0236424 -3.24307e-18)
(0.125727 -0.0252174 -3.22117e-18)
(0.0574259 -0.0158474 -3.16751e-20)
(0.0664668 -0.0166539 -2.79735e-19)
(0.0759119 -0.0175125 -2.09443e-18)
(0.0857755 -0.0184259 -1.40665e-17)
(0.0960727 -0.0193971 -1.50383e-18)
(0.106819 -0.0204299 -9.65813e-19)
(0.11803 -0.0215281 -1.058e-18)
(0.129724 -0.0226963 -1.00264e-18)
(0.141917 -0.0239393 -9.90271e-19)
(0.154628 -0.0252629 -1.13254e-18)
(0.167878 -0.0266731 -1.07132e-18)
(0.181688 -0.0281769 -1.53512e-18)
(0.196081 -0.0297821 -3.08451e-18)
(0.211082 -0.0314978 -1.12944e-17)
(0.226721 -0.0333338 -3.78961e-19)
(0.24303 -0.0353013 -9.40531e-19)
(0.141558 -0.0229728 -8.17818e-20)
(0.15333 -0.0240967 -3.63318e-19)
(0.165617 -0.0252839 -8.55911e-19)
(0.178438 -0.0265376 -3.53853e-18)
(0.191811 -0.0278614 -8.77136e-19)
(0.205758 -0.0292595 -7.30608e-19)
(0.2203 -0.0307368 -7.90336e-19)
(0.235461 -0.0322985 -7.14868e-19)
(0.251266 -0.0339506 -7.01517e-19)
(0.267745 -0.0357 -6.31541e-19)
)
;

boundaryField
{
    inlet
    {
        type            uniformFixedValue;
        uniformValue    constant (1 0 0);
        value           nonuniform 0();
    }
    outlet
    {
        type            pressureInletOutletVelocity;
        value           nonuniform 0();
    }
    polygon
    {
        type            fixedValue;
        value           nonuniform 0();
    }
    top
    {
        type            symmetryPlane;
    }
    bottom
    {
        type            symmetryPlane;
    }
    outside
    {
        type            zeroGradient;
    }
    procBoundary19to11
    {
        type            processor;
        value           nonuniform List<vector> 
17
(
(0.284928 -0.0375544 -6.52157e-19)
(0.302851 -0.0395231 -1.10748e-18)
(0.321554 -0.0416164 -1.67494e-18)
(0.341083 -0.0438467 -2.64451e-18)
(0.361495 -0.0462286 -2.18308e-19)
(0.382853 -0.0487792 -4.50533e-19)
(0.23995 -0.0321377 -1.60078e-19)
(0.25483 -0.0336607 -7.66691e-19)
(0.270343 -0.0352609 -2.24616e-18)
(0.28651 -0.0369425 -3.76959e-18)
(0.303354 -0.0387103 -2.94264e-18)
(0.320901 -0.0405695 -2.86987e-18)
(0.339178 -0.0425265 -2.61472e-18)
(0.358215 -0.0445883 -2.71079e-18)
(0.378047 -0.0467631 -2.58789e-18)
(0.284928 -0.0375544 -6.52157e-19)
(0.398709 -0.0490606 -2.60121e-18)
)
;
    }
    procBoundary19to18
    {
        type            processor;
        value           nonuniform List<vector> 5((-0.101001 -0.00962707 -1.00167e-17) (-0.039609 -0.0135212 -4.76284e-18) (0.0392728 -0.0192105 -1.24356e-17) (0.138352 -0.026922 -3.19304e-18) (0.260049 -0.0374132 -1.06707e-18));
    }
    procBoundary19to20
    {
        type            processor;
        value           nonuniform List<vector> 7((-0.178031 -0.000887806 -1.01589e-17) (-0.157597 -0.00184769 -1.60125e-18) (-0.121529 -0.00352452 2.84482e-18) (-0.0759331 -0.00619189 1.06752e-18) (-0.0195854 -0.00994999 4.81516e-19) (0.0487758 -0.015091 1.38612e-19) (0.130284 -0.0219094 -1.75969e-19));
    }
    procBoundary19to26
    {
        type            processor;
        value           nonuniform List<vector> 2((-0.157929 -0.00547746 4.77021e-18) (-0.135564 -0.00692817 4.15186e-18));
    }
    procBoundary19to27
    {
        type            processor;
        value           nonuniform List<vector> 
17
(
(-0.18956 -0.000551944 -6.97067e-18)
(-0.188435 -0.000616573 -9.79991e-18)
(-0.187242 -0.000700003 -1.19657e-17)
(-0.185973 -0.000802906 -4.85457e-18)
(-0.184619 -0.000926914 4.82327e-18)
(-0.183173 -0.0010741 -1.05064e-17)
(-0.181625 -0.00124683 -5.77949e-19)
(-0.181625 -0.00124683 -5.77949e-19)
(-0.194453 -0.000951851 -3.05311e-18)
(-0.193164 -0.00114153 -1.96167e-18)
(-0.19176 -0.00136291 -1.25132e-17)
(-0.190227 -0.00162073 -1.10351e-17)
(-0.188549 -0.00192054 -1.61104e-18)
(-0.186711 -0.00226911 -6.88562e-18)
(-0.184693 -0.00267441 -8.95442e-18)
(-0.182475 -0.00314619 -6.27251e-18)
(-0.180032 -0.00369634 -6.1291e-18)
)
;
    }
}


// ************************************************************************* //
