/*--------------------------------*- C++ -*----------------------------------*\
  =========                 |
  \\      /  F ield         | OpenFOAM: The Open Source CFD Toolbox
   \\    /   O peration     | Website:  https://openfoam.org
    \\  /    A nd           | Version:  7
     \\/     M anipulation  |
\*---------------------------------------------------------------------------*/
FoamFile
{
    version     2.0;
    format      ascii;
    class       volVectorField;
    location    "74";
    object      U;
}
// * * * * * * * * * * * * * * * * * * * * * * * * * * * * * * * * * * * * * //

dimensions      [0 1 -1 0 0 0 0];

internalField   nonuniform List<vector> 
115
(
(1.22728 -0.138952 5.79979e-18)
(1.22326 -0.157701 -6.25427e-18)
(1.21895 -0.167798 -9.97382e-18)
(1.21392 -0.181903 1.99057e-17)
(1.20961 -0.195496 2.65109e-17)
(1.2204 -0.136106 -1.22992e-18)
(1.21591 -0.155495 -7.68114e-18)
(1.21123 -0.166074 -1.28552e-17)
(1.2055 -0.180619 1.47593e-17)
(1.20033 -0.194835 3.02445e-17)
(1.2402 -0.145118 2.00484e-18)
(1.23722 -0.162608 2.36686e-19)
(1.23311 -0.171872 -6.24064e-18)
(1.22899 -0.184987 1.31436e-17)
(1.22536 -0.197583 1.74912e-17)
(1.22191 -0.211177 1.05068e-17)
(1.23389 -0.142029 5.01341e-18)
(1.2304 -0.160189 -7.33486e-18)
(1.22618 -0.16989 -6.12254e-18)
(1.22169 -0.18358 1.7565e-17)
(1.21785 -0.19671 2.48238e-17)
(1.25316 -0.15144 5.78357e-18)
(1.2509 -0.167702 -6.84387e-20)
(1.24721 -0.176366 2.41548e-18)
(1.24375 -0.18853 6.42373e-18)
(1.24064 -0.200252 1.34546e-17)
(1.23798 -0.212897 1.29772e-17)
(1.24658 -0.14832 7.43918e-18)
(1.24399 -0.165239 1.23138e-18)
(1.24004 -0.174232 2.92049e-18)
(1.23623 -0.18693 1.50334e-17)
(1.2328 -0.199152 2.42637e-17)
(1.22969 -0.212361 1.60485e-17)
(1.26631 -0.15757 4.3329e-18)
(1.26453 -0.172617 7.96737e-18)
(1.26138 -0.180762 2.45889e-18)
(1.25858 -0.192035 4.33432e-18)
(1.25615 -0.202907 9.97385e-18)
(1.2543 -0.21458 9.76588e-18)
(1.25978 -0.154587 4.57582e-18)
(1.25778 -0.170278 3.77065e-18)
(1.25434 -0.178728 2.7362e-18)
(1.25122 -0.190506 6.47917e-18)
(1.24844 -0.20186 1.13281e-17)
(1.24619 -0.214086 1.10556e-17)
(1.27861 -0.163222 3.50618e-18)
(1.27713 -0.177134 5.03964e-18)
(1.27447 -0.184795 3.54497e-18)
(1.27217 -0.195271 7.4008e-18)
(1.27033 -0.205364 1.04007e-17)
(1.26911 -0.216159 6.98577e-18)
(1.27261 -0.160505 3.83336e-18)
(1.27099 -0.175008 5.98841e-18)
(1.26808 -0.182955 2.58158e-18)
(1.26554 -0.193879 8.44337e-18)
(1.26339 -0.204412 6.84626e-18)
(1.26186 -0.215702 8.33564e-18)
(1.28951 -0.16822 2.91625e-18)
(1.2882 -0.181148 3.69161e-18)
(1.28595 -0.188367 4.87961e-18)
(1.28408 -0.198166 5.441e-18)
(1.28275 -0.207565 7.00152e-18)
(1.28207 -0.217621 4.5484e-18)
(1.28425 -0.165841 2.98422e-18)
(1.28286 -0.179275 3.8117e-18)
(1.2804 -0.186755 2.05875e-18)
(1.27831 -0.196931 6.69373e-18)
(1.27672 -0.206716 8.34782e-18)
(1.27576 -0.217185 5.66472e-18)
(1.2987 -0.172477 3.01948e-18)
(1.29751 -0.184594 4.63843e-18)
(1.29563 -0.191404 3.37478e-18)
(1.29414 -0.200696 2.62585e-18)
(1.29324 -0.209547 5.07359e-18)
(1.29433 -0.170459 2.13433e-18)
(1.29307 -0.182984 2.69071e-18)
(1.291 -0.190021 4.90393e-18)
(1.28932 -0.199578 6.00517e-18)
(1.2882 -0.208715 6.01587e-18)
(1.28775 -0.218503 4.14804e-18)
(1.30598 -0.175961 9.91822e-19)
(1.30502 -0.187471 4.02579e-18)
(1.30339 -0.193985 4.27489e-18)
(1.30226 -0.203021 1.09279e-18)
(1.3017 -0.211537 3.58645e-18)
(1.30258 -0.174282 7.06357e-19)
(1.30146 -0.18605 4.37719e-18)
(1.29975 -0.192668 5.15065e-18)
(1.29844 -0.201758 3.18126e-18)
(1.29772 -0.210378 4.46988e-18)
(1.0885 -0.049511 -5.24416e-17)
(1.11302 -0.0860204 -2.62808e-17)
(1.15584 -0.0940463 3.69672e-17)
(1.19073 -0.12377 1.20068e-17)
(1.08494 -0.0590587 -2.71533e-18)
(1.10783 -0.103157 6.86272e-18)
(1.15204 -0.108511 -1.49356e-17)
(1.18474 -0.145087 -1.1633e-17)
(1.08024 -0.0637661 6.69822e-18)
(1.10093 -0.112463 2.57045e-17)
(1.14661 -0.116026 -8.451e-17)
(1.17749 -0.157141 -2.78935e-17)
(1.07461 -0.0692572 2.71731e-17)
(1.09297 -0.124359 7.14751e-18)
(1.14038 -0.125266 3.8425e-18)
(1.16894 -0.172858 -6.14632e-18)
(1.06825 -0.0742006 1.77333e-17)
(1.08426 -0.135923 -8.82196e-18)
(1.1334 -0.133911 2.83951e-17)
(1.15981 -0.189038 9.13105e-18)
(1.30981 -0.211341 2.59687e-18)
(1.30998 -0.203578 1.07267e-18)
(1.31068 -0.195339 3.12395e-18)
(1.31208 -0.189382 3.09802e-18)
(1.3125 -0.178688 1.10928e-18)
)
;

boundaryField
{
    inlet
    {
        type            uniformFixedValue;
        uniformValue    constant (1 0 0);
        value           nonuniform 0();
    }
    outlet
    {
        type            pressureInletOutletVelocity;
        value           nonuniform 0();
    }
    polygon
    {
        type            fixedValue;
        value           nonuniform 0();
    }
    top
    {
        type            symmetryPlane;
    }
    bottom
    {
        type            symmetryPlane;
    }
    outside
    {
        type            zeroGradient;
    }
    procBoundary1to0
    {
        type            processor;
        value           nonuniform List<vector> 5((1.06164 -0.054944 5.35491e-17) (1.05831 -0.0653207 1.57438e-17) (1.05371 -0.0708214 2.43935e-17) (1.04832 -0.0775194 8.00813e-17) (1.04233 -0.0837466 3.15737e-17));
    }
    procBoundary1to2
    {
        type            processor;
        value           nonuniform List<vector> 5((1.32056 -0.210344 1.55826e-18) (1.32039 -0.203696 9.22511e-19) (1.32072 -0.196651 2.00372e-18) (1.32169 -0.191421 1.99582e-18) (1.32177 -0.181972 9.49049e-19));
    }
    procBoundary1to9
    {
        type            processor;
        value           nonuniform List<vector> 
23
(
(1.20543 -0.210045 2.30272e-17)
(1.19525 -0.210003 1.75978e-17)
(1.2189 -0.225639 6.53942e-18)
(1.21409 -0.210843 2.43492e-17)
(1.21409 -0.210843 2.43492e-17)
(1.23588 -0.226209 6.11076e-18)
(1.22705 -0.226345 7.8098e-18)
(1.25307 -0.226793 9.50053e-18)
(1.24454 -0.226915 1.17122e-17)
(1.26858 -0.227397 6.09847e-18)
(1.26098 -0.22749 7.43842e-18)
(1.28215 -0.22802 2.3242e-18)
(1.27554 -0.228054 4.624e-18)
(1.29302 -0.219036 3.36234e-18)
(1.29302 -0.219036 3.36234e-18)
(1.28809 -0.228586 4.32045e-18)
(1.3019 -0.220691 1.31166e-18)
(1.29772 -0.219626 3.51983e-18)
(1.06122 -0.0786475 1.25081e-17)
(1.07483 -0.147441 -1.8113e-17)
(1.12572 -0.142274 1.00796e-16)
(1.15 -0.206035 3.69976e-17)
(1.31049 -0.219611 1.00718e-18)
)
;
    }
}


// ************************************************************************* //
