/*--------------------------------*- C++ -*----------------------------------*\
  =========                 |
  \\      /  F ield         | OpenFOAM: The Open Source CFD Toolbox
   \\    /   O peration     | Website:  https://openfoam.org
    \\  /    A nd           | Version:  7
     \\/     M anipulation  |
\*---------------------------------------------------------------------------*/
FoamFile
{
    version     2.0;
    format      ascii;
    class       volVectorField;
    location    "86";
    object      U;
}
// * * * * * * * * * * * * * * * * * * * * * * * * * * * * * * * * * * * * * //

dimensions      [0 1 -1 0 0 0 0];

internalField   nonuniform List<vector> 
115
(
(0.951532 -0.0245453 1.26406e-18)
(0.955904 -0.0216898 3.71649e-19)
(0.960367 -0.0186555 1.20851e-18)
(0.964935 -0.0154178 1.18133e-18)
(0.969578 -0.0119426 2.64746e-18)
(0.974213 -0.00817017 6.2577e-19)
(0.978753 -0.00396405 2.46955e-18)
(0.983333 0.000912865 4.61265e-19)
(0.988485 0.00662924 1.12692e-18)
(0.994493 0.0128052 9.13921e-19)
(1.00126 0.0190516 1.0197e-18)
(1.00866 0.0252366 1.01276e-18)
(1.01656 0.0313162 1.00343e-18)
(1.02488 0.0373019 1.03691e-18)
(1.03356 0.043217 1.06424e-18)
(1.04257 0.0490815 1.08765e-18)
(0.925638 -0.029076 5.13159e-19)
(0.928642 -0.0263645 7.28479e-19)
(0.931681 -0.0234836 2.49915e-18)
(0.934767 -0.0204134 -5.90093e-19)
(0.937886 -0.0171284 8.53531e-19)
(0.941025 -0.013576 9.01457e-19)
(0.944256 -0.00961939 2.1811e-18)
(0.947854 -0.00505225 4.0863e-18)
(0.95209 0.000162284 3.29798e-18)
(0.956855 0.00558936 3.52035e-18)
(0.962128 0.0112045 3.38367e-18)
(0.967971 0.0168565 3.40616e-18)
(0.974343 0.0225163 3.37624e-18)
(0.981218 0.0281407 3.41249e-18)
(0.988557 0.0337346 3.4576e-18)
(0.996342 0.0392989 3.48129e-18)
(0.87699 -0.0298755 -1.39039e-18)
(0.878167 -0.0270781 -2.93096e-18)
(0.879383 -0.0241031 -2.57702e-20)
(0.880664 -0.0209284 -2.40524e-18)
(0.882022 -0.0175214 -2.82106e-18)
(0.883476 -0.0138254 -3.53142e-19)
(0.885085 -0.00974869 -1.81318e-18)
(0.886958 -0.00524292 1.62262e-18)
(0.889221 -0.000432478 4.30076e-19)
(0.892131 0.00452296 9.22921e-19)
(0.895831 0.00967274 6.82004e-19)
(0.900197 0.0148599 8.34432e-19)
(0.905191 0.0200698 6.43765e-19)
(0.910778 0.0252649 6.26077e-19)
(0.916949 0.0304481 6.88092e-19)
(0.923699 0.0356158 6.48359e-19)
(0.810824 -0.0301818 -1.23036e-18)
(0.81016 -0.0274715 -1.79829e-18)
(0.809563 -0.02462 -1.90314e-18)
(0.809068 -0.0216138 -4.83723e-18)
(0.808703 -0.01843 -1.36751e-18)
(0.808516 -0.0150298 -3.50644e-18)
(0.808602 -0.0113548 4.07073e-19)
(0.809122 -0.00735895 3.85498e-19)
(0.81024 -0.00302361 3.47395e-20)
(0.812004 0.0016467 3.58102e-19)
(0.814381 0.00642484 1.65359e-19)
(0.817422 0.0112614 1.67472e-19)
(0.82118 0.0160975 2.02373e-19)
(0.825658 0.0209069 1.892e-19)
(0.83085 0.0256873 8.39236e-20)
(0.836751 0.0304424 1.74027e-19)
(0.733328 -0.0290824 -2.13669e-18)
(0.731144 -0.0264042 -4.00083e-18)
(0.729086 -0.0235979 -4.98863e-19)
(0.727194 -0.0206488 -2.72359e-18)
(0.725512 -0.017533 -4.16138e-18)
(0.724097 -0.0142168 -9.71455e-19)
(0.723029 -0.0106628 -3.34007e-18)
(0.722408 -0.00686735 9.82132e-19)
(0.722325 -0.00289121 -1.11842e-19)
(0.722884 0.00117395 2.39097e-19)
(0.724203 0.00530509 8.47556e-20)
(0.726297 0.0094855 1.27238e-19)
(0.729133 0.0136929 1.92912e-19)
(0.73272 0.0179092 3.4608e-20)
(0.73707 0.0221184 1.08276e-19)
(0.742191 0.0263146 1.46257e-19)
(0.649677 -0.0270301 -3.16221e-18)
(0.646338 -0.0244483 2.29431e-19)
(0.643172 -0.0217724 4.97574e-20)
(0.64022 -0.0189943 -1.6864e-19)
(0.637528 -0.0161003 1.66308e-19)
(0.635153 -0.0130719 1.59903e-19)
(0.633172 -0.00989077 4.89351e-19)
(0.631682 -0.006552 3.2063e-19)
(0.630786 -0.00306232 3.19608e-19)
(0.630557 0.000569205 4.47435e-19)
(0.631008 0.00429144 4.13342e-19)
(0.632176 0.00801807 4.42416e-19)
(0.634117 0.011724 4.75162e-19)
(0.636838 0.0154076 4.68108e-19)
(0.640341 0.0190676 3.93217e-19)
(0.644632 0.0227056 4.04966e-19)
(0.563891 -0.02428 8.75102e-19)
(0.559751 -0.0218219 7.63729e-19)
(0.555817 -0.0192978 1.47436e-18)
(0.55213 -0.0167015 1.81696e-18)
(0.548735 -0.0140216 5.4639e-18)
(0.545687 -0.0112438 1.40846e-18)
(0.543051 -0.00835474 5.92111e-18)
(0.540903 -0.0053537 8.18425e-19)
(0.539315 -0.00226132 1.83209e-18)
(0.538346 0.000878339 1.71935e-18)
(0.538053 0.00402446 1.76421e-18)
(0.53847 0.00719461 1.75038e-18)
(0.539612 0.0103603 1.73583e-18)
(0.541498 0.0135007 1.81123e-18)
(0.544141 0.0166099 1.86321e-18)
(0.547552 0.0196897 1.90042e-18)
(0.478848 -0.0210663 1.26416e-18)
(0.474216 -0.0187498 1.89342e-18)
(0.469808 -0.0163938 5.45051e-18)
)
;

boundaryField
{
    inlet
    {
        type            uniformFixedValue;
        uniformValue    constant (1 0 0);
        value           nonuniform 0();
    }
    outlet
    {
        type            pressureInletOutletVelocity;
        value           nonuniform 0();
    }
    polygon
    {
        type            fixedValue;
        value           nonuniform 0();
    }
    top
    {
        type            symmetryPlane;
    }
    bottom
    {
        type            symmetryPlane;
    }
    outside
    {
        type            zeroGradient;
    }
    procBoundary62to54
    {
        type            processor;
        value           nonuniform List<vector> 
17
(
(0.465659 -0.013995 5.30652e-19)
(0.461811 -0.011547 2.52992e-18)
(0.458312 -0.00904271 1.59407e-18)
(0.455217 -0.00647675 4.50752e-18)
(0.452588 -0.00385127 7.58412e-18)
(0.450486 -0.00117782 7.37768e-18)
(0.448956 0.00152091 7.50877e-18)
(0.448043 0.00422839 7.51393e-18)
(0.447782 0.00691717 7.56111e-18)
(0.448195 0.00957617 7.54688e-18)
(0.4493 0.0121985 7.59792e-18)
(0.451111 0.0147815 7.58524e-18)
(0.45364 0.0173273 7.57562e-18)
(0.396445 -0.0176002 1.87054e-18)
(0.39159 -0.0154332 1.10018e-18)
(0.465659 -0.013995 5.30652e-19)
(0.386961 -0.01325 2.42588e-18)
)
;
    }
    procBoundary62to55
    {
        type            processor;
        value           uniform (0.483669 -0.0233457 -1.07736e-18);
    }
    procBoundary62to61
    {
        type            processor;
        value           nonuniform List<vector> 7((1.05189 0.054912 1.11462e-18) (1.00455 0.0448457 3.52171e-18) (0.931026 0.0407754 5.87436e-19) (0.843359 0.0351809 1.64283e-19) (0.748087 0.0305002 9.78589e-20) (0.64972 0.0263266 5.37167e-19) (0.551742 0.0227458 1.78115e-18));
    }
    procBoundary62to63
    {
        type            processor;
        value           nonuniform List<vector> 7((0.947252 -0.0272467 -1.83438e-18) (0.922667 -0.0316419 -2.27638e-19) (0.875838 -0.0325196 -6.74371e-19) (0.811531 -0.0327671 -7.42803e-19) (0.735602 -0.0316484 -1.57e-18) (0.653151 -0.0295268 -5.15762e-18) (0.568201 -0.0266776 -4.81292e-18));
    }
}


// ************************************************************************* //
