/*--------------------------------*- C++ -*----------------------------------*\
  =========                 |
  \\      /  F ield         | OpenFOAM: The Open Source CFD Toolbox
   \\    /   O peration     | Website:  https://openfoam.org
    \\  /    A nd           | Version:  7
     \\/     M anipulation  |
\*---------------------------------------------------------------------------*/
FoamFile
{
    version     2.0;
    format      ascii;
    class       volVectorField;
    location    "118";
    object      U;
}
// * * * * * * * * * * * * * * * * * * * * * * * * * * * * * * * * * * * * * //

dimensions      [0 1 -1 0 0 0 0];

internalField   nonuniform List<vector> 
125
(
(-0.151936 0.0100199 -5.45854e-18)
(-0.146741 0.0117593 -1.29854e-17)
(-0.140998 0.0139063 -1.91228e-17)
(-0.134618 0.0165677 -2.6316e-18)
(-0.127611 0.0199081 -7.92209e-18)
(-0.119757 0.0241237 -1.76583e-18)
(-0.111444 0.0294829 1.60657e-19)
(-0.101683 0.0364774 1.86527e-19)
(-0.0928304 0.0447162 1.54738e-17)
(-0.0800745 0.0563717 1.22891e-18)
(-0.0713767 0.0638522 -2.00305e-17)
(-0.0512386 0.0742879 -3.84986e-18)
(-0.0196561 0.0431062 -8.64772e-18)
(-0.180062 0.0053477 -5.23425e-18)
(-0.176598 0.00616673 -2.33046e-17)
(-0.172713 0.00717063 -4.61035e-18)
(-0.168348 0.00840768 -3.01898e-18)
(-0.163423 0.0099355 -1.01022e-17)
(-0.15787 0.0118359 -1.06341e-17)
(-0.151556 0.0142105 -1.14172e-18)
(-0.144449 0.0172118 -1.69338e-17)
(-0.136229 0.0210405 -2.38035e-18)
(-0.127196 0.0259253 1.05686e-19)
(-0.116171 0.0324238 -1.81749e-19)
(-0.105188 0.0400416 1.32883e-17)
(-0.0895341 0.051054 1.69228e-18)
(-0.0757175 0.0580965 -1.89361e-17)
(-0.0514826 0.0668462 -3.54777e-18)
(-0.0168341 0.0395864 -1.37919e-17)
(-0.192952 0.00433774 -2.1964e-18)
(-0.189814 0.00501612 -2.4664e-17)
(-0.186232 0.00585552 -5.93107e-18)
(-0.182138 0.00689901 -2.09869e-18)
(-0.177433 0.0081984 -1.42281e-17)
(-0.172031 0.00982679 -8.25333e-18)
(-0.165759 0.0118773 1.9387e-18)
(-0.158549 0.014485 -1.66201e-17)
(-0.149993 0.0178451 -1.52194e-18)
(-0.140311 0.0221404 8.09769e-19)
(-0.128164 0.0279475 1.99071e-17)
(-0.115276 0.0347174 2.05761e-17)
(-0.0970789 0.044684 2.42985e-18)
(-0.0789134 0.0511236 -1.17341e-17)
(-0.051262 0.0583979 -3.16592e-18)
(-0.0152678 0.035597 -8.61729e-18)
(-0.203525 0.00343205 -1.84154e-18)
(-0.200653 0.00396759 -2.36408e-17)
(-0.197319 0.00463814 -6.35496e-18)
(-0.193444 0.00548058 -1.58988e-18)
(-0.188919 0.00653944 -7.308e-18)
(-0.183638 0.00787692 -8.66388e-18)
(-0.177397 0.00957417 8.69063e-18)
(-0.170097 0.0117441 -7.30088e-18)
(-0.161256 0.0145667 1.7348e-19)
(-0.151026 0.0181774 2.13508e-18)
(-0.137937 0.0231318 3.04174e-17)
(-0.123431 0.0288718 1.81017e-17)
(-0.103097 0.0374682 2.27305e-18)
(-0.0813511 0.0431232 -1.43086e-17)
(-0.0508072 0.0491384 -2.7798e-18)
(-0.0142414 0.0310137 -1.15294e-17)
(-0.211877 0.00261552 -1.96987e-18)
(-0.209214 0.0030067 -2.0046e-17)
(-0.206076 0.00350513 -6.70694e-18)
(-0.202376 0.0041409 -1.95553e-18)
(-0.197993 0.0049502 -5.3331e-18)
(-0.19281 0.00598286 -1.37636e-17)
(-0.186595 0.00730546 2.00502e-18)
(-0.179228 0.00900614 -5.13945e-18)
(-0.170164 0.0112399 3.59989e-18)
(-0.159501 0.0140976 3.74127e-18)
(-0.145668 0.0180717 1.94688e-17)
(-0.129867 0.0226445 2.27945e-17)
(-0.107821 0.0296117 1.48141e-18)
(-0.083237 0.0342968 -5.84549e-18)
(-0.0502562 0.0391732 -1.27388e-18)
(-0.0134471 0.0257259 -4.39547e-18)
(-0.218082 0.00186187 -4.42833e-18)
(-0.215576 0.00210867 -3.08838e-17)
(-0.212584 0.00243448 -7.16741e-18)
(-0.209016 0.00286201 -1.94593e-18)
(-0.204742 0.00341846 -6.51275e-18)
(-0.199634 0.00414032 -6.9538e-18)
(-0.193443 0.0050773 2.59848e-19)
(-0.186031 0.00629137 -7.52531e-18)
(-0.176809 0.00790459 1.01896e-17)
(-0.165833 0.00996553 6.67318e-18)
(-0.151458 0.0128639 2.26979e-17)
(-0.134697 0.0161764 1.96162e-17)
(-0.11137 0.0213115 -2.08906e-18)
(-0.0846672 0.0248508 -3.27261e-18)
(-0.0497122 0.0285762 -2.69405e-19)
(-0.0127839 0.0196512 -2.31078e-18)
(-0.222195 0.0011896 -1.33298e-17)
(-0.219793 0.00129481 -2.40545e-17)
(-0.216899 0.00144915 -6.26642e-18)
(-0.21342 0.00166869 -2.14788e-18)
(-0.209219 0.00196998 -1.26015e-17)
(-0.204165 0.00237573 -4.44334e-18)
(-0.197994 0.00291744 -3.39347e-20)
(-0.190559 0.00363169 6.87285e-18)
(-0.181238 0.00459806 4.11105e-18)
(-0.170068 0.00584138 1.22217e-17)
(-0.155345 0.00762247 1.96454e-17)
(-0.137959 0.00963285 6.17845e-18)
(-0.113781 0.0128058 -9.71999e-18)
(-0.0856652 0.0150459 -2.11744e-18)
(-0.0492595 0.0175094 3.47779e-19)
(-0.0122511 0.0127639 -1.99044e-18)
(-0.224247 0.000492088 -1.44014e-17)
(-0.221898 0.000453216 -1.18605e-17)
(-0.219053 0.000435898 -4.81135e-18)
(-0.215619 0.000446091 -2.77161e-18)
(-0.211456 0.000493245 -6.24498e-18)
(-0.206432 0.000586423 -2.54111e-18)
(-0.200274 0.000737452 -4.21719e-20)
(-0.192831 0.000956826 4.41867e-18)
(-0.183463 0.00127541 -6.28141e-19)
(-0.172198 0.00169491 4.41653e-18)
(-0.157306 0.00232123 7.67278e-18)
(-0.139619 0.00299951 -5.55559e-18)
(-0.115014 0.00410134 -4.85604e-18)
(-0.0861869 0.00486048 -1.38633e-18)
(-0.0489691 0.00578252 2.208e-18)
(-0.011913 0.00446249 -4.22442e-18)
)
;

boundaryField
{
    inlet
    {
        type            uniformFixedValue;
        uniformValue    constant (1 0 0);
        value           nonuniform 0();
    }
    outlet
    {
        type            pressureInletOutletVelocity;
        value           nonuniform 0();
    }
    polygon
    {
        type            fixedValue;
        value           uniform (0 0 0);
    }
    top
    {
        type            symmetryPlane;
    }
    bottom
    {
        type            symmetryPlane;
    }
    outside
    {
        type            zeroGradient;
    }
    procBoundary34to26
    {
        type            processor;
        value           nonuniform List<vector> 
16
(
(-0.224254 -4.08118e-05 -8.17777e-18)
(-0.221902 -0.000211092 -6.15659e-18)
(-0.219055 -0.000389463 -3.94552e-18)
(-0.215619 -0.000576629 -5.13473e-18)
(-0.211454 -0.000773254 -4.52213e-18)
(-0.206426 -0.000982855 -1.42559e-18)
(-0.200266 -0.00121644 7.36672e-19)
(-0.192822 -0.00148274 5.16049e-18)
(-0.183452 -0.00181698 -6.55519e-18)
(-0.172187 -0.002222 9.4646e-19)
(-0.157294 -0.00281138 1.89457e-18)
(-0.139607 -0.00343505 -2.39812e-18)
(-0.115003 -0.00447393 -2.68954e-18)
(-0.0861787 -0.00517185 -1.04221e-18)
(-0.0489673 -0.00601891 5.7908e-18)
(-0.0119145 -0.00459073 -9.83068e-18)
)
;
    }
    procBoundary34to27
    {
        type            processor;
        value           uniform (-0.226184 0.000546408 4.11119e-18);
    }
    procBoundary34to35
    {
        type            processor;
        value           nonuniform List<vector> 6((-0.183158 0.00467727 -4.29216e-18) (-0.19571 0.00378799 3.25016e-18) (-0.206006 0.00300368 -4.80578e-18) (-0.214139 0.00230872 2.38632e-18) (-0.220181 0.00167651 1.11486e-17) (-0.224186 0.00112144 6.2677e-18));
    }
    procBoundary34to42
    {
        type            processor;
        value           nonuniform List<vector> 
17
(
(-0.132734 0.0117415 -1.02334e-17)
(-0.127205 0.0136744 -3.17335e-18)
(-0.121218 0.0160418 -1.79121e-17)
(-0.114728 0.0189522 -2.70461e-18)
(-0.107793 0.0225762 -3.50068e-18)
(-0.100302 0.0270964 -1.18264e-18)
(-0.0927272 0.0328058 -1.93117e-19)
(-0.0843018 0.0400793 1.25355e-19)
(-0.0776981 0.04868 7.44104e-18)
(-0.0680905 0.0604809 4.72548e-19)
(-0.065202 0.0682174 -1.31873e-17)
(-0.0500623 0.0802864 -3.9907e-18)
(-0.0252701 0.046553 -1.15238e-17)
(-0.164735 0.00648276 -1.06642e-17)
(-0.16088 0.00743863 -1.79192e-17)
(-0.156629 0.00860023 -2.34589e-18)
(-0.156629 0.00860023 -2.34589e-18)
)
;
    }
}


// ************************************************************************* //
