/*--------------------------------*- C++ -*----------------------------------*\
  =========                 |
  \\      /  F ield         | OpenFOAM: The Open Source CFD Toolbox
   \\    /   O peration     | Website:  https://openfoam.org
    \\  /    A nd           | Version:  7
     \\/     M anipulation  |
\*---------------------------------------------------------------------------*/
FoamFile
{
    version     2.0;
    format      ascii;
    class       volVectorField;
    location    "30";
    object      U;
}
// * * * * * * * * * * * * * * * * * * * * * * * * * * * * * * * * * * * * * //

dimensions      [0 1 -1 0 0 0 0];

internalField   nonuniform List<vector> 
125
(
(0.659143 -0.18959 5.0197e-18)
(0.659445 -0.182159 -2.31683e-17)
(0.660801 -0.173572 5.25588e-17)
(0.663733 -0.164372 8.95438e-18)
(0.668694 -0.155052 -3.42707e-17)
(0.676024 -0.146034 4.35803e-18)
(0.707653 -0.0735061 -2.95936e-17)
(0.71971 -0.104389 -1.97537e-17)
(0.730176 -0.130836 -3.62308e-17)
(0.738823 -0.152776 -1.74597e-17)
(0.745524 -0.170256 -1.41327e-17)
(0.750308 -0.183405 -2.9467e-17)
(0.75333 -0.192446 -1.2552e-17)
(0.754878 -0.197697 -3.1016e-17)
(0.755357 -0.199554 -1.01401e-17)
(0.755263 -0.198488 -6.29411e-18)
(0.755162 -0.195019 -1.23314e-17)
(0.75565 -0.189699 5.40439e-18)
(0.757306 -0.183081 3.61342e-19)
(0.76065 -0.175694 1.64465e-17)
(0.766091 -0.168013 -4.01937e-18)
(0.773889 -0.160432 -7.00145e-18)
(0.784139 -0.153253 4.64122e-18)
(0.80256 -0.0828333 -8.36865e-18)
(0.81533 -0.11253 -8.76728e-18)
(0.826131 -0.137621 -9.24901e-18)
(0.834812 -0.158102 -8.55376e-18)
(0.841339 -0.174129 -6.73037e-18)
(0.845872 -0.185931 -9.77668e-18)
(0.848707 -0.193836 -4.94098e-18)
(0.850283 -0.198254 -7.17861e-18)
(0.85114 -0.199653 -1.41624e-18)
(0.851879 -0.198558 -1.91349e-19)
(0.853117 -0.195505 2.92726e-18)
(0.85543 -0.191026 1.29162e-17)
(0.859295 -0.185616 2.07436e-17)
(0.865057 -0.17971 4.80082e-17)
(0.872898 -0.173664 1.58997e-17)
(0.882838 -0.16775 -4.76347e-18)
(0.894759 -0.162157 5.1567e-18)
(0.893074 -0.0926866 -5.74588e-18)
(0.906801 -0.121041 -3.6153e-18)
(0.918324 -0.144636 -2.81358e-18)
(0.92759 -0.163552 -4.109e-18)
(0.934653 -0.178097 -1.96442e-18)
(0.939801 -0.188612 -2.36206e-18)
(0.943441 -0.195541 -5.96046e-19)
(0.946098 -0.199377 -1.17473e-18)
(0.948362 -0.200627 8.80761e-19)
(0.950809 -0.199823 1.01118e-18)
(0.953975 -0.197464 4.06542e-18)
(0.958284 -0.194003 8.18551e-18)
(0.964018 -0.189827 8.94917e-18)
(0.971308 -0.185255 9.98715e-18)
(0.980147 -0.180533 8.36637e-19)
(0.990423 -0.175843 -2.56226e-19)
(1.00195 -0.171318 3.59513e-18)
(0.980021 -0.103426 -6.26874e-18)
(0.99519 -0.130469 -6.11195e-19)
(1.00811 -0.152489 -1.55355e-18)
(1.01874 -0.169765 -1.83656e-18)
(1.02717 -0.182833 -1.41209e-18)
(1.03376 -0.192161 3.52006e-19)
(1.03896 -0.198275 -5.02604e-19)
(1.04327 -0.201708 2.6477e-19)
(1.04722 -0.20295 -5.41818e-19)
(1.05126 -0.202491 -9.16505e-19)
(1.05577 -0.200748 -2.6297e-18)
(1.061 -0.19808 -3.76805e-18)
(1.06709 -0.194778 -1.14469e-17)
(1.07406 -0.19107 -2.70863e-17)
(1.08186 -0.18714 1.03776e-17)
(1.09038 -0.183136 -4.28148e-18)
(1.09953 -0.179179 9.86834e-19)
(1.06396 -0.117018 -2.80144e-18)
(1.08169 -0.141654 -2.59595e-18)
(1.09681 -0.161571 -1.53516e-18)
(1.10945 -0.177015 -2.87108e-18)
(1.1197 -0.188619 -3.62536e-19)
(1.128 -0.196844 -7.02106e-19)
(1.13471 -0.202181 -9.73014e-19)
(1.14028 -0.205165 5.56332e-19)
(1.14511 -0.206235 -2.7428e-18)
(1.14952 -0.205821 -2.43799e-18)
(1.1538 -0.204297 -4.10538e-18)
(1.15813 -0.201958 -4.33116e-18)
(1.16262 -0.199023 -5.97e-18)
(1.16733 -0.195675 -3.09666e-18)
(1.17228 -0.192072 4.55624e-18)
(1.17748 -0.188356 -2.4391e-19)
(1.18294 -0.184654 5.78047e-18)
(1.14732 -0.126505 -1.71082e-17)
(1.16727 -0.150905 -7.47002e-17)
(1.18444 -0.17028 3.49437e-18)
(1.19887 -0.184866 -4.79382e-17)
(1.21057 -0.19552 -6.26999e-17)
(1.21996 -0.202782 -1.23237e-17)
(1.22725 -0.207201 -6.25864e-17)
(1.23281 -0.209365 6.84619e-18)
(1.23698 -0.209742 -3.62852e-17)
(1.24003 -0.208843 -4.48941e-17)
(1.24225 -0.207036 -5.44146e-18)
(1.24392 -0.204533 -3.95311e-17)
(1.24524 -0.201501 1.3111e-17)
(1.24636 -0.198106 -1.01148e-17)
(1.24742 -0.194493 -1.78011e-18)
(1.24854 -0.19081 -1.09374e-17)
(1.24982 -0.187184 -1.69624e-17)
(1.21528 -0.154569 -1.11878e-17)
(1.24051 -0.1742 -1.91516e-17)
(1.26161 -0.189009 -5.40345e-18)
(1.27868 -0.199267 -2.38339e-17)
(1.29181 -0.206117 -1.34871e-17)
(1.3016 -0.210139 -9.06029e-18)
(1.30831 -0.211896 -1.70976e-17)
(1.31243 -0.211978 -1.88379e-18)
(1.31433 -0.210765 -1.77401e-17)
(1.31443 -0.20874 -1.1002e-17)
(1.31326 -0.206128 -6.32963e-18)
(1.31125 -0.203076 -1.18951e-17)
(1.30871 -0.199724 -3.05204e-18)
(1.30587 -0.196207 -2.00767e-17)
(1.30295 -0.192653 -2.44044e-17)
(1.30013 -0.189185 6.22948e-18)
(1.29757 -0.185907 -6.04701e-18)
)
;

boundaryField
{
    inlet
    {
        type            uniformFixedValue;
        uniformValue    constant (1 0 0);
        value           nonuniform 0();
    }
    outlet
    {
        type            pressureInletOutletVelocity;
        value           nonuniform 0();
    }
    polygon
    {
        type            fixedValue;
        value           nonuniform 0();
    }
    top
    {
        type            symmetryPlane;
    }
    bottom
    {
        type            symmetryPlane;
    }
    outside
    {
        type            zeroGradient;
    }
    procBoundary5to4
    {
        type            processor;
        value           nonuniform List<vector> 7((0.796774 -0.146682 1.81507e-18) (0.908445 -0.157007 3.80546e-18) (1.01454 -0.167053 2.24437e-18) (1.10921 -0.175375 -3.65999e-18) (1.18867 -0.181081 8.95466e-18) (1.25135 -0.183734 1.10664e-17) (1.2954 -0.182909 3.80869e-18));
    }
    procBoundary5to6
    {
        type            processor;
        value           nonuniform List<vector> 7((0.694344 -0.0383111 -1.86024e-17) (0.788181 -0.0485409 -5.37472e-18) (0.877304 -0.0595804 -6.06174e-19) (0.962879 -0.0710025 -1.2012e-18) (1.04388 -0.0870996 -4.47285e-18) (1.12459 -0.0962178 -7.28207e-17) (1.18592 -0.128451 -1.76659e-17));
    }
    procBoundary5to12
    {
        type            processor;
        value           uniform (0.685911 -0.137645 -1.16081e-17);
    }
    procBoundary5to13
    {
        type            processor;
        value           nonuniform List<vector> 
18
(
(0.56423 -0.189709 1.30704e-18)
(0.564582 -0.181989 2.09818e-18)
(0.565259 -0.172741 5.23486e-18)
(0.566735 -0.162506 2.19686e-18)
(0.569496 -0.151811 -2.67283e-18)
(0.574004 -0.141145 1.46962e-18)
(0.607992 -0.0647848 -1.12314e-16)
(0.619439 -0.0965227 -3.15598e-17)
(0.629737 -0.124045 -1.28212e-16)
(0.638623 -0.147212 -7.32488e-17)
(0.645912 -0.165987 -2.0351e-17)
(0.65153 -0.180413 -8.84907e-17)
(0.655509 -0.190626 -1.83485e-17)
(0.657993 -0.196861 -9.09405e-17)
(0.659225 -0.199439 -5.07941e-17)
(0.659538 -0.198765 -1.05724e-17)
(0.65935 -0.195309 -5.23349e-17)
(0.65935 -0.195309 -5.23349e-17)
)
;
    }
}


// ************************************************************************* //
