/*--------------------------------*- C++ -*----------------------------------*\
  =========                 |
  \\      /  F ield         | OpenFOAM: The Open Source CFD Toolbox
   \\    /   O peration     | Website:  https://openfoam.org
    \\  /    A nd           | Version:  7
     \\/     M anipulation  |
\*---------------------------------------------------------------------------*/
FoamFile
{
    version     2.0;
    format      ascii;
    class       surfaceScalarField;
    location    "42";
    object      phi;
}
// * * * * * * * * * * * * * * * * * * * * * * * * * * * * * * * * * * * * * //

dimensions      [0 3 -1 0 0 0 0];

internalField   nonuniform List<scalar> 
7840
(
-0.00147452
0.00976883
-0.00939962
-0.00183936
0.00973264
-0.0093678
-0.00220402
0.00967613
-0.00931147
-0.00256821
0.00963188
-0.00926769
-0.00293359
0.00958265
-0.00921727
-0.00330012
0.00954118
-0.00917466
-0.00366972
0.00949741
-0.00912781
-0.00404333
0.0094587
-0.00908509
-0.00442286
0.00941971
-0.00904019
-0.00480945
0.00938718
-0.00900058
-0.00520865
0.00935323
-0.00895404
-0.005621
0.00933463
-0.00892227
-0.00606291
0.00930864
-0.00886674
-0.00652488
0.00932378
-0.00886181
-0.00700841
0.00927305
-0.00878953
-0.00733754
0.00914909
-0.00881996
-0.00719694
0.00843664
-0.00857724
-0.00579225
0.0069812
-0.00838589
-0.00317768
0.00401669
-0.00663126
0.00109048
-0.00426816
-0.00150074
0.010139
-0.00186808
0.0101
-0.00223571
0.0100438
-0.00260351
0.00999968
-0.00297283
0.00995197
-0.00334425
0.00991261
-0.00371949
0.00987264
-0.00410016
0.00983937
-0.00448887
0.00980842
-0.00488813
0.00978644
-0.00530444
0.00976955
-0.00574252
0.00977271
-0.00621139
0.00977752
-0.00666782
0.00978021
-0.00698615
0.00959138
-0.00683395
0.00899689
-0.00585915
0.00746183
-0.00382391
0.00494597
-0.00144293
0.0016357
-0.000352443
-0.00152587
0.0105105
-0.00189522
0.0104693
-0.00226552
0.0104141
-0.00263654
0.0103707
-0.00301003
0.0103255
-0.00338675
0.0102893
-0.00376866
0.0102545
-0.00415735
0.0102281
-0.00455566
0.0102067
-0.00496689
0.0101977
-0.00539713
0.0101998
-0.00584493
0.0102205
-0.0062799
0.0102125
-0.00657317
0.0100735
-0.00647532
0.00949353
-0.00563133
0.0081529
-0.00390685
0.00573736
-0.00162702
0.00266614
-9.16124e-05
0.000100293
-0.000444055
-0.00154982
0.010883
-0.00192099
0.0108405
-0.00229349
0.0107866
-0.00266717
0.0107444
-0.0030437
0.010702
-0.00342377
0.0106694
-0.00380945
0.0106402
-0.00420307
0.0106217
-0.00460869
0.0106124
-0.00503048
0.0106194
-0.00546802
0.0106373
-0.0058932
0.0106457
-0.00621355
0.0105328
-0.00622325
0.0100832
-0.00564392
0.0089142
-0.00427765
0.00678662
-0.0023612
0.00382091
-0.000731825
0.00103676
-5.84107e-05
-0.000573121
-0.000502466
-0.00157238
0.0112566
-0.0019452
0.0112133
-0.00231972
0.0111611
-0.00269616
0.0111208
-0.00307631
0.0110821
-0.00346153
0.0110546
-0.0038544
0.0110331
-0.00425707
0.0110244
-0.00467142
0.0110267
-0.00509566
0.0110437
-0.0055123
0.011054
-0.00585545
0.0109888
-0.00597338
0.0106508
-0.00562315
0.00973295
-0.00458819
0.00787925
-0.00292218
0.00512062
-0.00122263
0.00212136
-0.00016322
-2.26507e-05
0.000113871
-0.000850213
-0.000388595
-0.00159362
0.0116312
-0.00196799
0.0115877
-0.00234432
0.0115374
-0.002723
0.0114995
-0.00310543
0.0114646
-0.00349263
0.0114418
-0.00388615
0.0114266
-0.00428785
0.0114261
-0.00469908
0.0114379
-0.00511146
0.0114561
-0.00548273
0.0114252
-0.00569917
0.0112053
-0.00556324
0.0105148
-0.00485223
0.00902193
-0.00350494
0.00653196
-0.00187358
0.00348926
-0.000627233
0.000875019
-6.67395e-05
-0.000583144
6.2077e-06
-0.00092316
-0.000382387
-0.00161335
0.0120064
-0.00198893
0.0119633
-0.00236674
0.0119152
-0.00274761
0.0118804
-0.00313304
0.01185
-0.00352496
0.0118337
-0.00392554
0.0118272
-0.00433626
0.0118368
-0.00475119
0.0118529
-0.00513987
0.0118447
-0.0054219
0.0117073
-0.0054476
0.011231
-0.00502066
0.0100879
-0.00400122
0.00800249
-0.00253108
0.00506181
-0.00115322
0.0021114
-0.000342057
6.38515e-05
-3.44668e-05
-0.000890734
6.9131e-06
-0.00096454
-0.000375474
-0.0016319
0.0123822
-0.00200874
0.0123401
-0.002388
0.0122945
-0.00277074
0.0122631
-0.00315766
0.0122369
-0.00354969
0.0122258
-0.00394639
0.0122239
-0.00434422
0.0122346
-0.00472778
0.0122364
-0.00505084
0.0121678
-0.00521141
0.0118678
-0.00504216
0.0110617
-0.00436507
0.0094108
-0.00315767
0.0067951
-0.0017665
0.00367065
-0.000732294
0.00107719
-0.000212814
-0.000455628
-3.82649e-05
-0.00106528
-2.17487e-05
-0.000981056
-0.000397222
-0.00164876
0.0127584
-0.00202624
0.0127176
-0.00240616
0.0126744
-0.00279037
0.0126473
-0.00317905
0.0126256
-0.00357414
0.0126208
-0.00397564
0.0126254
-0.00437833
0.0126373
-0.0047551
0.0126132
-0.00502938
0.0124421
-0.00505678
0.0118952
-0.00465809
0.010663
-0.0037344
0.00848711
-0.00244114
0.00550184
-0.001232
0.0024615
-0.000461897
0.000307092
-0.000101638
-0.000815888
5.23974e-06
-0.00117216
5.41204e-06
-0.000981228
-0.00039181
-0.0016644
0.0131342
-0.00204388
0.0130971
-0.00242515
0.0130557
-0.00281139
0.0130336
-0.00320093
0.0130151
-0.0035946
0.0130145
-0.00398633
0.0130171
-0.00435781
0.0130088
-0.00465796
0.0129134
-0.0047851
0.0125692
-0.00459821
0.0117083
-0.003981
0.0100458
-0.00294966
0.00745577
-0.00175374
0.00430592
-0.000786962
0.00149472
-0.000223396
-0.000256474
2.59449e-05
-0.00106523
5.88637e-05
-0.00120508
1.40607e-05
-0.000936425
-0.00037775
-0.000618
0.0115517
-0.0117741
-0.000403615
0.0114582
-0.0116725
-0.000194192
0.0113586
-0.0115681
3.42548e-06
0.0112312
-0.0114288
0.000192011
0.0111129
-0.0113015
0.000366268
0.0109644
-0.0111387
0.000526551
0.0108157
-0.0109759
0.000668491
0.0106355
-0.0107774
0.000789169
0.0104367
-0.0105574
0.000884357
0.0101968
-0.010292
0.000948811
0.009918
-0.00998246
0.00097766
0.0095747
-0.00960355
0.000962336
0.00917076
-0.00915544
0.000905108
0.00866932
-0.00861209
0.000796596
0.00811502
-0.00800651
0.000644119
0.00740941
-0.00725694
0.000441419
0.00670852
-0.00650582
0.000178088
0.00574882
-0.00548549
-6.72408e-06
0.00458914
-0.00440432
0.00218181
-0.00218853
-0.000642733
0.0113262
-0.000426037
0.0112415
-0.000214024
0.0111466
-1.36089e-05
0.0110308
0.000177942
0.0109213
0.000355267
0.0107871
0.000518622
0.0106523
0.000663575
0.0104905
0.000787413
0.0103129
0.000885614
0.0100986
0.000953071
0.00985055
0.000984963
0.00954281
0.00097477
0.00918096
0.000920981
0.0087231
0.000821056
0.00821494
0.000667676
0.00756279
0.000485096
0.0068911
0.000229972
0.00600394
7.37397e-05
0.00474537
0.00225555
-0.000667401
0.0110979
-0.00044751
0.0110216
-0.000232561
0.0109317
-2.87597e-05
0.010827
0.000166383
0.0107262
0.000347576
0.0106059
0.000514965
0.0104849
0.000664034
0.0103415
0.000791908
0.010185
0.00089355
0.00999695
0.000963256
0.00978084
0.000995137
0.00951093
0.000981005
0.00919509
0.000916623
0.00878749
0.00079871
0.00833286
0.000618921
0.00774258
0.000403793
0.00710623
0.000120106
0.00628763
-3.65554e-05
0.00490203
0.00221899
-0.000691534
0.0108665
-0.000468113
0.0107982
-0.000249802
0.0107134
-4.21613e-05
0.0106193
0.000157001
0.010527
0.000342655
0.0104202
0.00051482
0.0103127
0.000669029
0.0101873
0.000802456
0.0100516
0.000909903
0.00988951
0.000985887
0.00970486
0.00102365
0.00947317
0.00101642
0.00920232
0.000954614
0.00884929
0.000841818
0.00844565
0.000650134
0.00793427
0.000434213
0.00732215
0.000154865
0.00656698
-1.62737e-05
0.00507317
0.00220272
-0.000715311
0.0106318
-0.000488128
0.010571
-0.000266186
0.0104914
-5.43557e-05
0.0104075
0.000149229
0.0103234
0.000339891
0.0102296
0.000517638
0.010135
0.000678182
0.0100267
0.000818907
0.00991087
0.00093443
0.00977398
0.00101957
0.00961972
0.00106639
0.00942635
0.00106894
0.00919977
0.00101527
0.00890296
0.000909533
0.00855139
0.000732609
0.00811119
0.000506495
0.00754826
0.000230462
0.00684301
2.60711e-05
0.00527756
0.00222879
-0.000738229
0.0103935
-0.000506806
0.0103395
-0.000280619
0.0102652
-6.38583e-05
0.0101908
0.000145045
0.0101145
0.000341854
0.0100328
0.000526684
0.00995017
0.000695454
0.00985795
0.000846018
0.0097603
0.0009728
0.0096472
0.00107155
0.00952097
0.00113187
0.00936603
0.00115068
0.00918096
0.00110597
0.00894767
0.00100796
0.00864939
0.000801269
0.00831788
0.000564094
0.00778544
0.000241718
0.00716539
2.50945e-05
0.00549418
0.00225388
-0.000761077
0.0101514
-0.000525466
0.0101039
-0.000295068
0.0100348
-7.3447e-05
0.00996913
0.000140743
0.00990033
0.000343608
0.00982989
0.000535453
0.00975832
0.000712611
0.00968079
0.000873293
0.00959962
0.00101173
0.00950876
0.00112399
0.00940871
0.00119961
0.00929041
0.00123591
0.00914466
0.00121551
0.00896808
0.0011482
0.0087167
0.00102497
0.00844111
0.000822887
0.00798752
0.000568932
0.00741934
0.000226206
0.00583691
0.00248009
-0.000782228
0.00990501
-0.000541573
0.00986328
-0.000305747
0.00979902
-7.78916e-05
0.00974127
0.000143188
0.00967925
0.000354107
0.00961897
0.000555566
0.00955686
0.000744176
0.00949218
0.000918557
0.00942524
0.00107313
0.00935418
0.00120576
0.00927609
0.00130487
0.0091913
0.00136814
0.00908139
0.00136763
0.00896858
0.00130443
0.00877991
0.00110841
0.00863713
0.000846789
0.00824914
0.000434681
0.00783145
0.000160945
0.00611064
0.00264103
-0.000804667
0.00965482
-0.000560161
0.00961877
-0.000320314
0.00955917
-8.79086e-05
0.00950887
0.000138235
0.00945311
0.000354773
0.00940243
0.00056272
0.00934892
0.000758615
0.00929629
0.000941473
0.00924238
0.00110646
0.0091892
0.00125172
0.00913082
0.00136708
0.00907594
0.00145157
0.0089969
0.0014892
0.00893095
0.00149536
0.00877375
0.00148249
0.00864999
0.00142141
0.00831022
0.00126884
0.00798402
0.00077249
0.006607
0.00341352
-0.00082281
-0.000571837
-0.000324133
-8.29588e-05
0.000152884
0.000380661
0.000601768
0.000812967
0.00101516
0.00120378
0.00138056
0.00153423
0.0016644
0.00173353
0.00171776
0.00154779
0.00128077
0.000878901
0.000854639
-0.00082281
-0.00965482
0.00939962
-0.000571837
-0.00961877
0.0093678
-0.000324133
-0.00955917
0.00931147
-8.29588e-05
-0.00950887
0.00926769
0.000152884
-0.00945311
0.00921727
0.000380661
-0.00940243
0.00917466
0.000601768
-0.00934892
0.00912781
0.000812967
-0.00929629
0.00908509
0.00101516
-0.00924238
0.00904019
0.00120378
-0.0091892
0.00900058
0.00138056
-0.00913082
0.00895404
0.00153423
-0.00907594
0.00892227
0.0016644
-0.0089969
0.00886674
0.00173353
-0.00893095
0.00886181
0.00171776
-0.00877375
0.00878953
0.00154779
-0.00864999
0.00881996
0.00128077
-0.00831022
0.00857724
0.000878901
-0.00798402
0.00838589
0.000854639
-0.006607
0.00663126
-0.00341352
0.00426816
-0.000804667
-0.00990501
-0.000560161
-0.00986328
-0.000320314
-0.00979902
-8.79086e-05
-0.00974127
0.000138235
-0.00967925
0.000354773
-0.00961897
0.00056272
-0.00955686
0.000758615
-0.00949218
0.000941473
-0.00942524
0.00110646
-0.00935418
0.00125172
-0.00927609
0.00136708
-0.0091913
0.00145157
-0.00908139
0.0014892
-0.00896858
0.00149536
-0.00877991
0.00148249
-0.00863713
0.00142141
-0.00824914
0.00126884
-0.00783145
0.00077249
-0.00611064
-0.00264103
-0.000782228
-0.0101514
-0.000541573
-0.0101039
-0.000305747
-0.0100348
-7.78916e-05
-0.00996913
0.000143188
-0.00990033
0.000354107
-0.00982989
0.000555566
-0.00975832
0.000744176
-0.00968079
0.000918557
-0.00959962
0.00107313
-0.00950876
0.00120576
-0.00940871
0.00130487
-0.00929041
0.00136814
-0.00914466
0.00136763
-0.00896808
0.00130443
-0.0087167
0.00110841
-0.00844111
0.000846789
-0.00798752
0.000434681
-0.00741934
0.000160945
-0.00583691
-0.00248009
-0.000761077
-0.0103935
-0.000525466
-0.0103395
-0.000295068
-0.0102652
-7.3447e-05
-0.0101908
0.000140743
-0.0101145
0.000343608
-0.0100328
0.000535453
-0.00995017
0.000712611
-0.00985795
0.000873293
-0.0097603
0.00101173
-0.0096472
0.00112399
-0.00952097
0.00119961
-0.00936603
0.00123591
-0.00918096
0.00121551
-0.00894767
0.0011482
-0.00864939
0.00102497
-0.00831788
0.000822887
-0.00778544
0.000568932
-0.00716539
0.000226206
-0.00549418
-0.00225388
-0.000738229
-0.0106318
-0.000506806
-0.010571
-0.000280619
-0.0104914
-6.38583e-05
-0.0104075
0.000145045
-0.0103234
0.000341854
-0.0102296
0.000526684
-0.010135
0.000695454
-0.0100267
0.000846018
-0.00991087
0.0009728
-0.00977398
0.00107155
-0.00961972
0.00113187
-0.00942635
0.00115068
-0.00919977
0.00110597
-0.00890296
0.00100796
-0.00855139
0.000801269
-0.00811119
0.000564094
-0.00754826
0.000241718
-0.00684301
2.50945e-05
-0.00527756
-0.00222879
-0.000715311
-0.0108665
-0.000488128
-0.0107982
-0.000266186
-0.0107134
-5.43557e-05
-0.0106193
0.000149229
-0.010527
0.000339891
-0.0104202
0.000517638
-0.0103127
0.000678182
-0.0101873
0.000818907
-0.0100516
0.00093443
-0.00988951
0.00101957
-0.00970486
0.00106639
-0.00947317
0.00106894
-0.00920232
0.00101527
-0.00884929
0.000909533
-0.00844565
0.000732609
-0.00793427
0.000506495
-0.00732215
0.000230462
-0.00656698
2.60711e-05
-0.00507317
-0.00220272
-0.000691534
-0.0110979
-0.000468113
-0.0110216
-0.000249802
-0.0109317
-4.21613e-05
-0.010827
0.000157001
-0.0107262
0.000342655
-0.0106059
0.00051482
-0.0104849
0.000669029
-0.0103415
0.000802456
-0.010185
0.000909903
-0.00999695
0.000985887
-0.00978084
0.00102365
-0.00951093
0.00101642
-0.00919509
0.000954614
-0.00878749
0.000841818
-0.00833286
0.000650134
-0.00774258
0.000434213
-0.00710623
0.000154865
-0.00628763
-1.62737e-05
-0.00490203
-0.00221899
-0.000667401
-0.0113262
-0.00044751
-0.0112415
-0.000232561
-0.0111466
-2.87597e-05
-0.0110308
0.000166383
-0.0109213
0.000347576
-0.0107871
0.000514965
-0.0106523
0.000664034
-0.0104905
0.000791908
-0.0103129
0.00089355
-0.0100986
0.000963256
-0.00985055
0.000995137
-0.00954281
0.000981005
-0.00918096
0.000916623
-0.0087231
0.00079871
-0.00821494
0.000618921
-0.00756279
0.000403793
-0.0068911
0.000120106
-0.00600394
-3.65554e-05
-0.00474537
-0.00225555
-0.000642733
-0.0115517
-0.000426037
-0.0114582
-0.000214024
-0.0113586
-1.36089e-05
-0.0112312
0.000177942
-0.0111129
0.000355267
-0.0109644
0.000518622
-0.0108157
0.000663575
-0.0106355
0.000787413
-0.0104367
0.000885614
-0.0101968
0.000953071
-0.009918
0.000984963
-0.0095747
0.00097477
-0.00917076
0.000920981
-0.00866932
0.000821056
-0.00811502
0.000667676
-0.00740941
0.000485096
-0.00670852
0.000229972
-0.00574882
7.37397e-05
-0.00458914
-0.00218181
-0.000618
-0.0117741
-0.000403615
-0.0116725
-0.000194192
-0.0115681
3.42548e-06
-0.0114288
0.000192011
-0.0113015
0.000366268
-0.0111387
0.000526551
-0.0109759
0.000668491
-0.0107774
0.000789169
-0.0105574
0.000884357
-0.010292
0.000948811
-0.00998246
0.00097766
-0.00960355
0.000962336
-0.00915544
0.000905108
-0.00861209
0.000796596
-0.00800651
0.000644119
-0.00725694
0.000441419
-0.00650582
0.000178088
-0.00548549
-6.72408e-06
-0.00440432
-0.00218853
-0.0016644
-0.0127584
0.0131342
-0.00204388
-0.0127176
0.0130971
-0.00242515
-0.0126744
0.0130557
-0.00281139
-0.0126473
0.0130336
-0.00320093
-0.0126256
0.0130151
-0.0035946
-0.0126208
0.0130145
-0.00398633
-0.0126254
0.0130171
-0.00435781
-0.0126373
0.0130088
-0.00465796
-0.0126132
0.0129134
-0.0047851
-0.0124421
0.0125692
-0.00459821
-0.0118952
0.0117083
-0.003981
-0.010663
0.0100458
-0.00294966
-0.00848711
0.00745577
-0.00175374
-0.00550184
0.00430592
-0.000786962
-0.0024615
0.00149472
-0.000223396
-0.000307092
-0.000256474
2.59449e-05
0.000815888
-0.00106523
5.88637e-05
0.00117216
-0.00120508
1.40607e-05
0.000981228
-0.000936425
0.00039181
-0.00037775
-0.00164876
-0.0123822
-0.00202624
-0.0123401
-0.00240616
-0.0122945
-0.00279037
-0.0122631
-0.00317905
-0.0122369
-0.00357414
-0.0122258
-0.00397564
-0.0122239
-0.00437833
-0.0122346
-0.0047551
-0.0122364
-0.00502938
-0.0121678
-0.00505678
-0.0118678
-0.00465809
-0.0110617
-0.0037344
-0.0094108
-0.00244114
-0.0067951
-0.001232
-0.00367065
-0.000461897
-0.00107719
-0.000101638
0.000455628
5.23974e-06
0.00106528
5.41204e-06
0.000981056
0.000397222
-0.0016319
-0.0120064
-0.00200874
-0.0119633
-0.002388
-0.0119152
-0.00277074
-0.0118804
-0.00315766
-0.01185
-0.00354969
-0.0118337
-0.00394639
-0.0118272
-0.00434422
-0.0118368
-0.00472778
-0.0118529
-0.00505084
-0.0118447
-0.00521141
-0.0117073
-0.00504216
-0.011231
-0.00436507
-0.0100879
-0.00315767
-0.00800249
-0.0017665
-0.00506181
-0.000732294
-0.0021114
-0.000212814
-6.38515e-05
-3.82649e-05
0.000890734
-2.17487e-05
0.00096454
0.000375474
-0.00161335
-0.0116312
-0.00198893
-0.0115877
-0.00236674
-0.0115374
-0.00274761
-0.0114995
-0.00313304
-0.0114646
-0.00352496
-0.0114418
-0.00392554
-0.0114266
-0.00433626
-0.0114261
-0.00475119
-0.0114379
-0.00513987
-0.0114561
-0.0054219
-0.0114252
-0.0054476
-0.0112053
-0.00502066
-0.0105148
-0.00400122
-0.00902193
-0.00253108
-0.00653196
-0.00115322
-0.00348926
-0.000342057
-0.000875019
-3.44668e-05
0.000583144
6.9131e-06
0.00092316
0.000382387
-0.00159362
-0.0112566
-0.00196799
-0.0112133
-0.00234432
-0.0111611
-0.002723
-0.0111208
-0.00310543
-0.0110821
-0.00349263
-0.0110546
-0.00388615
-0.0110331
-0.00428785
-0.0110244
-0.00469908
-0.0110267
-0.00511146
-0.0110437
-0.00548273
-0.011054
-0.00569917
-0.0109888
-0.00556324
-0.0106508
-0.00485223
-0.00973295
-0.00350494
-0.00787925
-0.00187358
-0.00512062
-0.000627233
-0.00212136
-6.67395e-05
2.26507e-05
6.2077e-06
0.000850213
0.000388595
-0.00157238
-0.010883
-0.0019452
-0.0108405
-0.00231972
-0.0107866
-0.00269616
-0.0107444
-0.00307631
-0.010702
-0.00346153
-0.0106694
-0.0038544
-0.0106402
-0.00425707
-0.0106217
-0.00467142
-0.0106124
-0.00509566
-0.0106194
-0.0055123
-0.0106373
-0.00585545
-0.0106457
-0.00597338
-0.0105328
-0.00562315
-0.0100832
-0.00458819
-0.0089142
-0.00292218
-0.00678662
-0.00122263
-0.00382091
-0.00016322
-0.00103676
0.000113871
0.000573121
0.000502466
-0.00154982
-0.0105105
-0.00192099
-0.0104693
-0.00229349
-0.0104141
-0.00266717
-0.0103707
-0.0030437
-0.0103255
-0.00342377
-0.0102893
-0.00380945
-0.0102545
-0.00420307
-0.0102281
-0.00460869
-0.0102067
-0.00503048
-0.0101977
-0.00546802
-0.0101998
-0.0058932
-0.0102205
-0.00621355
-0.0102125
-0.00622325
-0.0100735
-0.00564392
-0.00949353
-0.00427765
-0.0081529
-0.0023612
-0.00573736
-0.000731825
-0.00266614
-5.84107e-05
-0.000100293
0.000444055
-0.00152587
-0.010139
-0.00189522
-0.0101
-0.00226552
-0.0100438
-0.00263654
-0.00999968
-0.00301003
-0.00995197
-0.00338675
-0.00991261
-0.00376866
-0.00987264
-0.00415735
-0.00983937
-0.00455566
-0.00980842
-0.00496689
-0.00978644
-0.00539713
-0.00976955
-0.00584493
-0.00977271
-0.0062799
-0.00977752
-0.00657317
-0.00978021
-0.00647532
-0.00959138
-0.00563133
-0.00899689
-0.00390685
-0.00746184
-0.00162702
-0.00494597
-9.16124e-05
-0.0016357
0.000352443
-0.00150074
-0.00976883
-0.00186808
-0.00973264
-0.00223571
-0.00967613
-0.00260351
-0.00963188
-0.00297283
-0.00958265
-0.00334425
-0.00954118
-0.00371949
-0.00949741
-0.00410016
-0.0094587
-0.00448887
-0.00941971
-0.00488813
-0.00938718
-0.00530444
-0.00935323
-0.00574252
-0.00933463
-0.00621139
-0.00930864
-0.00666782
-0.00932378
-0.00698615
-0.00927305
-0.00683395
-0.00914909
-0.00585915
-0.00843664
-0.00382391
-0.0069812
-0.00144293
-0.00401669
-0.00109048
-0.00147452
-0.00183936
-0.00220402
-0.00256821
-0.00293359
-0.00330012
-0.00366972
-0.00404333
-0.00442286
-0.00480945
-0.00520865
-0.005621
-0.00606291
-0.00652488
-0.00700841
-0.00733754
-0.00719694
-0.00579225
-0.00317768
-0.00453448
-0.0113783
-0.00493217
-0.0112749
-0.00533794
-0.0111623
-0.0057376
-0.0110292
-0.00614919
-0.0108899
-0.00655284
-0.010735
-0.00696088
-0.0105679
-0.00735396
-0.0103843
-0.00772752
-0.0101839
-0.00806296
-0.00995655
-0.00834446
-0.00970095
-0.00853532
-0.00941269
-0.0086033
-0.00908746
-0.00849773
-0.00871766
-0.00820227
-0.00830197
-0.00761876
-0.00784044
-0.00678092
-0.00734366
-0.00545438
-0.00681203
-0.00352678
-0.00633192
-0.00571531
-1.90267e-13
-0.00350737
-0.0110698
-0.00380089
-0.0109813
-0.00408315
-0.01088
-0.004353
-0.0107593
-0.00461411
-0.0106287
-0.00486193
-0.0104872
-0.00509695
-0.0103329
-0.00531578
-0.0101655
-0.00551625
-0.00998338
-0.0056865
-0.0097863
-0.00581371
-0.00957374
-0.00587973
-0.00934667
-0.00586074
-0.00910644
-0.00572175
-0.00885665
-0.00542373
-0.00859999
-0.00492255
-0.00834162
-0.00417691
-0.0080893
-0.00313877
-0.00785017
-0.00181625
-0.00765445
-0.00753155
7.64185e-14
-0.00288282
-0.0108022
-0.00313772
-0.0107264
-0.00337515
-0.0106426
-0.00359139
-0.0105431
-0.00378119
-0.0104389
-0.00394243
-0.0103259
-0.00407053
-0.0102048
-0.00416093
-0.0100751
-0.00420721
-0.00993711
-0.00420322
-0.00979029
-0.004142
-0.00963496
-0.00401705
-0.00947163
-0.00382173
-0.00930177
-0.0035505
-0.00912788
-0.00319586
-0.00895464
-0.00274926
-0.00878822
-0.00220324
-0.00863531
-0.0015496
-0.00850382
-0.000799139
-0.00840491
-0.00833069
2.87817e-13
-0.00208051
-0.0106007
-0.00226801
-0.0105389
-0.00244024
-0.0104704
-0.0025957
-0.0103876
-0.00273463
-0.0103
-0.00285463
-0.0102059
-0.0029528
-0.0101066
-0.00302531
-0.0100026
-0.00306786
-0.00989455
-0.00307465
-0.0097835
-0.00303908
-0.00967053
-0.00295366
-0.00955705
-0.00281081
-0.00944461
-0.00260363
-0.00933506
-0.00232781
-0.00923045
-0.0019826
-0.00913343
-0.00157043
-0.00904749
-0.00109699
-0.00897725
-0.000574542
-0.00892735
-0.00890523
2.62116e-13
-0.00167622
-0.0104444
-0.00181656
-0.0103986
-0.00193979
-0.0103471
-0.00204241
-0.010285
-0.00212292
-0.0102195
-0.00217951
-0.0101494
-0.00221044
-0.0100757
-0.00221427
-0.00999877
-0.0021897
-0.00991912
-0.00213592
-0.00983728
-0.00205236
-0.00975409
-0.00193875
-0.00967066
-0.00179487
-0.0095885
-0.00162043
-0.0095095
-0.00141497
-0.0094359
-0.00117847
-0.00936993
-0.000912288
-0.00931367
-0.000620966
-0.00926858
-0.00031199
-0.00923633
-0.00921722
3.33e-13
-0.00116645
-0.0103244
-0.00127793
-0.0102871
-0.00137845
-0.0102466
-0.00146608
-0.0101974
-0.00153963
-0.0101459
-0.00159754
-0.0100915
-0.00163814
-0.0100351
-0.0016595
-0.00997741
-0.00165952
-0.0099191
-0.00163592
-0.00986088
-0.00158656
-0.00980346
-0.00150962
-0.0097476
-0.00140405
-0.00969407
-0.00126988
-0.00964367
-0.00110848
-0.00959731
-0.000922367
-0.00955604
-0.00071493
-0.00952111
-0.000489533
-0.00949397
-0.000250136
-0.00947573
-0.00946736
2.85379e-13
-0.000922984
-0.0102392
-0.000996404
-0.0102137
-0.00105851
-0.0101845
-0.00110672
-0.0101491
-0.00114076
-0.0101119
-0.00115986
-0.0100724
-0.00116372
-0.0100312
-0.00115229
-0.00998885
-0.00112571
-0.00994568
-0.00108438
-0.00990221
-0.0010288
-0.00985903
-0.000959529
-0.00981687
-0.000877034
-0.00977656
-0.000781694
-0.00973901
-0.000673893
-0.00970511
-0.000554326
-0.00967561
-0.000424337
-0.0096511
-0.000286406
-0.0096319
-0.000143715
-0.00961842
-0.00961108
4.30352e-13
-0.000637852
-0.0101712
-0.00070129
-0.0101503
-0.000757917
-0.0101279
-0.000806436
-0.0101006
-0.000845869
-0.0100725
-0.000875289
-0.0100429
-0.000893747
-0.0100128
-0.000900288
-0.00998231
-0.000893983
-0.00995199
-0.000874007
-0.00992219
-0.000839772
-0.00989327
-0.000791057
-0.00986559
-0.00072814
-0.00983948
-0.000651856
-0.00981529
-0.000563546
-0.00979342
-0.000464864
-0.00977429
-0.000357554
-0.00975841
-0.000243173
-0.00974628
-0.00012334
-0.00973825
-0.00973442
2.69986e-13
-0.000491076
-0.0101261
-0.000528816
-0.0101125
-0.000559833
-0.0100969
-0.00058257
-0.0100779
-0.000597146
-0.0100579
-0.000603345
-0.0100367
-0.000601284
-0.0100148
-0.000591209
-0.00999238
-0.000573491
-0.00996971
-0.000548584
-0.00994709
-0.000516955
-0.0099249
-0.000479024
-0.00990352
-0.000435124
-0.00988338
-0.000385517
-0.0098649
-0.000330476
-0.00984846
-0.00027044
-0.00983433
-0.000206156
-0.00982269
-0.000138779
-0.00981366
-6.96549e-05
-0.00980738
-0.00980407
1.82092e-13
-0.000345687
-0.0100886
-0.000380918
-0.0100773
-0.000412359
-0.0100654
-0.00043924
-0.010051
-0.000460876
-0.0100363
-0.000476701
-0.0100209
-0.000486153
-0.0100054
-0.000488716
-0.00998982
-0.000483937
-0.00997449
-0.000471481
-0.00995955
-0.000451198
-0.00994518
-0.000423178
-0.00993154
-0.000387794
-0.00991876
-0.000345682
-0.00990701
-0.000297682
-0.00989646
-0.000244707
-0.0098873
-0.000187636
-0.00987976
-0.000127251
-0.00987405
-6.43595e-05
-0.00987027
-0.00986843
2.92929e-13
-0.000253948
-0.0100651
-0.00027315
-0.0100581
-0.000288533
-0.0100501
-0.000299238
-0.0100403
-0.000305457
-0.01003
-0.000307187
-0.0100192
-0.000304616
-0.0100079
-0.000297998
-0.00999644
-0.000287637
-0.00998485
-0.000273857
-0.00997333
-0.000256957
-0.00996208
-0.000237177
-0.00995132
-0.000214687
-0.00994125
-0.00018961
-0.00993209
-0.000162074
-0.00992399
-0.000132301
-0.00991708
-0.000100662
-0.0099114
-6.76927e-05
-0.00990701
-3.39797e-05
-0.00990398
-0.00990241
2.65391e-13
-0.000186985
-0.0100446
-0.000206438
-0.0100386
-0.000223905
-0.0100326
-0.000238938
-0.0100253
-0.000251099
-0.0100179
-0.000260024
-0.0100103
-0.000265368
-0.0100026
-0.000266822
-0.00999499
-0.000264132
-0.00998754
-0.000257131
-0.00998033
-0.000245778
-0.00997343
-0.000230178
-0.00996692
-0.000210595
-0.00996084
-0.000187429
-0.00995526
-0.000161164
-0.00995026
-0.000132304
-0.00994594
-0.000101315
-0.00994239
-6.86194e-05
-0.00993971
-3.46613e-05
-0.00993794
-0.00993707
2.82576e-13
-0.000126562
-0.0100324
-0.000136245
-0.010029
-0.000143788
-0.010025
-0.000148753
-0.0100203
-0.000151303
-0.0100153
-0.000151512
-0.01001
-0.000149543
-0.0100046
-0.000145594
-0.00999894
-0.000139879
-0.00999325
-0.000132607
-0.0099876
-0.000123952
-0.00998209
-0.000114042
-0.00997683
-0.000102952
-0.00997193
-9.07229e-05
-0.00996749
-7.74022e-05
-0.00996358
-6.30845e-05
-0.00996025
-4.79429e-05
-0.00995753
-3.22201e-05
-0.00995543
-1.61724e-05
-0.00995399
-0.00995324
5.21316e-14
-0.000100866
-0.0100211
-0.00011165
-0.0100182
-0.000121439
-0.0100153
-0.000129963
-0.0100118
-0.000136964
-0.0100083
-0.000142193
-0.0100048
-0.000145437
-0.0100013
-0.000146497
-0.00999788
-0.000145214
-0.00999453
-0.000141491
-0.00999132
-0.000135309
-0.00998827
-0.00012674
-0.00998539
-0.000115949
-0.00998272
-0.000103173
-0.00998026
-8.8689e-05
-0.00997806
-7.27801e-05
-0.00997616
-5.57056e-05
-0.00997461
-3.77056e-05
-0.00997343
-1.90344e-05
-0.00997266
-0.00997228
2.73621e-13
-5.86838e-05
-0.0100149
-6.35059e-05
-0.0100133
-6.71246e-05
-0.0100116
-6.93454e-05
-0.0100096
-7.02836e-05
-0.0100074
-7.00347e-05
-0.0100051
-6.87231e-05
-0.0100026
-6.64927e-05
-0.0100001
-6.34893e-05
-0.00999754
-5.9844e-05
-0.00999497
-5.56589e-05
-0.00999246
-5.09983e-05
-0.00999006
-4.58896e-05
-0.00998783
-4.03376e-05
-0.00998581
-3.43476e-05
-0.00998405
-2.79503e-05
-0.00998256
-2.12158e-05
-0.00998134
-1.42464e-05
-0.0099804
-7.14794e-06
-0.00997976
-0.00997943
1.64166e-13
-5.34138e-05
-0.0100087
-5.94166e-05
-0.0100073
-6.49463e-05
-0.0100061
-6.98332e-05
-0.0100047
-7.39382e-05
-0.0100033
-7.70878e-05
-0.0100019
-7.91516e-05
-0.0100006
-7.99957e-05
-0.00999926
-7.95184e-05
-0.00999801
-7.7655e-05
-0.00999683
-7.43921e-05
-0.00999572
-6.9772e-05
-0.00999468
-6.38915e-05
-0.00999371
-5.68886e-05
-0.00999282
-4.89232e-05
-0.00999202
-4.01556e-05
-0.00999133
-3.07343e-05
-0.00999076
-2.0799e-05
-0.00999034
-1.04969e-05
-0.00999006
-0.00998992
3.88393e-14
-2.23754e-05
-0.0100057
-2.46596e-05
-0.0100051
-2.62517e-05
-0.0100045
-2.71162e-05
-0.0100038
-2.73139e-05
-0.0100031
-2.69556e-05
-0.0100023
-2.61225e-05
-0.0100014
-2.49248e-05
-0.0100005
-2.34598e-05
-0.00999948
-2.1812e-05
-0.00999848
-2.00412e-05
-0.00999749
-1.81789e-05
-0.00999654
-1.62299e-05
-0.00999566
-1.41823e-05
-0.00999486
-1.20221e-05
-0.00999418
-9.74736e-06
-0.0099936
-7.37586e-06
-0.00999313
-4.9403e-06
-0.00999277
-2.47448e-06
-0.00999252
-0.0099924
2.12659e-14
-2.61879e-05
-0.0100023
-2.9387e-05
-0.0100019
-3.24106e-05
-0.0100015
-3.51225e-05
-0.0100011
-3.74866e-05
-0.0100007
-3.93603e-05
-0.0100004
-4.06821e-05
-0.0100001
-4.13523e-05
-0.00999979
-4.1309e-05
-0.00999952
-4.05063e-05
-0.00999928
-3.89326e-05
-0.00999906
-3.66088e-05
-0.00999886
-3.35894e-05
-0.00999867
-2.99515e-05
-0.0099985
-2.57846e-05
-0.00999835
-2.11782e-05
-0.00999821
-1.62154e-05
-0.0099981
-1.09749e-05
-0.00999801
-5.53882e-06
-0.00999796
-0.00999794
7.06329e-14
-2.28457e-06
-0.0100013
-2.98552e-06
-0.0100012
-3.29831e-06
-0.0100012
-3.32395e-06
-0.0100011
-3.03377e-06
-0.010001
-2.58446e-06
-0.0100008
-1.99488e-06
-0.0100007
-1.37262e-06
-0.0100004
-7.71316e-07
-0.0100001
-2.52079e-07
-0.0099998
1.53611e-07
-0.00999947
4.31577e-07
-0.00999914
5.90934e-07
-0.00999883
6.52421e-07
-0.00999856
6.41886e-07
-0.00999833
5.80099e-07
-0.00999815
4.79163e-07
-0.009998
3.44303e-07
-0.00999788
1.80817e-07
-0.0099978
-0.00999775
-6.84615e-14
-9.8061e-06
-1.09627e-05
-1.21441e-05
-1.3219e-05
-1.42351e-05
-1.50827e-05
-1.57467e-05
-1.61583e-05
-1.62828e-05
-1.60853e-05
-1.55541e-05
-1.46937e-05
-1.35277e-05
-1.20912e-05
-1.04261e-05
-8.57293e-06
-6.56894e-06
-4.44815e-06
-2.24549e-06
-1.29499e-14
0.00566271
-0.00717833
0.00559256
-0.0071986
0.00550705
-0.0072244
0.00540449
-0.00725291
0.00528306
-0.00728169
0.00514095
-0.007308
0.00497629
-0.00732911
0.00478705
-0.00734237
0.00457111
-0.00734499
0.00432628
-0.00733392
0.00405032
-0.00730555
0.003741
-0.00725562
0.00339617
-0.007179
0.00301401
-0.00707001
0.00259344
-0.00692316
0.00213465
-0.00673567
0.0016397
-0.00651301
0.00111324
-0.00627717
0.000563048
-0.00607114
-0.00594873
7.63194e-12
0.0056873
-0.00709208
0.00559145
-0.00710275
0.00548373
-0.00711667
0.00536201
-0.0071312
0.00522407
-0.00714374
0.0050676
-0.00715152
0.00489038
-0.0071519
0.0046903
-0.00714229
0.00446533
-0.00712002
0.0042135
-0.00708209
0.00393287
-0.00702493
0.00362155
-0.0069443
0.00327782
-0.00683526
0.00290035
-0.00669254
0.00248861
-0.00651142
0.00204321
-0.00629026
0.00156625
-0.00603605
0.00106182
-0.00577274
0.000536589
-0.00554591
-0.00541214
8.53594e-12
0.00574633
-0.00699274
0.00564076
-0.00699718
0.00552581
-0.00700173
0.00539818
-0.00700358
0.00525463
-0.00700019
0.00509237
-0.00698926
0.00490903
-0.00696856
0.00470252
-0.00693579
0.00447092
-0.00688842
0.00421235
-0.00682351
0.00392498
-0.00673756
0.00360713
-0.00662645
0.00325743
-0.00648556
0.00287512
-0.00631023
0.00246037
-0.00609668
0.00201458
-0.00584447
0.00154045
-0.00556192
0.00104221
-0.00527451
0.000525984
-0.00502968
-0.00488616
8.84377e-12
0.00584832
-0.00688798
0.00573769
-0.00688654
0.00561818
-0.00688221
0.00548655
-0.00687194
0.00534002
-0.00685367
0.00517623
-0.00682547
0.00499292
-0.00678526
0.00478784
-0.0067307
0.00455863
-0.00665921
0.00430288
-0.00656776
0.00401811
-0.00645279
0.00370192
-0.00631026
0.00335218
-0.00613582
0.00296738
-0.00592543
0.00254699
-0.00567629
0.00209179
-0.00538927
0.00160403
-0.00507416
0.00108784
-0.00475831
0.000549913
-0.00449175
-0.00433624
9.70817e-12
0.00594516
-0.00677954
0.00583031
-0.0067717
0.00570636
-0.00675825
0.0055704
-0.00673598
0.00541963
-0.0067029
0.00525132
-0.00665715
0.00506275
-0.00659669
0.00485135
-0.0065193
0.00461461
-0.00642247
0.00435007
-0.00630322
0.0040554
-0.00615812
0.00372849
-0.00598335
0.00336777
-0.0057751
0.00297256
-0.00553022
0.00254342
-0.00524716
0.00208225
-0.00492809
0.00159211
-0.00458402
0.0010773
-0.0042435
0.000543795
-0.00395825
-0.00379245
1.01765e-11
0.00607253
-0.00667624
0.00596415
-0.00666331
0.00584792
-0.00664203
0.0057208
-0.00660886
0.00557967
-0.00656177
0.00542147
-0.00649896
0.00524329
-0.00641851
0.00504214
-0.00631815
0.00481487
-0.0061952
0.00455812
-0.00604648
0.00426843
-0.00586843
0.0039425
-0.00565741
0.00357762
-0.00541022
0.00317216
-0.00512476
0.00272598
-0.00480097
0.00224058
-0.00444269
0.00171907
-0.00406252
0.00116635
-0.00369077
0.000589771
-0.00338167
-0.00320268
1.08925e-11
0.00617911
-0.00658061
0.00607788
-0.00656207
0.00596769
-0.00653184
0.00584547
-0.00648665
0.00570816
-0.00642446
0.00555256
-0.00634336
0.00537538
-0.00624133
0.00517316
-0.00611593
0.00494224
-0.00596428
0.00467884
-0.00578308
0.00437931
-0.0055689
0.00404053
-0.00531864
0.00366043
-0.00503012
0.00323842
-0.00470275
0.0027757
-0.00433825
0.00227519
-0.00394217
0.00174112
-0.00352845
0.00117881
-0.00312847
0.000595264
-0.00279812
-0.00260741
1.13229e-11
0.00629631
-0.00650106
0.00621276
-0.00647852
0.00612136
-0.00644044
0.0060191
-0.00638439
0.00590236
-0.00630772
0.00576726
-0.00620826
0.00560972
-0.00608379
0.00542534
-0.00593154
0.00520928
-0.00574823
0.00495648
-0.00553028
0.00466198
-0.0052744
0.00432153
-0.00497818
0.0039322
-0.00464078
0.00349291
-0.00426346
0.00300471
-0.00385005
0.00247071
-0.00340817
0.00189572
-0.00295346
0.00128606
-0.00251881
0.000650246
-0.00216231
-0.00195717
1.1773e-11
0.0063821
-0.00644314
0.00632021
-0.00641664
0.00624959
-0.00636982
0.00616652
-0.00630131
0.00606686
-0.00620806
0.00594638
-0.00608779
0.00580043
-0.00593784
0.00562372
-0.00575483
0.00541043
-0.00553493
0.00515462
-0.00527447
0.00485095
-0.00497073
0.00449543
-0.00462267
0.0040861
-0.00423145
0.00362335
-0.00380071
0.00311
-0.0033367
0.00255092
-0.0028491
0.00195244
-0.00235498
0.00132174
-0.00188811
0.00066733
-0.0015079
-0.00128984
1.18716e-11
0.0064559
-0.00641608
0.0064258
-0.00638653
0.00638726
-0.00633128
0.00633591
-0.00624996
0.00626764
-0.00613979
0.00617756
-0.00599771
0.0060597
-0.00581998
0.00590701
-0.00560214
0.00571178
-0.00533971
0.00546652
-0.00502921
0.00516491
-0.00466911
0.0048026
-0.00426036
0.0043778
-0.00380666
0.00389141
-0.00331433
0.00334692
-0.00279221
0.00274999
-0.00225216
0.00210775
-0.00171275
0.00142841
-0.00120877
0.000721685
-0.000801166
-0.000568151
1.19458e-11
0.00649113
-0.00642956
0.00649761
-0.00639302
0.0064946
-0.00632827
0.00647748
-0.00623284
0.00644109
-0.0061034
0.0063794
-0.00593602
0.00628465
-0.00572523
0.00614775
-0.00546524
0.00595943
-0.00515138
0.00571155
-0.00478133
0.00539823
-0.00435579
0.00501651
-0.00387863
0.00456648
-0.00335663
0.00405119
-0.00279903
0.00347615
-0.00221717
0.00284884
-0.00162485
0.00217791
-0.00104181
0.00147258
-0.000503445
0.000742972
-7.1555e-05
0.000174821
1.14786e-11
0.00650328
-0.00648898
0.00655163
-0.00644137
0.00659032
-0.00636696
0.00661487
-0.0062574
0.00661918
-0.00610771
0.00659491
-0.00591175
0.00653137
-0.0056617
0.00641695
-0.00535081
0.00624091
-0.00497535
0.00599502
-0.00453544
0.00567435
-0.00403512
0.00527746
-0.00348175
0.00480611
-0.00288529
0.00426472
-0.00225764
0.00365983
-0.00161228
0.00299958
-0.000964601
0.00229307
-0.000335304
0.00155027
0.000239349
0.000781787
0.000696933
0.000956607
1.08799e-11
0.00646687
-0.00659049
0.0065591
-0.00653359
0.006643
-0.00645087
0.00671212
-0.00632651
0.00675776
-0.00615336
0.00676758
-0.00592156
0.00672721
-0.00562133
0.0066232
-0.0052468
0.0064452
-0.00479735
0.00618708
-0.00427732
0.00584694
-0.00369499
0.00542652
-0.00306133
0.00493023
-0.002389
0.00436442
-0.00169182
0.00373681
-0.000984672
0.00305638
-0.000284175
0.00233252
0.000388558
0.00157485
0.000997019
0.000793537
0.00147825
0.00175014
9.80656e-12
0.00638047
-0.00673673
0.00651996
-0.00667308
0.00665299
-0.0065839
0.00676935
-0.00644287
0.00685553
-0.00623953
0.00689436
-0.00596039
0.00686892
-0.00559589
0.00676623
-0.00514412
0.00657879
-0.00460991
0.00630442
-0.00400295
0.00594513
-0.0033357
0.00550566
-0.00262186
0.00499224
-0.00187558
0.00441192
-0.0011115
0.00377232
-0.000345065
0.00308127
0.000406876
0.00234814
0.00112168
0.00158328
0.00176188
0.000797031
0.00226449
0.00254717
8.43524e-12
0.00622205
-0.0069291
0.0064107
-0.00686173
0.00659255
-0.00676575
0.00675096
-0.00660128
0.00686586
-0.00635443
0.00691624
-0.00601078
0.0068858
-0.00556545
0.00676587
-0.00502419
0.00655497
-0.00439901
0.00625678
-0.00370475
0.00587775
-0.00295667
0.00542521
-0.00216932
0.0049063
-0.00135666
0.00432756
-0.000532762
0.00369493
0.000287566
0.00301478
0.00108702
0.00229565
0.00184081
0.00154681
0.00251073
0.000778258
0.00303304
0.00332543
6.85256e-12
0.00598714
-0.00716686
0.00622372
-0.00709831
0.00644826
-0.00699029
0.00663507
-0.00678809
0.00675872
-0.00647808
0.00679807
-0.00605013
0.0067427
-0.00551008
0.00659219
-0.00487367
0.00635271
-0.00415954
0.0060335
-0.00338554
0.00564395
-0.00256712
0.00519212
-0.00171749
0.00468434
-0.00084888
0.00412565
2.59225e-05
0.00351838
0.00089484
0.00286874
0.00173666
0.00218313
0.00252642
0.00147011
0.00322375
0.000739302
0.00376385
0.00406473
5.30824e-12
0.00566712
-0.00744574
0.00594383
-0.00737502
0.00619492
-0.00724137
0.00638594
-0.00697912
0.00649074
-0.00658287
0.00649509
-0.00605448
0.00639956
-0.00541455
0.00621369
-0.00468779
0.0059504
-0.00389625
0.00562196
-0.0030571
0.00523803
-0.00218319
0.0048053
-0.00128476
0.00432786
-0.000371441
0.00380673
0.000547055
0.00324535
0.00145622
0.00264592
0.0023361
0.00201337
0.00315897
0.00135545
0.00388167
0.000681431
0.00443787
0.00474617
3.94415e-12
0.00526074
-0.00775702
0.00556277
-0.00767704
0.00581694
-0.00749555
0.00598516
-0.00714733
0.00604866
-0.00664638
0.00600648
-0.0060123
0.00587169
-0.00527976
0.00566146
-0.00447757
0.0053913
-0.00362609
0.00507252
-0.00273832
0.00471228
-0.00182294
0.00431455
-0.000887031
0.00388119
6.19213e-05
0.00341214
0.0010161
0.00290837
0.00195999
0.00237108
0.00287339
0.00180405
0.003726
0.00121421
0.0044715
0.000610231
0.00504185
0.0053564
2.9446e-12
0.00477291
-0.0080875
0.00507974
-0.00798388
0.00531198
-0.00772779
0.00543698
-0.00727233
0.00545106
-0.00666046
0.00536829
-0.00592952
0.00521073
-0.0051222
0.00499775
-0.00426459
0.00474238
-0.00337072
0.00445192
-0.00244787
0.00412983
-0.00150085
0.00377749
-0.000534691
0.00339476
0.000444651
0.00298262
0.00142824
0.00254085
0.00240176
0.00207031
0.00334392
0.00157423
0.00422208
0.00105881
0.00498693
0.000531813
0.00556885
0.00588821
2.48381e-12
0.0042181
-0.00842181
0.00450907
-0.00827485
0.00470177
-0.00792048
0.00477781
-0.00734837
0.0047513
-0.00663395
0.0046471
-0.00582532
0.00449004
-0.00496515
0.00429578
-0.00407033
0.00407197
-0.0031469
0.00382111
-0.00219701
0.00354354
-0.00122328
0.00323926
-0.000230411
0.00290843
0.000775479
0.002552
0.00178467
0.00217064
0.00278312
0.00176572
0.00374885
0.00134038
0.00464742
0.000900125
0.00542718
0.000451592
0.00601738
0.0063398
2.41129e-12
0.00361714
-0.00874549
0.00387673
-0.00853444
0.00402364
-0.00806739
0.00405794
-0.00738267
0.00400834
-0.00658435
0.00390356
-0.00572055
0.00376563
-0.00482721
0.00360355
-0.00390825
0.00341944
-0.0029628
0.00321206
-0.00198963
0.00297992
-0.000991139
0.0027227
2.6807e-05
0.00244109
0.00105709
0.00213701
0.00208875
0.00181241
0.00310771
0.00146962
0.00409164
0.00111207
0.00500497
0.000744717
0.00579453
0.000372885
0.00638921
0.00671269
2.46875e-12
0.00299467
-0.00904743
0.00321486
-0.00875463
0.00331906
-0.00817158
0.00332451
-0.00738813
0.00326844
-0.00652827
0.00317746
-0.00562958
0.0030679
-0.00471764
0.00294223
-0.00378258
0.00279852
-0.00281909
0.00263323
-0.00182434
0.0024442
-0.000802111
0.0022311
0.000239915
0.00199585
0.00129234
0.0017411
0.00234349
0.00147001
0.0033788
0.00118596
0.00437569
0.00089284
0.00529809
0.000595211
0.00609216
0.00029708
0.00668734
0.00700977
2.73884e-12
0.00237151
-0.00932069
0.00255073
-0.00893385
0.00261973
-0.00824058
0.00260837
-0.00737677
0.00255648
-0.00647638
0.00248521
-0.00555831
0.00240536
-0.00463779
0.00231388
-0.0036911
0.00220706
-0.00271227
0.00208011
-0.00169739
0.00193093
-0.000652927
0.0017596
0.000411242
0.00156848
0.00148346
0.00136102
0.00255095
0.0011413
0.00359853
0.000913577
0.00460341
0.000682255
0.00552941
0.000451541
0.00632287
0.000224216
0.00691467
0.00723398
3.02418e-12
0.00176332
-0.00956206
0.00190447
-0.009075
0.00194636
-0.00828247
0.00192655
-0.00735696
0.00188273
-0.00643255
0.00183032
-0.0055059
0.00177586
-0.00458333
0.00171307
-0.00362831
0.00163785
-0.00263705
0.00154478
-0.00160433
0.00143228
-0.000540424
0.00130056
0.00054296
0.00115228
0.00163174
0.000991189
0.00271205
0.000821905
0.00376781
0.000649317
0.004776
0.000478194
0.00570054
0.000312437
0.00648863
0.0001537
0.00707341
0.00738768
2.99836e-12
0.00117874
-0.00977125
0.00128717
-0.00918343
0.00130862
-0.00830391
0.00128466
-0.00733301
0.00124767
-0.00639556
0.00120955
-0.00546778
0.0011737
-0.00454748
0.00113312
-0.00358774
0.00108403
-0.00258795
0.00102047
-0.00154077
0.000941849
-0.000461802
0.000848058
0.000636751
0.000741859
0.00173794
0.000626847
0.00282706
0.000507866
0.00388679
0.000390079
0.00489379
0.000278449
0.00581217
0.000176511
0.00659057
8.48712e-05
0.00716505
0.00747255
3.06555e-12
0.000617316
-0.00994984
0.000700047
-0.00926616
0.000706269
-0.00831013
0.00068148
-0.00730822
0.00064767
-0.00636175
0.000618981
-0.00543909
0.000594538
-0.00452304
0.0005705
-0.0035637
0.000542174
-0.00255963
0.000504645
-0.00150324
0.000457365
-0.000414522
0.000400023
0.000694093
0.000335231
0.00180273
0.000266122
0.00289617
0.000197465
0.00395545
0.00013443
0.00495682
8.19274e-05
0.00586467
4.30415e-05
0.00662945
1.73722e-05
0.00719072
0.00748993
2.24718e-12
5.68594e-05
-0.0101022
0.0001347
-0.009344
0.000131191
-0.00830663
0.00011573
-0.00729276
7.9679e-05
-0.0063257
5.99873e-05
-0.0054194
3.79646e-05
-0.00450101
2.80289e-05
-0.00355376
1.3595e-05
-0.00254519
3.90457e-07
-0.00149004
-1.90534e-05
-0.000395078
-4.12745e-05
0.000716315
-6.62638e-05
0.00182772
-9.01106e-05
0.00292002
-0.000108969
0.00397431
-0.000117618
0.00496547
-0.000111541
0.00585859
-8.81758e-05
0.00660609
-4.89307e-05
0.00715147
0.007441
1.94013e-12
-0.000499881
-0.0102744
-0.000417916
-0.00942597
-0.000402991
-0.00832155
-0.000415804
-0.00727994
-0.000443725
-0.00629778
-0.000467768
-0.00539535
-0.000484321
-0.00448446
-0.000491709
-0.00354637
-0.000491798
-0.00254511
-0.0004881
-0.00149373
-0.000481282
-0.000401897
-0.00047192
0.000706953
-0.000458544
0.00181434
-0.000438798
0.00290027
-0.000408796
0.00394431
-0.000363989
0.00492066
-0.000300299
0.0057949
-0.000215964
0.00652175
-0.000113409
0.00704892
0.00732759
1.14789e-12
-0.000996774
-0.0104556
-0.000909296
-0.00951344
-0.000878645
-0.0083522
-0.000887878
-0.00727071
-0.000914128
-0.00627153
-0.000945025
-0.00536446
-0.000964924
-0.00446456
-0.000972969
-0.00353833
-0.000966166
-0.00255191
-0.000948504
-0.0015114
-0.000920109
-0.000430291
-0.000882181
0.000669025
-0.000833678
0.00176584
-0.000772788
0.00283938
-0.000696215
0.00386773
-0.000600051
0.0048245
-0.00048096
0.00567581
-0.00033811
0.0063789
-0.000174979
0.00688578
0.00715261
1.85868e-14
-0.00145472
-0.0106441
-0.00135153
-0.00961664
-0.00130147
-0.00840226
-0.00130024
-0.00727193
-0.00132595
-0.00624582
-0.00136384
-0.00532656
-0.0013923
-0.00443611
-0.00140492
-0.00352571
-0.00139677
-0.00256006
-0.00136971
-0.00153845
-0.00132458
-0.00047542
-0.00126243
0.000606873
-0.00118285
0.00168626
-0.00108451
0.00274104
-0.000964818
0.00374804
-0.000820655
0.00468034
-0.000649639
0.00550479
-0.000452013
0.00618128
-0.000232336
0.00666611
0.00692027
-1.43192e-12
-0.00185006
-0.010836
-0.00172985
-0.00973685
-0.00165855
-0.00847357
-0.00164255
-0.00728793
-0.00166628
-0.0062221
-0.00171145
-0.00528139
-0.001752
-0.00439556
-0.00177399
-0.00350371
-0.00176995
-0.0025641
-0.00173915
-0.00156925
-0.00168261
-0.000531968
-0.00160147
0.000525733
-0.00149584
0.00158063
-0.00136492
0.00261013
-0.00120687
0.00359
-0.00101952
0.00449298
-0.00080159
0.00528686
-0.000554501
0.00593419
-0.000283894
0.0063955
0.00663638
-3.12553e-12
-0.00220645
-0.0110326
-0.00206335
-0.00987995
-0.00196296
-0.00857395
-0.00192254
-0.00732835
-0.00193596
-0.00620868
-0.00198379
-0.00523356
-0.0020359
-0.00434345
-0.00207033
-0.00346928
-0.00207475
-0.00255969
-0.00204557
-0.00159842
-0.00198316
-0.000594382
-0.00188873
0.000431307
-0.00176279
0.00145468
-0.00160511
0.00245244
-0.00141466
0.00339955
-0.0011903
0.00426863
-0.000931977
0.00502854
-0.000642326
0.00564454
-0.000328023
0.0060812
0.00630835
-5.14389e-12
-0.00252169
-0.0112343
-0.00235289
-0.0100488
-0.00221687
-0.00870998
-0.00214188
-0.00740333
-0.00213359
-0.00621697
-0.00217575
-0.00519141
-0.00223568
-0.00428352
-0.00228352
-0.00342144
-0.00230009
-0.00254312
-0.00227771
-0.0016208
-0.00221519
-0.000656896
-0.00211363
0.000329742
-0.00197384
0.00131489
-0.00179619
0.00227479
-0.0015805
0.00318386
-0.00132672
0.00401484
-0.00103603
0.00473786
-0.000712301
0.0053208
-0.000363131
0.00573203
0.00594522
-7.37567e-12
-0.00281418
-0.0114427
-0.00261616
-0.0102468
-0.00243727
-0.00888886
-0.0023155
-0.0075251
-0.0022699
-0.00626257
-0.0022923
-0.00516901
-0.00235087
-0.00422495
-0.00240898
-0.00336333
-0.00243916
-0.00251294
-0.00242767
-0.0016323
-0.00237049
-0.000714074
-0.00226801
0.000227256
-0.0021212
0.00116809
-0.00193102
0.00208461
-0.00169815
0.00295099
-0.00142362
0.00374031
-0.00110985
0.00442408
-0.000761803
0.00497276
-0.000387907
0.00535813
0.00555732
-9.72968e-12
-0.00308567
-0.0116575
-0.00285821
-0.0104742
-0.00263287
-0.00911421
-0.00245478
-0.00770318
-0.00235627
-0.00636109
-0.00234168
-0.0051836
-0.00238497
-0.00418165
-0.00244583
-0.00330247
-0.0024882
-0.00247057
-0.00249023
-0.00163027
-0.00244323
-0.000761074
-0.0023459
0.000129924
-0.00219913
0.00102132
-0.00200435
0.00188982
-0.00176303
0.00270967
-0.00147727
0.00345455
-0.00115059
0.00409741
-0.000788964
0.00461113
-0.000401424
0.00497059
0.00515589
-1.21219e-11
-0.00334627
-0.0118779
-0.00309081
-0.0107297
-0.00281839
-0.00938663
-0.00257771
-0.00794386
-0.00241238
-0.00652643
-0.00234177
-0.0052542
-0.00235118
-0.00417224
-0.00240167
-0.00325198
-0.00245029
-0.00242195
-0.00246578
-0.00161477
-0.00243247
-0.000794379
-0.00234578
4.32305e-05
-0.00220584
0.000881384
-0.00201434
0.00169832
-0.00177348
0.00246882
-0.00148629
0.00316736
-0.00115724
0.00376837
-0.000793107
0.00424699
-0.000403349
0.00458084
0.00475254
-1.44637e-11
-0.0035958
-0.0121012
-0.0033168
-0.0110087
-0.00300107
-0.00970236
-0.0026973
-0.00824763
-0.00245671
-0.00676701
-0.0023136
-0.00539731
-0.00226874
-0.0042171
-0.00229106
-0.00322967
-0.00233492
-0.00237809
-0.00236009
-0.0015896
-0.0023419
-0.000812569
-0.00227015
-2.85148e-05
-0.00214326
0.000754488
-0.00196257
0.00151763
-0.00173081
0.00223706
-0.00145175
0.00288829
-0.00113064
0.00344726
-0.000774818
0.00389117
-0.000393986
0.0042
0.00435856
-1.6491e-11
-0.00383757
-0.0123241
-0.00354111
-0.0113052
-0.00318887
-0.0100546
-0.00282639
-0.0086101
-0.00250855
-0.00708486
-0.00228182
-0.00562405
-0.00216395
-0.00433496
-0.00213745
-0.00325617
-0.0021603
-0.00235524
-0.00218633
-0.00156357
-0.00218123
-0.000817674
-0.00212689
-8.28555e-05
-0.00201797
0.000645571
-0.00185464
0.0013543
-0.0016397
0.00202212
-0.00137744
0.00262603
-0.00107367
0.00314349
-0.000736055
0.00355356
-0.000374324
0.00383827
0.00398423
-1.82178e-11
-0.00406899
-0.0125424
-0.00376286
-0.0116113
-0.00338361
-0.0104339
-0.00297139
-0.00902232
-0.00258112
-0.00747513
-0.00226743
-0.00593774
-0.00206365
-0.00453874
-0.00196894
-0.00335088
-0.00195136
-0.00237282
-0.00196439
-0.00155054
-0.00196587
-0.000816194
-0.00192856
-0.000120169
-0.00184069
0.000557702
-0.00169975
0.00121336
-0.00150792
0.0018303
-0.00126968
0.00238779
-0.000991119
0.00286492
-0.000680034
0.00324248
-0.000345978
0.00350422
0.00363825
-1.94134e-11
-0.00428942
-0.0127518
-0.00398192
-0.0119188
-0.00358643
-0.0108293
-0.0031361
-0.00947266
-0.00268302
-0.00792821
-0.00228644
-0.00633432
-0.00199176
-0.00483342
-0.00181466
-0.00352798
-0.0017376
-0.00244988
-0.00172009
-0.00156804
-0.00171661
-0.000819673
-0.00169149
-0.000145293
-0.00162478
0.000490996
-0.00150922
0.00109779
-0.00134505
0.00166612
-0.00113625
0.00217899
-0.000888909
0.00261758
-0.000610736
0.0029643
-0.000310949
0.00320443
0.0033273
-1.99649e-11
-0.00449527
-0.0129479
-0.00419495
-0.0122191
-0.00379473
-0.0112296
-0.00331952
-0.00994787
-0.00281652
-0.00843121
-0.0023467
-0.00680413
-0.00196408
-0.00521604
-0.00169838
-0.00379368
-0.00154739
-0.00260087
-0.00148162
-0.00163381
-0.00145796
-0.000843337
-0.00143561
-0.000167643
-0.00138637
0.00044176
-0.00129635
0.00100778
-0.00116211
0.00153187
-0.000986097
0.00200298
-0.000773862
0.00240535
-0.00053277
0.00272321
-0.000271559
0.00294322
0.00305575
-1.98052e-11
-0.0046847
-0.0131273
-0.00439943
-0.0125044
-0.00400578
-0.0116232
-0.00351941
-0.0104342
-0.0029809
-0.00896972
-0.00245053
-0.0073345
-0.00198855
-0.00567802
-0.0016359
-0.00414633
-0.00140405
-0.00283273
-0.00127617
-0.00176169
-0.00121641
-0.000903095
-0.00118361
-0.00020044
-0.00114371
0.000401855
-0.00107569
0.000939761
-0.000970767
0.00142695
-0.000828461
0.00186068
-0.000652929
0.00222981
-0.000450796
0.00252108
-0.000230148
0.00272257
0.0028256
-1.88301e-11
-0.00485475
-0.0132869
-0.00459142
-0.0127677
-0.00421491
-0.0119997
-0.00373104
-0.0109181
-0.00317198
-0.00952878
-0.00259499
-0.00791149
-0.00206488
-0.00620813
-0.00163218
-0.00457903
-0.00131974
-0.00314517
-0.00112241
-0.00195902
-0.0010138
-0.0010117
-0.000956823
-0.000257419
-0.000915138
0.00036017
-0.000861965
0.000886588
-0.000782563
0.00134755
-0.000672217
0.00175033
-0.000532655
0.00209025
-0.000369158
0.00235758
-0.000188887
0.0025423
0.00263671
-1.69857e-11
-0.00500423
-0.0134249
-0.00476817
-0.0130038
-0.00441797
-0.0123499
-0.00394949
-0.0113866
-0.00338483
-0.0100934
-0.00277562
-0.0085207
-0.00218942
-0.00679433
-0.00168586
-0.0050826
-0.00129813
-0.0035329
-0.00103072
-0.00222644
-0.000866089
-0.00117633
-0.000773339
-0.000350169
-0.000717707
0.000304538
-0.000669488
0.000838369
-0.000608733
0.00128679
-0.000525862
0.00166746
-0.000419184
0.00198357
-0.000291881
0.00223028
-0.000149776
0.00240019
0.00248693
-1.4317e-11
-0.0051319
-0.0135408
-0.00492673
-0.0132089
-0.00461024
-0.0126664
-0.00416873
-0.0118281
-0.00361299
-0.0106492
-0.00298606
-0.00914764
-0.00235558
-0.00742481
-0.00178997
-0.00564821
-0.00133352
-0.00398934
-0.000999328
-0.00256063
-0.000776965
-0.00139869
-0.000641793
-0.000485341
-0.000562564
0.000225309
-0.000509105
0.000784909
-0.000458281
0.00123597
-0.000396175
0.00160536
-0.000317254
0.00190465
-0.000221954
0.00213498
-0.000114262
0.0022925
0.00237267
-1.08448e-11
-0.00523824
-0.0136347
-0.00506572
-0.0133815
-0.00478822
-0.0129439
-0.00438351
-0.0122328
-0.00385045
-0.0111822
-0.0032207
-0.00977739
-0.00255828
-0.00808722
-0.00193909
-0.00626739
-0.00142025
-0.00450819
-0.00102442
-0.00295646
-0.000746661
-0.00167645
-0.0005666
-0.000665403
-0.000456639
0.000115349
-0.000388914
0.000717184
-0.000338884
0.00118594
-0.000289462
0.00155593
-0.000231502
0.00184669
-0.000162372
0.00206585
-8.38085e-05
0.00221394
0.00228886
-6.78907e-12
-0.00532395
-0.0137078
-0.00518413
-0.0135213
-0.00494864
-0.0131794
-0.00458833
-0.0125931
-0.00409025
-0.0116803
-0.00347237
-0.0103953
-0.00279066
-0.00876893
-0.00212531
-0.00693274
-0.00154759
-0.00508591
-0.00109278
-0.00341127
-0.00076199
-0.00200724
-0.00053797
-0.000889423
-0.000396335
-2.62861e-05
-0.000309057
0.000629906
-0.000252453
0.00112934
-0.000207943
0.00151142
-0.000163709
0.00180246
-0.000114276
0.00201641
-5.89507e-05
0.00215861
0.00222991
-2.33665e-12
-0.00539107
-0.0137618
-0.0052826
-0.0136298
-0.00509005
-0.013372
-0.00477942
-0.0129037
-0.00432702
-0.0121327
-0.00373588
-0.0109864
-0.00304948
-0.00945534
-0.00234742
-0.0076348
-0.00171479
-0.00571855
-0.0012037
-0.00392237
-0.00082335
-0.00238758
-0.000557612
-0.00115516
-0.000381275
-0.000202623
-0.000270429
0.00051906
-0.000201397
0.0010603
-0.000154759
0.00146478
-0.000116862
0.00176456
-7.98928e-05
0.00197945
-4.08576e-05
0.00211958
0.00218906
2.17842e-12
-0.00544157
-0.0137988
-0.00536202
-0.0137093
-0.00521138
-0.0135226
-0.00495305
-0.0131621
-0.00455448
-0.0125313
-0.00400349
-0.0115374
-0.00332716
-0.0101317
-0.00259789
-0.00836407
-0.00191107
-0.00640536
-0.00133946
-0.00449398
-0.000906205
-0.00282084
-0.000598769
-0.0014626
-0.000392578
-0.000408814
-0.000259966
0.000386447
-0.000176719
0.000977058
-0.000123861
0.00141193
-8.70165e-05
0.00172772
-5.68288e-05
0.00194926
-2.83894e-05
0.00209114
0.00216067
6.44495e-12
-0.00547817
-0.0138206
-0.00542462
-0.0137629
-0.0053136
-0.0136336
-0.0051082
-0.0133675
-0.00476963
-0.0128699
-0.00427172
-0.0120353
-0.00362296
-0.0107804
-0.00288229
-0.00910474
-0.00214944
-0.00713821
-0.00151879
-0.00512462
-0.00103289
-0.00330674
-0.000683931
-0.00181156
-0.000443707
-0.000649039
-0.000284145
0.000226885
-0.000182814
0.000875727
-0.000119074
0.00134819
-7.75548e-05
0.0016862
-4.76603e-05
0.00191936
-2.29394e-05
0.00206642
0.00213773
1.00938e-11
-0.00550311
-0.0138288
-0.0054726
-0.0137934
-0.00539769
-0.0137085
-0.0052434
-0.0135217
-0.00496751
-0.0131458
-0.00453193
-0.0124709
-0.00392527
-0.0113871
-0.00318623
-0.00984378
-0.00240952
-0.00791493
-0.0017096
-0.00582454
-0.00115803
-0.00385832
-0.000760824
-0.00220876
-0.000490141
-0.000919723
-0.000313555
5.02997e-05
-0.000198468
0.000760639
-0.000124993
0.00127471
-7.77424e-05
0.00163895
-4.56187e-05
0.00188724
-2.12442e-05
0.00204204
0.00211648
1.28864e-11
-0.00551908
-0.0138239
-0.005509
-0.0138035
-0.00546674
-0.0137508
-0.00536103
-0.0136275
-0.0051495
-0.0133573
-0.00478578
-0.0128346
-0.00424034
-0.0119325
-0.00352838
-0.0105557
-0.00272969
-0.00871362
-0.00196977
-0.00658446
-0.00135192
-0.00447617
-0.000902619
-0.00265806
-0.000593167
-0.00122917
-0.000382588
-0.000160279
-0.000245124
0.000623175
-0.000155877
0.00118546
-9.71576e-05
0.00158023
-5.67169e-05
0.0018468
-2.62201e-05
0.00201155
0.00209026
1.4562e-11
-0.00552643
-0.0138066
-0.00553492
-0.013795
-0.00552162
-0.0137641
-0.00546
-0.0136891
-0.00531005
-0.0135072
-0.00502041
-0.0131242
-0.00454511
-0.0124078
-0.00387263
-0.0112282
-0.00305802
-0.00952824
-0.00222723
-0.00741524
-0.00151961
-0.0051838
-0.0010003
-0.00317737
-0.000650941
-0.00157853
-0.000426708
-0.000384512
-0.000281181
0.000477648
-0.000184524
0.00108881
-0.000118677
0.00151438
-7.112e-05
0.00179924
-3.34597e-05
0.00197389
0.0020568
1.49984e-11
-0.00552614
-0.0137752
-0.00555319
-0.0137679
-0.0055673
-0.01375
-0.00554748
-0.0137089
-0.00545893
-0.0135958
-0.00525038
-0.0133328
-0.00486535
-0.0127928
-0.00426758
-0.011826
-0.00347978
-0.010316
-0.0026099
-0.00828512
-0.00181965
-0.00597405
-0.00122101
-0.00377601
-0.000814834
-0.0019847
-0.00054559
-0.000653756
-0.000366015
0.000298073
-0.000246348
0.000969141
-0.000162302
0.00143034
-9.90287e-05
0.00173597
-4.70715e-05
0.00192193
0.00200973
1.41791e-11
-0.00551682
-0.0137277
-0.00556265
-0.0137221
-0.00560186
-0.0137108
-0.00561854
-0.0136922
-0.00558406
-0.0136303
-0.00544941
-0.0134674
-0.00515126
-0.013091
-0.00463101
-0.0123462
-0.00387545
-0.0110716
-0.00296151
-0.00919905
-0.0020617
-0.00687387
-0.00135069
-0.00448702
-0.000879528
-0.00245587
-0.000593337
-0.000939946
-0.000421534
0.00012627
-0.000304762
0.000852369
-0.000216866
0.00134244
-0.00014167
0.00166077
-7.07001e-05
0.00185096
0.00193903
1.2268e-11
-0.0054998
-0.0136606
-0.00556764
-0.0136543
-0.00563423
-0.0136442
-0.00568872
-0.0136377
-0.00571053
-0.0136085
-0.00565914
-0.0135188
-0.00547203
-0.0132781
-0.00507496
-0.0127433
-0.00441793
-0.0117286
-0.00352911
-0.0100879
-0.00255625
-0.00784673
-0.00171779
-0.00532547
-0.00113893
-0.00303473
-0.000779829
-0.00129905
-0.000547823
-0.000105737
-0.000394735
0.000699281
-0.000280253
0.00122796
-0.000182537
0.00156306
-9.09394e-05
0.00175936
0.00184809
9.54217e-12
-0.00546793
-0.0135713
-0.00555955
-0.0135627
-0.00565284
-0.0135509
-0.00573945
-0.0135511
-0.00580494
-0.013543
-0.00581617
-0.0135076
-0.00571602
-0.0133783
-0.00542264
-0.0130367
-0.00485638
-0.0122949
-0.00399408
-0.0109502
-0.00294028
-0.00890053
-0.00194051
-0.00632524
-0.00123393
-0.00374131
-0.000848796
-0.00168418
-0.000667463
-0.00028707
-0.000559758
0.000591576
-0.00046138
0.00112958
-0.000338368
0.00144004
-0.000183396
0.00160439
0.00166469
6.13751e-12
-0.00542045
-0.0134556
-0.00554203
-0.0134411
-0.00567058
-0.0134223
-0.00580234
-0.0134194
-0.00592959
-0.0134157
-0.00602894
-0.0134082
-0.00605423
-0.013353
-0.00592463
-0.0131663
-0.00553775
-0.0126818
-0.00481275
-0.0116752
-0.00377237
-0.00994091
-0.00261618
-0.00748143
-0.00166688
-0.00469062
-0.0010939
-0.00225716
-0.000791717
-0.000589254
-0.000618079
0.000417938
-0.000492171
0.00100367
-0.000361802
0.00130967
-0.000200893
0.00144348
0.0014638
3.07189e-12
-0.00534361
-0.0133129
-0.00549258
-0.0132921
-0.00564861
-0.0132663
-0.00580881
-0.0132592
-0.0059691
-0.0132554
-0.00611457
-0.0132628
-0.00621207
-0.0132555
-0.0061915
-0.0131869
-0.00594407
-0.0129292
-0.00534905
-0.0122702
-0.00435584
-0.0109341
-0.00309856
-0.00873871
-0.00195363
-0.00583555
-0.00132025
-0.00289055
-0.00121221
-0.000697295
-0.0012959
0.000501629
-0.00129094
0.000998713
-0.00106782
0.00108656
-0.000642956
0.00101862
0.000820846
-7.80767e-13
-0.00524674
-0.00544178
-0.00565241
-0.00587802
-0.00611828
-0.00636655
-0.00660491
-0.00678298
-0.00679882
-0.00649978
-0.00572557
-0.00441843
-0.0027982
-0.00138283
-0.000585405
-0.00034025
-0.000406765
-0.000525289
-0.000443096
-2.34312e-12
-9.8061e-06
0.0100013
-1.09627e-05
0.0100012
-1.21441e-05
0.0100012
-1.3219e-05
0.0100011
-1.42351e-05
0.010001
-1.50827e-05
0.0100008
-1.57467e-05
0.0100007
-1.61583e-05
0.0100004
-1.62828e-05
0.0100001
-1.60853e-05
0.0099998
-1.55541e-05
0.00999947
-1.46937e-05
0.00999914
-1.35277e-05
0.00999883
-1.20912e-05
0.00999856
-1.04261e-05
0.00999833
-8.57293e-06
0.00999815
-6.56894e-06
0.009998
-4.44815e-06
0.00999788
-2.24549e-06
0.0099978
0.00999775
-2.28457e-06
0.0100023
-2.98552e-06
0.0100019
-3.29831e-06
0.0100015
-3.32395e-06
0.0100011
-3.03377e-06
0.0100007
-2.58446e-06
0.0100004
-1.99488e-06
0.0100001
-1.37262e-06
0.00999979
-7.71316e-07
0.00999952
-2.52079e-07
0.00999928
1.5361e-07
0.00999906
4.31577e-07
0.00999886
5.90934e-07
0.00999867
6.52421e-07
0.0099985
6.41885e-07
0.00999835
5.80099e-07
0.00999821
4.79163e-07
0.0099981
3.44303e-07
0.00999801
1.80817e-07
0.00999796
0.00999794
-2.61879e-05
0.0100057
-2.9387e-05
0.0100051
-3.24106e-05
0.0100045
-3.51225e-05
0.0100038
-3.74866e-05
0.0100031
-3.93603e-05
0.0100023
-4.06821e-05
0.0100014
-4.13523e-05
0.0100005
-4.1309e-05
0.00999948
-4.05063e-05
0.00999848
-3.89326e-05
0.00999749
-3.66088e-05
0.00999654
-3.35894e-05
0.00999566
-2.99515e-05
0.00999486
-2.57846e-05
0.00999418
-2.11782e-05
0.0099936
-1.62154e-05
0.00999313
-1.09749e-05
0.00999277
-5.53882e-06
0.00999252
0.0099924
-2.23754e-05
0.0100087
-2.46596e-05
0.0100073
-2.62517e-05
0.0100061
-2.71162e-05
0.0100047
-2.73139e-05
0.0100033
-2.69556e-05
0.0100019
-2.61225e-05
0.0100006
-2.49248e-05
0.00999926
-2.34598e-05
0.00999801
-2.1812e-05
0.00999683
-2.00412e-05
0.00999572
-1.81789e-05
0.00999468
-1.62299e-05
0.00999371
-1.41823e-05
0.00999282
-1.20221e-05
0.00999202
-9.74736e-06
0.00999133
-7.37586e-06
0.00999076
-4.9403e-06
0.00999034
-2.47448e-06
0.00999006
0.00998992
-5.34138e-05
0.0100149
-5.94166e-05
0.0100133
-6.49463e-05
0.0100116
-6.98332e-05
0.0100096
-7.39382e-05
0.0100074
-7.70878e-05
0.0100051
-7.91516e-05
0.0100026
-7.99957e-05
0.0100001
-7.95184e-05
0.00999754
-7.7655e-05
0.00999497
-7.43921e-05
0.00999246
-6.9772e-05
0.00999006
-6.38915e-05
0.00998783
-5.68886e-05
0.00998581
-4.89232e-05
0.00998405
-4.01556e-05
0.00998256
-3.07343e-05
0.00998134
-2.0799e-05
0.0099804
-1.04969e-05
0.00997976
0.00997943
-5.86838e-05
0.0100211
-6.35059e-05
0.0100182
-6.71246e-05
0.0100153
-6.93454e-05
0.0100118
-7.02836e-05
0.0100083
-7.00347e-05
0.0100048
-6.87231e-05
0.0100013
-6.64927e-05
0.00999788
-6.34893e-05
0.00999453
-5.9844e-05
0.00999132
-5.56589e-05
0.00998827
-5.09983e-05
0.00998539
-4.58896e-05
0.00998272
-4.03376e-05
0.00998026
-3.43476e-05
0.00997806
-2.79503e-05
0.00997616
-2.12158e-05
0.00997461
-1.42464e-05
0.00997343
-7.14794e-06
0.00997266
0.00997228
-0.000100866
0.0100324
-0.00011165
0.010029
-0.000121439
0.010025
-0.000129963
0.0100203
-0.000136964
0.0100153
-0.000142193
0.01001
-0.000145437
0.0100046
-0.000146497
0.00999894
-0.000145214
0.00999325
-0.000141491
0.0099876
-0.000135309
0.00998209
-0.00012674
0.00997683
-0.000115949
0.00997193
-0.000103173
0.00996749
-8.8689e-05
0.00996358
-7.27801e-05
0.00996025
-5.57056e-05
0.00995753
-3.77056e-05
0.00995543
-1.90344e-05
0.00995399
0.00995324
-0.000126562
0.0100446
-0.000136245
0.0100386
-0.000143788
0.0100326
-0.000148753
0.0100253
-0.000151303
0.0100179
-0.000151512
0.0100103
-0.000149543
0.0100026
-0.000145594
0.00999499
-0.000139879
0.00998754
-0.000132607
0.00998033
-0.000123952
0.00997343
-0.000114042
0.00996692
-0.000102952
0.00996084
-9.07229e-05
0.00995526
-7.74022e-05
0.00995026
-6.30845e-05
0.00994594
-4.79429e-05
0.00994239
-3.22201e-05
0.00993971
-1.61724e-05
0.00993794
0.00993707
-0.000186985
0.0100651
-0.000206438
0.0100581
-0.000223905
0.0100501
-0.000238938
0.0100403
-0.000251099
0.01003
-0.000260024
0.0100192
-0.000265368
0.0100079
-0.000266822
0.00999644
-0.000264132
0.00998485
-0.000257131
0.00997333
-0.000245778
0.00996208
-0.000230178
0.00995132
-0.000210595
0.00994125
-0.000187429
0.00993209
-0.000161164
0.00992399
-0.000132304
0.00991708
-0.000101315
0.0099114
-6.86194e-05
0.00990701
-3.46613e-05
0.00990398
0.00990241
-0.000253948
0.0100886
-0.00027315
0.0100773
-0.000288533
0.0100654
-0.000299238
0.010051
-0.000305457
0.0100363
-0.000307187
0.0100209
-0.000304616
0.0100054
-0.000297998
0.00998982
-0.000287637
0.00997449
-0.000273857
0.00995955
-0.000256957
0.00994518
-0.000237177
0.00993154
-0.000214687
0.00991876
-0.00018961
0.00990701
-0.000162074
0.00989646
-0.000132301
0.0098873
-0.000100662
0.00987976
-6.76927e-05
0.00987405
-3.39797e-05
0.00987027
0.00986843
-0.000345687
0.0101261
-0.000380918
0.0101125
-0.000412359
0.0100969
-0.00043924
0.0100779
-0.000460876
0.0100579
-0.000476701
0.0100367
-0.000486153
0.0100148
-0.000488716
0.00999238
-0.000483937
0.00996971
-0.000471481
0.00994709
-0.000451198
0.0099249
-0.000423178
0.00990352
-0.000387794
0.00988338
-0.000345682
0.0098649
-0.000297682
0.00984846
-0.000244707
0.00983433
-0.000187636
0.00982269
-0.000127251
0.00981366
-6.43595e-05
0.00980738
0.00980407
-0.000491076
0.0101712
-0.000528816
0.0101503
-0.000559833
0.0101279
-0.00058257
0.0101006
-0.000597146
0.0100725
-0.000603345
0.0100429
-0.000601284
0.0100128
-0.000591209
0.00998231
-0.000573491
0.00995199
-0.000548584
0.00992219
-0.000516955
0.00989327
-0.000479024
0.00986559
-0.000435124
0.00983948
-0.000385517
0.00981529
-0.000330476
0.00979342
-0.00027044
0.00977429
-0.000206156
0.00975841
-0.000138779
0.00974628
-6.96549e-05
0.00973825
0.00973442
-0.000637852
0.0102392
-0.00070129
0.0102137
-0.000757917
0.0101845
-0.000806436
0.0101491
-0.000845869
0.0101119
-0.000875289
0.0100724
-0.000893747
0.0100312
-0.000900288
0.00998885
-0.000893983
0.00994568
-0.000874007
0.00990221
-0.000839772
0.00985903
-0.000791057
0.00981687
-0.00072814
0.00977656
-0.000651856
0.00973901
-0.000563546
0.00970511
-0.000464864
0.00967561
-0.000357554
0.0096511
-0.000243173
0.0096319
-0.00012334
0.00961842
0.00961108
-0.000922984
0.0103244
-0.000996404
0.0102871
-0.00105851
0.0102466
-0.00110672
0.0101974
-0.00114076
0.0101459
-0.00115986
0.0100915
-0.00116372
0.0100351
-0.00115229
0.00997741
-0.00112571
0.0099191
-0.00108438
0.00986088
-0.0010288
0.00980346
-0.000959529
0.0097476
-0.000877034
0.00969407
-0.000781694
0.00964367
-0.000673893
0.00959731
-0.000554326
0.00955604
-0.000424337
0.00952111
-0.000286406
0.00949397
-0.000143715
0.00947573
0.00946736
-0.00116645
0.0104444
-0.00127793
0.0103986
-0.00137845
0.0103471
-0.00146608
0.010285
-0.00153963
0.0102195
-0.00159754
0.0101494
-0.00163814
0.0100757
-0.0016595
0.00999877
-0.00165952
0.00991912
-0.00163592
0.00983728
-0.00158656
0.00975409
-0.00150962
0.00967066
-0.00140405
0.0095885
-0.00126988
0.0095095
-0.00110848
0.0094359
-0.000922367
0.00936993
-0.00071493
0.00931367
-0.000489533
0.00926858
-0.000250136
0.00923633
0.00921722
-0.00167622
0.0106007
-0.00181656
0.0105389
-0.00193979
0.0104704
-0.00204241
0.0103876
-0.00212292
0.0103
-0.00217951
0.0102059
-0.00221044
0.0101066
-0.00221427
0.0100026
-0.0021897
0.00989455
-0.00213592
0.0097835
-0.00205236
0.00967053
-0.00193875
0.00955705
-0.00179487
0.00944461
-0.00162043
0.00933506
-0.00141497
0.00923045
-0.00117847
0.00913343
-0.000912288
0.00904749
-0.000620966
0.00897725
-0.00031199
0.00892735
0.00890523
-0.00208051
0.0108022
-0.00226801
0.0107264
-0.00244024
0.0106426
-0.0025957
0.0105431
-0.00273463
0.0104389
-0.00285463
0.0103259
-0.0029528
0.0102048
-0.00302531
0.0100751
-0.00306786
0.00993711
-0.00307465
0.00979029
-0.00303908
0.00963496
-0.00295366
0.00947163
-0.00281081
0.00930177
-0.00260363
0.00912788
-0.00232781
0.00895464
-0.0019826
0.00878822
-0.00157043
0.00863531
-0.00109699
0.00850382
-0.000574542
0.00840491
0.00833069
-0.00288282
0.0110698
-0.00313772
0.0109813
-0.00337515
0.01088
-0.00359139
0.0107593
-0.00378119
0.0106287
-0.00394243
0.0104872
-0.00407053
0.0103329
-0.00416093
0.0101655
-0.00420721
0.00998338
-0.00420322
0.0097863
-0.004142
0.00957374
-0.00401705
0.00934667
-0.00382173
0.00910644
-0.0035505
0.00885665
-0.00319586
0.00859999
-0.00274926
0.00834162
-0.00220324
0.0080893
-0.0015496
0.00785017
-0.000799139
0.00765445
0.00753155
-0.00350737
0.0113783
-0.00380089
0.0112749
-0.00408315
0.0111623
-0.004353
0.0110292
-0.00461411
0.0108899
-0.00486193
0.010735
-0.00509695
0.0105679
-0.00531578
0.0103843
-0.00551625
0.0101839
-0.0056865
0.00995655
-0.00581371
0.00970095
-0.00587973
0.00941269
-0.00586074
0.00908746
-0.00572175
0.00871766
-0.00542373
0.00830197
-0.00492255
0.00784044
-0.00417691
0.00734366
-0.00313877
0.00681203
-0.00181625
0.00633192
0.00571531
-0.00453448
-0.00493217
-0.00533794
-0.0057376
-0.00614919
-0.00655284
-0.00696088
-0.00735396
-0.00772752
-0.00806296
-0.00834446
-0.00853532
-0.0086033
-0.00849773
-0.00820227
-0.00761876
-0.00678092
-0.00545438
-0.00352678
-0.00524674
0.0133129
-0.00544178
0.0132921
-0.00565241
0.0132663
-0.00587802
0.0132592
-0.00611828
0.0132554
-0.00636655
0.0132628
-0.00660491
0.0132555
-0.00678298
0.0131869
-0.00679882
0.0129292
-0.00649978
0.0122702
-0.00572557
0.0109341
-0.00441843
0.00873871
-0.0027982
0.00583555
-0.00138283
0.00289055
-0.000585405
0.000697295
-0.00034025
-0.000501629
-0.000406765
-0.000998713
-0.000525289
-0.00108656
-0.000443096
-0.00101862
-0.000820846
-0.00534361
0.0134556
-0.00549258
0.0134411
-0.00564861
0.0134223
-0.00580881
0.0134194
-0.0059691
0.0134157
-0.00611457
0.0134082
-0.00621207
0.013353
-0.0061915
0.0131663
-0.00594407
0.0126818
-0.00534905
0.0116752
-0.00435584
0.00994091
-0.00309856
0.00748143
-0.00195363
0.00469062
-0.00132025
0.00225716
-0.00121221
0.000589254
-0.0012959
-0.000417938
-0.00129094
-0.00100367
-0.00106782
-0.00130967
-0.000642956
-0.00144348
-0.0014638
-0.00542045
0.0135713
-0.00554203
0.0135627
-0.00567058
0.0135509
-0.00580234
0.0135511
-0.00592959
0.013543
-0.00602894
0.0135076
-0.00605423
0.0133783
-0.00592463
0.0130367
-0.00553775
0.0122949
-0.00481275
0.0109502
-0.00377237
0.00890053
-0.00261618
0.00632524
-0.00166688
0.00374131
-0.0010939
0.00168418
-0.000791717
0.00028707
-0.000618079
-0.000591576
-0.000492171
-0.00112958
-0.000361802
-0.00144004
-0.000200893
-0.00160439
-0.00166469
-0.00546793
0.0136606
-0.00555955
0.0136543
-0.00565284
0.0136442
-0.00573945
0.0136377
-0.00580494
0.0136085
-0.00581617
0.0135188
-0.00571602
0.0132781
-0.00542264
0.0127433
-0.00485638
0.0117286
-0.00399408
0.0100879
-0.00294028
0.00784673
-0.00194051
0.00532547
-0.00123393
0.00303473
-0.000848796
0.00129905
-0.000667463
0.000105737
-0.000559758
-0.000699281
-0.00046138
-0.00122796
-0.000338368
-0.00156306
-0.000183396
-0.00175936
-0.00184809
-0.0054998
0.0137277
-0.00556764
0.0137221
-0.00563423
0.0137108
-0.00568872
0.0136922
-0.00571053
0.0136303
-0.00565914
0.0134674
-0.00547203
0.013091
-0.00507496
0.0123462
-0.00441793
0.0110716
-0.00352911
0.00919905
-0.00255625
0.00687387
-0.00171779
0.00448702
-0.00113893
0.00245587
-0.000779829
0.000939946
-0.000547823
-0.00012627
-0.000394735
-0.000852369
-0.000280253
-0.00134244
-0.000182537
-0.00166077
-9.09394e-05
-0.00185096
-0.00193903
-0.00551682
0.0137752
-0.00556265
0.0137679
-0.00560186
0.01375
-0.00561854
0.0137089
-0.00558406
0.0135958
-0.00544941
0.0133328
-0.00515126
0.0127928
-0.00463102
0.011826
-0.00387545
0.010316
-0.00296151
0.00828512
-0.0020617
0.00597405
-0.00135069
0.00377601
-0.000879528
0.0019847
-0.000593337
0.000653756
-0.000421534
-0.000298073
-0.000304762
-0.000969141
-0.000216866
-0.00143034
-0.00014167
-0.00173597
-7.07001e-05
-0.00192193
-0.00200973
-0.00552614
0.0138066
-0.00555319
0.013795
-0.0055673
0.0137641
-0.00554748
0.0136891
-0.00545893
0.0135072
-0.00525038
0.0131242
-0.00486535
0.0124078
-0.00426758
0.0112282
-0.00347978
0.00952824
-0.0026099
0.00741524
-0.00181965
0.0051838
-0.00122101
0.00317737
-0.000814834
0.00157853
-0.00054559
0.000384512
-0.000366015
-0.000477648
-0.000246348
-0.00108881
-0.000162302
-0.00151438
-9.90287e-05
-0.00179924
-4.70715e-05
-0.00197389
-0.0020568
-0.00552643
0.0138239
-0.00553492
0.0138035
-0.00552162
0.0137508
-0.00546
0.0136275
-0.00531005
0.0133573
-0.00502041
0.0128346
-0.00454511
0.0119325
-0.00387263
0.0105557
-0.00305802
0.00871362
-0.00222723
0.00658446
-0.00151961
0.00447617
-0.0010003
0.00265806
-0.000650941
0.00122917
-0.000426708
0.000160279
-0.000281181
-0.000623175
-0.000184524
-0.00118546
-0.000118677
-0.00158023
-7.112e-05
-0.0018468
-3.34597e-05
-0.00201155
-0.00209026
-0.00551908
0.0138288
-0.005509
0.0137934
-0.00546674
0.0137085
-0.00536103
0.0135217
-0.0051495
0.0131458
-0.00478578
0.0124709
-0.00424034
0.0113871
-0.00352838
0.00984378
-0.00272969
0.00791493
-0.00196977
0.00582454
-0.00135192
0.00385832
-0.000902619
0.00220876
-0.000593167
0.000919723
-0.000382588
-5.02997e-05
-0.000245124
-0.000760639
-0.000155878
-0.00127471
-9.71577e-05
-0.00163895
-5.67169e-05
-0.00188724
-2.62201e-05
-0.00204204
-0.00211648
-0.00550311
0.0138206
-0.0054726
0.0137629
-0.00539769
0.0136336
-0.0052434
0.0133675
-0.00496751
0.0128699
-0.00453193
0.0120353
-0.00392527
0.0107804
-0.00318623
0.00910474
-0.00240952
0.00713821
-0.0017096
0.00512462
-0.00115803
0.00330674
-0.000760824
0.00181156
-0.000490141
0.000649039
-0.000313555
-0.000226885
-0.000198468
-0.000875727
-0.000124993
-0.00134819
-7.77424e-05
-0.0016862
-4.56187e-05
-0.00191936
-2.12442e-05
-0.00206642
-0.00213773
-0.00547817
0.0137988
-0.00542462
0.0137093
-0.0053136
0.0135226
-0.0051082
0.0131621
-0.00476963
0.0125313
-0.00427172
0.0115374
-0.00362296
0.0101317
-0.00288229
0.00836407
-0.00214944
0.00640536
-0.00151879
0.00449398
-0.00103289
0.00282084
-0.000683931
0.0014626
-0.000443707
0.000408814
-0.000284145
-0.000386447
-0.000182814
-0.000977058
-0.000119074
-0.00141193
-7.75548e-05
-0.00172772
-4.76603e-05
-0.00194926
-2.29394e-05
-0.00209114
-0.00216067
-0.00544157
0.0137618
-0.00536202
0.0136298
-0.00521138
0.013372
-0.00495305
0.0129037
-0.00455448
0.0121327
-0.00400349
0.0109864
-0.00332716
0.00945534
-0.00259789
0.0076348
-0.00191107
0.00571855
-0.00133946
0.00392237
-0.000906205
0.00238758
-0.000598769
0.00115516
-0.000392578
0.000202623
-0.000259966
-0.00051906
-0.000176719
-0.0010603
-0.000123861
-0.00146478
-8.70165e-05
-0.00176456
-5.68288e-05
-0.00197945
-2.83894e-05
-0.00211958
-0.00218906
-0.00539107
0.0137078
-0.0052826
0.0135213
-0.00509005
0.0131794
-0.00477942
0.0125931
-0.00432702
0.0116803
-0.00373588
0.0103953
-0.00304948
0.00876893
-0.00234742
0.00693274
-0.00171479
0.00508591
-0.0012037
0.00341127
-0.00082335
0.00200724
-0.000557612
0.000889423
-0.000381275
2.62861e-05
-0.000270429
-0.000629906
-0.000201397
-0.00112934
-0.000154759
-0.00151142
-0.000116862
-0.00180246
-7.98928e-05
-0.00201641
-4.08576e-05
-0.00215861
-0.00222991
-0.00532395
0.0136347
-0.00518413
0.0133815
-0.00494864
0.0129439
-0.00458833
0.0122328
-0.00409025
0.0111822
-0.00347237
0.00977739
-0.00279066
0.00808722
-0.00212531
0.00626739
-0.00154759
0.00450819
-0.00109278
0.00295646
-0.00076199
0.00167645
-0.00053797
0.000665403
-0.000396335
-0.000115349
-0.000309057
-0.000717184
-0.000252453
-0.00118594
-0.000207943
-0.00155593
-0.000163709
-0.00184669
-0.000114276
-0.00206585
-5.89507e-05
-0.00221394
-0.00228886
-0.00523824
0.0135408
-0.00506572
0.0132089
-0.00478822
0.0126664
-0.00438351
0.0118281
-0.00385045
0.0106492
-0.0032207
0.00914764
-0.00255828
0.00742481
-0.00193909
0.00564821
-0.00142025
0.00398934
-0.00102442
0.00256063
-0.000746661
0.00139869
-0.0005666
0.000485341
-0.000456639
-0.000225309
-0.000388914
-0.000784909
-0.000338884
-0.00123597
-0.000289462
-0.00160536
-0.000231502
-0.00190465
-0.000162372
-0.00213498
-8.38085e-05
-0.0022925
-0.00237267
-0.0051319
0.0134249
-0.00492673
0.0130038
-0.00461024
0.0123499
-0.00416873
0.0113866
-0.00361299
0.0100934
-0.00298606
0.0085207
-0.00235558
0.00679433
-0.00178997
0.0050826
-0.00133352
0.0035329
-0.000999328
0.00222644
-0.000776965
0.00117633
-0.000641793
0.000350169
-0.000562564
-0.000304538
-0.000509105
-0.000838369
-0.000458281
-0.00128679
-0.000396175
-0.00166746
-0.000317254
-0.00198357
-0.000221954
-0.00223028
-0.000114262
-0.00240019
-0.00248693
-0.00500423
0.0132869
-0.00476817
0.0127677
-0.00441797
0.0119997
-0.00394949
0.0109181
-0.00338483
0.00952878
-0.00277562
0.00791149
-0.00218942
0.00620813
-0.00168586
0.00457903
-0.00129813
0.00314517
-0.00103072
0.00195902
-0.000866089
0.0010117
-0.000773339
0.000257419
-0.000717707
-0.00036017
-0.000669488
-0.000886588
-0.000608732
-0.00134755
-0.000525862
-0.00175033
-0.000419184
-0.00209025
-0.000291881
-0.00235758
-0.000149776
-0.0025423
-0.00263671
-0.00485475
0.0131273
-0.00459142
0.0125044
-0.00421491
0.0116232
-0.00373104
0.0104342
-0.00317198
0.00896972
-0.00259499
0.0073345
-0.00206488
0.00567802
-0.00163218
0.00414633
-0.00131974
0.00283273
-0.00112241
0.00176169
-0.0010138
0.000903095
-0.000956823
0.00020044
-0.000915138
-0.000401855
-0.000861964
-0.000939761
-0.000782563
-0.00142695
-0.000672217
-0.00186068
-0.000532655
-0.00222981
-0.000369158
-0.00252108
-0.000188887
-0.00272257
-0.0028256
-0.0046847
0.0129479
-0.00439943
0.0122191
-0.00400578
0.0112296
-0.00351941
0.00994787
-0.0029809
0.00843121
-0.00245053
0.00680413
-0.00198855
0.00521604
-0.0016359
0.00379368
-0.00140405
0.00260087
-0.00127617
0.00163381
-0.00121641
0.000843337
-0.00118361
0.000167643
-0.00114371
-0.00044176
-0.00107569
-0.00100778
-0.000970767
-0.00153187
-0.000828461
-0.00200298
-0.000652929
-0.00240535
-0.000450796
-0.00272321
-0.000230148
-0.00294322
-0.00305575
-0.00449527
0.0127518
-0.00419495
0.0119188
-0.00379473
0.0108293
-0.00331952
0.00947266
-0.00281652
0.00792821
-0.0023467
0.00633432
-0.00196408
0.00483342
-0.00169838
0.00352798
-0.00154739
0.00244988
-0.00148162
0.00156804
-0.00145796
0.000819673
-0.00143561
0.000145293
-0.00138637
-0.000490996
-0.00129635
-0.00109779
-0.00116211
-0.00166612
-0.000986097
-0.00217899
-0.000773862
-0.00261758
-0.00053277
-0.0029643
-0.000271559
-0.00320443
-0.0033273
-0.00428942
0.0125424
-0.00398192
0.0116113
-0.00358643
0.0104339
-0.0031361
0.00902232
-0.00268302
0.00747513
-0.00228644
0.00593774
-0.00199176
0.00453874
-0.00181466
0.00335088
-0.0017376
0.00237282
-0.00172009
0.00155054
-0.00171661
0.000816194
-0.00169149
0.000120169
-0.00162478
-0.000557702
-0.00150922
-0.00121336
-0.00134505
-0.0018303
-0.00113625
-0.00238779
-0.000888909
-0.00286492
-0.000610736
-0.00324248
-0.000310949
-0.00350422
-0.00363825
-0.00406899
0.0123241
-0.00376286
0.0113052
-0.00338361
0.0100546
-0.00297139
0.0086101
-0.00258112
0.00708486
-0.00226743
0.00562405
-0.00206365
0.00433496
-0.00196894
0.00325617
-0.00195136
0.00235524
-0.00196439
0.00156357
-0.00196587
0.000817674
-0.00192856
8.28555e-05
-0.00184069
-0.000645571
-0.00169975
-0.0013543
-0.00150792
-0.00202212
-0.00126968
-0.00262603
-0.000991119
-0.00314349
-0.000680034
-0.00355356
-0.000345978
-0.00383827
-0.00398423
-0.00383757
0.0121012
-0.00354111
0.0110087
-0.00318887
0.00970236
-0.00282639
0.00824763
-0.00250855
0.00676701
-0.00228182
0.00539731
-0.00216395
0.0042171
-0.00213745
0.00322967
-0.0021603
0.00237809
-0.00218633
0.0015896
-0.00218123
0.000812569
-0.00212689
2.85148e-05
-0.00201797
-0.000754488
-0.00185464
-0.00151763
-0.0016397
-0.00223706
-0.00137744
-0.00288829
-0.00107367
-0.00344726
-0.000736055
-0.00389117
-0.000374324
-0.0042
-0.00435856
-0.0035958
0.0118779
-0.0033168
0.0107297
-0.00300107
0.00938663
-0.0026973
0.00794386
-0.00245671
0.00652643
-0.0023136
0.0052542
-0.00226874
0.00417224
-0.00229106
0.00325198
-0.00233492
0.00242195
-0.00236009
0.00161477
-0.0023419
0.000794379
-0.00227015
-4.32305e-05
-0.00214326
-0.000881384
-0.00196257
-0.00169832
-0.00173081
-0.00246882
-0.00145175
-0.00316736
-0.00113064
-0.00376837
-0.000774818
-0.00424699
-0.000393986
-0.00458084
-0.00475254
-0.00334627
0.0116575
-0.00309081
0.0104742
-0.00281839
0.00911421
-0.00257771
0.00770318
-0.00241238
0.00636109
-0.00234177
0.0051836
-0.00235118
0.00418165
-0.00240167
0.00330247
-0.00245029
0.00247057
-0.00246578
0.00163027
-0.00243247
0.000761074
-0.00234578
-0.000129924
-0.00220584
-0.00102132
-0.00201434
-0.00188982
-0.00177348
-0.00270967
-0.00148629
-0.00345455
-0.00115724
-0.00409741
-0.000793107
-0.00461113
-0.000403349
-0.00497059
-0.00515589
-0.00308567
0.0114427
-0.00285821
0.0102468
-0.00263287
0.00888886
-0.00245478
0.0075251
-0.00235627
0.00626257
-0.00234167
0.00516901
-0.00238497
0.00422495
-0.00244583
0.00336333
-0.0024882
0.00251294
-0.00249023
0.0016323
-0.00244323
0.000714074
-0.0023459
-0.000227256
-0.00219913
-0.00116809
-0.00200435
-0.00208461
-0.00176303
-0.00295099
-0.00147727
-0.00374031
-0.00115059
-0.00442408
-0.000788964
-0.00497276
-0.000401424
-0.00535813
-0.00555732
-0.00281418
0.0112343
-0.00261616
0.0100488
-0.00243727
0.00870998
-0.0023155
0.00740333
-0.0022699
0.00621697
-0.0022923
0.00519141
-0.00235087
0.00428352
-0.00240898
0.00342144
-0.00243916
0.00254312
-0.00242767
0.0016208
-0.00237049
0.000656896
-0.00226801
-0.000329742
-0.0021212
-0.00131489
-0.00193102
-0.00227479
-0.00169815
-0.00318386
-0.00142362
-0.00401484
-0.00110985
-0.00473786
-0.000761803
-0.0053208
-0.000387907
-0.00573203
-0.00594522
-0.00252169
0.0110326
-0.00235289
0.00987995
-0.00221687
0.00857395
-0.00214188
0.00732835
-0.00213359
0.00620868
-0.00217575
0.00523356
-0.00223568
0.00434345
-0.00228352
0.00346928
-0.00230009
0.00255969
-0.00227771
0.00159842
-0.00221519
0.000594382
-0.00211363
-0.000431307
-0.00197384
-0.00145468
-0.00179619
-0.00245244
-0.0015805
-0.00339955
-0.00132672
-0.00426863
-0.00103603
-0.00502854
-0.000712301
-0.00564454
-0.000363131
-0.0060812
-0.00630835
-0.00220645
0.010836
-0.00206335
0.00973685
-0.00196296
0.00847357
-0.00192254
0.00728793
-0.00193596
0.0062221
-0.00198379
0.00528139
-0.0020359
0.00439556
-0.00207033
0.00350371
-0.00207475
0.0025641
-0.00204557
0.00156925
-0.00198316
0.000531968
-0.00188873
-0.000525733
-0.00176279
-0.00158063
-0.00160511
-0.00261013
-0.00141466
-0.00359
-0.0011903
-0.00449298
-0.000931977
-0.00528686
-0.000642326
-0.00593419
-0.000328023
-0.0063955
-0.00663638
-0.00185006
0.0106441
-0.00172985
0.00961664
-0.00165855
0.00840226
-0.00164255
0.00727193
-0.00166628
0.00624582
-0.00171145
0.00532656
-0.001752
0.00443611
-0.00177399
0.00352571
-0.00176995
0.00256006
-0.00173915
0.00153845
-0.00168261
0.00047542
-0.00160147
-0.000606873
-0.00149584
-0.00168626
-0.00136492
-0.00274104
-0.00120687
-0.00374804
-0.00101952
-0.00468034
-0.00080159
-0.00550479
-0.000554501
-0.00618128
-0.000283894
-0.00666611
-0.00692027
-0.00145472
0.0104556
-0.00135153
0.00951344
-0.00130147
0.0083522
-0.00130024
0.00727071
-0.00132595
0.00627153
-0.00136384
0.00536446
-0.0013923
0.00446456
-0.00140492
0.00353833
-0.00139677
0.00255191
-0.00136971
0.0015114
-0.00132458
0.000430291
-0.00126243
-0.000669025
-0.00118285
-0.00176584
-0.00108451
-0.00283938
-0.000964818
-0.00386773
-0.000820655
-0.0048245
-0.000649639
-0.00567581
-0.000452013
-0.0063789
-0.000232336
-0.00688578
-0.00715261
-0.000996774
0.0102744
-0.000909296
0.00942597
-0.000878646
0.00832155
-0.000887879
0.00727994
-0.000914128
0.00629778
-0.000945025
0.00539535
-0.000964924
0.00448446
-0.000972969
0.00354637
-0.000966166
0.00254511
-0.000948504
0.00149373
-0.000920109
0.000401897
-0.000882181
-0.000706953
-0.000833678
-0.00181434
-0.000772788
-0.00290027
-0.000696215
-0.00394431
-0.000600051
-0.00492066
-0.00048096
-0.0057949
-0.00033811
-0.00652175
-0.000174979
-0.00704892
-0.00732759
-0.000499882
0.0101022
-0.000417916
0.009344
-0.000402991
0.00830663
-0.000415804
0.00729276
-0.000443725
0.0063257
-0.000467768
0.0054194
-0.000484321
0.00450101
-0.000491709
0.00355376
-0.000491798
0.00254519
-0.0004881
0.00149004
-0.000481282
0.000395078
-0.00047192
-0.000716315
-0.000458544
-0.00182772
-0.000438798
-0.00292002
-0.000408796
-0.00397431
-0.000363989
-0.00496547
-0.000300299
-0.00585859
-0.000215964
-0.00660609
-0.000113409
-0.00715147
-0.007441
5.68594e-05
0.00994984
0.0001347
0.00926616
0.000131191
0.00831013
0.00011573
0.00730822
7.9679e-05
0.00636175
5.99873e-05
0.00543909
3.79646e-05
0.00452304
2.80288e-05
0.0035637
1.35949e-05
0.00255963
3.90445e-07
0.00150324
-1.90534e-05
0.000414522
-4.12745e-05
-0.000694093
-6.62638e-05
-0.00180273
-9.01106e-05
-0.00289617
-0.000108969
-0.00395545
-0.000117618
-0.00495682
-0.000111541
-0.00586467
-8.81758e-05
-0.00662945
-4.89307e-05
-0.00719072
-0.00748993
0.000617316
0.00977125
0.000700047
0.00918343
0.000706269
0.00830391
0.00068148
0.00733301
0.00064767
0.00639556
0.000618981
0.00546778
0.000594538
0.00454748
0.0005705
0.00358774
0.000542174
0.00258795
0.000504645
0.00154077
0.000457365
0.000461802
0.000400023
-0.000636751
0.000335231
-0.00173794
0.000266122
-0.00282706
0.000197465
-0.00388679
0.00013443
-0.00489379
8.19274e-05
-0.00581217
4.30415e-05
-0.00659057
1.73722e-05
-0.00716505
-0.00747255
0.00117874
0.00956206
0.00128717
0.009075
0.00130862
0.00828247
0.00128466
0.00735696
0.00124767
0.00643255
0.00120955
0.0055059
0.0011737
0.00458333
0.00113312
0.00362831
0.00108403
0.00263705
0.00102047
0.00160433
0.000941849
0.000540424
0.000848058
-0.00054296
0.000741859
-0.00163174
0.000626847
-0.00271205
0.000507866
-0.00376781
0.000390079
-0.004776
0.000278449
-0.00570054
0.000176511
-0.00648863
8.48712e-05
-0.00707341
-0.00738768
0.00176332
0.00932069
0.00190447
0.00893385
0.00194636
0.00824058
0.00192655
0.00737677
0.00188273
0.00647638
0.00183032
0.00555831
0.00177586
0.00463779
0.00171307
0.0036911
0.00163785
0.00271227
0.00154478
0.00169739
0.00143228
0.000652927
0.00130056
-0.000411242
0.00115228
-0.00148346
0.000991189
-0.00255095
0.000821905
-0.00359853
0.000649317
-0.00460341
0.000478194
-0.00552941
0.000312437
-0.00632287
0.0001537
-0.00691467
-0.00723398
0.00237151
0.00904743
0.00255073
0.00875463
0.00261973
0.00817158
0.00260837
0.00738813
0.00255648
0.00652827
0.00248521
0.00562958
0.00240536
0.00471764
0.00231388
0.00378258
0.00220706
0.00281909
0.00208011
0.00182434
0.00193093
0.000802111
0.0017596
-0.000239915
0.00156848
-0.00129234
0.00136102
-0.00234349
0.0011413
-0.0033788
0.000913577
-0.00437569
0.000682255
-0.00529809
0.000451541
-0.00609216
0.000224216
-0.00668734
-0.00700977
0.00299467
0.00874549
0.00321486
0.00853444
0.00331906
0.00806739
0.00332451
0.00738267
0.00326844
0.00658435
0.00317746
0.00572055
0.0030679
0.00482721
0.00294223
0.00390825
0.00279852
0.0029628
0.00263323
0.00198963
0.0024442
0.000991139
0.0022311
-2.6807e-05
0.00199585
-0.00105709
0.0017411
-0.00208875
0.00147001
-0.00310771
0.00118596
-0.00409164
0.00089284
-0.00500497
0.000595211
-0.00579453
0.00029708
-0.00638921
-0.00671269
0.00361714
0.00842181
0.00387673
0.00827485
0.00402364
0.00792048
0.00405794
0.00734837
0.00400834
0.00663395
0.00390356
0.00582532
0.00376563
0.00496515
0.00360355
0.00407033
0.00341944
0.0031469
0.00321206
0.00219701
0.00297992
0.00122328
0.0027227
0.000230411
0.00244109
-0.000775479
0.00213701
-0.00178467
0.00181241
-0.00278312
0.00146962
-0.00374885
0.00111207
-0.00464742
0.000744717
-0.00542718
0.000372885
-0.00601738
-0.0063398
0.0042181
0.0080875
0.00450907
0.00798388
0.00470177
0.00772779
0.00477781
0.00727233
0.0047513
0.00666046
0.0046471
0.00592952
0.00449004
0.0051222
0.00429578
0.00426459
0.00407197
0.00337072
0.00382111
0.00244787
0.00354354
0.00150085
0.00323926
0.000534691
0.00290843
-0.000444651
0.002552
-0.00142824
0.00217064
-0.00240176
0.00176572
-0.00334392
0.00134038
-0.00422208
0.000900125
-0.00498693
0.000451592
-0.00556885
-0.00588821
0.00477291
0.00775702
0.00507974
0.00767704
0.00531198
0.00749555
0.00543698
0.00714733
0.00545106
0.00664638
0.00536829
0.0060123
0.00521073
0.00527976
0.00499775
0.00447757
0.00474238
0.00362609
0.00445192
0.00273832
0.00412983
0.00182294
0.00377749
0.000887031
0.00339476
-6.19213e-05
0.00298262
-0.0010161
0.00254085
-0.00195999
0.00207031
-0.00287339
0.00157423
-0.003726
0.00105881
-0.0044715
0.000531813
-0.00504185
-0.0053564
0.00526074
0.00744574
0.00556277
0.00737502
0.00581694
0.00724137
0.00598516
0.00697912
0.00604866
0.00658287
0.00600648
0.00605448
0.00587169
0.00541455
0.00566146
0.00468779
0.0053913
0.00389625
0.00507252
0.0030571
0.00471228
0.00218319
0.00431455
0.00128476
0.00388119
0.000371441
0.00341214
-0.000547055
0.00290837
-0.00145622
0.00237108
-0.0023361
0.00180405
-0.00315897
0.00121421
-0.00388167
0.000610231
-0.00443787
-0.00474617
0.00566712
0.00716686
0.00594383
0.00709831
0.00619492
0.00699029
0.00638594
0.00678809
0.00649074
0.00647808
0.00649509
0.00605013
0.00639956
0.00551008
0.00621369
0.00487367
0.0059504
0.00415954
0.00562196
0.00338554
0.00523803
0.00256712
0.0048053
0.00171749
0.00432786
0.00084888
0.00380673
-2.59225e-05
0.00324535
-0.00089484
0.00264592
-0.00173666
0.00201337
-0.00252642
0.00135545
-0.00322375
0.000681431
-0.00376385
-0.00406473
0.00598714
0.0069291
0.00622372
0.00686173
0.00644826
0.00676575
0.00663507
0.00660128
0.00675872
0.00635443
0.00679807
0.00601078
0.0067427
0.00556545
0.00659219
0.00502419
0.00635271
0.00439901
0.0060335
0.00370475
0.00564395
0.00295667
0.00519212
0.00216932
0.00468434
0.00135666
0.00412565
0.000532762
0.00351838
-0.000287566
0.00286874
-0.00108702
0.00218313
-0.00184081
0.00147011
-0.00251073
0.000739302
-0.00303304
-0.00332543
0.00622205
0.00673673
0.0064107
0.00667308
0.00659255
0.0065839
0.00675096
0.00644287
0.00686586
0.00623953
0.00691624
0.00596039
0.0068858
0.00559589
0.00676587
0.00514412
0.00655497
0.00460991
0.00625678
0.00400295
0.00587775
0.0033357
0.00542521
0.00262186
0.0049063
0.00187558
0.00432756
0.0011115
0.00369493
0.000345065
0.00301478
-0.000406876
0.00229565
-0.00112168
0.00154681
-0.00176188
0.000778258
-0.00226449
-0.00254717
0.00638047
0.00659049
0.00651996
0.00653359
0.00665299
0.00645087
0.00676935
0.00632651
0.00685553
0.00615336
0.00689436
0.00592156
0.00686892
0.00562133
0.00676623
0.0052468
0.00657879
0.00479735
0.00630442
0.00427732
0.00594513
0.00369499
0.00550566
0.00306133
0.00499224
0.002389
0.00441192
0.00169182
0.00377232
0.000984672
0.00308127
0.000284175
0.00234814
-0.000388558
0.00158328
-0.000997019
0.00079703
-0.00147825
-0.00175014
0.00646687
0.00648898
0.0065591
0.00644137
0.006643
0.00636696
0.00671212
0.0062574
0.00675776
0.00610771
0.00676758
0.00591175
0.00672721
0.0056617
0.0066232
0.00535081
0.0064452
0.00497535
0.00618708
0.00453544
0.00584694
0.00403512
0.00542652
0.00348175
0.00493023
0.00288529
0.00436442
0.00225764
0.00373681
0.00161228
0.00305638
0.000964601
0.00233252
0.000335304
0.00157485
-0.000239349
0.000793537
-0.000696933
-0.000956607
0.00650328
0.00642956
0.00655163
0.00639302
0.00659032
0.00632827
0.00661487
0.00623284
0.00661918
0.0061034
0.00659491
0.00593602
0.00653137
0.00572523
0.00641695
0.00546524
0.00624091
0.00515138
0.00599502
0.00478133
0.00567435
0.00435579
0.00527746
0.00387863
0.00480611
0.00335663
0.00426472
0.00279903
0.00365983
0.00221717
0.00299958
0.00162485
0.00229307
0.00104181
0.00155027
0.000503445
0.000781787
7.1555e-05
-0.000174821
0.00649113
0.00641608
0.00649761
0.00638653
0.0064946
0.00633128
0.00647748
0.00624996
0.00644109
0.00613979
0.0063794
0.00599771
0.00628465
0.00581998
0.00614775
0.00560214
0.00595943
0.00533971
0.00571155
0.00502921
0.00539823
0.00466911
0.00501651
0.00426036
0.00456648
0.00380666
0.00405119
0.00331433
0.00347615
0.00279221
0.00284884
0.00225216
0.00217791
0.00171275
0.00147258
0.00120877
0.000742972
0.000801166
0.000568151
0.0064559
0.00644314
0.0064258
0.00641664
0.00638726
0.00636982
0.00633591
0.00630131
0.00626764
0.00620806
0.00617756
0.00608779
0.0060597
0.00593784
0.00590701
0.00575483
0.00571178
0.00553493
0.00546652
0.00527447
0.00516491
0.00497073
0.0048026
0.00462267
0.0043778
0.00423145
0.00389141
0.00380071
0.00334692
0.0033367
0.00274999
0.0028491
0.00210775
0.00235498
0.00142841
0.00188811
0.000721685
0.0015079
0.00128984
0.0063821
0.00650106
0.00632021
0.00647852
0.00624959
0.00644044
0.00616652
0.00638439
0.00606686
0.00630772
0.00594638
0.00620826
0.00580043
0.00608379
0.00562372
0.00593154
0.00541043
0.00574823
0.00515462
0.00553028
0.00485095
0.0052744
0.00449543
0.00497818
0.0040861
0.00464078
0.00362335
0.00426346
0.00311
0.00385005
0.00255092
0.00340817
0.00195244
0.00295346
0.00132174
0.00251881
0.00066733
0.00216231
0.00195717
0.00629631
0.00658061
0.00621276
0.00656207
0.00612136
0.00653184
0.0060191
0.00648665
0.00590236
0.00642446
0.00576726
0.00634336
0.00560972
0.00624133
0.00542534
0.00611593
0.00520928
0.00596428
0.00495648
0.00578308
0.00466198
0.0055689
0.00432153
0.00531864
0.0039322
0.00503012
0.00349291
0.00470275
0.00300471
0.00433825
0.00247071
0.00394217
0.00189572
0.00352845
0.00128606
0.00312847
0.000650246
0.00279812
0.00260741
0.00617911
0.00667624
0.00607788
0.00666331
0.00596769
0.00664203
0.00584547
0.00660886
0.00570816
0.00656177
0.00555256
0.00649896
0.00537538
0.00641851
0.00517316
0.00631815
0.00494224
0.0061952
0.00467884
0.00604648
0.00437931
0.00586843
0.00404053
0.00565741
0.00366043
0.00541022
0.00323842
0.00512476
0.0027757
0.00480097
0.00227519
0.00444269
0.00174112
0.00406252
0.00117881
0.00369077
0.000595264
0.00338167
0.00320268
0.00607253
0.00677954
0.00596415
0.0067717
0.00584792
0.00675825
0.0057208
0.00673598
0.00557967
0.0067029
0.00542147
0.00665715
0.00524329
0.00659669
0.00504214
0.0065193
0.00481487
0.00642247
0.00455812
0.00630322
0.00426843
0.00615812
0.0039425
0.00598335
0.00357762
0.0057751
0.00317216
0.00553022
0.00272598
0.00524716
0.00224058
0.00492809
0.00171907
0.00458402
0.00116635
0.0042435
0.000589771
0.00395825
0.00379245
0.00594516
0.00688798
0.00583031
0.00688654
0.00570636
0.00688221
0.0055704
0.00687194
0.00541963
0.00685367
0.00525132
0.00682547
0.00506275
0.00678526
0.00485135
0.0067307
0.00461461
0.00665921
0.00435007
0.00656776
0.0040554
0.00645279
0.00372849
0.00631026
0.00336777
0.00613582
0.00297256
0.00592543
0.00254342
0.00567629
0.00208225
0.00538927
0.00159211
0.00507416
0.0010773
0.00475831
0.000543795
0.00449175
0.00433624
0.00584832
0.00699274
0.00573769
0.00699718
0.00561818
0.00700173
0.00548655
0.00700358
0.00534002
0.00700019
0.00517623
0.00698926
0.00499292
0.00696856
0.00478784
0.00693579
0.00455863
0.00688842
0.00430288
0.00682351
0.00401811
0.00673756
0.00370192
0.00662645
0.00335218
0.00648556
0.00296738
0.00631023
0.00254699
0.00609668
0.00209179
0.00584447
0.00160403
0.00556192
0.00108784
0.00527451
0.000549913
0.00502968
0.00488616
0.00574633
0.00709208
0.00564076
0.00710275
0.00552581
0.00711667
0.00539818
0.0071312
0.00525463
0.00714374
0.00509237
0.00715152
0.00490903
0.0071519
0.00470252
0.00714229
0.00447092
0.00712002
0.00421235
0.00708209
0.00392498
0.00702493
0.00360713
0.0069443
0.00325743
0.00683526
0.00287512
0.00669254
0.00246037
0.00651142
0.00201458
0.00629026
0.00154045
0.00603605
0.00104221
0.00577274
0.000525984
0.00554591
0.00541214
0.0056873
0.00717833
0.00559145
0.0071986
0.00548373
0.0072244
0.00536201
0.00725291
0.00522407
0.00728169
0.0050676
0.007308
0.00489038
0.00732911
0.0046903
0.00734237
0.00446533
0.00734499
0.0042135
0.00733392
0.00393287
0.00730555
0.00362155
0.00725562
0.00327782
0.007179
0.00290035
0.00707001
0.00248861
0.00692316
0.00204321
0.00673567
0.00156625
0.00651301
0.00106182
0.00627717
0.000536589
0.00607114
0.00594873
0.00566271
0.00559256
0.00550705
0.00540449
0.00528306
0.00514095
0.00497629
0.00478705
0.00457111
0.00432628
0.00405032
0.003741
0.00339617
0.00301401
0.00259344
0.00213465
0.0016397
0.00111324
0.000563048
)
;

boundaryField
{
    inlet
    {
        type            calculated;
        value           uniform -0.01;
    }
    outlet
    {
        type            calculated;
        value           nonuniform List<scalar> 
40
(
0.007236
0.00726876
0.00730991
0.00735547
0.00740312
0.0074501
0.00749377
0.00753161
0.00756094
0.00757875
0.00758151
0.00756494
0.00752384
0.00745217
0.00734372
0.00719446
0.00700796
0.00680363
0.00662133
0.00651178
0.007236
0.00726876
0.00730991
0.00735547
0.00740312
0.0074501
0.00749377
0.00753161
0.00756094
0.00757875
0.00758151
0.00756494
0.00752384
0.00745217
0.00734372
0.00719446
0.00700796
0.00680363
0.00662133
0.00651178
)
;
    }
    polygon
    {
        type            calculated;
        value           uniform 0;
    }
    top
    {
        type            symmetryPlane;
        value           uniform 0;
    }
    bottom
    {
        type            symmetryPlane;
        value           uniform 0;
    }
    outside
    {
        type            calculated;
        value           nonuniform List<scalar> 
200
(
0.00110531
0.00113054
0.00115445
0.00117724
0.00119877
0.0012191
0.00123813
0.00125605
0.00127264
0.00128854
0.000840375
0.000868253
0.000895705
0.000922917
0.000950009
0.00097658
0.00100319
0.00102858
0.00105486
0.00107801
0.00107801
0.00105486
0.00102858
0.00100319
0.00097658
0.000950009
0.000922917
0.000895705
0.000868253
0.000840375
0.00128854
0.00127264
0.00125605
0.00123813
0.0012191
0.00119877
0.00117724
0.00115445
0.00113054
0.00110531
0.00413863
0.00319889
0.00261529
0.00187899
0.00151993
0.00104644
0.000837792
0.000569856
0.000445985
0.000308159
0.000230426
0.000166453
0.000114408
8.96091e-05
5.24685e-05
4.72085e-05
1.93043e-05
2.28674e-05
1.2297e-06
8.52739e-06
-0.00572039
-0.00577356
-0.00584567
-0.00595309
-0.00605361
-0.00617583
-0.00627475
-0.00637586
-0.00644002
-0.00648296
-0.00647765
-0.00644386
-0.00636536
-0.00623423
-0.00602968
-0.00574938
-0.00538824
-0.00494947
-0.00444243
-0.00388378
-0.00329347
-0.00269273
-0.00209825
-0.00152195
-0.000969558
-0.000438723
9.54839e-05
0.000672063
0.001178
0.00164325
0.00204194
0.00240305
0.00272338
0.00302257
0.00330049
0.00356664
0.0038191
0.00406049
0.0042873
0.0044988
0.00469145
0.00486402
0.00501434
0.00514231
0.00524774
0.00533214
0.00539705
0.0054451
0.00547854
0.00549999
0.00551128
0.00551427
0.00550906
0.00549479
0.00546928
0.00543269
0.00537864
0.00530476
0.00520095
0.00506805
8.52739e-06
1.2297e-06
2.28674e-05
1.93043e-05
4.72085e-05
5.24685e-05
8.96091e-05
0.000114408
0.000166453
0.000230426
0.000308159
0.000445985
0.000569856
0.000837792
0.00104644
0.00151993
0.00187899
0.00261529
0.00319889
0.00413863
0.00506805
0.00520095
0.00530476
0.00537864
0.00543269
0.00546928
0.00549479
0.00550906
0.00551427
0.00551128
0.00549999
0.00547854
0.0054451
0.00539705
0.00533214
0.00524774
0.00514231
0.00501434
0.00486402
0.00469145
0.0044988
0.0042873
0.00406049
0.0038191
0.00356664
0.00330049
0.00302257
0.00272338
0.00240305
0.00204194
0.00164325
0.00117801
0.000672063
9.54839e-05
-0.000438723
-0.000969558
-0.00152195
-0.00209825
-0.00269273
-0.00329347
-0.00388378
-0.00444243
-0.00494947
-0.00538824
-0.00574938
-0.00602968
-0.00623423
-0.00636536
-0.00644386
-0.00647765
-0.00648296
-0.00644002
-0.00637586
-0.00627475
-0.00617583
-0.00605361
-0.00595309
-0.00584567
-0.00577356
-0.00572039
)
;
    }
}


// ************************************************************************* //
