/*--------------------------------*- C++ -*----------------------------------*\
  =========                 |
  \\      /  F ield         | OpenFOAM: The Open Source CFD Toolbox
   \\    /   O peration     | Website:  https://openfoam.org
    \\  /    A nd           | Version:  7
     \\/     M anipulation  |
\*---------------------------------------------------------------------------*/
FoamFile
{
    version     2.0;
    format      ascii;
    class       surfaceScalarField;
    location    "50";
    object      phi;
}
// * * * * * * * * * * * * * * * * * * * * * * * * * * * * * * * * * * * * * //

dimensions      [0 3 -1 0 0 0 0];

internalField   nonuniform List<scalar> 
311
(
-0.000365558
0.00956191
-0.00952129
-0.000406832
0.00954267
-0.00950139
-0.00044876
0.00951361
-0.00947169
-0.000491651
0.00948801
-0.00944512
-0.000535532
0.00946641
-0.00942253
0.00944991
-0.00940489
-0.000368092
0.00960226
-0.000409106
0.00958368
-0.000450812
0.00955532
-0.000493479
0.00953068
-0.000537128
0.00951006
0.0094947
-0.000370564
0.00964235
-0.000411311
0.00962443
-0.000452792
0.0095968
-0.000495222
0.00957311
-0.000538636
0.00955348
0.00953923
-0.000372973
0.00968217
-0.00041345
0.0096649
-0.000454698
0.00963805
-0.000496884
0.0096153
-0.000540054
0.00959665
0.0095835
-0.000375318
0.00972174
-0.00041552
0.00970511
-0.000456533
0.00967906
-0.000498467
0.00965723
-0.000541388
0.00963957
-0.0003776
0.00976105
-0.000417521
0.00974503
-0.000458295
0.00971984
-0.000499972
0.00969891
0.00968223
-0.000379819
0.0098001
-0.000419452
0.00978466
-0.000459988
0.00976037
-0.000501401
0.00974032
0.00972464
-0.000381978
0.0098389
-0.000421312
0.00982399
-0.000461611
0.00980067
-0.000502754
0.00978146
0.00976679
-0.000384079
0.00987743
-0.000423103
0.00986302
-0.000463169
0.00984074
-0.000504037
0.00982233
0.00980868
-0.000386119
-0.000424793
-0.000464628
-0.000505195
-0.000290491
0.00957312
-0.00957716
-0.000288236
0.00954229
-0.00954454
-0.000286405
0.00950533
-0.00950717
-0.000286237
0.00946644
-0.00946661
0.00943278
-0.00943162
-0.000293479
0.00956887
-0.000290676
0.00953948
-0.000288542
0.0095032
-0.000287932
0.00946583
0.0094335
-0.000296337
0.00956425
-0.000293101
0.00953625
-0.000290584
0.00950068
-0.000289547
0.0094648
0.00943377
-0.000299145
0.00955925
-0.00029547
0.00953257
-0.000292564
0.00949778
-0.000291091
0.00946332
0.00943358
-0.000301895
0.00955388
-0.000297785
0.00952846
-0.000294479
0.00949447
-0.000292567
0.00946141
0.00943294
-0.000304588
0.00954812
-0.000300045
0.00952392
-0.000296329
0.00949075
-0.000293975
0.00945906
-0.000292856
0.00943182
0.00940906
-0.000307224
0.00954199
-0.000302248
0.00951894
-0.000298117
0.00948662
-0.000295316
0.00945626
-0.000293721
0.00943022
0.00940879
-0.000309805
0.00953547
-0.000304394
0.00951353
-0.000299843
0.00948207
-0.00029659
0.009453
-0.000294515
0.00942815
0.00940802
-0.000312332
0.00952857
-0.000306485
0.00950769
-0.000301511
0.0094771
-0.000297804
0.0094493
-0.000295246
0.00942559
0.00940672
-0.000314794
-0.000308501
-0.000303088
-0.000298912
-0.000295857
-0.000178834
0.0100189
-0.0100627
-0.000133503
0.00995862
-0.010004
-9.14844e-05
0.00992083
-0.00996285
-4.99771e-05
0.00986007
-0.00990157
0.00981437
-0.00985441
-0.000179621
0.00997148
-0.00013584
0.00991484
-9.18049e-05
0.00987679
-5.01014e-05
0.00981836
0.00977406
-0.000181869
0.00992367
-0.000137441
0.00987041
-9.29449e-05
0.0098323
-5.07161e-05
0.00977613
0.00973323
-0.000184068
0.00987543
-0.00013908
0.00982543
-9.41001e-05
0.00978732
-5.13836e-05
0.00973342
0.00969186
-0.000186232
0.00982676
-0.00014071
0.0097799
-9.52464e-05
0.00974185
-5.20423e-05
0.00969021
0.00964993
-0.000188363
0.00977768
-0.00014231
0.00973385
-9.63626e-05
0.00969591
-5.2659e-05
0.00964651
0.00960744
-0.000190459
0.00972818
-0.000143881
0.00968727
-9.7445e-05
0.00964947
-5.32342e-05
0.0096023
0.00956437
-0.000192516
0.00967826
-0.000145428
0.00964018
-9.84967e-05
0.00960254
-5.37765e-05
0.00955758
0.00952071
-0.000194535
0.00962792
-0.000146951
0.0095926
-9.95193e-05
0.00955511
-5.42894e-05
0.00951235
0.00947647
-0.000196512
-0.000148454
-0.000100513
-5.47754e-05
0.00915446
0.00364158
0.00939482
0.00371821
0.00514485
0.00921878
0.00331922
0.00946793
0.00346905
0.00471121
0.00927635
0.00299759
0.00953521
0.00321019
0.00428357
0.00932661
0.00267588
0.00959496
0.00294185
0.00387457
0.00936182
0.00964252
)
;

boundaryField
{
    inlet
    {
        type            calculated;
        value           nonuniform 0();
    }
    outlet
    {
        type            calculated;
        value           nonuniform 0();
    }
    polygon
    {
        type            calculated;
        value           nonuniform 0();
    }
    top
    {
        type            symmetryPlane;
        value           uniform 0;
    }
    bottom
    {
        type            symmetryPlane;
        value           uniform 0;
    }
    outside
    {
        type            calculated;
        value           nonuniform List<scalar> 
33
(
0.000324942
0.000327743
0.000330475
0.000333144
0.000335748
0.00033829
0.000340768
0.000343186
0.000345544
0.000347827
0.000294527
0.000297726
0.00030096
0.000304142
0.00030727
0.000310344
0.000313362
0.000316323
0.000319229
0.000322073
0.000222638
0.000227037
0.000229682
0.000232308
0.000234895
0.000237445
0.000239958
0.000242436
0.000244876
0.000247276
0.00235806
0.00266114
0.00345439
)
;
    }
    procBoundary57to49
    {
        type            processor;
        value           nonuniform List<scalar> 
35
(
-0.000580559
-0.000581912
-0.000583166
-0.000584322
-0.000585384
0.00962749
-0.000542639
-0.00054381
-0.000544902
-0.000545925
-0.00054681
-0.000287389
-0.00028865
-0.000289817
-0.000290908
-0.000291919
-0.00940882
-0.000293098
-0.000293457
-0.000293737
-0.00029395
-0.000294023
-9.93473e-06
-9.79698e-06
-9.88331e-06
-1.00149e-05
-1.0117e-05
-1.01642e-05
-1.01628e-05
-1.01217e-05
-1.00447e-05
-9.93085e-06
-0.0039634
-0.00395857
-0.00560443
)
;
    }
    procBoundary57to56
    {
        type            processor;
        value           nonuniform List<scalar> 5(-0.00883263 -0.00889642 -0.00895472 -0.0090049 -0.00904399);
    }
    procBoundary57to58
    {
        type            processor;
        value           nonuniform List<scalar> 5(0.00991572 0.00990169 0.00988057 0.0098629 0.00985029);
    }
}


// ************************************************************************* //
