/*--------------------------------*- C++ -*----------------------------------*\
  =========                 |
  \\      /  F ield         | OpenFOAM: The Open Source CFD Toolbox
   \\    /   O peration     | Website:  https://openfoam.org
    \\  /    A nd           | Version:  7
     \\/     M anipulation  |
\*---------------------------------------------------------------------------*/
FoamFile
{
    version     2.0;
    format      ascii;
    class       volVectorField;
    location    "98";
    object      U;
}
// * * * * * * * * * * * * * * * * * * * * * * * * * * * * * * * * * * * * * //

dimensions      [0 1 -1 0 0 0 0];

internalField   nonuniform List<vector> 
175
(
(0.655286 0.0882601 1.24612e-17)
(0.681034 0.092246 1.13571e-17)
(0.70753 0.0962925 9.7249e-18)
(0.734753 0.100402 6.02742e-18)
(0.762669 0.10458 -1.79161e-18)
(0.293277 0.0343549 2.418e-19)
(0.306186 0.0364262 -5.13568e-19)
(0.319882 0.0386617 -3.50399e-18)
(0.334367 0.0410531 2.39886e-18)
(0.349643 0.0435903 -3.85213e-18)
(0.365709 0.0462615 3.25964e-18)
(0.382568 0.0490541 -2.14729e-18)
(0.400221 0.0519549 9.82624e-18)
(0.418671 0.054951 -5.6465e-18)
(0.437921 0.0580303 1.05334e-17)
(0.45798 0.0611825 -6.90632e-18)
(0.478857 0.064399 7.42373e-18)
(0.500561 0.067674 4.53685e-18)
(0.523108 0.0710047 4.82095e-18)
(0.54651 0.0743914 4.27971e-18)
(0.570781 0.0778376 3.1969e-18)
(0.595936 0.0813501 1.42605e-18)
(0.621984 0.0849384 -8.0986e-19)
(0.203885 0.0263488 -5.12716e-20)
(0.214446 0.0278911 3.12885e-19)
(0.225711 0.0295935 8.83434e-18)
(0.237686 0.0314485 9.43731e-18)
(0.250379 0.0334465 9.06088e-18)
(0.263793 0.035576 1.01229e-17)
(0.277935 0.0378241 9.50765e-18)
(0.29281 0.040177 9.45549e-18)
(0.308424 0.0426207 1.24968e-18)
(0.324785 0.0451415 1.05636e-17)
(0.341904 0.0477272 1.96284e-18)
(0.359793 0.0503672 1.32322e-17)
(0.378468 0.0530532 1.19073e-17)
(0.397949 0.0557803 1.19748e-17)
(0.418259 0.0585469 1.18673e-17)
(0.439426 0.061355 1.07467e-17)
(0.461478 0.0642108 7.64219e-18)
(0.484448 0.0671243 -1.43553e-18)
(0.125087 0.0199236 -1.50151e-18)
(0.133484 0.0210058 -7.02183e-18)
(0.142483 0.022241 1.63803e-18)
(0.152097 0.0236226 1.7411e-18)
(0.162332 0.0251418 1.64153e-18)
(0.1732 0.0267876 2.03593e-18)
(0.184705 0.0285473 1.69636e-18)
(0.196858 0.0304068 1.6246e-18)
(0.209664 0.0323515 3.85164e-19)
(0.223132 0.0343668 1.76018e-18)
(0.237272 0.0364387 7.70726e-19)
(0.252096 0.0385547 2.54272e-18)
(0.267619 0.0407039 2.1342e-18)
(0.283858 0.0428787 2.08196e-18)
(0.300835 0.0450742 1.94181e-18)
(0.318576 0.0472896 1.65833e-18)
(0.337111 0.049528 6.97805e-19)
(0.356477 0.0517969 -3.02402e-19)
(0.0566775 0.014903 -1.02142e-18)
(0.0631878 0.0156012 -2.64936e-18)
(0.0701931 0.0164437 -1.59668e-20)
(0.077706 0.0174245 2.72001e-19)
(0.0857383 0.0185355 4.13749e-19)
(0.0943006 0.0197667 4.47519e-19)
(0.103402 0.0211057 3.15006e-19)
(0.113052 0.022539 4.00559e-19)
(0.123257 0.0240517 8.07772e-20)
(0.134027 0.0256289 4.8222e-19)
(0.14537 0.0272558 1.73965e-19)
(0.157295 0.0289183 5.58789e-19)
(0.169814 0.0306041 3.50578e-19)
(0.18294 0.0323031 3.0027e-19)
(0.196689 0.0340078 2.25994e-19)
(0.211082 0.0357142 2.91657e-19)
(0.226141 0.0374223 1.67004e-19)
(0.241896 0.0391358 -3.67849e-20)
(-0.00203399 0.0110664 -1.77438e-18)
(0.00291121 0.0114588 -8.13629e-18)
(0.0082445 0.011985 -9.28747e-19)
(0.0139791 0.0126401 4.82311e-20)
(0.0201286 0.0134172 -5.3593e-20)
(0.0267047 0.0143068 1.055e-19)
(0.0337181 0.0152974 -1.13039e-20)
(0.0411783 0.016376 2.47983e-19)
(0.0490942 0.0175283 4.47892e-20)
(0.057474 0.0187392 2.56109e-19)
(0.0663253 0.019994 -2.83344e-20)
(0.0756562 0.0212781 2.73506e-19)
(0.085475 0.0225783 2.59009e-20)
(0.0957911 0.023883 3.318e-20)
(0.106616 0.0251831 1.39608e-19)
(0.117962 0.0264723 -2.35341e-20)
(0.129846 0.027748 -1.07165e-19)
(0.142286 0.029011 6.83171e-20)
(-0.051985 0.00818019 -1.04871e-18)
(-0.0482772 0.00834175 -3.0569e-18)
(-0.044283 0.00862586 -8.59013e-19)
(-0.0399883 0.0090291 -1.55148e-19)
(-0.035379 0.00954502 -1.5591e-19)
(-0.0304426 0.0101652 -4.31527e-22)
(-0.0251676 0.010879 -2.84143e-19)
(-0.0195437 0.0116739 3.55575e-19)
(-0.0135614 0.0125363 -3.79689e-20)
(-0.00721228 0.0134519 2.0848e-19)
(-0.000488696 0.014406 -2.72029e-19)
(0.00661646 0.0153843 4.30845e-20)
(0.01411 0.0163733 1.94386e-19)
(0.0219989 0.017361 2.84664e-19)
(0.0302907 0.0183373 2.18805e-19)
(0.038994 0.0192947 2.24631e-19)
(0.0481188 0.0202289 5.75011e-20)
(0.0576773 0.0211388 8.99621e-20)
(-0.0941733 0.00601973 -1.563e-18)
(-0.0913961 0.00601878 -8.16591e-18)
(-0.0884252 0.00613017 -2.49321e-18)
(-0.0852465 0.00635053 -2.43866e-19)
(-0.0818456 0.00667401 -1.21018e-18)
(-0.0782097 0.00709302 -1.85555e-19)
(-0.0743267 0.00759768 -9.42734e-19)
(-0.0701857 0.0081762 1.5363e-18)
(-0.0657768 0.00881564 -8.19318e-19)
(-0.061091 0.00950236 1.47001e-18)
(-0.0561205 0.0102224 -1.22939e-18)
(-0.0508581 0.010962 1.11825e-19)
(-0.0452977 0.0117077 4.81866e-19)
(-0.0394333 0.0124478 7.66835e-19)
(-0.0332591 0.0131718 6.17939e-19)
(-0.026769 0.0138717 5.70104e-19)
(-0.0199566 0.0145424 5.23847e-19)
(-0.012814 0.0151817 2.69424e-19)
(-0.129528 0.00438332 -4.34906e-19)
(-0.127412 0.00428106 -1.84199e-18)
(-0.125185 0.00428091 -6.88416e-18)
(-0.122832 0.0043798 3.04332e-19)
(-0.12034 0.00457244 -6.13798e-18)
(-0.117695 0.00485187 6.66038e-19)
(-0.114885 0.00520877 -5.86104e-18)
(-0.111899 0.00563192 9.04163e-18)
(-0.108726 0.00610903 -6.29357e-18)
(-0.105357 0.00662721 9.1023e-18)
(-0.101784 0.00717329 -7.29316e-18)
(-0.0979985 0.00773407 7.93007e-19)
(-0.0939953 0.00829689 2.23044e-18)
(-0.089768 0.00885008 2.56651e-18)
(-0.0853114 0.00938354 2.84619e-18)
(-0.0806204 0.00988924 2.83499e-18)
(-0.0756898 0.0103616 2.6576e-18)
(-0.070514 0.0107979 8.18064e-19)
(-0.158832 0.00310265 -3.67221e-19)
(-0.157157 0.00295215 -1.58448e-18)
(-0.15544 0.00289313 5.4675e-18)
(-0.153668 0.00292292 8.33906e-18)
(-0.151827 0.00303694 8.02804e-18)
(-0.149906 0.00322898 9.35734e-18)
(-0.147891 0.00349049 8.66563e-18)
(-0.145772 0.00381097 1.11612e-17)
(-0.143536 0.00417886 6.7614e-19)
(-0.141175 0.00458193 1.03961e-17)
(-0.13868 0.00500769 5.50118e-19)
(-0.136043 0.00544354 9.11254e-18)
(-0.133256 0.00587728 1.10252e-17)
(-0.130314 0.00629766 1.14319e-17)
(-0.127211 0.0066948 1.19478e-17)
(-0.123941 0.00706077 1.21169e-17)
(-0.120501 0.00738984 1.23686e-17)
(-0.116884 0.00767913 2.4134e-18)
(-0.182693 0.00203867 -4.81711e-19)
(-0.181287 0.00189515 -7.27454e-18)
(-0.179897 0.00183475 -7.72395e-19)
(-0.17851 0.00185418 1.39179e-18)
(-0.177114 0.00194846 2.20635e-18)
(-0.175696 0.002111 2.30075e-18)
(-0.174246 0.00233326 1.91625e-18)
(-0.17275 0.00260509 2.31537e-18)
)
;

boundaryField
{
    inlet
    {
        type            uniformFixedValue;
        uniformValue    constant (1 0 0);
        value           nonuniform 0();
    }
    outlet
    {
        type            pressureInletOutletVelocity;
        value           nonuniform 0();
    }
    polygon
    {
        type            fixedValue;
        value           nonuniform 0();
    }
    top
    {
        type            symmetryPlane;
    }
    bottom
    {
        type            symmetryPlane;
    }
    outside
    {
        type            zeroGradient;
    }
    procBoundary52to44
    {
        type            processor;
        value           nonuniform List<vector> 
18
(
(-0.192665 0.00131784 -2.80149e-18)
(-0.191389 0.00126198 -1.85703e-18)
(-0.190144 0.0012811 3.65411e-19)
(-0.18892 0.0013704 2.59101e-18)
(-0.187703 0.0015235 1.72492e-18)
(-0.186483 0.00173216 6.61603e-19)
(-0.185247 0.00198668 1.08605e-18)
(-0.171199 0.0029156 2.65686e-19)
(-0.169582 0.00325307 2.50637e-18)
(-0.16789 0.0036058 2.1332e-19)
(-0.166114 0.00396187 1.66949e-18)
(-0.164248 0.00430972 2.12877e-18)
(-0.162284 0.00463875 1.78897e-18)
(-0.160216 0.00493962 2.24734e-18)
(-0.158037 0.00520489 2.86594e-18)
(-0.155743 0.00542909 3.17934e-18)
(-0.153328 0.00560963 1.97129e-18)
(-0.171199 0.0029156 2.65686e-19)
)
;
    }
    procBoundary52to45
    {
        type            processor;
        value           uniform (-0.193985 0.00145205 1.50269e-18);
    }
    procBoundary52to51
    {
        type            processor;
        value           nonuniform List<vector> 8((0.508368 0.0701094 1e-19) (0.376711 0.0541078 6.17459e-20) (0.258378 0.0408632 -6.58583e-20) (0.155307 0.0302665 7.85677e-21) (0.0676841 0.0220272 -1.03381e-19) (-0.00533197 0.0157911 8.36978e-20) (-0.0650866 0.0111989 1.20978e-19) (-0.113085 0.0079286 4.33373e-19));
    }
    procBoundary52to53
    {
        type            processor;
        value           nonuniform List<vector> 10((0.281152 0.0324535 -4.8783e-19) (0.194018 0.024971 -1.68872e-18) (0.11728 0.0189977 -7.46997e-18) (0.0506483 0.0143509 -2.72622e-18) (-0.00660617 0.0108096 -7.83056e-18) (-0.0554219 0.00814372 -2.55774e-18) (-0.096772 0.00613447 -7.30141e-18) (-0.131545 0.00458872 -1.03211e-18) (-0.160478 0.00334566 1.84684e-19) (-0.184127 0.00226641 -5.60963e-18));
    }
    procBoundary52to59
    {
        type            processor;
        value           nonuniform List<vector> 2((0.791236 0.108831 5.41762e-19) (0.648928 0.0886147 2.03345e-19));
    }
    procBoundary52to60
    {
        type            processor;
        value           nonuniform List<vector> 
19
(
(0.788453 0.106867 4.67803e-18)
(0.815243 0.111324 3.45602e-18)
(0.842501 0.115812 2.45413e-18)
(0.870158 0.120327 5.40007e-19)
(0.898135 0.124864 -7.33023e-19)
(0.392714 0.0440364 5.72516e-19)
(0.408001 0.0466898 2.06013e-18)
(0.424128 0.0495073 8.26946e-18)
(0.44109 0.0524799 9.46937e-18)
(0.458881 0.0555969 7.98424e-18)
(0.477494 0.0588467 1.04629e-17)
(0.496922 0.0622168 8.67271e-18)
(0.51716 0.0656949 9.88099e-18)
(0.538202 0.0692689 6.69762e-19)
(0.560042 0.0729282 1.22017e-17)
(0.582675 0.0766633 1.43953e-18)
(0.606098 0.0804668 1.54107e-17)
(0.630304 0.0843334 1.16467e-17)
(0.630304 0.0843334 1.16467e-17)
)
;
    }
}


// ************************************************************************* //
