/*--------------------------------*- C++ -*----------------------------------*\
  =========                 |
  \\      /  F ield         | OpenFOAM: The Open Source CFD Toolbox
   \\    /   O peration     | Website:  https://openfoam.org
    \\  /    A nd           | Version:  7
     \\/     M anipulation  |
\*---------------------------------------------------------------------------*/
FoamFile
{
    version     2.0;
    format      ascii;
    class       volVectorField;
    location    "58";
    object      U;
}
// * * * * * * * * * * * * * * * * * * * * * * * * * * * * * * * * * * * * * //

dimensions      [0 1 -1 0 0 0 0];

internalField   nonuniform List<vector> 
175
(
(0.475171 -0.060321 -1.17693e-19)
(0.49487 -0.0630942 3.03605e-20)
(0.515413 -0.0660088 -1.905e-18)
(0.536792 -0.0690585 -5.27012e-19)
(0.558998 -0.0722388 -1.40515e-18)
(0.582023 -0.0755463 3.2574e-19)
(0.605854 -0.0789787 -2.40931e-19)
(0.630476 -0.0825348 -1.43401e-19)
(0.65587 -0.0862139 -2.69887e-19)
(0.682013 -0.090016 -4.5147e-19)
(0.708877 -0.0939415 -8.43872e-19)
(0.736425 -0.0979909 -1.40852e-18)
(0.764615 -0.102165 -2.67138e-18)
(0.497199 -0.060259 7.07864e-19)
(0.514774 -0.0628283 5.04102e-19)
(0.533249 -0.0655809 6.9769e-20)
(0.5526 -0.0685045 -1.48224e-20)
(0.572808 -0.0715873 -6.66936e-20)
(0.593851 -0.074819 -5.17694e-19)
(0.615706 -0.07819 -7.83964e-19)
(0.638347 -0.0816921 -1.23112e-18)
(0.661748 -0.0853178 -6.97039e-19)
(0.685877 -0.0890608 -1.07534e-18)
(0.710699 -0.0929152 -3.40788e-19)
(0.736173 -0.0968758 -1.01674e-18)
(0.762255 -0.100938 -5.18901e-19)
(0.788892 -0.105096 -8.00313e-19)
(0.816024 -0.109347 -8.95175e-19)
(0.843585 -0.113684 -6.14353e-19)
(0.871498 -0.118102 -1.11472e-18)
(0.899682 -0.122596 -9.00981e-19)
(0.610829 -0.0730889 4.55098e-18)
(0.630177 -0.0762965 3.29943e-18)
(0.65037 -0.0796685 -9.13759e-19)
(0.67137 -0.083192 -1.44641e-19)
(0.693141 -0.0868543 -6.62616e-19)
(0.715639 -0.0906431 -1.4208e-18)
(0.73882 -0.0945471 -2.85314e-18)
(0.762634 -0.0985552 -5.84039e-18)
(0.787027 -0.102657 -1.99511e-18)
(0.81194 -0.106842 -6.75382e-18)
(0.837306 -0.111101 -2.39098e-18)
(0.863056 -0.115424 -7.99462e-18)
(0.88911 -0.119801 -4.56137e-18)
(0.915386 -0.124222 -2.49756e-18)
(0.941792 -0.128677 -6.53615e-18)
(0.968232 -0.133154 -1.10997e-18)
(0.994602 -0.137643 -6.01471e-18)
(1.02079 -0.142132 1.70047e-18)
(0.726698 -0.0869909 8.77166e-19)
(0.747091 -0.0907795 2.81933e-19)
(0.768202 -0.0947016 -3.31918e-19)
(0.789974 -0.0987415 -2.23166e-19)
(0.812347 -0.102884 -5.94356e-19)
(0.835255 -0.107113 -1.03813e-18)
(0.858628 -0.111415 -1.46256e-18)
(0.882391 -0.115774 -1.88179e-18)
(0.906464 -0.120176 -1.20877e-18)
(0.930764 -0.124607 -2.28452e-18)
(0.9552 -0.129053 -1.38806e-18)
(0.979678 -0.133499 -2.40777e-18)
(1.0041 -0.137933 -9.6083e-19)
(1.02837 -0.142339 -1.37803e-18)
(1.05238 -0.146705 -1.55145e-18)
(1.07602 -0.151016 -3.24763e-19)
(1.0992 -0.155259 -1.02356e-18)
(1.1218 -0.15942 6.18847e-19)
(0.840126 -0.101382 3.16111e-18)
(0.860619 -0.105642 -1.13077e-18)
(0.881636 -0.10999 1.63333e-19)
(0.903101 -0.114406 -3.18444e-19)
(0.924932 -0.118872 -3.30691e-19)
(0.947044 -0.123368 -5.30925e-19)
(0.969348 -0.127877 -5.65189e-19)
(0.991752 -0.13238 -6.35499e-19)
(1.01416 -0.13686 -5.30692e-19)
(1.03648 -0.141301 -8.51879e-19)
(1.0586 -0.145685 -6.39488e-19)
(1.08044 -0.149999 -8.45432e-19)
(1.10189 -0.154226 -1.34584e-19)
(1.12286 -0.158352 -3.60121e-19)
(1.14325 -0.162366 -2.07301e-19)
(1.16298 -0.166253 -2.73749e-20)
(1.18196 -0.170003 -1.54465e-19)
(1.20012 -0.173606 2.32494e-19)
(0.946202 -0.115554 2.19154e-19)
(0.965768 -0.120136 -3.21236e-19)
(0.985627 -0.124746 6.7298e-20)
(1.00569 -0.129361 -2.27926e-19)
(1.02586 -0.133961 -2.32237e-19)
(1.04604 -0.138524 -1.76524e-19)
(1.06614 -0.143032 -1.46402e-19)
(1.08607 -0.147464 -1.82492e-19)
(1.10572 -0.151803 -2.3118e-19)
(1.12501 -0.156033 -2.73918e-19)
(1.14385 -0.160138 -1.3994e-19)
(1.16215 -0.164106 -1.74484e-19)
(1.17983 -0.167924 -5.06144e-20)
(1.19682 -0.171581 -2.93947e-20)
(1.21306 -0.17507 -2.58222e-19)
(1.22848 -0.178382 1.4233e-20)
(1.24304 -0.181512 -1.20194e-19)
(1.25669 -0.184457 -1.24914e-19)
(1.04061 -0.128814 -2.47833e-18)
(1.05833 -0.133548 9.83989e-19)
(1.07611 -0.138243 -4.97189e-19)
(1.09387 -0.142876 1.26844e-19)
(1.1115 -0.147425 -1.70037e-19)
(1.12892 -0.151871 2.87267e-20)
(1.14604 -0.156193 -1.02076e-19)
(1.16277 -0.160376 -1.09794e-19)
(1.17904 -0.164404 -1.30358e-19)
(1.19477 -0.168264 -2.12401e-19)
(1.20989 -0.171946 -6.98459e-20)
(1.22434 -0.17544 -1.5664e-19)
(1.23808 -0.178741 -4.00713e-19)
(1.25106 -0.181844 -5.65166e-19)
(1.26324 -0.184746 -6.97695e-19)
(1.27461 -0.187447 -1.24211e-18)
(1.28514 -0.18995 -2.40137e-18)
(1.29484 -0.192257 -4.19737e-18)
(1.12036 -0.140588 -7.70755e-20)
(1.13559 -0.145309 2.54223e-18)
(1.15069 -0.149927 -1.4375e-18)
(1.16559 -0.154421 3.36124e-19)
(1.1802 -0.158772 -4.0865e-19)
(1.19445 -0.162961 -7.73307e-20)
(1.20826 -0.166974 -1.95888e-19)
(1.22157 -0.170797 -2.66113e-19)
(1.23433 -0.17442 -3.34229e-19)
(1.24648 -0.177835 -3.1437e-19)
(1.25799 -0.181038 -3.57063e-19)
(1.26882 -0.184026 -2.97795e-19)
(1.27895 -0.186799 -4.34354e-19)
(1.28836 -0.189358 -5.3759e-19)
(1.29706 -0.191709 -5.49696e-19)
(1.30503 -0.193856 -8.00371e-19)
(1.31231 -0.195808 -7.95318e-19)
(1.31889 -0.197575 -7.1365e-19)
(1.18386 -0.149665 -4.41585e-19)
(1.19637 -0.154342 -6.59321e-19)
(1.20862 -0.158862 -2.14413e-18)
(1.22056 -0.163204 -2.62435e-18)
(1.23212 -0.167351 -1.04488e-18)
(1.24324 -0.171288 -3.109e-18)
(1.25388 -0.175005 -2.79084e-19)
(1.26399 -0.178492 -2.63459e-18)
(1.27355 -0.181745 -3.59408e-18)
(1.28253 -0.184764 -1.41979e-18)
(1.29091 -0.187547 -4.26611e-18)
(1.29868 -0.190101 -4.40288e-19)
(1.30585 -0.19243 -3.52363e-18)
(1.31242 -0.194543 -4.34322e-18)
(1.3184 -0.19645 -1.0023e-18)
(1.32382 -0.198163 -4.29006e-18)
(1.32869 -0.199694 1.72948e-18)
(1.33305 -0.201057 -1.08334e-18)
(1.22806 -0.160655 -3.79239e-19)
(1.23838 -0.164974 -6.59155e-19)
(1.24834 -0.169084 -8.52602e-19)
(1.2579 -0.172973 -5.77283e-19)
(1.26703 -0.176629 -2.31922e-19)
(1.27568 -0.180047 -4.28824e-19)
(1.28384 -0.183224 6.37737e-19)
(1.29149 -0.186158 5.9605e-19)
(1.29861 -0.188853 2.11496e-18)
(1.30522 -0.191314 -4.67661e-19)
(1.3113 -0.19355 1.59452e-18)
(1.31686 -0.195569 -1.98213e-18)
(1.32193 -0.197384 -9.00211e-19)
(1.32652 -0.199007 -1.1776e-18)
(1.33066 -0.200452 -3.58607e-19)
(1.33437 -0.201732 -8.2537e-19)
(1.33769 -0.202863 7.05454e-19)
(1.34063 -0.203858 -6.73737e-19)
)
;

boundaryField
{
    inlet
    {
        type            uniformFixedValue;
        uniformValue    constant (1 0 0);
        value           nonuniform 0();
    }
    outlet
    {
        type            pressureInletOutletVelocity;
        value           nonuniform 0();
    }
    polygon
    {
        type            fixedValue;
        value           nonuniform 0();
    }
    top
    {
        type            symmetryPlane;
    }
    bottom
    {
        type            symmetryPlane;
    }
    outside
    {
        type            zeroGradient;
    }
    procBoundary4to3
    {
        type            processor;
        value           nonuniform List<vector> 10((0.793398 -0.106464 -3.75906e-18) (0.928041 -0.127157 -1.245e-18) (1.04669 -0.146606 -1.39294e-18) (1.14372 -0.163485 -5.85363e-19) (1.21738 -0.177052 -4.09084e-19) (1.26942 -0.187215 1.15165e-20) (1.30371 -0.194373 1.80307e-18) (1.32481 -0.199166 4.98506e-19) (1.33692 -0.202265 2.37345e-19) (1.34324 -0.204731 3.67789e-19));
    }
    procBoundary4to5
    {
        type            processor;
        value           nonuniform List<vector> 9((0.480545 -0.0578862 1.44111e-18) (0.59236 -0.0700592 7.48594e-18) (0.707076 -0.083351 2.31631e-18) (0.82023 -0.0972269 2.129e-18) (0.927015 -0.111021 5.30478e-19) (1.02305 -0.124066 -1.07257e-18) (1.1051 -0.13579 2.29303e-18) (1.17117 -0.144853 -2.20285e-19) (1.21743 -0.156145 -5.54249e-19));
    }
    procBoundary4to12
    {
        type            processor;
        value           nonuniform List<vector> 
19
(
(0.363747 -0.0475756 4.36768e-19)
(0.380823 -0.0497481 3.29125e-18)
(0.398722 -0.0520621 -6.67648e-18)
(0.417447 -0.054511 -1.06508e-18)
(0.437003 -0.0570899 -5.64873e-18)
(0.457395 -0.0597957 6.41638e-19)
(0.478631 -0.062627 -2.16832e-19)
(0.500715 -0.0655839 3.08046e-20)
(0.523653 -0.0686673 -7.38562e-20)
(0.547449 -0.0718797 -4.95506e-20)
(0.572105 -0.0752242 -4.61613e-19)
(0.59762 -0.078705 -1.48042e-18)
(0.623991 -0.082327 -4.06831e-18)
(0.38963 -0.0488984 6.48025e-19)
(0.404975 -0.0508183 7.06827e-19)
(0.421214 -0.0529337 1.28183e-18)
(0.438335 -0.0552306 4.42998e-19)
(0.456323 -0.0576967 1.11428e-18)
(0.456323 -0.0576967 1.11428e-18)
)
;
    }
}


// ************************************************************************* //
