/*--------------------------------*- C++ -*----------------------------------*\
  =========                 |
  \\      /  F ield         | OpenFOAM: The Open Source CFD Toolbox
   \\    /   O peration     | Website:  https://openfoam.org
    \\  /    A nd           | Version:  7
     \\/     M anipulation  |
\*---------------------------------------------------------------------------*/
FoamFile
{
    version     2.0;
    format      ascii;
    class       surfaceScalarField;
    location    "60";
    object      phi;
}
// * * * * * * * * * * * * * * * * * * * * * * * * * * * * * * * * * * * * * //

dimensions      [0 3 -1 0 0 0 0];

internalField   nonuniform List<scalar> 
310
(
-0.000626886
0.00943909
-0.00939276
-0.000674729
0.00943443
-0.00938658
-0.00072436
0.00943735
-0.00938772
-0.000776135
0.00944957
-0.00939779
0.00947361
-0.00941926
-0.000627967
0.00948515
-0.000675497
0.00948196
-0.000724753
0.00948661
-0.000776062
0.00950088
0.00952735
-0.000628942
0.00953092
-0.000676149
0.00952916
-0.000725021
0.00953548
-0.000775856
0.00955171
0.00958049
-0.000629807
0.00957641
-0.000676679
0.00957604
-0.000725154
0.00958396
-0.000775499
0.00960206
0.00963299
-0.000630568
0.00962159
-0.000677091
0.00962256
-0.000725151
0.00963202
-0.000774981
0.00965189
0.00968483
-0.000586353
0.0096712
-0.000631228
0.00966647
-0.000677389
0.00966872
-0.000725017
0.00967964
-0.000774311
0.00970118
0.00973596
-0.000587236
0.00971463
-0.000631791
0.00971102
-0.000677579
0.00971451
-0.000724762
0.00972683
-0.0007735
0.00974992
0.00978637
-0.000588033
0.00975776
-0.000632262
0.00975525
-0.000677667
0.00975991
-0.000724392
0.00977355
-0.000772558
0.00979808
0.00983604
-0.000588755
0.00980059
-0.000632655
0.00979915
-0.000677671
0.00980493
-0.000723931
0.00981981
-0.000771515
0.00984567
0.00988493
-0.000589316
-0.000632864
-0.000677463
-0.000723229
-0.0007702
-0.00029001
0.00940295
-0.00940033
-0.000294374
0.0093773
-0.00937294
-0.000300839
0.00935566
-0.00934919
-0.000309727
0.00933937
-0.00933049
-0.000321509
0.00932927
-0.00931749
0.0093274
-0.000290826
0.00940513
-0.000294709
0.00938118
-0.000300621
0.00936157
-0.000308873
0.00934763
-0.000319907
0.00934031
0.00934177
-0.000291527
0.00940684
-0.000294902
0.00938456
-0.000300232
0.0093669
-0.000307809
0.0093552
-0.000318046
0.00935054
0.00935518
-0.000292137
0.00940807
-0.000294985
0.0093874
-0.00029971
0.00937163
-0.000306585
0.00936208
-0.000315985
0.00935994
0.00936756
-0.000292659
-0.000294966
0.00938971
-0.000299071
0.00937573
-0.000305223
0.00936823
-0.000313764
0.00936848
0.0093789
-0.000294851
0.00939147
-0.000298325
0.0093792
-0.000303741
0.00937365
-0.000311406
0.00937615
0.00938917
-0.000294647
0.00939266
-0.000297479
0.00938204
-0.000302147
0.00937831
-0.000308922
0.00938293
0.00939836
-0.000294356
0.00939328
-0.000296537
0.00938422
-0.000300447
0.00938222
-0.00030632
0.0093888
0.00940645
-0.000293992
0.00939332
-0.000295516
0.00938574
-0.000298662
0.00938537
-0.000303629
0.00939377
0.00941343
-0.000293467
-0.000294309
-0.000296661
-0.000300687
2.72125e-05
0.00976413
-0.00980128
6.17527e-05
0.00971949
-0.00975403
9.35023e-05
0.00967479
-0.00970654
0.000121941
0.00963259
-0.00966103
0.00959201
-0.00961654
2.82315e-05
0.0097261
6.3964e-05
0.00968376
9.69949e-05
0.00964176
0.000126882
0.00960271
0.00956584
2.87784e-05
0.00968744
6.52534e-05
0.00964728
9.91255e-05
0.00960788
0.000129991
0.00957184
0.00953853
2.92295e-05
0.0096482
6.63743e-05
0.00961014
0.000100998
0.00957326
0.000132736
0.0095401
0.0095102
2.97022e-05
0.00960838
6.75098e-05
0.00957233
0.000102885
0.00953789
0.000135505
0.00950748
0.00948083
3.02427e-05
0.00956797
6.87316e-05
0.00953384
0.000104883
0.00950173
0.000138419
0.00947395
0.00945036
3.08422e-05
0.00952697
7.00237e-05
0.00949466
0.000106966
0.00946479
0.000141433
0.00943948
0.0094188
3.14854e-05
0.00948536
7.13628e-05
0.00945478
0.000109098
0.00942706
0.000144496
0.00940408
0.00938613
3.2166e-05
0.00944315
7.2739e-05
0.00941421
0.000111268
0.00938853
0.000147593
0.00936776
0.00935237
3.28873e-05
7.41635e-05
0.000113498
0.000150769
0.00872374
0.00522154
0.00891936
0.00483017
0.00781006
0.00882973
0.00491682
0.00903399
0.00462591
0.00718302
0.00892353
0.00460301
0.00913705
0.0044124
0.00661353
0.00900784
0.00428442
0.0092304
0.00418984
0.0060899
0.00908453
0.0093158
)
;

boundaryField
{
    inlet
    {
        type            calculated;
        value           nonuniform 0();
    }
    outlet
    {
        type            calculated;
        value           nonuniform 0();
    }
    polygon
    {
        type            calculated;
        value           nonuniform 0();
    }
    top
    {
        type            symmetryPlane;
        value           uniform 0;
    }
    bottom
    {
        type            symmetryPlane;
        value           uniform 0;
    }
    outside
    {
        type            calculated;
        value           nonuniform 0();
    }
    procBoundary49to41
    {
        type            processor;
        value           nonuniform List<scalar> 
34
(
-0.000830481
-0.000829808
-0.000828991
-0.000828
-0.000826817
-0.000825448
-0.000823911
-0.00082222
-0.000820409
-0.000818299
-0.000336769
-0.00931214
-0.000334275
-0.00033145
-0.000328372
-0.000325103
-0.000321677
-0.000318108
-0.000314407
-0.00031061
-0.000306522
0.000146472
0.00015305
0.000157304
0.000161067
0.000164878
0.000168881
0.000172998
0.000177162
0.000181354
0.00018565
-0.00550985
-0.0050258
-0.00850724
)
;
    }
    procBoundary49to50
    {
        type            processor;
        value           nonuniform List<scalar> 3(0.00986558 0.00989264 0.00993303);
    }
    procBoundary49to56
    {
        type            processor;
        value           nonuniform List<scalar> 5(-0.00843543 -0.00852501 -0.00860972 -0.00868926 -0.00876351);
    }
    procBoundary49to57
    {
        type            processor;
        value           nonuniform List<scalar> 
35
(
0.000580558
0.000581911
0.000583166
0.000584321
0.000585383
-0.00962749
0.000542638
0.000543809
0.000544901
0.000545924
0.000546809
0.000287389
0.00028865
0.000289817
0.000290907
0.000291919
0.00940881
0.000293098
0.000293456
0.000293737
0.000293949
0.000294023
9.93439e-06
9.79664e-06
9.88297e-06
1.00145e-05
1.01166e-05
1.01639e-05
1.01625e-05
1.01213e-05
1.00443e-05
9.93048e-06
0.0039634
0.00395857
0.00560443
)
;
    }
    procBoundary49to58
    {
        type            processor;
        value           nonuniform List<scalar> 3(0.0098431 0.0098427 0.00984953);
    }
}


// ************************************************************************* //
