/*--------------------------------*- C++ -*----------------------------------*\
  =========                 |
  \\      /  F ield         | OpenFOAM: The Open Source CFD Toolbox
   \\    /   O peration     | Website:  https://openfoam.org
    \\  /    A nd           | Version:  7
     \\/     M anipulation  |
\*---------------------------------------------------------------------------*/
FoamFile
{
    version     2.0;
    format      ascii;
    class       volVectorField;
    location    "20";
    object      U;
}
// * * * * * * * * * * * * * * * * * * * * * * * * * * * * * * * * * * * * * //

dimensions      [0 1 -1 0 0 0 0];

internalField   nonuniform List<vector> 
115
(
(0.673168 -0.008199 -1.84799e-18)
(0.660009 -0.00858481 -2.00753e-17)
(0.64621 -0.00899939 -1.11652e-17)
(0.631746 -0.00944404 7.27153e-18)
(0.616552 -0.00992178 -7.04258e-18)
(0.600586 -0.0104349 -1.57503e-17)
(0.583783 -0.0109867 1.43075e-18)
(0.566085 -0.0115802 -2.06591e-17)
(0.547421 -0.0122191 -2.34638e-17)
(0.527719 -0.0129073 -2.06068e-18)
(0.5069 -0.013649 -2.37097e-17)
(0.484876 -0.0144487 -2.24582e-17)
(0.461557 -0.0153111 1.39676e-17)
(0.436842 -0.016241 -1.17471e-17)
(0.410627 -0.0172433 -7.08585e-18)
(0.382807 -0.0183224 -5.44565e-18)
(0.671192 -0.00271654 -4.23695e-20)
(0.657974 -0.00284427 -1.64956e-17)
(0.644114 -0.00298171 -2.67996e-18)
(0.629586 -0.00312934 6.42104e-18)
(0.614326 -0.0032882 -6.42356e-18)
(0.59829 -0.00345913 -3.44904e-18)
(0.581414 -0.00364326 -3.9175e-18)
(0.563639 -0.00384171 -3.13449e-18)
(0.544894 -0.0040558 -3.04704e-17)
(0.525108 -0.00428691 -1.22722e-17)
(0.504199 -0.00453658 -1.4452e-17)
(0.482081 -0.00480644 -3.11683e-18)
(0.458663 -0.00509824 8.9069e-18)
(0.433843 -0.00541376 6.04727e-18)
(0.407518 -0.00575484 1.10534e-17)
(0.379581 -0.00612368 -9.48675e-18)
(0.682104 -0.018673 4.82074e-18)
(0.669202 -0.0195541 -1.3434e-17)
(0.655671 -0.0205015 6.02213e-18)
(0.641485 -0.0215177 -3.04692e-18)
(0.626582 -0.0226101 -4.99795e-18)
(0.61092 -0.0237838 6.76061e-18)
(0.594435 -0.0250464 3.03774e-18)
(0.577069 -0.0264051 -1.81668e-17)
(0.558754 -0.0278685 -9.88852e-18)
(0.539419 -0.0294456 -2.2372e-17)
(0.518985 -0.0311463 -1.89933e-17)
(0.497367 -0.0329812 -6.88693e-18)
(0.474475 -0.0349614 -1.15309e-17)
(0.45021 -0.0370985 5.23546e-18)
(0.424469 -0.0394037 1.53575e-17)
(0.397146 -0.0418873 1.17859e-17)
(0.676925 -0.0134819 4.35038e-18)
(0.663876 -0.014117 -1.81293e-17)
(0.650192 -0.0147999 -3.59483e-19)
(0.635846 -0.0155327 -6.93567e-18)
(0.620778 -0.0163207 -1.82629e-18)
(0.604942 -0.0171676 3.91145e-18)
(0.588276 -0.018079 -1.17308e-17)
(0.570721 -0.0190602 -1.53827e-17)
(0.552207 -0.0201176 -2.21936e-17)
(0.532664 -0.0212575 -1.87293e-17)
(0.512011 -0.0224874 -1.48793e-17)
(0.490163 -0.0238149 -1.76934e-17)
(0.467029 -0.0252483 1.85317e-18)
(0.442509 -0.0267962 -1.23461e-18)
(0.4165 -0.0284672 3.30568e-18)
(0.388895 -0.0302696 4.56347e-19)
(0.694926 -0.0282235 5.38207e-18)
(0.682368 -0.0295625 9.11785e-19)
(0.669194 -0.0310026 -9.65156e-18)
(0.655378 -0.0325476 3.28593e-18)
(0.640861 -0.0342088 1.30814e-17)
(0.6256 -0.035994 6.03058e-18)
(0.609534 -0.0379151 -5.89775e-19)
(0.592605 -0.0399828 8.46032e-19)
(0.574747 -0.0422106 4.44732e-18)
(0.555891 -0.0446118 -1.0969e-17)
(0.535958 -0.0472019 -4.61573e-18)
(0.514867 -0.0499968 -5.11467e-18)
(0.492528 -0.0530139 -1.97207e-17)
(0.468845 -0.0562715 3.22099e-18)
(0.443717 -0.0597882 2.23376e-18)
(0.417035 -0.0635798 1.76692e-17)
(0.688258 -0.0235441 1.72171e-18)
(0.675525 -0.0246578 -5.53875e-18)
(0.662169 -0.0258557 -7.70724e-18)
(0.648165 -0.0271411 2.6954e-18)
(0.633452 -0.0285235 5.52813e-18)
(0.617988 -0.0300094 1.31858e-17)
(0.601709 -0.0316087 6.6079e-18)
(0.58456 -0.0333306 -6.39928e-18)
(0.566472 -0.0351862 -3.14903e-18)
(0.547374 -0.0371871 -1.33266e-17)
(0.527189 -0.039346 -1.66368e-17)
(0.505833 -0.0416764 -4.03889e-18)
(0.483216 -0.0441928 -9.29548e-18)
(0.459242 -0.04691 4.65622e-18)
(0.433806 -0.0498426 6.21305e-18)
(0.406802 -0.0530074 8.85834e-18)
(0.487514 -0.0732733 -4.0366e-18)
(0.462955 -0.0779259 -1.70804e-17)
(0.436862 -0.082941 -6.58566e-18)
(0.701668 -0.0324783 -5.46508e-19)
(0.68928 -0.0340242 -3.6222e-18)
(0.676281 -0.0356879 -2.32004e-18)
(0.662647 -0.0374732 -3.59659e-18)
(0.648319 -0.0393937 7.53141e-18)
(0.633254 -0.0414586 9.40988e-18)
(0.617392 -0.0436819 -5.79072e-18)
(0.600677 -0.0460764 4.13788e-18)
(0.583042 -0.048658 -3.99305e-18)
(0.564418 -0.0514431 -1.52245e-17)
(0.54473 -0.05445 -3.83698e-19)
(0.523895 -0.0576986 -2.29598e-18)
(0.501826 -0.0612109 -2.00018e-17)
(0.478428 -0.0650112 8.58167e-20)
(0.4536 -0.069124 -4.61303e-18)
(0.427228 -0.0735521 1.34236e-17)
)
;

boundaryField
{
    inlet
    {
        type            uniformFixedValue;
        uniformValue    constant (1 0 0);
        value           nonuniform 0();
    }
    outlet
    {
        type            pressureInletOutletVelocity;
        value           nonuniform 0();
    }
    polygon
    {
        type            fixedValue;
        value           nonuniform 0();
    }
    top
    {
        type            symmetryPlane;
    }
    bottom
    {
        type            symmetryPlane;
    }
    outside
    {
        type            zeroGradient;
    }
    procBoundary38to30
    {
        type            processor;
        value           nonuniform List<vector> 
16
(
(0.671192 0.00271654 -5.15823e-18)
(0.657974 0.00284427 -9.29834e-18)
(0.644114 0.00298171 -1.05169e-17)
(0.629586 0.00312934 -8.95675e-18)
(0.614326 0.0032882 -9.13423e-18)
(0.59829 0.00345913 5.12751e-18)
(0.581414 0.00364326 -1.36557e-17)
(0.563639 0.00384171 2.52905e-19)
(0.544894 0.0040558 -3.77495e-17)
(0.525108 0.00428691 -7.00688e-18)
(0.504199 0.00453658 -2.71078e-17)
(0.482081 0.00480644 1.81324e-18)
(0.458663 0.00509824 1.19326e-17)
(0.433843 0.00541376 2.79766e-17)
(0.407518 0.00575484 1.44217e-17)
(0.379581 0.00612368 -9.4084e-18)
)
;
    }
    procBoundary38to37
    {
        type            processor;
        value           nonuniform List<vector> 7((0.353263 -0.0194796 -2.0809e-17) (0.349917 -0.00652135 -2.50754e-17) (0.368122 -0.0445524 -7.71022e-18) (0.359578 -0.0322058 -1.13388e-17) (0.388678 -0.067649 -9.36902e-19) (0.378111 -0.0564091 -3.89732e-18) (0.399196 -0.0782999 3.02293e-18));
    }
    procBoundary38to39
    {
        type            processor;
        value           nonuniform List<vector> 7((0.68576 -0.00783876 -1.27043e-17) (0.68384 -0.00259743 4.15265e-18) (0.694449 -0.0178501 1.30348e-18) (0.689411 -0.0128892 -6.91418e-18) (0.706939 -0.0269729 1.10941e-17) (0.700439 -0.0225042 4.61733e-18) (0.713516 -0.0310343 7.81658e-18));
    }
    procBoundary38to45
    {
        type            processor;
        value           uniform (0.40912 -0.0883293 1.05144e-17);
    }
    procBoundary38to46
    {
        type            processor;
        value           nonuniform List<vector> 
17
(
(0.708165 -0.0364713 -1.22913e-18)
(0.695932 -0.0382165 -9.31844e-18)
(0.683095 -0.0400955 2.94919e-18)
(0.669628 -0.0421122 2.62655e-18)
(0.655473 -0.0442826 3.41763e-18)
(0.640587 -0.0466169 3.25991e-18)
(0.624912 -0.0491311 -1.28272e-17)
(0.608391 -0.0518398 1.08321e-17)
(0.590958 -0.0547612 -6.32825e-18)
(0.572546 -0.0579135 -6.74014e-18)
(0.553079 -0.0613178 -2.62003e-19)
(0.532477 -0.064996 6.01128e-18)
(0.510653 -0.0689724 -1.10895e-17)
(0.510653 -0.0689724 -1.10895e-17)
(0.501439 -0.0858918 -8.03561e-18)
(0.477269 -0.0912038 -9.79626e-18)
(0.451587 -0.0969182 -7.10733e-18)
)
;
    }
}


// ************************************************************************* //
