/*--------------------------------*- C++ -*----------------------------------*\
  =========                 |
  \\      /  F ield         | OpenFOAM: The Open Source CFD Toolbox
   \\    /   O peration     | Website:  https://openfoam.org
    \\  /    A nd           | Version:  7
     \\/     M anipulation  |
\*---------------------------------------------------------------------------*/
FoamFile
{
    version     2.0;
    format      ascii;
    class       volVectorField;
    location    "80";
    object      U;
}
// * * * * * * * * * * * * * * * * * * * * * * * * * * * * * * * * * * * * * //

dimensions      [0 1 -1 0 0 0 0];

internalField   nonuniform List<vector> 
250
(
(0.617716 0.252939 3.91439e-19)
(0.599919 0.242529 2.77646e-18)
(0.577493 0.22892 7.59343e-19)
(0.550017 0.211662 4.62769e-18)
(0.517314 0.190383 1.27164e-18)
(0.479565 0.164809 -5.68177e-18)
(0.437816 0.134799 5.92628e-18)
(0.395255 0.100429 2.25128e-18)
(0.35853 0.0621614 9.2082e-18)
(0.336711 0.0210708 2.32878e-19)
(0.586462 0.255859 5.35069e-20)
(0.557787 0.244442 5.18357e-19)
(0.522614 0.229384 2.87535e-19)
(0.480739 0.210377 1.38398e-18)
(0.432302 0.187286 4.96125e-19)
(0.377912 0.160159 -1.83412e-18)
(0.319289 0.129245 2.08693e-18)
(0.2608 0.0950081 1.10263e-18)
(0.211065 0.0581473 3.70239e-18)
(0.181732 0.0195817 1.80061e-19)
(0.573264 0.245275 6.30512e-19)
(0.541626 0.231322 3.78912e-18)
(0.504005 0.213933 1.03402e-18)
(0.460648 0.193108 6.29624e-18)
(0.41211 0.169033 1.43875e-18)
(0.359328 0.142053 -7.65998e-18)
(0.30416 0.112669 7.94509e-18)
(0.250652 0.0815022 2.90416e-18)
(0.206202 0.0492332 1.18566e-17)
(0.180388 0.0164547 3.04955e-19)
(0.545329 0.259427 -3.50837e-20)
(0.504408 0.246631 -6.60973e-19)
(0.456503 0.230061 -3.94081e-19)
(0.402081 0.209648 -9.33817e-19)
(0.34192 0.185469 -4.36387e-19)
(0.277211 0.157717 5.45993e-19)
(0.210199 0.126696 -3.44486e-19)
(0.145639 0.0928221 -2.36919e-19)
(0.0922287 0.0566885 -2.28959e-19)
(0.0612622 0.0190718 1.78766e-19)
(0.525533 0.248895 4.22708e-20)
(0.479486 0.233159 -1.34195e-19)
(0.42702 0.213868 -1.29875e-19)
(0.369002 0.191292 -2.94069e-20)
(0.306507 0.165846 -1.98138e-20)
(0.240915 0.13805 -3.13991e-20)
(0.17453 0.108514 -1.01084e-20)
(0.111909 0.0778738 -4.34251e-20)
(0.0610507 0.046777 -3.32637e-20)
(0.0319455 0.0155984 3.00424e-19)
(0.496473 0.260929 -3.19975e-19)
(0.44204 0.245994 -1.18676e-18)
(0.381151 0.227347 -6.74899e-19)
(0.314904 0.205195 -7.21042e-19)
(0.24455 0.179823 -4.23075e-19)
(0.171632 0.151549 -7.08803e-20)
(0.0986309 0.120757 3.241e-20)
(0.0303238 0.0877803 1.63635e-20)
(-0.0249927 0.0532128 8.51545e-20)
(-0.0565659 0.0178295 2.00616e-19)
(0.471872 0.251716 -1.64063e-18)
(0.411333 0.234539 -5.29622e-18)
(0.345044 0.214033 -1.67168e-18)
(0.274271 0.190629 -3.31194e-18)
(0.200321 0.164797 -1.63689e-18)
(0.124739 0.137016 5.00053e-19)
(0.0500288 0.107794 6.11006e-19)
(-0.0189494 0.0776792 3.77443e-19)
(-0.074211 0.0468788 1.95437e-18)
(-0.105583 0.0156493 8.99929e-20)
(0.440372 0.254477 8.795e-19)
(0.372575 0.237231 2.1629e-19)
(0.299692 0.216754 -1.23325e-19)
(0.223077 0.193441 -3.48242e-19)
(0.144073 0.167669 -6.83017e-18)
(0.0642487 0.139799 4.07273e-18)
(-0.0139083 0.110148 9.94883e-19)
(-0.0854966 0.0792727 2.52886e-19)
(-0.142315 0.0477633 -2.79181e-19)
(-0.174392 0.0159456 -3.84903e-18)
(0.410718 0.243226 -1.12599e-18)
(0.337142 0.224871 -3.80285e-18)
(0.259345 0.203878 -2.11382e-18)
(0.178606 0.180701 -2.78511e-18)
(0.0961687 0.155721 -1.15271e-18)
(0.0135617 0.129312 3.0542e-19)
(-0.0666051 0.101726 4.01798e-20)
(-0.139497 0.0731866 2.05393e-19)
(-0.196988 0.0440754 6.78658e-19)
(-0.229276 0.0147112 -8.5659e-19)
(0.377282 0.234786 -5.56454e-18)
(0.29834 0.216205 -2.15576e-17)
(0.216096 0.195332 -6.63016e-18)
(0.131701 0.172578 -2.0899e-17)
(0.046261 0.148283 -4.95401e-18)
(-0.0387909 0.122678 1.50526e-17)
(-0.120836 0.0960819 -1.32169e-17)
(-0.194955 0.0688743 -4.33268e-18)
(-0.253089 0.0413643 -1.56096e-17)
(-0.285604 0.0137875 -4.26126e-19)
(0.344283 0.218545 3.55169e-18)
(0.261093 0.200059 2.67642e-18)
(0.175407 0.179889 1.06887e-18)
(0.0881701 0.15836 2.6456e-19)
(0.000362477 0.135689 -4.92089e-22)
(-0.086548 0.112043 9.67498e-19)
(-0.169927 0.0876301 -1.23327e-18)
(-0.244762 0.062732 -9.27251e-19)
(-0.303107 0.0376325 -2.41078e-18)
(-0.335601 0.0125336 -2.8161e-19)
(0.310705 0.201432 2.60342e-18)
(0.224334 0.183401 8.23808e-19)
(0.136187 0.164131 1.81701e-19)
(0.0469641 0.143892 1.94287e-19)
(-0.042508 0.122824 -2.85197e-19)
(-0.130809 0.101053 5.43886e-21)
(-0.215176 0.0787714 -2.38349e-19)
(-0.290488 0.0562109 -1.36128e-19)
(-0.34886 0.0336329 -4.48952e-19)
(-0.381224 0.0111851 -7.30222e-19)
(0.278212 0.180976 5.55019e-19)
(0.189557 0.163946 2.49824e-19)
(0.0996476 0.146111 -1.09675e-19)
(0.00897329 0.127623 6.81698e-21)
(-0.0817021 0.108563 -2.27114e-19)
(-0.170943 0.0890251 -1.4726e-19)
(-0.255862 0.0691653 -7.79962e-20)
(-0.331266 0.0491989 -3.51428e-19)
(-0.389381 0.0293599 -3.57317e-19)
(-0.421464 0.00974915 -9.97791e-19)
(0.247416 0.159921 3.0258e-18)
(0.157393 0.144099 3.91164e-19)
(0.0664586 0.127822 9.80163e-20)
(-0.025081 0.111165 5.48423e-20)
(-0.11653 0.0941704 -1.22546e-19)
(-0.206368 0.0769059 2.29597e-20)
(-0.291552 0.059495 1.77963e-19)
(-0.366795 0.0421461 -1.24237e-19)
(-0.424454 0.0250653 7.81668e-21)
(-0.456144 0.0083066 -3.97242e-19)
(0.218811 0.138447 -2.68567e-18)
(0.128018 0.124103 -1.07314e-18)
(0.0365181 0.109545 -5.2864e-19)
(-0.0554965 0.0948006 -1.18573e-19)
(-0.147342 0.0798978 -1.49892e-19)
(-0.237392 0.064898 1.14933e-19)
(-0.322469 0.0499235 -9.26618e-19)
(-0.397228 0.0351736 -6.03536e-19)
(-0.454193 0.0208245 -2.13717e-18)
(-0.485365 0.0068832 -5.03113e-18)
(0.19295 0.11768 -6.4117e-18)
(0.101904 0.104856 -6.78445e-18)
(0.0102253 0.0920116 -2.53142e-18)
(-0.0819542 0.0791449 -1.08883e-18)
(-0.173913 0.0662629 -2.594e-19)
(-0.263896 0.053432 -2.68718e-18)
(-0.348586 0.040787 4.62319e-18)
(-0.422609 0.0285206 4.18651e-18)
(-0.478693 0.0167801 1.05507e-17)
(-0.509248 0.00552627 9.80684e-18)
(0.169761 0.0979896 -2.3476e-17)
(0.0787984 0.0866969 -6.65375e-17)
(-0.0127836 0.0755034 -2.06533e-17)
(-0.104867 0.0644054 -6.38844e-17)
(-0.196647 0.0534281 -7.22768e-18)
(-0.286248 0.0426401 4.91191e-17)
(-0.370239 0.0321912 -4.87339e-17)
(-0.443254 0.022266 -1.56648e-17)
(-0.498264 0.0129812 -5.73332e-17)
(-0.528107 0.00425245 -9.21053e-18)
(0.149379 0.079736 -3.57966e-18)
(0.0587436 0.0698803 -5.98658e-18)
(-0.0325413 0.0602334 -2.96524e-18)
(-0.124328 0.0507819 -5.32239e-18)
(-0.215704 0.0415568 -4.80867e-19)
(-0.304664 0.0326552 3.09208e-18)
(-0.387687 0.0242379 -1.54487e-18)
(-0.459461 0.0164807 -1.37001e-18)
(-0.513234 0.00946906 -3.41443e-19)
(-0.542283 0.00307524 8.58437e-18)
(0.13153 0.0629813 -2.19589e-17)
(0.0414103 0.054452 -6.86867e-17)
(-0.049402 0.0462121 -2.16418e-17)
(-0.140685 0.0382591 -7.09966e-17)
(-0.231416 0.0306416 -6.64236e-18)
(-0.319469 0.0234764 5.30448e-17)
(-0.401261 0.0169319 -6.41614e-17)
(-0.471574 0.0111716 -2.23098e-17)
(-0.523962 0.00624915 -7.58166e-17)
(-0.552148 0.0019966 -1.06834e-17)
(0.116055 0.0477331 1.24446e-17)
(0.0265927 0.0403939 7.02253e-17)
(-0.0635955 0.033419 1.99929e-17)
(-0.154193 0.0268189 6.49543e-17)
(-0.244057 0.0206617 1.24413e-17)
(-0.330956 0.0150825 1.89236e-17)
(-0.411279 0.0102539 5.54567e-17)
(-0.479936 0.00632351 9.2836e-18)
(-0.530811 0.00331162 4.60372e-17)
(-0.558076 0.00101322 4.47817e-18)
(0.102644 0.0338692 -1.47925e-19)
(0.0139792 0.027584 2.42056e-18)
(-0.0754251 0.0217378 2.95249e-18)
(-0.165143 0.016359 8.14944e-18)
(-0.253913 0.0115332 3.57948e-18)
(-0.339417 0.00740732 6.22839e-18)
(-0.418044 0.00415353 1.25719e-17)
(-0.484871 0.00189951 5.71012e-18)
(-0.534127 0.000633408 1.23043e-17)
(-0.560423 0.000117071 3.25451e-18)
(0.0910757 0.0212543 -2.84131e-19)
(0.00334558 0.015896 -6.1309e-19)
(-0.0851149 0.0110558 7.41888e-19)
(-0.173756 0.00678121 1.55322e-18)
(-0.261213 0.00317019 1.1167e-18)
(-0.345095 0.000375903 6.7041e-19)
(-0.421828 -0.00142711 3.1589e-18)
(-0.486671 -0.0021366 2.90731e-18)
(-0.534218 -0.00180532 3.76076e-18)
(-0.559508 -0.000697536 5.35187e-19)
(0.081088 0.00972173 6.72131e-19)
(-0.00555733 0.0051835 8.00776e-19)
(-0.0928894 0.00124188 5.04999e-19)
(-0.180254 -0.00202989 1.53393e-19)
(-0.266176 -0.004516 4.36094e-19)
(-0.34822 -0.00607291 -6.21959e-21)
(-0.42287 -0.00653801 7.60236e-19)
(-0.485596 -0.00583316 4.60085e-19)
(-0.531358 -0.00403613 8.93479e-19)
(-0.555611 -0.00144283 -1.59731e-18)
(0.0724832 -0.000862596 -8.42873e-19)
(-0.0129148 -0.0046728 -4.46969e-20)
(-0.0989321 -0.00780135 2.67381e-19)
(-0.184811 -0.0101499 -8.13427e-20)
(-0.268977 -0.0116059 -3.34974e-19)
(-0.348976 -0.0120158 -4.88869e-20)
(-0.421373 -0.0112406 9.17871e-20)
(-0.481869 -0.00922669 5.47039e-20)
(-0.525787 -0.00608131 2.47241e-19)
(-0.548983 -0.00212566 -9.31353e-19)
(0.0650751 -0.010618 -1.90373e-18)
(-0.0188909 -0.0137765 1.5546e-19)
(-0.103394 -0.0161646 3.3396e-19)
(-0.187563 -0.0176636 7.5304e-20)
(-0.269763 -0.0181562 5.66173e-20)
(-0.347526 -0.0174976 1.42745e-19)
(-0.417522 -0.0155688 7.28551e-19)
(-0.475695 -0.012343 -3.76697e-19)
(-0.517725 -0.0079565 -9.38722e-19)
(-0.539852 -0.00275107 -6.51492e-18)
)
;

boundaryField
{
    inlet
    {
        type            uniformFixedValue;
        uniformValue    constant (1 0 0);
        value           nonuniform 0();
    }
    outlet
    {
        type            pressureInletOutletVelocity;
        value           nonuniform List<vector> 10((0.617716 0.252939 3.91439e-19) (0.599919 0.242529 2.77646e-18) (0.577493 0.22892 7.59343e-19) (0.550017 0.211662 4.62769e-18) (0.517314 0.190383 1.27164e-18) (0.479565 0.164809 -5.68177e-18) (0.437816 0.134799 5.92628e-18) (0.395255 0.100429 2.25128e-18) (0.35853 0.0621614 9.2082e-18) (0.336711 0.0210708 2.32878e-19));
    }
    polygon
    {
        type            fixedValue;
        value           nonuniform 0();
    }
    top
    {
        type            symmetryPlane;
    }
    bottom
    {
        type            symmetryPlane;
    }
    outside
    {
        type            zeroGradient;
    }
    procBoundary7to3
    {
        type            processor;
        value           nonuniform List<vector> 
25
(
(0.631494 0.260647 1.6221e-18)
(0.609168 0.264091 -8.98045e-20)
(0.599018 0.255974 2.21911e-18)
(0.579159 0.268686 1.34427e-19)
(0.564589 0.260999 3.19941e-19)
(0.543575 0.272074 4.47721e-20)
(0.525477 0.265226 -5.95936e-18)
(0.501704 0.268124 2.4543e-18)
(0.478646 0.25844 2.94117e-19)
(0.451563 0.250576 -1.95933e-17)
(0.423819 0.234886 7.62001e-18)
(0.394425 0.217822 1.00829e-17)
(0.365036 0.196911 2.35113e-18)
(0.336259 0.175077 1.11068e-17)
(0.308872 0.152466 -5.87301e-18)
(0.28353 0.130435 -1.53387e-17)
(0.260392 0.109388 -7.67512e-17)
(0.23971 0.0898229 -6.94088e-18)
(0.221314 0.0718317 -7.8078e-17)
(0.205118 0.0554687 1.88875e-17)
(0.190836 0.0406188 -2.14388e-18)
(0.178265 0.0271504 -1.21423e-19)
(0.167135 0.0148895 -3.31642e-19)
(0.157253 0.00369099 -1.51787e-19)
(0.148431 -0.00655914 -7.62243e-18)
)
;
    }
    procBoundary7to6
    {
        type            processor;
        value           nonuniform List<vector> 10((0.0587362 -0.0195971 -1.02309e-17) (-0.0236155 -0.0221832 -9.9491e-19) (-0.106393 -0.0238913 -4.86444e-19) (-0.188642 -0.0246014 -4.17401e-19) (-0.268669 -0.0241948 -3.03073e-19) (-0.344022 -0.0225398 -2.67099e-19) (-0.411489 -0.0195394 -2.11293e-19) (-0.467264 -0.0151949 2.41418e-19) (-0.507378 -0.00966935 1.13549e-18) (-0.528429 -0.00332173 8.56951e-18));
    }
    procBoundary7to11
    {
        type            processor;
        value           nonuniform List<vector> 
25
(
(0.336711 -0.0210709 -9.28475e-18)
(0.181732 -0.0195817 -3.67821e-18)
(0.180388 -0.0164547 -1.16259e-17)
(0.0612622 -0.0190718 1.54423e-18)
(0.0319455 -0.0155984 1.85088e-18)
(-0.0565659 -0.0178295 9.18814e-19)
(-0.105583 -0.0156492 -2.07311e-18)
(-0.174392 -0.0159455 -4.00649e-18)
(-0.229276 -0.0147111 -3.07849e-18)
(-0.285604 -0.0137874 1.44729e-17)
(-0.335601 -0.0125335 -5.20526e-19)
(-0.381224 -0.0111851 -4.38136e-18)
(-0.421464 -0.00974914 -6.32017e-18)
(-0.456144 -0.00830661 -5.49483e-18)
(-0.485365 -0.00688323 -2.00573e-17)
(-0.509248 -0.0055263 4.95041e-17)
(-0.528107 -0.00425248 -8.17172e-18)
(-0.542283 -0.00307526 5.88596e-17)
(-0.552148 -0.00199661 2.83492e-18)
(-0.558076 -0.0010132 2.73932e-18)
(-0.560423 -0.000117015 -5.32877e-18)
(-0.559508 0.000697625 -9.89577e-18)
(-0.555611 0.00144295 -1.27947e-17)
(-0.548983 0.00212581 -9.40206e-18)
(-0.539852 0.00275125 -3.08925e-17)
)
;
    }
}


// ************************************************************************* //
