/*--------------------------------*- C++ -*----------------------------------*\
  =========                 |
  \\      /  F ield         | OpenFOAM: The Open Source CFD Toolbox
   \\    /   O peration     | Website:  https://openfoam.org
    \\  /    A nd           | Version:  7
     \\/     M anipulation  |
\*---------------------------------------------------------------------------*/
FoamFile
{
    version     2.0;
    format      ascii;
    class       volVectorField;
    location    "46";
    object      U;
}
// * * * * * * * * * * * * * * * * * * * * * * * * * * * * * * * * * * * * * //

dimensions      [0 1 -1 0 0 0 0];

internalField   nonuniform List<vector> 
175
(
(-0.425283 -0.0321886 1.31219e-17)
(-0.407835 -0.0318799 2.01032e-17)
(-0.390626 -0.0312894 -1.13586e-17)
(-0.373811 -0.0304342 -5.67043e-18)
(-0.35753 -0.029336 -1.2382e-17)
(-0.341914 -0.0280207 5.50702e-18)
(-0.327075 -0.0265175 8.72286e-19)
(-0.31311 -0.0248589 1.81797e-17)
(-0.300094 -0.0230795 -4.91982e-18)
(-0.288084 -0.0212151 9.23277e-18)
(-0.277115 -0.0193017 -9.2223e-18)
(-0.267204 -0.0173745 9.93701e-19)
(-0.258347 -0.0154673 -6.22051e-18)
(-0.25052 -0.0136107 9.61919e-18)
(-0.243685 -0.0118324 -6.80562e-18)
(-0.23779 -0.0101558 5.16737e-18)
(-0.232767 -0.00859991 5.00571e-18)
(-0.228544 -0.00717898 4.77199e-18)
(-0.419386 -0.0346354 9.79115e-18)
(-0.402182 -0.0342941 1.25978e-17)
(-0.385216 -0.0336488 -7.39945e-18)
(-0.368642 -0.0327181 -4.76063e-18)
(-0.352599 -0.0315258 -6.6392e-18)
(-0.337216 -0.0300998 6.82124e-19)
(-0.322606 -0.0284723 4.83178e-19)
(-0.308861 -0.0266783 1.36527e-17)
(-0.296058 -0.0247554 5.30898e-19)
(-0.284252 -0.0227424 4.95223e-18)
(-0.273476 -0.0206783 -6.03343e-18)
(-0.263746 -0.0186013 -1.63165e-18)
(-0.255057 -0.0165475 -4.42769e-18)
(-0.247385 -0.0145502 9.17653e-18)
(-0.240691 -0.0126391 -2.33413e-18)
(-0.23492 -0.0108394 4.79874e-18)
(-0.230006 -0.0091714 4.90141e-18)
(-0.225875 -0.00765026 1.49403e-18)
(-0.413093 -0.0370194 7.58183e-18)
(-0.396149 -0.0366445 5.58179e-18)
(-0.379442 -0.0359437 -5.70616e-18)
(-0.363124 -0.0349374 1.58455e-18)
(-0.347335 -0.0336511 -1.8861e-18)
(-0.3322 -0.0321153 -3.90412e-18)
(-0.317832 -0.0303646 6.75929e-19)
(-0.304322 -0.0284369 1.07333e-17)
(-0.291745 -0.0263727 5.68969e-18)
(-0.280154 -0.0242138 1.46591e-18)
(-0.269583 -0.022002 -4.28558e-18)
(-0.260045 -0.0197784 3.77128e-19)
(-0.251534 -0.0175817 -2.87453e-18)
(-0.244026 -0.0154476 1.07723e-17)
(-0.23748 -0.0134079 1.43652e-18)
(-0.23184 -0.0114893 5.18609e-18)
(-0.227041 -0.00971355 5.4986e-18)
(-0.223007 -0.00809663 2.31873e-18)
(-0.406414 -0.0393737 5.61895e-18)
(-0.389745 -0.0389646 -1.3835e-18)
(-0.373313 -0.0382078 -4.77776e-18)
(-0.357266 -0.0371254 2.78938e-18)
(-0.341744 -0.0357451 3.07733e-18)
(-0.326873 -0.0340994 -3.34537e-18)
(-0.31276 -0.0322257 1.01484e-18)
(-0.299498 -0.0301647 9.97019e-18)
(-0.287159 -0.0279598 5.91723e-18)
(-0.275796 -0.0256558 -2.38666e-18)
(-0.26544 -0.0232974 -3.24606e-18)
(-0.256104 -0.0209286 2.71485e-18)
(-0.247781 -0.0185906 -1.52936e-18)
(-0.240445 -0.0163216 9.61851e-18)
(-0.234054 -0.0141552 1.81878e-19)
(-0.228553 -0.0121201 -2.92241e-18)
(-0.223874 -0.010239 6.7488e-18)
(-0.21994 -0.0085289 3.30529e-18)
(-0.399361 -0.0416891 2.93028e-18)
(-0.382982 -0.0412451 -2.95726e-18)
(-0.366837 -0.0404319 -4.8051e-18)
(-0.351076 -0.0392733 4.74602e-18)
(-0.335836 -0.0377988 2.70895e-18)
(-0.32124 -0.0360436 -3.79034e-18)
(-0.307396 -0.0340474 -3.29894e-18)
(-0.294394 -0.0318539 5.44635e-18)
(-0.282305 -0.0295094 6.74352e-18)
(-0.27118 -0.0270616 -6.50318e-18)
(-0.261051 -0.0245583 -2.12538e-18)
(-0.251926 -0.0220461 1.0679e-18)
(-0.2438 -0.0195691 -7.5864e-20)
(-0.236644 -0.0171675 5.56625e-18)
(-0.230416 -0.0148772 -1.38511e-18)
(-0.22506 -0.0127283 -1.18206e-17)
(-0.220505 -0.0107451 4.76859e-18)
(-0.216675 -0.00894494 3.13484e-19)
(-0.391945 -0.0439591 -1.02432e-18)
(-0.375868 -0.0434795 4.34517e-19)
(-0.360025 -0.0426095 -5.3058e-18)
(-0.344563 -0.0413744 1.89128e-18)
(-0.329617 -0.039806 2.57284e-18)
(-0.31531 -0.0379417 -4.8247e-18)
(-0.301747 -0.0358238 -8.11056e-18)
(-0.289017 -0.0334989 1.56543e-18)
(-0.277189 -0.0310162 8.66326e-18)
(-0.266313 -0.0284264 -7.3762e-18)
(-0.256419 -0.0257801 -1.0076e-18)
(-0.247516 -0.0231269 -5.33955e-19)
(-0.239594 -0.0205133 1.31305e-18)
(-0.232627 -0.0179821 1.82417e-18)
(-0.226568 -0.015571 -2.97115e-18)
(-0.221361 -0.0133118 -1.28316e-17)
(-0.216935 -0.0112298 3.61904e-18)
(-0.213213 -0.00934328 -3.54388e-18)
(-0.384176 -0.0461797 -4.20508e-19)
(-0.368415 -0.045664 4.12129e-18)
(-0.352886 -0.0447369 -7.63321e-19)
(-0.337735 -0.0434254 5.37675e-18)
(-0.323096 -0.0417634 2.44268e-18)
(-0.309089 -0.0397906 -1.24456e-18)
(-0.295818 -0.037552 -8.62741e-18)
(-0.283371 -0.035097 -1.58885e-18)
(-0.271815 -0.0324777 6.52155e-18)
(-0.261198 -0.0297478 -4.77527e-18)
(-0.25155 -0.0269609 7.25552e-20)
(-0.242876 -0.0241692 -1.57313e-18)
(-0.235168 -0.0214219 2.83527e-18)
(-0.228395 -0.0187641 2.96682e-18)
(-0.222512 -0.0162355 -3.75591e-19)
(-0.21746 -0.0138695 -1.1325e-17)
(-0.213167 -0.0116926 -4.8553e-19)
(-0.209554 -0.0097236 -3.57589e-18)
(-0.376068 -0.0483543 -1.33256e-18)
(-0.360633 -0.0478015 8.43704e-18)
(-0.34543 -0.0468165 4.43573e-18)
(-0.330602 -0.0454282 1.01233e-17)
(-0.316281 -0.0436725 2.7062e-18)
(-0.302585 -0.0415914 -3.57205e-18)
(-0.289618 -0.0392327 -1.07873e-17)
(-0.277463 -0.0366485 3.82536e-19)
(-0.266189 -0.0338939 5.225e-18)
(-0.255841 -0.0310255 -3.46709e-18)
(-0.246446 -0.0280998 1.54098e-18)
(-0.238011 -0.025172 -3.08293e-18)
(-0.230523 -0.0222936 5.16011e-18)
(-0.223952 -0.0195122 -7.16704e-19)
(-0.21825 -0.0168694 1.2996e-18)
(-0.213357 -0.0144002 -1.13543e-17)
(-0.2092 -0.012132 -4.24643e-18)
(-0.205699 -0.0100846 -3.98954e-18)
(-0.367631 -0.0505113 -3.6268e-18)
(-0.352533 -0.0499191 8.50398e-18)
(-0.337666 -0.0488741 9.77757e-18)
(-0.323172 -0.0474068 1.11802e-17)
(-0.309179 -0.0455553 2.55937e-18)
(-0.295805 -0.0433641 -6.53973e-18)
(-0.283151 -0.0408836 -9.27048e-18)
(-0.2713 -0.0381688 -2.23597e-18)
(-0.260316 -0.0352779 -2.59116e-19)
(-0.250246 -0.0322704 -2.75277e-18)
(-0.241113 -0.029206 3.5882e-18)
(-0.232924 -0.0261423 -5.33695e-18)
(-0.225663 -0.0231339 8.297e-18)
(-0.2193 -0.0202303 3.46212e-20)
(-0.213784 -0.0174753 3.78524e-18)
(-0.209055 -0.0149052 -8.5876e-18)
(-0.205036 -0.0125488 -8.95143e-18)
(-0.201648 -0.010426 -5.04233e-18)
(-0.358877 -0.0526375 -7.52463e-18)
(-0.344126 -0.0520066 4.1058e-18)
(-0.329605 -0.0509023 1.05642e-17)
(-0.315454 -0.0493569 7.91772e-18)
(-0.3018 -0.0474105 1.85869e-18)
(-0.288757 -0.0451101 -5.67192e-18)
(-0.276425 -0.0425088 -8.71277e-18)
(-0.264885 -0.0396646 9.29761e-19)
(-0.253596 -0.0125093 6.90327e-18)
(-0.246618 -0.010884 -1.83339e-17)
(-0.240595 -0.00934996 1.84353e-18)
(-0.235461 -0.00792483 9.66731e-18)
(-0.231142 -0.00662173 4.47205e-18)
)
;

boundaryField
{
    inlet
    {
        type            uniformFixedValue;
        uniformValue    constant (1 0 0);
        value           nonuniform 0();
    }
    outlet
    {
        type            pressureInletOutletVelocity;
        value           nonuniform 0();
    }
    polygon
    {
        type            fixedValue;
        value           nonuniform 0();
    }
    top
    {
        type            symmetryPlane;
    }
    bottom
    {
        type            symmetryPlane;
    }
    outside
    {
        type            zeroGradient;
    }
    procBoundary21to13
    {
        type            processor;
        value           nonuniform List<vector> 
19
(
(-0.254201 -0.0366385 -1.43964e-18)
(-0.244416 -0.0334933 -2.50461e-18)
(-0.235554 -0.0302915 1.34946e-18)
(-0.227617 -0.0270936 -8.46551e-18)
(-0.220591 -0.0239567 8.43475e-18)
(-0.214441 -0.0209329 -3.94681e-18)
(-0.209117 -0.0180678 2.45335e-18)
(-0.204554 -0.0153995 -7.12629e-18)
(-0.200676 -0.0129574 -1.52578e-17)
(-0.197402 -0.0107623 -5.91278e-18)
(-0.332117 -0.0582779 -6.87466e-18)
(-0.318456 -0.0575625 -6.43204e-18)
(-0.30502 -0.0563194 1.12427e-18)
(-0.291942 -0.0545853 -1.76578e-18)
(-0.279343 -0.052405 -5.24512e-19)
(-0.267332 -0.0498315 -6.07674e-18)
(-0.256003 -0.0469246 -8.99986e-18)
(-0.254201 -0.0366385 -1.43964e-18)
(-0.245431 -0.0437492 -2.4889e-18)
)
;
    }
    procBoundary21to20
    {
        type            processor;
        value           nonuniform List<vector> 8((-0.222443 -0.00628575 -6.24111e-19) (-0.219653 -0.00664869 4.83651e-19) (-0.216668 -0.00700022 2.15065e-18) (-0.213486 -0.0073388 3.3764e-18) (-0.210109 -0.00766339 5.4834e-18) (-0.206536 -0.00797394 -9.26954e-19) (-0.202768 -0.00826913 -7.26419e-18) (-0.198804 -0.00854821 -1.0074e-17));
    }
    procBoundary21to22
    {
        type            processor;
        value           nonuniform List<vector> 10((-0.442807 -0.0322027 3.79658e-18) (-0.436666 -0.0346586 4.12872e-18) (-0.430114 -0.0370533 1.30373e-17) (-0.42316 -0.0394188 1.85384e-17) (-0.415818 -0.0417463 2.18845e-17) (-0.4081 -0.0440292 2.30558e-17) (-0.400017 -0.0462638 2.22278e-17) (-0.391583 -0.0484536 1.94014e-17) (-0.38281 -0.0506278 2.05848e-17) (-0.37371 -0.0527707 1.83953e-17));
    }
    procBoundary21to28
    {
        type            processor;
        value           nonuniform List<vector> 2((-0.225037 -0.00590242 -2.05381e-18) (-0.227558 -0.00544952 -3.66341e-18));
    }
    procBoundary21to29
    {
        type            processor;
        value           nonuniform List<vector> 
19
(
(-0.43117 -0.0293855 1.88314e-17)
(-0.413474 -0.0291113 2.31563e-17)
(-0.396018 -0.0285808 -1.26443e-17)
(-0.378956 -0.0278094 -6.85306e-18)
(-0.362434 -0.0268164 -1.39451e-17)
(-0.34658 -0.0256251 6.58049e-18)
(-0.331509 -0.0242619 1.63505e-18)
(-0.317319 -0.0227561 2.01522e-17)
(-0.304087 -0.0211389 -7.11523e-18)
(-0.291869 -0.0194429 1.00539e-17)
(-0.280705 -0.0177006 -1.45437e-17)
(-0.270609 -0.0159443 8.73888e-18)
(-0.26158 -0.0142045 -4.54203e-18)
(-0.256562 -0.011277 -4.75019e-18)
(-0.249444 -0.00981533 -2.38699e-17)
(-0.243294 -0.00843504 1.61915e-19)
(-0.23805 -0.00715184 6.60081e-18)
(-0.233636 -0.0059776 4.56888e-18)
(-0.26158 -0.0142045 -4.54203e-18)
)
;
    }
}


// ************************************************************************* //
