/*--------------------------------*- C++ -*----------------------------------*\
  =========                 |
  \\      /  F ield         | OpenFOAM: The Open Source CFD Toolbox
   \\    /   O peration     | Website:  https://openfoam.org
    \\  /    A nd           | Version:  7
     \\/     M anipulation  |
\*---------------------------------------------------------------------------*/
FoamFile
{
    version     2.0;
    format      ascii;
    class       volVectorField;
    location    "76";
    object      U;
}
// * * * * * * * * * * * * * * * * * * * * * * * * * * * * * * * * * * * * * //

dimensions      [0 1 -1 0 0 0 0];

internalField   nonuniform List<vector> 
125
(
(1.00576 -0.000379232 -6.60873e-17)
(0.993261 0.000366458 1.9873e-17)
(1.00728 -0.00087212 -1.1931e-17)
(0.990647 0.000137244 -8.91124e-19)
(1.00896 -0.00129743 -6.50016e-18)
(0.986866 -0.000423071 -5.20438e-17)
(1.01048 -0.00204526 4.78384e-17)
(0.981058 -0.00166386 5.6893e-17)
(1.0112 -0.00343529 -4.41348e-17)
(0.971766 -0.00435621 2.80857e-17)
(1.00963 -0.00620312 -3.73725e-18)
(0.956124 -0.0101953 3.76701e-17)
(1.00236 -0.0121092 -1.2248e-17)
(0.928142 -0.0234205 -6.03041e-18)
(0.981724 -0.0261087 -2.06049e-17)
(0.874355 -0.0568544 3.97121e-17)
(0.930094 -0.0659296 -4.65407e-18)
(1.00575 -0.000336244 -6.42263e-17)
(0.99328 0.000316707 5.32638e-17)
(1.00722 -0.000768814 -3.6903e-17)
(0.990712 9.74324e-05 -7.29071e-19)
(1.00883 -0.00114357 -3.78813e-17)
(0.986988 -0.000413691 -4.52723e-17)
(1.01022 -0.00179669 5.20883e-17)
(0.981283 -0.00153912 4.6809e-17)
(1.0107 -0.003005 -1.12743e-17)
(0.972173 -0.0039719 1.09674e-17)
(1.00868 -0.00540064 -8.39243e-18)
(0.956845 -0.00923421 2.38549e-17)
(1.00055 -0.0105101 -5.2579e-17)
(0.929389 -0.0211485 -1.04474e-17)
(0.977936 -0.0226312 -3.14081e-17)
(0.876252 -0.0513927 -1.84841e-17)
(0.920414 -0.057466 -2.69015e-17)
(1.00573 -0.000292732 -1.78361e-17)
(0.993317 0.000268465 3.81843e-17)
(1.00716 -0.000664024 -1.06445e-17)
(0.990799 6.90338e-05 -1.60771e-18)
(1.00869 -0.000987134 -1.07196e-17)
(0.987141 -0.000393504 -3.85235e-17)
(1.00994 -0.00154778 1.77368e-17)
(0.981553 -0.00140655 4.26342e-17)
(1.0102 -0.00258556 5.37432e-18)
(0.972644 -0.00358621 3.20856e-18)
(1.00777 -0.00464637 -1.49997e-17)
(0.957666 -0.00829091 1.61421e-17)
(0.998853 -0.00904337 -3.63446e-17)
(0.930813 -0.0189444 -1.32488e-17)
(0.974504 -0.0194819 -6.10583e-17)
(0.878565 -0.0460894 -7.72443e-17)
(0.9118 -0.0496786 -5.8933e-17)
(1.0057 -0.000250791 2.33398e-17)
(0.993366 0.000225743 4.369e-17)
(1.00708 -0.00056579 1.21096e-18)
(0.990898 4.76018e-05 -2.481e-18)
(1.00939 -0.0107368 2.0369e-17)
(0.968699 -0.0192919 1.39314e-17)
(1.00526 -0.021612 1.35524e-17)
(0.952724 -0.0414147 -1.48817e-17)
(0.992809 -0.0447285 7.90992e-17)
(0.931485 -0.0922956 4.55659e-17)
(1.00505 -0.000468527 1.16234e-17)
(0.994207 0.000183135 -1.78076e-18)
(1.00653 -0.000962447 2.17859e-17)
(0.991823 -0.000355215 1.0557e-18)
(1.00822 -0.00162671 3.10752e-17)
(0.988517 -0.00139393 -8.96296e-17)
(1.00998 -0.00285009 -4.62263e-17)
(0.98347 -0.00355959 1.01398e-16)
(1.01141 -0.00525013 1.65588e-18)
(0.975545 -0.00805429 1.07467e-16)
(1.01148 -0.0101346 2.97645e-17)
(0.96274 -0.0174548 2.66323e-17)
(1.00792 -0.0204211 1.69951e-17)
(0.941898 -0.0378321 -2.03067e-18)
(0.995779 -0.042991 1.27117e-17)
(0.910552 -0.0855468 1.61992e-17)
(1.00541 -0.000465662 1.43833e-17)
(0.993717 0.000252723 4.68734e-19)
(1.007 -0.00096556 1.92858e-17)
(0.991132 -0.000200303 3.80632e-18)
(1.00885 -0.00157041 3.09002e-17)
(0.987485 -0.00112821 -8.94383e-17)
(1.01077 -0.00268379 -4.61153e-17)
(0.981869 -0.00306948 1.02843e-16)
(1.01238 -0.00484529 4.90878e-18)
(0.97294 -0.00712272 1.1025e-16)
(1.01264 -0.00924147 1.3701e-17)
(0.958197 -0.0156462 9.59017e-17)
(1.00924 -0.0186039 3.10547e-17)
(0.933131 -0.0342431 6.65345e-19)
(0.997151 -0.0398159 1.6083e-17)
(0.891289 -0.078394 1.85418e-17)
(1.00565 -0.00044508 6.81576e-17)
(0.993404 0.000300655 -1.71434e-18)
(1.00728 -0.000948036 8.52515e-17)
(0.990725 -9.43943e-05 1.6499e-17)
(1.00915 -0.00149446 2.64841e-17)
(0.986894 -0.000889698 -4.26281e-17)
(1.01106 -0.00247666 4.7062e-17)
(0.980982 -0.0025851 5.28757e-17)
(1.01257 -0.00435754 4.23565e-18)
(0.971518 -0.00616744 4.0437e-17)
(1.01253 -0.00816453 5.48281e-18)
(0.955677 -0.0137653 3.25305e-17)
(1.00841 -0.0163265 2.30414e-17)
(0.927909 -0.0305155 -1.11481e-17)
(0.994876 -0.0353086 8.24794e-17)
(0.877745 -0.0709403 4.65387e-17)
(1.00575 -0.000432869 -6.85625e-18)
(0.993265 0.000395529 2.64479e-18)
(1.00734 -0.000972928 1.0343e-17)
(0.990588 0.000115573 2.27431e-18)
(1.00914 -0.00145984 2.29641e-17)
(0.986737 -0.00051501 -8.88245e-17)
(1.01087 -0.00231755 -2.18681e-17)
(0.980798 -0.00191624 9.73704e-17)
(1.01199 -0.00392332 -4.10065e-18)
(0.971279 -0.00493652 8.96997e-17)
(1.01116 -0.00713329 1.66677e-18)
(0.955254 -0.0114489 9.03808e-17)
(1.00541 -0.0139714 2.16971e-17)
(0.926702 -0.0260783 1.23811e-18)
(0.988322 -0.0301067 2.66103e-18)
(0.872591 -0.0625227 1.8883e-17)
)
;

boundaryField
{
    inlet
    {
        type            uniformFixedValue;
        uniformValue    constant (1 0 0);
        value           uniform (1 0 0);
    }
    outlet
    {
        type            pressureInletOutletVelocity;
        value           nonuniform 0();
    }
    polygon
    {
        type            fixedValue;
        value           nonuniform 0();
    }
    top
    {
        type            symmetryPlane;
    }
    bottom
    {
        type            symmetryPlane;
    }
    outside
    {
        type            zeroGradient;
    }
    procBoundary16to8
    {
        type            processor;
        value           nonuniform List<vector> 
17
(
(1.00696 -0.0110184 3.00136e-17)
(0.975206 -0.021149 2.71054e-17)
(1.00237 -0.0221803 1.08722e-17)
(0.963864 -0.0448809 3.92615e-18)
(0.990457 -0.0452989 4.36829e-18)
(0.950759 -0.0981117 1.30983e-17)
(1.00457 -0.000453121 6.81886e-17)
(0.994849 0.000102728 -1.97234e-18)
(1.00587 -0.000937251 8.44376e-17)
(0.992748 -0.000504265 1.88451e-17)
(1.00733 -0.00163312 2.27996e-17)
(0.989913 -0.00167054 -3.71376e-17)
(1.00879 -0.0029351 4.34993e-17)
(0.98564 -0.00407008 5.13229e-17)
(1.00982 -0.00550772 5.96944e-18)
(0.97905 -0.0090127 4.08229e-17)
(0.97905 -0.0090127 4.08229e-17)
)
;
    }
    procBoundary16to24
    {
        type            processor;
        value           nonuniform List<vector> 
18
(
(1.00854 -0.000840517 5.4299e-18)
(0.987311 -0.00036267 -4.84637e-17)
(1.00967 -0.00131525 1.19054e-17)
(0.981843 -0.00125519 5.9898e-17)
(1.00972 -0.00219303 1.40474e-17)
(0.973141 -0.00316845 -6.13498e-18)
(1.00693 -0.00393484 -2.76228e-17)
(0.958522 -0.0072895 1.27792e-17)
(0.997321 -0.00764657 -4.30938e-17)
(0.932299 -0.0166201 -2.62839e-17)
(0.971481 -0.0164468 -3.58451e-17)
(0.881076 -0.0404618 -6.74299e-17)
(0.904285 -0.0420556 9.17952e-18)
(1.00566 -0.000209807 5.47458e-18)
(0.993419 0.000185542 6.73727e-17)
(1.007 -0.00047173 1.94114e-18)
(1.00854 -0.000840517 5.4299e-18)
(0.991001 3.04648e-05 -1.68523e-18)
)
;
    }
    procBoundary16to25
    {
        type            processor;
        value           nonuniform List<vector> 9((0.763521 -0.161725 -7.10726e-17) (0.94723 -0.0752787 -2.22941e-18) (0.763994 -0.147493 -2.09946e-17) (0.766064 -0.13297 -6.7796e-18) (0.965449 -0.0935799 -7.52241e-17) (0.965615 -0.0938126 -4.49183e-19) (0.966191 -0.0913956 -1.11878e-17) (0.961631 -0.0851852 -8.65553e-17) (0.94723 -0.0752787 -2.22941e-18));
    }
}


// ************************************************************************* //
