/*--------------------------------*- C++ -*----------------------------------*\
  =========                 |
  \\      /  F ield         | OpenFOAM: The Open Source CFD Toolbox
   \\    /   O peration     | Website:  https://openfoam.org
    \\  /    A nd           | Version:  7
     \\/     M anipulation  |
\*---------------------------------------------------------------------------*/
FoamFile
{
    version     2.0;
    format      ascii;
    class       surfaceScalarField;
    location    "4";
    object      phi;
}
// * * * * * * * * * * * * * * * * * * * * * * * * * * * * * * * * * * * * * //

dimensions      [0 3 -1 0 0 0 0];

internalField   nonuniform List<scalar> 
322
(
-0.00807168
-0.00013667
-0.00806431
-0.000151296
-0.00805611
-0.00016735
-0.00804699
-0.000184952
-0.00020423
-0.00811974
-3.95376e-05
-0.00811812
-4.41578e-05
-0.00811629
-4.92891e-05
-0.00811422
-5.49833e-05
-0.00811188
-6.1297e-05
-0.00810925
-6.82916e-05
-0.00810628
-7.60334e-05
-0.00810294
-8.45944e-05
-0.00809919
-9.40522e-05
-0.00809496
-0.000104491
-0.00809022
-0.000116
-0.00808491
-0.000128677
-0.00807895
-0.000142626
-0.00807229
-0.000157957
-0.00806485
-0.00017479
-0.00805655
-0.000193249
-0.000213465
-0.00812204
-4.0743e-05
-0.00812067
-4.55266e-05
-0.00811912
-5.08427e-05
-0.00811736
-5.67456e-05
-0.00811536
-6.3295e-05
-0.0081131
-7.05551e-05
-0.00811053
-7.85958e-05
-0.00810764
-8.74927e-05
-0.00810436
-9.73274e-05
-0.00810066
-0.000108188
-0.00809649
-0.000120169
-0.0080918
-0.000133372
-0.00808652
-0.000147906
-0.00808059
-0.000163888
-0.00807394
-0.000181441
-0.00806649
-0.000200696
-0.000221787
-0.00812441
-4.17117e-05
-0.0081233
-4.66346e-05
-0.00812203
-5.21092e-05
-0.00812059
-5.81925e-05
-0.00811893
-6.49466e-05
-0.00811705
-7.24391e-05
-0.0081149
-8.07431e-05
-0.00811246
-8.99376e-05
-0.00810968
-0.000100108
-0.00810652
-0.000111347
-0.00810293
-0.000123753
-0.00809887
-0.000137432
-0.00809428
-0.0001525
-0.00808909
-0.000169077
-0.00808324
-0.000187292
-0.00807666
-0.000207281
-0.000229186
-0.0081268
-4.2441e-05
-0.00812596
-4.74787e-05
-0.00812498
-5.30854e-05
-0.00812385
-5.93204e-05
-0.00812255
-6.62486e-05
-0.00812105
-7.39404e-05
-0.00811932
-8.24722e-05
-0.00811733
-9.19266e-05
-0.00811505
-0.000102393
-0.00811243
-0.000113967
-0.00810943
-0.000126752
-0.008106
-0.00014086
-0.00810209
-0.00015641
-0.00809763
-0.00017353
-0.00809257
-0.000192353
-0.00808683
-0.000213021
-0.000235682
-0.00812917
-4.29338e-05
-0.00812859
-4.80627e-05
-0.0081279
-5.37758e-05
-0.00812708
-6.0135e-05
-0.00812612
-6.72076e-05
-0.008125
-7.50672e-05
-0.00812367
-8.37932e-05
-0.00812213
-9.34718e-05
-0.00812033
-0.000104196
-0.00811823
-0.000116065
-0.00811579
-0.000129189
-0.00811297
-0.000143682
-0.00810971
-0.00015967
-0.00810596
-0.000177284
-0.00810164
-0.000196667
-0.0080967
-0.000217964
-0.000241331
-0.00813144
-4.32021e-05
-0.00813111
-4.84002e-05
-0.00813069
-5.4196e-05
-0.00813017
-6.0654e-05
-0.00812953
-6.78442e-05
-0.00812875
-7.58432e-05
-0.00812781
-8.47336e-05
-0.00812668
-9.46052e-05
-0.00812532
-0.000105555
-0.0081237
-0.000117686
-0.00812178
-0.000131113
-0.0081195
-0.000145955
-0.00811683
-0.000162343
-0.0081137
-0.000180415
-0.00811005
-0.000200317
-0.00810581
-0.000222204
-0.000246235
-0.00813352
-4.32695e-05
-0.0081334
-4.85177e-05
-0.00813322
-5.43763e-05
-0.00813296
-6.09118e-05
-0.00813261
-6.81973e-05
-0.00813214
-7.63125e-05
-0.00813153
-8.53435e-05
-0.00813075
-9.53838e-05
-0.00812977
-0.000106534
-0.00812855
-0.000118902
-0.00812706
-0.000132606
-0.00812524
-0.000147772
-0.00812305
-0.000164534
-0.00812043
-0.000183037
-0.00811731
-0.000203433
-0.00811364
-0.000225882
-0.000250548
-0.00813525
-4.31732e-05
-0.00813531
-4.84574e-05
-0.00813533
-5.43635e-05
-0.00813528
-6.09609e-05
-0.00813515
-6.83257e-05
-0.00813492
-7.65409e-05
-0.00813457
-8.56968e-05
-0.00813406
-9.58901e-05
-0.00813337
-0.000107226
-0.00813245
-0.000119816
-0.00813128
-0.000133784
-0.00812979
-0.00014926
-0.00812794
-0.000166384
-0.00812567
-0.000185305
-0.00812292
-0.000206181
-0.00811963
-0.000229176
-0.00025446
-0.00813651
-4.29641e-05
-0.00813669
-4.82752e-05
-0.00813684
-5.42198e-05
-0.00813693
-6.087e-05
-0.00813695
-6.8305e-05
-0.00813688
-7.66121e-05
-0.00813669
-8.58854e-05
-0.00813635
-9.62257e-05
-0.00813584
-0.000107742
-0.0081351
-0.000120551
-0.00813411
-0.000134779
-0.0081328
-0.000150563
-0.00813114
-0.000168047
-0.00812906
-0.000187385
-0.0081265
-0.00020874
-0.0081234
-0.000232278
-0.000258173
-0.00813716
-0.0081374
-0.00813761
-0.00813777
-0.00813786
-0.00813786
-0.00813774
-0.00813747
-0.00813703
-0.00813636
-0.00813542
-0.00813418
-0.00813256
-0.00813053
-0.00812802
-0.00812496
)
;

boundaryField
{
    inlet
    {
        type            calculated;
        value           nonuniform 0();
    }
    outlet
    {
        type            calculated;
        value           nonuniform 0();
    }
    polygon
    {
        type            calculated;
        value           nonuniform 0();
    }
    top
    {
        type            symmetryPlane;
        value           uniform 0;
    }
    bottom
    {
        type            symmetryPlane;
        value           uniform 0;
    }
    outside
    {
        type            calculated;
        value           nonuniform List<scalar> 
17
(
-4.27003e-05
-4.80347e-05
-5.4014e-05
-6.07132e-05
-6.82152e-05
-7.6612e-05
-8.60024e-05
-9.64907e-05
-0.000108189
-0.00012122
-0.000135713
-0.00015181
-0.000169659
-0.000189418
-0.000211254
-0.000235338
-0.000261841
)
;
    }
    procBoundary5to4
    {
        type            processor;
        value           nonuniform List<scalar> 9(-0.00805817 -0.00806926 -0.00808034 -0.00809105 -0.00810091 -0.00810932 -0.00811572 -0.00811969 -0.00812129);
    }
    procBoundary5to6
    {
        type            processor;
        value           nonuniform List<scalar> 10(0.00812118 0.00812325 0.00812538 0.00812753 0.00812966 0.00813171 0.00813358 0.00813516 0.0081363 0.0081369);
    }
    procBoundary5to12
    {
        type            processor;
        value           nonuniform List<scalar> 2(-0.00803686 -0.00804732);
    }
    procBoundary5to13
    {
        type            processor;
        value           nonuniform List<scalar> 
18
(
0.000130065
0.00014393
0.000159146
0.000175831
0.000194106
3.81022e-05
4.25356e-05
4.74566e-05
5.29144e-05
5.89625e-05
6.56591e-05
7.30671e-05
8.12545e-05
9.02949e-05
0.000100268
0.000111259
0.00807828
0.00012336
)
;
    }
}


// ************************************************************************* //
