/*--------------------------------*- C++ -*----------------------------------*\
  =========                 |
  \\      /  F ield         | OpenFOAM: The Open Source CFD Toolbox
   \\    /   O peration     | Website:  https://openfoam.org
    \\  /    A nd           | Version:  7
     \\/     M anipulation  |
\*---------------------------------------------------------------------------*/
FoamFile
{
    version     2.0;
    format      ascii;
    class       surfaceScalarField;
    location    "12";
    object      phi;
}
// * * * * * * * * * * * * * * * * * * * * * * * * * * * * * * * * * * * * * //

dimensions      [0 3 -1 0 0 0 0];

internalField   nonuniform List<scalar> 
310
(
0.000197785
-0.0093223
0.000226262
-0.00931205
0.00928357
0.00025129
-0.00931281
0.00928779
0.000271249
-0.00932469
0.00930473
0.000285771
-0.00934598
0.00933146
-0.00937659
0.00937395
0.000192674
-0.00935255
0.000219553
-0.00933893
0.000242519
-0.00933578
0.000259876
-0.00934204
0.000270667
-0.00935677
-0.00937431
0.000187682
-0.00938152
0.000213006
-0.00936426
0.00023398
-0.00935675
0.000248826
-0.00935689
0.000256078
-0.00936402
-0.00936742
0.000182704
-0.0094092
0.00020646
-0.00938801
0.000225434
-0.00937573
0.000237759
-0.00936921
0.000241505
-0.00936777
-0.009356
0.000177764
-0.00943559
0.000199943
-0.00941019
0.000216916
-0.0093927
0.000226731
-0.00937903
0.000227051
-0.00936809
-0.00934027
0.000172945
-0.00946071
0.000193563
-0.00943081
0.000208553
-0.00940769
0.000215895
-0.00938637
0.000212878
-0.00936507
0.000168359
-0.00948462
0.000187489
-0.00944994
0.000200588
-0.00942079
0.000205575
-0.00939136
-0.00935887
0.000163854
-0.00950735
0.000181572
-0.00946766
0.000192924
-0.00943214
0.000195747
-0.00939418
-0.00934983
0.00015875
-0.00952878
0.000174935
-0.00948384
0.000184495
-0.0094417
0.000185175
-0.00939486
-0.00933836
0.000150989
-0.00954841
0.000165147
-0.009498
0.000172457
-0.00944901
0.000170735
-0.00939314
-0.00932452
-0.000344859
-0.00941343
0.00942141
-0.00035448
-0.00944929
0.00945891
-0.000365768
-0.00950491
0.0095162
-0.000377093
-0.00957356
0.00958489
-0.000383422
-0.0096483
0.00965463
-0.00958772
0.00956974
-0.000349342
-0.0094041
-0.000360703
-0.00943793
-0.00037425
-0.00949136
-0.000388745
-0.00955907
-0.00039972
-0.00963732
-0.000353525
-0.00939346
-0.000366582
-0.00942487
-0.000382365
-0.00947558
-0.000400065
-0.00954137
-0.0096214
-0.000357631
-0.00938151
-0.000372381
-0.00941012
-0.000390398
-0.00945756
-0.000411291
-0.00952047
-0.00960051
-0.000361613
-0.00936826
-0.00037804
-0.0093937
-0.000398273
-0.00943733
-0.000422329
-0.00949642
-0.00957467
-0.000365457
-0.00935373
-0.000383536
-0.00937562
-0.000405957
-0.00941491
-0.000433125
-0.00946925
-0.00954392
-0.00036914
-0.00933795
-0.000388843
-0.00935591
-0.000413413
-0.00939034
-0.00044363
-0.00943903
-0.00950835
-0.000372616
-0.00932095
-0.000393894
-0.00933463
-0.000420543
-0.00936369
-0.000453723
-0.00940585
-0.00946803
-0.0003758
-0.00930279
-0.000398558
-0.00931188
-0.000427148
-0.0093351
-0.000463125
-0.00936988
-0.00942316
-0.0003786
-0.000402689
-0.00043306
-0.000471478
-0.000905605
-0.00989791
-0.000950763
-0.00994217
-0.000985619
-0.00997762
-0.000991148
-0.00993512
-0.0096424
-0.000907644
-0.00984897
-0.000954667
-0.00989515
-0.000993082
-0.00993921
-0.00100547
-0.00992273
-0.00969393
-0.000909407
-0.00979891
-0.000958367
-0.00984619
-0.00100059
-0.00989699
-0.00102047
-0.00990285
-0.00973265
-0.000911027
-0.00974779
-0.000961792
-0.00979542
-0.00100754
-0.00985124
-0.00103455
-0.00987583
-0.00975846
-0.000912477
-0.00969565
-0.000964946
-0.00974295
-0.00101399
-0.0098022
-0.00104784
-0.00984198
-0.00977145
-0.000913738
-0.00964254
-0.0009678
-0.00968889
-0.0010199
-0.0097501
-0.0010602
-0.00980168
-0.00977178
-0.000914789
-0.00958852
-0.000970325
-0.00963335
-0.00102521
-0.00969521
-0.00107154
-0.00975535
-0.0097598
-0.00091562
-0.00953363
-0.000972516
-0.00957646
-0.00102994
-0.00963779
-0.00108182
-0.00970347
-0.00973591
-0.000916257
-0.00947792
-0.000974427
-0.00951829
-0.00103416
-0.00957805
-0.00109116
-0.00964648
-0.00112646
-0.0097006
-0.00955444
-0.000916743
-0.000976119
-0.00103797
-0.00109956
-0.00114554
0.00859179
-0.00583463
0.00877969
-0.00536127
-0.00945117
0.00844548
-0.0060424
0.00863367
-0.00554945
-0.0103155
0.008273
-0.00617779
0.0084759
-0.00575236
-0.0112886
0.0080657
-0.00621956
0.0083069
-0.00599357
-0.0123749
0.00784636
0.00812507
)
;

boundaryField
{
    inlet
    {
        type            calculated;
        value           nonuniform 0();
    }
    outlet
    {
        type            calculated;
        value           nonuniform 0();
    }
    polygon
    {
        type            calculated;
        value           nonuniform 0();
    }
    top
    {
        type            symmetryPlane;
        value           uniform 0;
    }
    bottom
    {
        type            symmetryPlane;
        value           uniform 0;
    }
    outside
    {
        type            calculated;
        value           nonuniform 0();
    }
    procBoundary17to8
    {
        type            processor;
        value           nonuniform List<scalar> 5(-0.00833761 -0.00823771 -0.00813761 -0.00802393 -0.00789397);
    }
    procBoundary17to9
    {
        type            processor;
        value           nonuniform List<scalar> 
34
(
-0.000166232
0.00929075
-0.000162428
-0.000158713
-0.00015502
-0.000151369
-0.000147825
-0.000144457
-0.000141123
-0.000137316
-0.000131357
0.000336876
0.000340012
0.000342884
0.00034568
0.000348366
0.000350931
0.000353357
0.000355615
0.000357647
0.00035938
0.000857782
0.000858704
0.000859352
0.000859906
0.000860336
0.000860627
0.000860764
0.000860734
0.000860549
0.000860233
0.00558045
0.00517337
0.00868245
)
;
    }
    procBoundary17to10
    {
        type            processor;
        value           nonuniform List<scalar> 5(0.00994573 0.00998733 0.0100125 0.00994065 0.00957885);
    }
    procBoundary17to25
    {
        type            processor;
        value           nonuniform List<scalar> 
36
(
0.000288403
0.000268394
0.000249181
0.000230089
0.000211326
0.000193108
-0.0093205
0.000199373
0.000186704
0.000173703
0.000156894
-0.000365439
-0.000388699
-0.00959874
-0.000415991
-0.000432177
-0.00044817
-0.000463872
-0.000479208
-0.00049404
-0.000507993
-0.000520684
-0.000927601
-0.000953944
-0.00098175
-0.00100874
-0.00103486
-0.00105987
-0.00108352
-0.00110571
0.00951734
-0.00108937
-0.00113024
-0.00617196
-0.00627227
-0.0135743
)
;
    }
}


// ************************************************************************* //
