/*--------------------------------*- C++ -*----------------------------------*\
  =========                 |
  \\      /  F ield         | OpenFOAM: The Open Source CFD Toolbox
   \\    /   O peration     | Website:  https://openfoam.org
    \\  /    A nd           | Version:  7
     \\/     M anipulation  |
\*---------------------------------------------------------------------------*/
FoamFile
{
    version     2.0;
    format      ascii;
    class       volVectorField;
    location    "80";
    object      U;
}
// * * * * * * * * * * * * * * * * * * * * * * * * * * * * * * * * * * * * * //

dimensions      [0 1 -1 0 0 0 0];

internalField   nonuniform List<vector> 
175
(
(1.27062 0.170632 5.55211e-18)
(1.26802 0.18482 -3.22638e-18)
(1.26411 0.191026 -1.89639e-18)
(1.26063 0.202394 -6.5481e-19)
(1.25769 0.21183 -3.12925e-18)
(1.25541 0.223138 -1.02247e-18)
(1.27279 0.172079 3.24513e-18)
(1.27029 0.186003 -3.04655e-18)
(1.26648 0.192109 -3.72129e-18)
(1.26315 0.203316 -2.80314e-18)
(1.26033 0.212603 -4.82651e-18)
(1.2582 0.223757 -2.67538e-18)
(1.27491 0.173492 2.73065e-18)
(1.2725 0.187155 -2.74113e-18)
(1.26879 0.193157 -3.62188e-18)
(1.26559 0.204199 -2.39472e-18)
(1.26292 0.213335 -4.39847e-18)
(1.26094 0.22433 -2.16704e-18)
(1.27698 0.174871 3.68534e-18)
(1.27466 0.188275 -4.40091e-18)
(1.27106 0.194169 -1.79339e-18)
(1.26799 0.205043 -4.10121e-18)
(1.26546 0.214026 -2.53573e-18)
(1.26364 0.224857 -1.96258e-18)
(1.27901 0.176216 3.35189e-18)
(1.27678 0.189362 -7.73709e-19)
(1.2733 0.195146 -1.82335e-18)
(1.27036 0.205849 -3.57451e-18)
(1.26795 0.214676 8.51358e-19)
(1.26628 0.22534 2.17388e-19)
(1.281 0.177529 3.01319e-18)
(1.27886 0.190416 -8.70288e-19)
(1.27549 0.196088 -1.53292e-18)
(1.27267 0.206618 -4.69371e-18)
(1.27041 0.215287 2.48208e-18)
(1.28294 0.178809 2.69388e-18)
(1.28088 0.191438 -8.38724e-19)
(1.27764 0.196993 -3.08028e-18)
(1.27495 0.20735 -5.80689e-18)
(1.27282 0.215859 9.4577e-19)
(1.28484 0.180058 2.23431e-18)
(1.28286 0.192425 -9.89847e-19)
(1.27974 0.197862 -4.36535e-18)
(1.27717 0.208046 -5.21813e-18)
(1.27518 0.216393 -5.33909e-19)
(1.28669 0.181276 2.05737e-18)
(1.28478 0.193381 -9.82769e-19)
(1.28181 0.198697 -5.47597e-18)
(1.27935 0.208708 -4.8815e-18)
(1.27749 0.216893 -5.26363e-19)
(1.28851 0.182461 1.7154e-18)
(1.28666 0.194294 -2.36218e-18)
(1.28384 0.199481 -5.02006e-18)
(1.28149 0.209313 -3.01962e-18)
(1.27977 0.217328 8.10089e-19)
(1.24663 0.154829 1.33617e-17)
(1.24251 0.17195 3.24631e-18)
(1.23765 0.179527 -3.08848e-18)
(1.23248 0.192828 1.77505e-18)
(1.22801 0.204279 -4.41444e-19)
(1.24919 0.156535 9.79384e-18)
(1.24528 0.173362 3.02275e-18)
(1.24048 0.180803 -5.40132e-18)
(1.23551 0.193938 1.32018e-18)
(1.23119 0.205182 -6.56252e-19)
(1.25172 0.158212 1.11288e-17)
(1.24797 0.174746 2.55795e-18)
(1.24326 0.182049 -2.18167e-18)
(1.23847 0.195009 1.44022e-18)
(1.23432 0.206046 -7.16452e-19)
(1.25422 0.159863 1.05514e-17)
(1.25063 0.176101 4.42525e-18)
(1.246 0.183265 -2.17316e-18)
(1.24139 0.19604 -1.23786e-18)
(1.23741 0.206872 -5.07772e-19)
(1.25668 0.161484 7.70158e-18)
(1.25324 0.177427 4.40748e-18)
(1.24872 0.18445 4.82892e-19)
(1.24427 0.197034 -1.27384e-18)
(1.24046 0.207658 -2.72704e-18)
(1.25909 0.163076 6.78065e-18)
(1.25582 0.178723 -3.28521e-19)
(1.25139 0.185605 3.96219e-19)
(1.24712 0.197989 -3.77161e-18)
(1.24345 0.208407 -5.01943e-18)
(1.24037 0.220751 -1.33801e-18)
(1.26148 0.164639 6.1576e-18)
(1.25835 0.179989 -1.36944e-19)
(1.25402 0.186729 2.268e-19)
(1.24991 0.198908 -3.25108e-18)
(1.2464 0.209119 -4.4731e-18)
(1.24349 0.22125 -8.90494e-19)
(1.26382 0.166172 5.43369e-18)
(1.26084 0.181225 -2.81005e-19)
(1.2566 0.187822 -2.01722e-19)
(1.25267 0.19979 -5.59482e-18)
(1.2493 0.209794 -4.19568e-18)
(1.24656 0.221707 -5.90622e-20)
(1.26612 0.167677 6.85751e-18)
(1.26327 0.182432 -7.93282e-20)
(1.25915 0.188886 2.19661e-18)
(1.25537 0.200638 -2.97615e-18)
(1.25215 0.210436 -3.64848e-18)
(1.24958 0.222128 -2.08927e-18)
(1.26839 0.169149 6.11991e-18)
(1.26567 0.183603 -1.67684e-18)
(1.26166 0.189906 3.86922e-20)
(1.25804 0.201432 -9.95969e-19)
(1.25497 0.211018 -3.47357e-18)
(1.25255 0.222478 -1.5031e-18)
(1.22338 0.139207 1.9501e-17)
(1.21606 0.159301 6.09869e-18)
(1.21119 0.169011 -5.61569e-18)
(1.20367 0.183775 8.6945e-18)
(1.19792 0.197697 -4.9019e-18)
(1.22626 0.140843 1.81038e-17)
(1.21907 0.16065 2.84402e-18)
(1.21439 0.170095 -5.10574e-18)
(1.20707 0.184765 7.82152e-18)
(1.20159 0.198434 -4.38435e-18)
(1.22867 0.142472 1.68539e-17)
(1.22182 0.161976 2.71726e-18)
(1.21715 0.171159 -4.43238e-18)
(1.21005 0.185728 1.34396e-17)
(1.20471 0.199137 -4.06828e-18)
(1.23091 0.144077 1.8214e-17)
(1.22446 0.163279 5.34227e-18)
(1.21972 0.172216 -3.75356e-18)
(1.21287 0.186666 9.11332e-18)
(1.20764 0.199819 -5.58606e-19)
(1.23315 0.145658 1.70404e-17)
(1.22708 0.164558 4.84401e-18)
(1.2223 0.173266 -3.23713e-18)
(1.21568 0.187579 8.11937e-18)
(1.21057 0.200479 -5.42292e-19)
(1.23541 0.147216 1.5912e-17)
(1.22969 0.165815 4.39205e-18)
(1.22488 0.174303 -5.76838e-18)
(1.21851 0.188467 7.44683e-18)
(1.21352 0.201114 -5.23157e-19)
(1.23766 0.148753 1.46838e-17)
(1.23228 0.167049 4.2344e-18)
(1.22745 0.175328 -5.35176e-18)
(1.22132 0.189328 6.4818e-18)
(1.21645 0.201723 -5.21386e-19)
(1.23989 0.150266 1.37492e-17)
(1.23483 0.16826 3.94146e-18)
(1.22999 0.17634 -4.62239e-18)
(1.2241 0.190164 5.60769e-18)
(1.21934 0.202308 -5.57578e-19)
(1.24208 0.151755 1.54589e-17)
(1.23735 0.169449 3.70871e-18)
(1.2325 0.177337 -4.01619e-18)
(1.22685 0.190975 5.18107e-18)
(1.22219 0.20287 -5.54891e-19)
(1.24425 0.153218 1.19284e-17)
(1.23984 0.170615 3.43808e-18)
(1.23499 0.178322 -3.42433e-18)
(1.22958 0.191763 2.12044e-18)
(1.22502 0.20341 -4.6041e-19)
(1.08524 0.134731 1.77173e-17)
(1.13134 0.136088 -4.82166e-17)
(1.16075 0.190353 -9.11466e-18)
(1.09375 0.123274 2.82218e-17)
(1.13893 0.12741 -7.01758e-18)
(1.16985 0.174313 -1.28202e-17)
(1.10166 0.111443 2.97718e-17)
(1.14559 0.118076 -3.92843e-17)
(1.17897 0.158695 -1.38452e-17)
(1.10858 0.102174 6.46113e-17)
(1.15141 0.11046 -3.21743e-18)
(1.1865 0.146721 4.15305e-17)
(1.11388 0.084985 1.63363e-17)
(1.15548 0.0956752 3.65601e-18)
(1.19374 0.12435 4.39624e-18)
)
;

boundaryField
{
    inlet
    {
        type            uniformFixedValue;
        uniformValue    constant (1 0 0);
        value           nonuniform 0();
    }
    outlet
    {
        type            pressureInletOutletVelocity;
        value           nonuniform 0();
    }
    polygon
    {
        type            fixedValue;
        value           nonuniform 0();
    }
    top
    {
        type            symmetryPlane;
    }
    bottom
    {
        type            symmetryPlane;
    }
    outside
    {
        type            zeroGradient;
    }
    procBoundary57to49
    {
        type            processor;
        value           nonuniform List<vector> 
35
(
(1.25387 0.234412 5.19111e-18)
(1.25683 0.234858 3.09091e-18)
(1.25974 0.235253 3.62007e-18)
(1.2626 0.235597 1.73891e-18)
(1.26541 0.235892 3.75372e-18)
(1.26888 0.22578 3.77413e-19)
(1.26888 0.22578 3.77413e-19)
(1.27142 0.22618 3.69917e-19)
(1.27392 0.226539 1.98188e-18)
(1.27636 0.226864 6.98508e-19)
(1.27876 0.227114 7.83596e-19)
(1.22406 0.217601 -5.07594e-18)
(1.22741 0.218321 -3.90351e-18)
(1.23072 0.218996 -3.13066e-18)
(1.23398 0.219625 -2.53198e-18)
(1.2372 0.22021 -1.75305e-18)
(1.2372 0.22021 -1.75305e-18)
(1.23798 0.233158 9.19531e-18)
(1.24129 0.233425 1.11608e-17)
(1.24454 0.233645 1.06759e-17)
(1.24773 0.233824 1.00589e-17)
(1.25087 0.233922 7.38527e-18)
(1.19158 0.212889 -1.0412e-17)
(1.1956 0.213473 -9.31414e-18)
(1.19897 0.214014 -8.60123e-18)
(1.2021 0.214526 -7.51874e-18)
(1.20526 0.215006 -6.49795e-18)
(1.20844 0.215452 -5.61261e-18)
(1.2116 0.215862 -4.92074e-18)
(1.21472 0.216239 -4.34996e-18)
(1.2178 0.216583 -3.64965e-18)
(1.22086 0.216896 -3.18279e-18)
(1.0761 0.146093 4.75375e-18)
(1.12312 0.144499 -4.44154e-18)
(1.15062 0.206802 1.40904e-17)
)
;
    }
    procBoundary57to56
    {
        type            processor;
        value           nonuniform List<vector> 5((1.06666 0.0754635 4.5054e-18) (1.07335 0.0704921 6.21488e-17) (1.07919 0.0649584 9.9483e-18) (1.08401 0.0602024 -1.86805e-17) (1.08764 0.0505434 -1.204e-17));
    }
    procBoundary57to58
    {
        type            processor;
        value           nonuniform List<vector> 5((1.29013 0.183565 2.53379e-18) (1.28836 0.195173 -2.24503e-18) (1.28566 0.200291 -4.68362e-18) (1.28341 0.210025 -2.71124e-18) (1.2818 0.217939 7.3292e-19));
    }
}


// ************************************************************************* //
