/*--------------------------------*- C++ -*----------------------------------*\
  =========                 |
  \\      /  F ield         | OpenFOAM: The Open Source CFD Toolbox
   \\    /   O peration     | Website:  https://openfoam.org
    \\  /    A nd           | Version:  7
     \\/     M anipulation  |
\*---------------------------------------------------------------------------*/
FoamFile
{
    version     2.0;
    format      ascii;
    class       volVectorField;
    location    "58";
    object      U;
}
// * * * * * * * * * * * * * * * * * * * * * * * * * * * * * * * * * * * * * //

dimensions      [0 1 -1 0 0 0 0];

internalField   nonuniform List<vector> 
115
(
(-0.401852 5.3497e-05 2.83383e-20)
(-0.402059 -6.98198e-05 7.49656e-20)
(-0.402329 -0.000345523 -4.07886e-19)
(-0.402658 -0.000895824 -1.63978e-19)
(-0.402876 -0.0017347 -4.33651e-19)
(-0.402853 -0.00280474 -3.01236e-19)
(-0.402513 -0.00404062 -5.57917e-19)
(-0.401805 -0.00538297 -4.87413e-19)
(-0.400697 -0.00678115 9.01613e-19)
(-0.399176 -0.00819771 -1.05756e-19)
(-0.397233 -0.0096058 2.89179e-19)
(-0.394865 -0.0109856 1.80783e-19)
(-0.392077 -0.0123221 -5.50671e-20)
(-0.388875 -0.0136031 -1.17116e-19)
(-0.38527 -0.0148187 1.21313e-19)
(-0.381277 -0.0159601 1.96162e-19)
(-0.376914 -0.0170194 -5.71736e-19)
(-0.362189 0.000131093 -9.09935e-20)
(-0.362635 6.60894e-05 8.9032e-21)
(-0.363229 -0.000150077 -7.91403e-19)
(-0.363996 -0.000719812 -3.07478e-19)
(-0.364698 -0.0016467 -1.42421e-18)
(-0.365169 -0.00285383 -5.30098e-19)
(-0.365329 -0.00425775 -2.84294e-19)
(-0.365127 -0.00578444 -2.07945e-19)
(-0.364532 -0.00737753 1.74699e-19)
(-0.36353 -0.00899396 1.27701e-19)
(-0.362115 -0.0106026 -7.75125e-19)
(-0.360284 -0.0121811 -2.90415e-19)
(-0.358041 -0.0137122 -3.90634e-19)
(-0.35539 -0.0151822 -2.29804e-19)
(-0.352343 -0.0165796 -9.46673e-20)
(-0.348911 -0.0178939 2.58511e-20)
(-0.299667 0.000420479 -8.25588e-20)
(-0.300847 0.000553156 -3.6073e-19)
(-0.302216 0.00059159 -8.4732e-19)
(-0.30391 5.70695e-05 -1.11765e-18)
(-0.305496 -0.000965931 -1.74104e-18)
(-0.306782 -0.00235646 -5.02584e-19)
(-0.307702 -0.00399974 -1.4611e-19)
(-0.308221 -0.00579516 2.26457e-20)
(-0.308326 -0.00767019 5.69284e-20)
(-0.308012 -0.00957547 2.21464e-19)
(-0.307284 -0.0114763 -8.97764e-19)
(-0.306142 -0.0133474 -9.23812e-19)
(-0.304595 -0.015169 -6.82795e-19)
(-0.302649 -0.0169251 -2.73664e-19)
(-0.300316 -0.0186015 -1.16239e-19)
(-0.29761 -0.0201854 -1.88001e-20)
(-0.23148 0.00114518 -1.00507e-20)
(-0.234133 0.00166098 -6.46821e-20)
(-0.236561 0.00211072 -1.62595e-19)
(-0.23937 0.00155403 -2.46861e-19)
(-0.241826 0.000353962 -4.12666e-19)
(-0.243828 -0.00130076 1.55464e-19)
(-0.245369 -0.00324066 1.60656e-19)
(-0.246455 -0.00534039 5.03328e-19)
(-0.247101 -0.00751836 2.91512e-19)
(-0.247324 -0.00972252 5.00727e-19)
(-0.247134 -0.0119173 2.60761e-19)
(-0.246544 -0.0140769 -7.19944e-20)
(-0.245564 -0.0161806 -6.46794e-20)
(-0.244204 -0.0182109 2.54255e-20)
(-0.242478 -0.0201521 3.57798e-20)
(-0.2404 -0.0219896 -8.5742e-20)
(-0.160162 0.00263355 4.61776e-21)
(-0.165216 0.00366568 -5.24913e-21)
(-0.168569 0.00452389 -4.44335e-20)
(-0.172319 0.00370288 -6.90828e-20)
(-0.175282 0.0021655 -1.29888e-19)
(-0.17766 0.000140672 1.96941e-18)
(-0.179518 -0.00214951 8.31512e-19)
(-0.180908 -0.00457535 2.42689e-18)
(-0.181867 -0.00705979 1.00118e-18)
(-0.182424 -0.00955608 2.18548e-18)
(-0.182597 -0.012032 1.84811e-18)
(-0.182401 -0.0144635 3.99863e-19)
(-0.181846 -0.0168302 6.46975e-19)
(-0.180948 -0.019114 4.08234e-19)
(-0.179718 -0.0212984 1.56973e-19)
(-0.178172 -0.0233678 -9.58584e-19)
(-0.087779 0.0054267 4.05062e-20)
(-0.0958038 0.00674634 1.96587e-20)
(-0.0992642 0.00756923 -1.51077e-19)
(-0.103444 0.00614628 -4.51809e-20)
(-0.106345 0.00413732 -1.62679e-19)
(-0.108715 0.0016907 2.4021e-18)
(-0.110596 -0.00095285 2.49562e-18)
(-0.112059 -0.00368446 3.10744e-18)
(-0.113147 -0.0064485 2.57255e-18)
(-0.113884 -0.0092082 2.78809e-18)
(-0.114288 -0.0119359 9.18949e-19)
(-0.114371 -0.0146095 3.01032e-19)
(-0.114144 -0.0172094 2.57909e-19)
(-0.11362 -0.0197171 4.95161e-19)
(-0.112811 -0.0221153 -1.06844e-19)
(-0.111731 -0.024388 -1.03624e-18)
(-0.0151705 0.0087583 2.32302e-19)
(-0.0260634 0.0107531 7.43853e-20)
(-0.0283649 0.0104889 -7.31326e-19)
(-0.0324175 0.00844727 4.09289e-20)
(-0.0348373 0.00595079 -1.23149e-18)
(-0.0370025 0.0031362 1.85467e-18)
(-0.0387598 0.000206118 7.29983e-19)
(-0.0401953 -0.00277703 2.33068e-18)
(-0.0413345 -0.00577239 8.87483e-19)
(-0.0421903 -0.00875187 2.13523e-18)
(-0.042772 -0.0116908 4.54095e-19)
(-0.0430891 -0.0145684 3.20632e-19)
(-0.0431504 -0.0173645 1.62567e-19)
(-0.0429668 -0.0200601 4.17665e-19)
(-0.0425503 -0.022637 6.66603e-20)
(-0.0419145 -0.0250785 -7.74727e-19)
(0.0570282 0.0140656 -2.11353e-19)
(0.0460375 0.0149525 5.35624e-19)
)
;

boundaryField
{
    inlet
    {
        type            uniformFixedValue;
        uniformValue    constant (1 0 0);
        value           nonuniform 0();
    }
    outlet
    {
        type            pressureInletOutletVelocity;
        value           nonuniform List<vector> 8((-0.401852 0 0) (-0.362189 0 0) (-0.299667 0 0) (-0.23148 0 0) (-0.160162 0 0) (-0.087779 0 0) (-0.0151705 0 0) (0.0570282 0.0140656 -2.11353e-19));
    }
    polygon
    {
        type            fixedValue;
        value           nonuniform 0();
    }
    top
    {
        type            symmetryPlane;
    }
    bottom
    {
        type            symmetryPlane;
    }
    outside
    {
        type            zeroGradient;
    }
    procBoundary23to15
    {
        type            processor;
        value           nonuniform List<vector> 
17
(
(0.0448644 0.0127856 6.7199e-19)
(0.0412913 0.0103868 1.17081e-18)
(0.0393116 0.00749828 1.00773e-18)
(0.0373343 0.00443526 -1.15482e-18)
(0.0356774 0.00130546 -4.05238e-19)
(0.0342433 -0.00186817 -1.26288e-18)
(0.0330344 -0.00504273 -3.49218e-19)
(0.0320448 -0.00819644 -1.02939e-18)
(0.0312718 -0.0113048 3.73057e-20)
(0.0307085 -0.0143468 1.00327e-18)
(0.0303477 -0.0173007 7.59042e-20)
(0.0301787 -0.0201464 -1.03062e-19)
(0.0301894 -0.0228645 2.41334e-19)
(0.0303656 -0.0254374 6.96221e-19)
(0.130124 0.0176471 -1.54992e-19)
(0.0448644 0.0127856 6.7199e-19)
(0.121301 0.0179736 -1.00807e-18)
)
;
    }
    procBoundary23to22
    {
        type            processor;
        value           nonuniform List<vector> 7((-0.345113 -0.0191157 -3.51214e-19) (-0.345113 -0.0191157 -3.51214e-19) (-0.294547 -0.0216649 -1.96181e-19) (-0.237988 -0.02371 -1.12283e-19) (-0.176326 -0.0253079 -3.17909e-19) (-0.110395 -0.0265203 -1.56232e-18) (-0.0410735 -0.0273694 -1.58676e-19));
    }
    procBoundary23to30
    {
        type            processor;
        value           uniform (-0.372203 -0.0179891 4.01633e-19);
    }
    procBoundary23to31
    {
        type            processor;
        value           nonuniform List<vector> 
17
(
(-0.424827 2.45269e-05 1.70822e-21)
(-0.42494 -0.000123119 1.02768e-19)
(-0.425065 -0.00041288 -5.20024e-19)
(-0.425184 -0.000939197 -1.17616e-19)
(-0.425158 -0.0017117 -9.99086e-20)
(-0.424873 -0.00268387 -2.82847e-19)
(-0.424258 -0.00380137 -1.08391e-18)
(-0.423266 -0.0050123 -6.79024e-19)
(-0.421865 -0.00627032 8.34962e-19)
(-0.420041 -0.00754265 -5.59877e-19)
(-0.417786 -0.00880534 3.70508e-19)
(-0.4151 -0.0100405 4.13286e-19)
(-0.411986 -0.0112345 9.41316e-20)
(-0.408455 -0.0123766 -7.21368e-20)
(-0.404517 -0.0134582 4.81133e-19)
(-0.400189 -0.0144718 3.88866e-19)
(-0.395491 -0.0154107 -1.23694e-18)
)
;
    }
}


// ************************************************************************* //
