/*--------------------------------*- C++ -*----------------------------------*\
  =========                 |
  \\      /  F ield         | OpenFOAM: The Open Source CFD Toolbox
   \\    /   O peration     | Website:  https://openfoam.org
    \\  /    A nd           | Version:  7
     \\/     M anipulation  |
\*---------------------------------------------------------------------------*/
FoamFile
{
    version     2.0;
    format      ascii;
    class       volVectorField;
    location    "74";
    object      U;
}
// * * * * * * * * * * * * * * * * * * * * * * * * * * * * * * * * * * * * * //

dimensions      [0 1 -1 0 0 0 0];

internalField   nonuniform List<vector> 
125
(
(-0.0749279 -0.0105146 -4.0756e-19)
(-0.0753171 -0.0114108 -5.88033e-20)
(-0.07555 -0.0122046 -1.00008e-19)
(-0.0756321 -0.0128915 -4.5653e-20)
(-0.0755694 -0.0134686 -5.27349e-20)
(-0.0753675 -0.013935 -1.23293e-19)
(-0.075032 -0.0142919 -1.05434e-19)
(-0.0745676 -0.0145424 -1.4658e-19)
(-0.073978 -0.0146913 -4.06898e-20)
(-0.0732655 -0.0147451 -4.8701e-20)
(-0.0153875 -0.00213516 2.85256e-19)
(-0.0174024 -0.0036038 -4.46378e-20)
(-0.0192441 -0.00502081 -7.85332e-19)
(-0.0209103 -0.00637584 -5.99522e-18)
(-0.0223988 -0.00765914 -1.47165e-18)
(-0.0237076 -0.00886138 -5.8943e-18)
(-0.0248355 -0.00997377 -6.50848e-19)
(-0.0257819 -0.0109883 -1.22322e-19)
(-0.0265472 -0.0118982 -2.37294e-20)
(-0.0271327 -0.0126985 -9.10214e-20)
(-0.0275398 -0.0133864 -5.29378e-20)
(-0.02777 -0.0139612 -3.64519e-20)
(-0.0278244 -0.0144244 -6.29037e-21)
(-0.0277034 -0.0147797 -6.34948e-20)
(-0.0274062 -0.0150328 -2.93797e-20)
(-0.0269309 -0.0151911 5.36721e-20)
(0.041985 -0.000435962 -3.72309e-19)
(0.0393759 -0.00202591 -5.95663e-19)
(0.0369451 -0.00356668 -1.74885e-18)
(0.0346995 -0.00504902 -2.63474e-18)
(0.0326461 -0.00646296 -1.85157e-18)
(0.030792 -0.00779864 -2.2988e-18)
(0.029144 -0.00904684 -3.47913e-19)
(0.0277077 -0.0101989 -5.28179e-20)
(0.0264878 -0.0112475 -7.59636e-20)
(0.0254879 -0.0121872 -6.70518e-20)
(0.0247112 -0.0130151 -5.453e-21)
(0.0241609 -0.0137304 -1.33185e-19)
(0.0238404 -0.0143353 -7.9627e-21)
(0.0237537 -0.0148341 -6.4589e-20)
(0.0239058 -0.0152331 6.04329e-20)
(0.0243031 -0.0155408 2.15613e-20)
(0.103035 0.00167352 -3.20994e-19)
(0.0998861 -4.35208e-05 -1.21151e-18)
(0.0969258 -0.00171669 -6.90502e-18)
(0.0941669 -0.00333644 -7.15474e-18)
(0.0916233 -0.00489591 -7.05671e-18)
(0.0893081 -0.00638413 -6.2372e-18)
(0.087234 -0.00779122 -3.29771e-19)
(0.0854126 -0.00910776 2.83089e-20)
(0.0838543 -0.0103257 -3.12893e-21)
(0.0825677 -0.0114389 -4.99938e-20)
(0.0815609 -0.0124442 7.87796e-20)
(0.0808416 -0.013341 6.25295e-21)
(0.0804175 -0.0141315 4.65438e-20)
(0.0802969 -0.0148206 -6.11304e-20)
(0.0804887 -0.0154156 3.46154e-20)
(0.0810031 -0.0159254 2.42853e-20)
(0.167954 0.00414547 -3.37406e-19)
(0.164353 0.00229323 -9.34079e-19)
(0.160958 0.000473719 -2.60467e-18)
(0.157788 -0.00130338 -1.91465e-18)
(0.154863 -0.00302747 -2.49117e-18)
(0.152204 -0.00469385 -1.21324e-18)
(0.149832 -0.00629041 -1.58929e-19)
(0.147764 -0.00780627 -1.07279e-20)
(0.146017 -0.00923219 -2.10327e-20)
(0.144604 -0.0105613 -1.07417e-20)
(0.143538 -0.0117896 -5.7341e-20)
(0.142831 -0.0129164 4.1862e-20)
(0.142495 -0.0139441 4.92719e-20)
(0.14254 -0.0148779 -8.17787e-20)
(0.142981 -0.0157255 -3.02127e-20)
(0.143829 -0.0164966 -1.67624e-20)
(0.237034 0.00690544 -5.53688e-19)
(0.2331 0.00490696 -1.45811e-18)
(0.229397 0.00292579 -5.85935e-18)
(0.225951 0.000968705 -1.39718e-18)
(0.222785 -0.000952294 -5.65543e-18)
(0.219929 -0.00282643 -6.144e-20)
(0.217414 -0.00464993 -1.2156e-19)
(0.215264 -0.00640722 -7.12954e-20)
(0.2135 -0.00808712 -7.35528e-20)
(0.212143 -0.0096814 -8.57776e-20)
(0.211208 -0.0111851 -1.13041e-19)
(0.210711 -0.0125968 -7.65113e-20)
(0.210666 -0.0139189 -1.11739e-19)
(0.211088 -0.0151567 -1.13182e-19)
(0.211991 -0.0163184 -1.263e-19)
(0.21339 -0.0174138 -4.80059e-20)
(0.310528 0.00985615 -2.74313e-19)
(0.306418 0.0076963 -5.87793e-19)
(0.302562 0.00553496 -8.98204e-19)
(0.298994 0.00337604 -3.19908e-19)
(0.295753 0.0012251 -1.065e-18)
(0.292869 -0.000901608 1.69382e-20)
(0.290381 -0.00299121 -2.81176e-19)
(0.288327 -0.00503719 -6.90059e-20)
(0.286732 -0.00702207 -2.55427e-19)
(0.285619 -0.00893564 -1.02227e-19)
(0.285008 -0.0107713 -1.82446e-19)
(0.284917 -0.0125264 -1.85491e-19)
(0.285361 -0.014203 -1.48975e-19)
(0.286358 -0.0158064 -1.63077e-19)
(0.287922 -0.0173447 -2.76003e-19)
(0.290069 -0.0188281 -1.34978e-19)
(0.388483 0.012877 6.52987e-20)
(0.38438 0.010541 -7.45108e-19)
(0.380552 0.00817901 5.2208e-19)
(0.377041 0.00579204 6.98315e-19)
(0.373894 0.0033837 -1.64784e-19)
(0.371162 0.000963839 2.55119e-19)
(0.368883 -0.00144339 -1.1626e-18)
(0.367101 -0.00382589 -3.59688e-19)
(0.365854 -0.00616914 -1.08858e-18)
(0.365165 -0.00845808 -5.35026e-19)
(0.365056 -0.0106831 -1.30184e-18)
(0.365547 -0.0128402 -8.00248e-19)
(0.366653 -0.0149304 -4.25016e-19)
(0.368391 -0.016959 -1.17819e-18)
(0.370776 -0.0189338 -7.65291e-19)
(0.373824 -0.0208651 -4.47816e-19)
(0.470542 0.0158273 2.23123e-18)
(0.466654 0.0133046 -4.29727e-18)
(0.463053 0.0107266 2.43652e-18)
)
;

boundaryField
{
    inlet
    {
        type            uniformFixedValue;
        uniformValue    constant (1 0 0);
        value           nonuniform 0();
    }
    outlet
    {
        type            pressureInletOutletVelocity;
        value           nonuniform 0();
    }
    polygon
    {
        type            fixedValue;
        value           nonuniform 0();
    }
    top
    {
        type            symmetryPlane;
    }
    bottom
    {
        type            symmetryPlane;
    }
    outside
    {
        type            zeroGradient;
    }
    procBoundary14to6
    {
        type            processor;
        value           nonuniform List<vector> 
17
(
(0.459788 0.00808983 4.6423e-18)
(0.456921 0.00539586 1.68239e-19)
(0.454512 0.00265456 2.94856e-18)
(0.452615 -0.000116723 -5.88861e-18)
(0.451277 -0.00289457 -1.05739e-18)
(0.450538 -0.0056517 -5.55081e-18)
(0.450429 -0.00836856 -1.38286e-18)
(0.450971 -0.0110364 -6.5223e-18)
(0.452182 -0.0136491 -4.61668e-18)
(0.454077 -0.0162068 -1.55626e-18)
(0.456671 -0.0187138 -6.23664e-18)
(0.45998 -0.021178 -4.39279e-18)
(0.464016 -0.0236092 -1.13853e-18)
(0.555746 0.0185459 -3.01612e-19)
(0.552306 0.0158337 -4.18294e-19)
(0.459788 0.00808983 4.6423e-18)
(0.549151 0.0130301 6.44753e-19)
)
;
    }
    procBoundary14to7
    {
        type            processor;
        value           uniform (0.474675 0.018296 5.28085e-18);
    }
    procBoundary14to13
    {
        type            processor;
        value           nonuniform List<vector> 6((0.0249529 -0.0157669 1.15533e-20) (0.0818509 -0.0163605 1.64965e-20) (0.145098 -0.0172022 -2.19519e-20) (0.215302 -0.0184544 -8.90959e-20) (0.292816 -0.020268 -1.98352e-19) (0.377551 -0.0227642 -8.24552e-19));
    }
    procBoundary14to15
    {
        type            processor;
        value           nonuniform List<vector> 7((-0.013201 -0.000625801 7.31349e-19) (0.0447651 0.0011935 -5.03566e-18) (0.106362 0.00342423 -6.47138e-19) (0.171748 0.00602085 6.58466e-19) (0.241174 0.00891452 4.76811e-18) (0.314862 0.0120096 8.95397e-19) (0.392825 0.015185 1.12138e-18));
    }
    procBoundary14to21
    {
        type            processor;
        value           nonuniform List<vector> 2((-0.0724312 -0.0147117 -1.24487e-19) (-0.0262742 -0.0152635 -2.62251e-20));
    }
    procBoundary14to22
    {
        type            processor;
        value           nonuniform List<vector> 
17
(
(-0.121141 -0.0106387 -3.94343e-19)
(-0.120944 -0.0114291 -8.72355e-20)
(-0.120605 -0.0121223 -2.76198e-19)
(-0.120135 -0.012714 -1.46915e-19)
(-0.119544 -0.0132014 -1.69775e-19)
(-0.118841 -0.0135837 -2.84944e-19)
(-0.118035 -0.0138616 -1.97502e-19)
(-0.117136 -0.0140375 -3.08838e-19)
(-0.11615 -0.0141155 -2.70571e-19)
(-0.115086 -0.0141011 -1.71805e-19)
(-0.0690942 -0.00340306 1.8903e-18)
(-0.0704957 -0.00475058 3.5819e-19)
(-0.0717232 -0.00604599 -1.74955e-19)
(-0.072778 -0.00727925 -1.10717e-18)
(-0.0736619 -0.00844094 -4.8172e-19)
(-0.0743775 -0.00952214 -1.13931e-18)
(-0.0743775 -0.00952214 -1.13931e-18)
)
;
    }
}


// ************************************************************************* //
