/*--------------------------------*- C++ -*----------------------------------*\
  =========                 |
  \\      /  F ield         | OpenFOAM: The Open Source CFD Toolbox
   \\    /   O peration     | Website:  https://openfoam.org
    \\  /    A nd           | Version:  7
     \\/     M anipulation  |
\*---------------------------------------------------------------------------*/
FoamFile
{
    version     2.0;
    format      ascii;
    class       volVectorField;
    location    "108";
    object      U;
}
// * * * * * * * * * * * * * * * * * * * * * * * * * * * * * * * * * * * * * //

dimensions      [0 1 -1 0 0 0 0];

internalField   nonuniform List<vector> 
125
(
(0.60386 -0.077504 2.17981e-18)
(0.639885 -0.083348 3.86522e-18)
(0.678836 -0.0900561 4.6995e-18)
(0.721128 -0.0978386 2.64051e-18)
(0.767172 -0.106943 7.30529e-18)
(0.81728 -0.117652 1.34006e-17)
(0.87153 -0.130284 -3.03277e-18)
(0.929702 -0.14518 2.2153e-18)
(0.991427 -0.162568 7.48193e-19)
(1.05594 -0.182519 1.77773e-18)
(1.12093 -0.204948 2.16345e-18)
(1.17888 -0.233075 3.11828e-18)
(0.632537 -0.0768589 3.66048e-18)
(0.664712 -0.0814168 3.81716e-18)
(0.698546 -0.0864426 4.13045e-18)
(0.734161 -0.0920181 2.05682e-18)
(0.771666 -0.098239 2.86107e-18)
(0.811146 -0.105216 2.89978e-18)
(0.852636 -0.113071 3.24392e-18)
(0.896093 -0.121934 3.1576e-18)
(0.941357 -0.131931 2.48035e-18)
(0.98811 -0.143167 2.9813e-18)
(1.03581 -0.15572 2.72792e-18)
(1.08363 -0.169649 -1.2078e-19)
(1.13057 -0.184972 1.76318e-18)
(1.17568 -0.201637 8.68571e-19)
(1.21791 -0.219649 1.78272e-18)
(1.25525 -0.239329 2.14616e-18)
(1.28462 -0.261057 2.698e-18)
(0.815087 -0.100945 1.71905e-17)
(0.850468 -0.1066 1.46727e-17)
(0.886924 -0.112754 8.5019e-18)
(0.92436 -0.119462 2.31724e-17)
(0.962624 -0.12678 1.85442e-17)
(1.00149 -0.134759 2.02084e-17)
(1.04066 -0.143443 1.90158e-17)
(1.07973 -0.152862 1.83559e-17)
(1.1182 -0.163028 1.63057e-17)
(1.15547 -0.173926 1.32268e-17)
(1.19082 -0.185524 7.74572e-18)
(1.22345 -0.197784 1.89373e-17)
(1.25257 -0.210654 1.32024e-17)
(1.27763 -0.224099 1.33632e-17)
(1.29818 -0.238256 1.09143e-17)
(1.31337 -0.253451 9.0657e-18)
(1.32135 -0.269748 5.67482e-18)
(0.984283 -0.126075 4.02196e-18)
(1.01818 -0.132196 4.05106e-18)
(1.05203 -0.138684 4.31704e-18)
(1.08558 -0.145552 6.74726e-18)
(1.11853 -0.152806 5.19298e-18)
(1.15053 -0.160448 6.07872e-18)
(1.1812 -0.16847 5.76923e-18)
(1.21011 -0.176854 5.50863e-18)
(1.23684 -0.185575 4.67895e-18)
(1.26093 -0.194599 4.49873e-18)
(1.28193 -0.203898 4.53943e-18)
(1.29939 -0.213452 6.85728e-18)
(1.31299 -0.223245 4.10908e-18)
(1.32262 -0.233318 4.60744e-18)
(1.32836 -0.24387 3.32986e-18)
(1.32994 -0.255235 3.21881e-18)
(1.32591 -0.267702 2.4983e-18)
(1.12305 -0.148766 -1.27959e-17)
(1.15129 -0.15451 -1.0636e-17)
(1.17845 -0.160424 -5.73254e-18)
(1.20429 -0.1665 -1.79474e-17)
(1.22853 -0.172728 -1.25229e-17)
(1.25091 -0.179097 -1.25429e-17)
(1.27118 -0.185594 -8.67752e-18)
(1.28907 -0.192207 -4.25613e-18)
(1.30437 -0.198923 -1.45931e-17)
(1.3169 -0.205739 -6.27989e-18)
(1.32646 -0.212665 -4.31323e-18)
(1.33295 -0.219723 -1.17337e-17)
(1.33633 -0.226948 -7.06897e-18)
(1.33673 -0.23442 -6.61764e-18)
(1.33438 -0.24234 -4.2954e-18)
(1.32915 -0.251033 -2.6695e-18)
(1.31975 -0.260847 -5.71549e-19)
(1.22384 -0.166604 -3.87605e-18)
(1.24449 -0.171372 -4.18414e-18)
(1.26354 -0.176157 -3.8514e-18)
(1.28084 -0.180953 -5.81634e-18)
(1.29625 -0.18576 -3.45308e-18)
(1.30964 -0.190577 -4.06764e-18)
(1.32092 -0.195408 -2.75328e-18)
(1.33002 -0.200262 -3.18313e-18)
(1.33687 -0.205154 -4.61426e-18)
(1.34147 -0.210109 -1.83103e-18)
(1.34381 -0.215168 -3.09113e-18)
(1.3439 -0.220378 -3.702e-18)
(1.34181 -0.225792 -2.03836e-18)
(1.33769 -0.231488 -2.35388e-18)
(1.33171 -0.237631 -1.42804e-18)
(1.32366 -0.244492 -1.66079e-18)
(1.31239 -0.252308 -2.2348e-18)
(1.28905 -0.178964 -1.4904e-18)
(1.30243 -0.18256 -1.6397e-18)
(1.31419 -0.186102 -1.38096e-18)
(1.32431 -0.189597 -1.89335e-18)
(1.33274 -0.193057 -1.17591e-18)
(1.33947 -0.196499 -1.52056e-18)
(1.3445 -0.199942 -8.78992e-19)
(1.34786 -0.20341 -1.45233e-18)
(1.34958 -0.206935 -1.40291e-18)
(1.34969 -0.210556 -1.2031e-18)
(1.34823 -0.214319 -1.26067e-18)
(1.34522 -0.218272 -1.19953e-18)
(1.3407 -0.222457 -9.40347e-19)
(1.33475 -0.226927 -1.15536e-18)
(1.32742 -0.231797 -1.2105e-18)
(1.31837 -0.237258 -1.74726e-18)
(1.30666 -0.243384 -2.58469e-18)
(1.32679 -0.186587 -1.01712e-18)
(1.3345 -0.189122 -5.0648e-19)
(1.3409 -0.191597 -4.46448e-19)
(1.34599 -0.19403 -7.35752e-19)
(1.34981 -0.196442 -2.48781e-19)
(1.35238 -0.198855 -8.30054e-19)
(1.35375 -0.201298 -1.21349e-19)
(1.35396 -0.203798 -8.4218e-19)
(1.35302 -0.206386 -4.84461e-19)
(1.35098 -0.209099 -3.23606e-19)
(1.34784 -0.211974 -5.17892e-19)
)
;

boundaryField
{
    inlet
    {
        type            uniformFixedValue;
        uniformValue    constant (1 0 0);
        value           nonuniform 0();
    }
    outlet
    {
        type            pressureInletOutletVelocity;
        value           nonuniform 0();
    }
    polygon
    {
        type            fixedValue;
        value           nonuniform 0();
    }
    top
    {
        type            symmetryPlane;
    }
    bottom
    {
        type            symmetryPlane;
    }
    outside
    {
        type            zeroGradient;
    }
    procBoundary10to2
    {
        type            processor;
        value           nonuniform List<vector> 
18
(
(1.34357 -0.215042 -3.90139e-19)
(1.33816 -0.218323 -4.63275e-19)
(1.33161 -0.221842 -5.79788e-19)
(1.32383 -0.225663 -6.21579e-19)
(1.31446 -0.229897 -7.07705e-19)
(1.30277 -0.234482 -6.28873e-19)
(1.34632 -0.190787 -2.78287e-19)
(1.35027 -0.192511 5.03532e-21)
(1.35326 -0.194198 1.67038e-19)
(1.35534 -0.195871 -3.79805e-19)
(1.35654 -0.197551 -2.44827e-19)
(1.35689 -0.19926 -4.9554e-19)
(1.35641 -0.201022 -2.72643e-19)
(1.35512 -0.20286 -6.09475e-19)
(1.35302 -0.204797 -9.38218e-20)
(1.3501 -0.206857 -3.29148e-19)
(1.34357 -0.215042 -3.90139e-19)
(1.34632 -0.209062 -2.83635e-19)
)
;
    }
    procBoundary10to3
    {
        type            processor;
        value           uniform (1.31776 -0.183977 -8.68425e-19);
    }
    procBoundary10to9
    {
        type            processor;
        value           nonuniform List<vector> 2((1.29666 -0.247367 -3.34029e-18) (1.30196 -0.257687 -3.34566e-18));
    }
    procBoundary10to11
    {
        type            processor;
        value           nonuniform List<vector> 6((0.601904 -0.0727007 3.06247e-18) (0.780835 -0.0957351 1.81951e-17) (0.950544 -0.120303 4.19591e-18) (1.09397 -0.143198 -1.45377e-17) (1.20176 -0.161859 -4.66485e-18) (1.27414 -0.17531 -1.82681e-18));
    }
    procBoundary10to17
    {
        type            processor;
        value           nonuniform List<vector> 5((1.30947 -0.267888 2.29126e-19) (1.31775 -0.276793 2.71741e-18) (1.32006 -0.281364 2.71092e-18) (1.2989 -0.275134 3.47009e-18) (1.22066 -0.248236 4.35524e-18));
    }
    procBoundary10to18
    {
        type            processor;
        value           nonuniform List<vector> 
18
(
(0.409152 -0.056072 3.6391e-18)
(0.435622 -0.0600638 7.2649e-18)
(0.464231 -0.0645028 1.78737e-17)
(0.49549 -0.0694922 7.53401e-19)
(0.53011 -0.0751798 4.57598e-18)
(0.569035 -0.081792 5.23065e-18)
(0.613467 -0.0896938 7.29865e-19)
(0.664858 -0.0995121 2.53156e-18)
(0.725138 -0.111989 2.00537e-18)
(0.795722 -0.128362 2.3775e-18)
(0.880141 -0.146702 2.38585e-18)
(0.959858 -0.178236 2.70357e-18)
(0.455988 -0.0565474 2.6483e-18)
(0.482127 -0.0599399 6.08006e-18)
(0.509771 -0.0636627 1.52834e-17)
(0.539111 -0.067776 -1.39583e-18)
(0.57038 -0.0723565 1.86831e-18)
(0.57038 -0.0723565 1.86831e-18)
)
;
    }
}


// ************************************************************************* //
