/*--------------------------------*- C++ -*----------------------------------*\
  =========                 |
  \\      /  F ield         | OpenFOAM: The Open Source CFD Toolbox
   \\    /   O peration     | Website:  https://openfoam.org
    \\  /    A nd           | Version:  7
     \\/     M anipulation  |
\*---------------------------------------------------------------------------*/
FoamFile
{
    version     2.0;
    format      ascii;
    class       volVectorField;
    location    "106";
    object      U;
}
// * * * * * * * * * * * * * * * * * * * * * * * * * * * * * * * * * * * * * //

dimensions      [0 1 -1 0 0 0 0];

internalField   nonuniform List<vector> 
115
(
(1.00534 0.000115295 -2.68116e-17)
(0.9939 1.53709e-05 1.12061e-17)
(1.0066 0.000401881 2.23898e-17)
(0.991526 0.000368611 1.1793e-17)
(1.00786 0.000666175 -5.8192e-19)
(0.988113 0.00104031 -6.18849e-17)
(1.0087 0.00119246 -9.42782e-18)
(0.982827 0.00237299 -2.63779e-17)
(1.00838 0.0022706 2.00179e-17)
(0.974267 0.00505815 -7.65672e-19)
(1.00513 0.00458608 -5.16707e-17)
(0.9596 0.0106096 -1.26894e-16)
(0.995128 0.00978115 -2.36995e-17)
(0.932776 0.0228034 2.96374e-17)
(0.969528 0.022427 -1.02727e-17)
(0.879625 0.0530572 -7.93863e-17)
(0.906553 0.0587917 -1.23572e-16)
(1.00516 6.39386e-05 5.3747e-17)
(0.994153 4.89138e-05 4.02761e-18)
(1.0063 0.000235942 4.78138e-18)
(0.991906 0.000323189 4.18242e-17)
(1.00738 0.000405924 4.11539e-18)
(0.988662 0.000827167 -1.74175e-17)
(1.00796 0.000749086 3.2866e-18)
(0.983636 0.00181136 2.82932e-18)
(1.00723 0.0014645 2.17724e-17)
(0.975481 0.00377168 -4.53135e-18)
(1.00334 0.00301246 9.28489e-18)
(0.961466 0.00779796 -5.53917e-17)
(0.992215 0.00648226 -1.57348e-17)
(0.935726 0.0166254 3.58857e-17)
(0.964259 0.0148481 -3.67415e-17)
(0.884286 0.0386044 -5.14405e-18)
(0.893773 0.0386549 4.69315e-17)
(1.00525 8.78946e-05 3.80201e-17)
(0.994027 3.61081e-05 4.31372e-17)
(1.00645 0.000311336 4.59845e-17)
(0.991719 0.000354003 6.56071e-17)
(1.00761 0.000524932 -2.34566e-17)
(0.988395 0.000944348 -3.57822e-17)
(1.00832 0.000952391 3.25681e-17)
(0.983247 0.00210432 -1.03686e-17)
(1.00777 0.00183736 4.79334e-17)
(0.974903 0.00442528 4.79993e-17)
(1.00417 0.0037459 -3.74905e-17)
(0.96058 0.00920379 -1.10433e-16)
(0.993547 0.00803199 6.1159e-18)
(0.934309 0.0196847 7.13035e-17)
(0.966681 0.0184362 -4.63804e-17)
(0.881936 0.0457318 -7.36511e-17)
(0.8999 0.0481967 -8.50619e-17)
(1.00501 2.84635e-05 4.99967e-18)
(0.994364 4.37135e-05 -7.18536e-17)
(1.00606 0.000114101 -1.85303e-17)
(0.992208 0.000207654 1.64084e-17)
(1.00703 0.000203064 2.76329e-17)
(0.989081 0.000502915 -4.0821e-17)
(1.00743 0.000384858 -3.81936e-17)
(0.984227 0.00107392 -4.05128e-17)
(1.00644 0.000768752 2.03392e-17)
(0.97634 0.0022039 5.99987e-17)
(1.00216 0.00160312 8.59965e-17)
(0.962789 0.00451889 -4.07126e-18)
(0.990318 0.00346658 -2.00215e-17)
(0.937969 0.00960281 3.86756e-17)
(0.96063 0.00791269 -4.27257e-17)
(0.888642 0.0223272 1.34161e-16)
(0.8839 0.0205344 1.42347e-17)
(1.00508 4.45733e-05 2.43203e-17)
(0.994268 5.08211e-05 -5.65174e-17)
(1.00617 0.00017051 -2.03779e-17)
(0.992073 0.000271752 5.51097e-17)
(1.00718 0.000296838 1.86121e-17)
(0.988895 0.000671532 -1.44278e-17)
(1.00767 0.000551349 -1.51458e-17)
(0.983966 0.00144547 2.40674e-17)
(1.00679 0.0010839 1.06477e-17)
(0.975961 0.00297633 5.56916e-17)
(1.00268 0.00223591 4.71675e-17)
(0.962203 0.00610583 -5.22832e-17)
(0.991163 0.00480764 -2.33207e-17)
(0.936957 0.0129536 3.14731e-17)
(0.962297 0.0109632 -7.83904e-17)
(0.886626 0.0300242 7.98426e-17)
(0.888577 0.028428 3.72219e-17)
(1.00686 3.92188e-05 8.15661e-17)
(0.989276 0.000106738 -1.00181e-18)
(1.00719 7.66664e-05 7.22785e-17)
(0.984497 0.000226937 -9.32993e-17)
(1.00609 0.000156807 -6.22167e-17)
(0.976729 0.000465951 5.22716e-17)
(1.00163 0.000332546 5.89151e-17)
(0.963402 0.000958835 -3.39948e-17)
(0.989443 0.000726791 -4.2473e-18)
(0.939086 0.00204941 5.08798e-17)
(0.958826 0.00166837 -3.49716e-17)
(0.891047 0.00479597 3.65317e-17)
(0.878756 0.00435521 4.3984e-17)
(1.00496 1.5919e-05 -2.47368e-17)
(0.994432 2.9248e-05 -4.11758e-17)
(1.00599 6.533e-05 -4.08134e-19)
(0.992303 0.000128585 1.26674e-17)
(1.00691 0.000116405 3.98024e-17)
(0.98921 0.000305228 -1.1556e-17)
(1.00727 0.000219767 2.49911e-17)
(0.984406 0.000643899 -1.19406e-16)
(1.00621 0.00043703 -3.53059e-17)
(0.976597 0.00130897 2.42153e-17)
(1.00181 0.000906467 5.12793e-17)
(0.963193 0.00266296 -3.84924e-18)
(0.989746 0.00194652 -1.86396e-17)
(0.938702 0.00562393 7.39301e-17)
(0.959464 0.00440533 -2.00367e-17)
(0.890223 0.013023 5.60791e-17)
(0.880595 0.0113742 -2.76541e-17)
)
;

boundaryField
{
    inlet
    {
        type            uniformFixedValue;
        uniformValue    constant (1 0 0);
        value           uniform (1 0 0);
    }
    outlet
    {
        type            pressureInletOutletVelocity;
        value           nonuniform 0();
    }
    polygon
    {
        type            fixedValue;
        value           nonuniform 0();
    }
    top
    {
        type            symmetryPlane;
    }
    bottom
    {
        type            symmetryPlane;
    }
    outside
    {
        type            zeroGradient;
    }
    procBoundary32to24
    {
        type            processor;
        value           nonuniform List<vector> 
18
(
(1.00494 4.96253e-06 1.24156e-17)
(0.994467 1.03991e-05 -4.87087e-17)
(1.00595 2.12873e-05 4.40634e-17)
(0.992352 4.47678e-05 3.8171e-17)
(0.992352 4.47678e-05 3.8171e-17)
(1.00686 -3.88267e-05 6.40012e-17)
(0.989276 -0.000106325 4.10242e-18)
(1.00719 -7.61436e-05 3.27806e-17)
(0.984497 -0.000226345 -1.02738e-16)
(1.00609 -0.000156179 3.99551e-17)
(0.976729 -0.000465141 5.80812e-17)
(1.00163 -0.000331817 8.55e-17)
(0.963402 -0.000957734 -2.80374e-18)
(0.989443 -0.000725913 4.00846e-17)
(0.939086 -0.0020479 7.06849e-17)
(0.958826 -0.00166722 4.99665e-17)
(0.891047 -0.00479385 8.6941e-17)
(0.878756 -0.0043535 -3.0319e-17)
)
;
    }
    procBoundary32to25
    {
        type            processor;
        value           uniform (0.782029 0.013391 -1.14799e-17);
    }
    procBoundary32to33
    {
        type            processor;
        value           nonuniform List<vector> 6((0.763186 0.146965 2.0584e-17) (0.768786 0.107478 -6.84251e-17) (0.765425 0.127123 2.469e-17) (0.777158 0.0622779 4.22796e-17) (0.773373 0.0836779 -5.40839e-17) (0.780467 0.0362732 6.38472e-20));
    }
    procBoundary32to40
    {
        type            processor;
        value           nonuniform List<vector> 
17
(
(1.00542 0.000146577 -8.63083e-18)
(0.993783 -2.3666e-05 -1.38013e-18)
(1.00675 0.000497124 1.38255e-17)
(0.991338 0.000360057 -3.97119e-17)
(1.00811 0.000813684 -2.83094e-19)
(0.987827 0.00110333 -2.99375e-17)
(1.00912 0.00144666 -4.67762e-17)
(0.982384 0.00259621 -4.85346e-17)
(1.00907 0.00274754 1.288e-17)
(0.973571 0.00563735 -6.72103e-17)
(1.00629 0.00553628 -2.39697e-17)
(0.958501 0.0119814 -1.11802e-16)
(0.997107 0.0118174 -2.50062e-17)
(0.931058 0.0260125 1.04135e-17)
(0.973264 0.0272211 -6.54009e-18)
(0.877286 0.0609554 -3.234e-17)
(0.915569 0.0717417 -7.60988e-17)
)
;
    }
}


// ************************************************************************* //
