/*--------------------------------*- C++ -*----------------------------------*\
  =========                 |
  \\      /  F ield         | OpenFOAM: The Open Source CFD Toolbox
   \\    /   O peration     | Website:  https://openfoam.org
    \\  /    A nd           | Version:  7
     \\/     M anipulation  |
\*---------------------------------------------------------------------------*/
FoamFile
{
    version     2.0;
    format      ascii;
    class       volVectorField;
    location    "114";
    object      U;
}
// * * * * * * * * * * * * * * * * * * * * * * * * * * * * * * * * * * * * * //

dimensions      [0 1 -1 0 0 0 0];

internalField   nonuniform List<vector> 
175
(
(1.30293 -0.257271 -2.07451e-18)
(1.30738 -0.266071 -1.95769e-18)
(1.31234 -0.273961 -1.1951e-18)
(1.3151 -0.279424 2.27128e-18)
(1.30787 -0.279137 3.15582e-18)
(1.27279 -0.266536 4.70824e-18)
(1.17688 -0.233321 3.32268e-18)
(1.30097 -0.257514 -2.14728e-18)
(1.30542 -0.266602 -2.09466e-18)
(1.31072 -0.274984 -1.37358e-18)
(1.31477 -0.281376 1.73494e-18)
(1.31109 -0.282862 3.23662e-18)
(1.28402 -0.27321 4.98874e-18)
(1.20258 -0.243813 3.14416e-18)
(1.29894 -0.257736 -2.2498e-18)
(1.30335 -0.267092 -2.26326e-18)
(1.30884 -0.27591 -1.71577e-18)
(1.31375 -0.28309 1.63656e-18)
(1.31267 -0.286094 3.14525e-18)
(1.29181 -0.279129 5.16444e-18)
(1.22254 -0.253783 3.13567e-18)
(1.29685 -0.257924 -1.98788e-18)
(1.30119 -0.267539 -2.26221e-18)
(1.30679 -0.276771 -2.08257e-18)
(1.31242 -0.28469 1.79573e-18)
(1.31363 -0.289122 3.03877e-18)
(1.29848 -0.284737 5.36816e-18)
(1.24077 -0.263422 6.42118e-18)
(1.29471 -0.258077 -2.0612e-18)
(1.29895 -0.267942 -2.37157e-18)
(1.3046 -0.277565 -2.48397e-18)
(1.31077 -0.286166 1.29117e-18)
(1.31387 -0.29192 3.56701e-18)
(1.30374 -0.289985 5.41175e-18)
(1.25678 -0.272685 4.99547e-18)
(1.29252 -0.258192 -2.12942e-18)
(1.29664 -0.268299 -2.23405e-18)
(1.30229 -0.278291 -2.91507e-18)
(1.30884 -0.28752 1.03963e-18)
(1.31348 -0.29449 3.39983e-18)
(1.30773 -0.294858 4.6176e-18)
(1.27062 -0.281518 3.69431e-18)
(1.16168 -0.240872 4.32878e-18)
(1.29028 -0.258269 -1.70192e-18)
(1.29426 -0.268607 -2.62863e-18)
(1.29984 -0.278948 -3.34894e-18)
(1.30664 -0.288754 8.88069e-19)
(1.31251 -0.296837 3.34862e-18)
(1.31049 -0.299345 4.95027e-18)
(1.28229 -0.289867 4.05131e-18)
(1.19026 -0.254453 4.08452e-18)
(1.28799 -0.258304 -1.72425e-18)
(1.29179 -0.268865 -3.06967e-18)
(1.29726 -0.279535 -4.029e-18)
(1.30418 -0.28987 6.39557e-19)
(1.31095 -0.298963 3.23603e-18)
(1.31204 -0.303435 5.19802e-18)
(1.29175 -0.297679 5.65246e-18)
(1.21581 -0.267709 3.81828e-18)
(1.28563 -0.258293 -1.10462e-18)
(1.28925 -0.269068 -3.56744e-18)
(1.29455 -0.280046 -4.5795e-18)
(1.30147 -0.290863 2.49724e-19)
(1.30889 -0.300868 3.1084e-18)
(1.31249 -0.307121 5.31077e-18)
(1.29909 -0.304912 6.08508e-18)
(1.23825 -0.280532 3.48718e-18)
(1.28327 -0.258235 -1.03789e-18)
(1.28671 -0.269212 -3.4801e-18)
(1.29185 -0.280481 -5.169e-18)
(1.29874 -0.291737 -1.87557e-19)
(1.30663 -0.302558 2.929e-18)
(1.31227 -0.310401 5.35492e-18)
(1.30477 -0.311528 6.52565e-18)
(1.25772 -0.292803 5.17867e-18)
(0.496704 -0.0772322 1.63869e-18)
(0.52961 -0.0804564 1.80559e-18)
(0.565534 -0.084534 3.01907e-18)
(0.60483 -0.089655 3.77727e-18)
(0.647873 -0.096036 2.21219e-18)
(0.695077 -0.103894 6.08199e-18)
(0.746773 -0.113489 1.19505e-17)
(0.803135 -0.125091 -2.3988e-18)
(0.86394 -0.13914 1.88555e-18)
(0.929215 -0.155706 8.16802e-19)
(0.998247 -0.175146 2.02213e-18)
(1.07202 -0.194389 2.47053e-18)
(1.12389 -0.227713 3.159e-18)
(0.689623 -0.102901 2.6068e-18)
(0.730359 -0.108392 2.57152e-18)
(0.773816 -0.114912 2.81963e-18)
(0.819908 -0.122616 2.34059e-18)
(0.868429 -0.131643 2.27368e-18)
(0.919023 -0.142087 3.04328e-18)
(0.971092 -0.154009 2.8401e-18)
(1.02374 -0.167448 2.09553e-19)
(1.07589 -0.182438 1.65031e-18)
(1.1268 -0.198757 9.09299e-19)
(1.17576 -0.216225 1.75591e-18)
(1.22001 -0.235147 2.39116e-18)
(1.2502 -0.260016 3.68367e-18)
(0.883208 -0.132837 1.67431e-17)
(0.925529 -0.139899 1.74062e-17)
(0.968803 -0.147775 1.63495e-17)
(1.01252 -0.156511 1.56844e-17)
(1.05608 -0.16612 1.38026e-17)
(1.09877 -0.176575 1.16112e-17)
(1.13976 -0.187828 6.72137e-18)
(1.17811 -0.199827 1.73476e-17)
(1.21299 -0.21248 1.2493e-17)
(1.24405 -0.225613 1.28876e-17)
(1.27086 -0.239411 1.10359e-17)
(1.29141 -0.254854 9.18458e-18)
(1.30297 -0.272135 5.64813e-18)
(1.05148 -0.161769 4.9404e-18)
(1.08822 -0.168921 5.83808e-18)
(1.12398 -0.17647 5.30533e-18)
(1.1582 -0.184412 4.73181e-18)
(1.19035 -0.192724 4.45175e-18)
(1.21988 -0.201371 4.32694e-18)
(1.24623 -0.210327 4.12193e-18)
(1.2689 -0.219564 6.36684e-18)
(1.28757 -0.229019 4.10252e-18)
(1.30229 -0.23869 4.87987e-18)
(1.31298 -0.248999 3.52208e-18)
(1.31877 -0.260618 3.1205e-18)
(1.31866 -0.272889 2.18141e-18)
(1.17848 -0.18517 -1.0681e-17)
(1.20558 -0.191214 -1.12896e-17)
(1.23061 -0.197318 -7.86854e-18)
(1.25323 -0.203493 -3.7616e-18)
(1.27316 -0.209745 -1.26311e-17)
(1.29016 -0.216086 -5.65812e-18)
(1.30401 -0.222541 -3.66232e-18)
(1.31457 -0.229127 -1.11778e-17)
(1.32187 -0.235852 -6.62736e-18)
(1.3261 -0.242829 -6.62392e-18)
(1.32733 -0.250464 -4.77383e-18)
(1.32526 -0.259114 -3.38356e-18)
(1.31919 -0.2684 -1.77254e-18)
(1.26284 -0.201335 -2.98452e-18)
(1.28002 -0.205801 -3.89262e-18)
(1.29498 -0.210171 -2.54975e-18)
(1.30761 -0.214484 -2.94612e-18)
(1.31785 -0.218786 -3.94256e-18)
(1.32566 -0.22313 -2.04192e-18)
(1.33103 -0.227576 -2.99447e-18)
(1.33399 -0.232172 -3.47946e-18)
(1.33467 -0.236965 -1.96883e-18)
(1.33321 -0.242097 -2.30398e-18)
(1.32968 -0.247841 -1.46836e-18)
(1.32391 -0.254383 -1.40695e-18)
(1.31519 -0.261625 -1.49594e-18)
(1.31275 -0.210936 -1.41767e-18)
(1.32202 -0.213928 -1.2014e-18)
(1.32946 -0.2168 -1.10598e-18)
(1.3351 -0.219616 -1.53554e-18)
(1.33897 -0.222442 -1.23681e-18)
(1.34112 -0.225348 -8.86303e-19)
(1.34161 -0.228399 -1.40787e-18)
(1.34048 -0.231649 -1.20788e-18)
(1.33779 -0.235153 -8.4869e-19)
(1.33362 -0.239016 -9.63513e-19)
(1.32795 -0.243385 -9.31054e-19)
(1.32056 -0.248357 -1.20663e-18)
(1.31077 -0.25393 -1.63813e-18)
(1.33924 -0.215717 -4.77477e-19)
(1.3432 -0.21759 -3.53605e-19)
(1.34587 -0.219383 -4.06048e-19)
(1.3473 -0.221164 -7.25061e-19)
(1.34756 -0.223002 -4.45862e-19)
(1.34669 -0.224959 -4.98513e-19)
(1.34471 -0.227092 -6.47034e-19)
(1.34162 -0.229442 -3.86389e-19)
(1.33743 -0.232049 -4.60492e-19)
)
;

boundaryField
{
    inlet
    {
        type            uniformFixedValue;
        uniformValue    constant (1 0 0);
        value           nonuniform 0();
    }
    outlet
    {
        type            pressureInletOutletVelocity;
        value           nonuniform 0();
    }
    polygon
    {
        type            fixedValue;
        value           nonuniform 0();
    }
    top
    {
        type            symmetryPlane;
    }
    bottom
    {
        type            symmetryPlane;
    }
    outside
    {
        type            zeroGradient;
    }
    procBoundary10to2
    {
        type            processor;
        value           nonuniform List<vector> 
24
(
(1.29974 -0.248415 -7.80085e-19)
(1.29785 -0.24846 -7.29764e-19)
(1.29592 -0.248489 -6.54469e-19)
(1.29394 -0.248487 -1.02071e-18)
(1.29193 -0.248453 -1.01449e-18)
(1.28987 -0.248386 -4.29412e-19)
(1.28778 -0.248285 -3.82781e-19)
(1.28564 -0.248146 -1.61358e-19)
(1.28345 -0.247968 -5.57892e-20)
(1.28125 -0.247748 9.09008e-19)
(1.33209 -0.23497 -5.2357e-19)
(1.32552 -0.238264 -5.66312e-19)
(1.31746 -0.241974 -7.29415e-19)
(1.30732 -0.246086 -7.81635e-19)
(1.35187 -0.217462 -4.24441e-19)
(1.35272 -0.218584 -1.55651e-19)
(1.35274 -0.219671 -3.08658e-19)
(1.35196 -0.220783 -2.39726e-19)
(1.35041 -0.221975 -1.37963e-19)
(1.34809 -0.223297 -2.49468e-19)
(1.34498 -0.224784 -2.12191e-19)
(1.34104 -0.226461 -2.05813e-19)
(1.33209 -0.23497 -5.2357e-19)
(1.33621 -0.228345 -2.56845e-19)
)
;
    }
    procBoundary10to3
    {
        type            processor;
        value           nonuniform List<vector> 4((1.14967 -0.179175 -1.63851e-17) (1.24357 -0.196731 -5.30825e-18) (1.30165 -0.207761 -1.91426e-18) (1.33393 -0.213692 -8.54437e-19));
    }
    procBoundary10to9
    {
        type            processor;
        value           nonuniform List<vector> 3((1.28079 -0.258129 -1.63574e-18) (1.28411 -0.269318 -4.1301e-18) (1.28915 -0.280883 -5.8775e-18));
    }
    procBoundary10to11
    {
        type            processor;
        value           nonuniform List<vector> 4((0.4665 -0.0746773 -1.01014e-18) (0.651598 -0.0982699 1.98376e-18) (0.84224 -0.126513 2.08275e-17) (1.01427 -0.155001 6.12803e-18));
    }
    procBoundary10to17
    {
        type            processor;
        value           nonuniform List<vector> 5((1.29608 -0.29257 -7.08028e-19) (1.30442 -0.304166 2.43578e-18) (1.31185 -0.313477 4.67988e-18) (1.30955 -0.317818 5.62891e-18) (1.27505 -0.304834 7.052e-18));
    }
    procBoundary10to18
    {
        type            processor;
        value           nonuniform List<vector> 
24
(
(0.976251 -0.172403 7.55624e-18)
(1.02139 -0.185379 5.68541e-18)
(1.05985 -0.199275 5.98638e-18)
(1.09623 -0.213195 6.12316e-18)
(1.13027 -0.227085 6.44449e-18)
(1.13027 -0.227085 6.44449e-18)
(0.924249 -0.170057 7.86361e-18)
(0.976604 -0.187717 8.70849e-18)
(1.02651 -0.205858 9.86129e-18)
(1.07362 -0.224435 1.0911e-17)
(1.11697 -0.24343 9.46605e-18)
(0.326029 -0.0583394 2.31274e-18)
(0.349419 -0.0597895 2.93056e-18)
(0.374843 -0.061804 5.94924e-18)
(0.40263 -0.0644888 1.52608e-17)
(0.433185 -0.0679613 9.344e-19)
(0.467133 -0.0723 4.3077e-18)
(0.505272 -0.0776789 4.60937e-18)
(0.548876 -0.0842379 9.19971e-19)
(0.599135 -0.0927649 2.18998e-18)
(0.65925 -0.103163 2.26132e-18)
(0.727629 -0.119264 3.04188e-18)
(0.821541 -0.131021 4.00651e-18)
(0.88343 -0.167065 5.49641e-18)
)
;
    }
}


// ************************************************************************* //
