/*--------------------------------*- C++ -*----------------------------------*\
  =========                 |
  \\      /  F ield         | OpenFOAM: The Open Source CFD Toolbox
   \\    /   O peration     | Website:  https://openfoam.org
    \\  /    A nd           | Version:  7
     \\/     M anipulation  |
\*---------------------------------------------------------------------------*/
FoamFile
{
    version     2.0;
    format      ascii;
    class       volVectorField;
    location    "96";
    object      U;
}
// * * * * * * * * * * * * * * * * * * * * * * * * * * * * * * * * * * * * * //

dimensions      [0 1 -1 0 0 0 0];

internalField   nonuniform List<vector> 
175
(
(-0.22725 -0.000330203 -2.34611e-18)
(-0.227281 -3.27501e-06 -3.49756e-18)
(-0.227284 0.000334479 -4.92247e-18)
(-0.227242 0.000650754 -2.30524e-18)
(-0.227149 0.00094168 -4.66183e-18)
(-0.226989 0.00119904 -4.24265e-18)
(-0.226748 0.00141504 -9.72105e-20)
(-0.226408 0.00158334 3.52587e-18)
(-0.225948 0.00169873 -3.18253e-18)
(-0.225347 0.00175797 2.52243e-18)
(-0.224574 0.00175921 -5.29615e-18)
(-0.223603 0.00170359 -5.66864e-18)
(-0.222386 0.00159375 -5.19657e-18)
(-0.220896 0.00143377 -3.27567e-19)
(-0.219046 0.00122994 -4.47138e-19)
(-0.216824 0.000988968 -3.80524e-18)
(-0.214051 0.000719841 7.04537e-18)
(-0.210787 0.000423922 4.64852e-18)
(-0.206625 0.000126675 3.6033e-18)
(-0.226909 -0.000316902 -2.78123e-18)
(-0.22693 5.1319e-06 -2.47319e-18)
(-0.226923 0.000338267 -3.11978e-18)
(-0.226873 0.00064758 8.85825e-19)
(-0.226771 0.000928754 -3.4295e-18)
(-0.226603 0.00117348 -3.11909e-18)
(-0.226353 0.00137366 -3.13573e-18)
(-0.226004 0.00152268 3.79909e-18)
(-0.225534 0.0016149 -1.44821e-18)
(-0.224923 0.00164647 -3.28231e-19)
(-0.224139 0.00161496 -7.52279e-18)
(-0.223156 0.00152047 -2.84731e-18)
(-0.221927 0.00136497 -3.13117e-18)
(-0.220424 0.00115042 -4.97408e-19)
(-0.21856 0.000882542 -3.69036e-19)
(-0.216324 0.000562331 -2.12772e-18)
(-0.213539 0.000196975 7.82397e-18)
(-0.210259 -0.00020421 5.53199e-18)
(-0.226247 -0.000307192 -3.63455e-18)
(-0.226247 1.49877e-05 -1.78357e-18)
(-0.22622 0.000339127 -1.76449e-18)
(-0.22615 0.000639512 1.06655e-18)
(-0.226028 0.000909686 -3.00956e-18)
(-0.225839 0.00114087 -2.51491e-18)
(-0.225567 0.00132453 -6.45327e-18)
(-0.225196 0.00145368 5.02678e-18)
(-0.224704 0.00152225 -3.70807e-19)
(-0.224069 0.00152578 -3.10382e-18)
(-0.22326 0.00146122 -1.12122e-17)
(-0.222251 0.0013277 -1.64708e-19)
(-0.220995 0.00112649 -1.5581e-18)
(-0.219464 0.000857604 -6.05778e-19)
(-0.217573 0.000525515 -3.70675e-19)
(-0.215309 0.000124654 -6.11182e-19)
(-0.212497 -0.000324087 1.04281e-17)
(-0.209191 -0.000830356 7.36299e-18)
(-0.225261 -0.000300538 -1.97711e-18)
(-0.225231 1.89379e-05 -1.18574e-18)
(-0.225172 0.000336449 -7.59555e-19)
(-0.225072 0.000628364 1.61176e-18)
(-0.224918 0.000887637 -3.19319e-18)
(-0.224696 0.00110528 -2.23032e-18)
(-0.22439 0.00127238 -3.74183e-18)
(-0.223984 0.00138157 3.91282e-18)
(-0.223455 0.00142638 2.55453e-19)
(-0.222782 0.00140171 -6.60731e-18)
(-0.221934 0.00130387 -8.88416e-18)
(-0.220885 0.00113105 -1.07169e-18)
(-0.219587 0.000883755 -2.73806e-19)
(-0.218015 0.000559689 -7.84293e-19)
(-0.216082 0.000156684 -4.7243e-19)
(-0.213776 -0.000310644 8.92048e-19)
(-0.210924 -0.000842433 1.06699e-17)
(-0.207582 -0.00146773 5.3595e-18)
(-0.223949 -0.000299703 -7.33618e-19)
(-0.223879 1.50043e-05 -6.58958e-19)
(-0.223779 0.000327376 1.62154e-19)
(-0.223636 0.000610757 2.4634e-18)
(-0.223438 0.000858978 -7.06947e-19)
(-0.223171 0.0010629 -2.27683e-18)
(-0.222818 0.00121317 -1.55327e-18)
(-0.222363 0.00130213 3.98633e-18)
(-0.221784 0.00132284 6.82048e-19)
(-0.221059 0.00126959 -3.72381e-18)
(-0.220158 0.00113805 -8.07801e-18)
(-0.219054 0.000925403 -1.45048e-18)
(-0.217701 0.000631365 -3.14117e-18)
(-0.216073 0.000247723 -1.09407e-18)
(-0.214083 -0.000212433 -5.30419e-19)
(-0.21172 -0.000750519 2.61785e-18)
(-0.208818 -0.00137748 8.54256e-18)
(-0.205427 -0.00211643 3.87303e-18)
(-0.22231 -0.000306263 5.22682e-19)
(-0.222188 3.96274e-06 -2.20234e-19)
(-0.222036 0.000310119 -2.09633e-18)
(-0.22184 0.000584612 3.79254e-18)
(-0.221586 0.000821399 -2.10378e-18)
(-0.22126 0.00101122 8.59518e-19)
(-0.220848 0.00114427 -3.22767e-18)
(-0.220331 0.00121257 1.18071e-18)
(-0.219687 0.00120874 1.04635e-18)
(-0.218897 0.00112647 -5.61029e-18)
(-0.217928 0.000960715 -4.69153e-18)
(-0.216754 0.00070781 -1.52908e-18)
(-0.215331 0.000365891 -6.33748e-18)
(-0.213631 -7.13169e-05 -1.29638e-18)
(-0.211569 -0.000584565 -4.60638e-19)
(-0.209137 -0.00120703 4.73527e-18)
(-0.206172 -0.0019257 3.34667e-18)
(-0.202722 -0.00277657 2.32288e-18)
(-0.220339 -0.000321809 1.96298e-18)
(-0.220156 -1.45461e-05 9.80632e-20)
(-0.219939 0.00028278 -1.39349e-18)
(-0.219678 0.000548068 5.94462e-18)
(-0.219355 0.000773047 -6.81389e-19)
(-0.21896 0.000948349 6.35918e-19)
(-0.218474 0.00106372 -1.85733e-18)
(-0.217881 0.00111085 2.63435e-18)
(-0.217159 0.00108198 1.49562e-18)
(-0.216288 0.000970102 -4.76559e-18)
(-0.215236 0.000769546 -2.00804e-18)
(-0.213979 0.000475663 -1.62909e-18)
(-0.21247 8.28071e-05 -6.59197e-18)
(-0.210682 -0.000397368 -1.42595e-18)
(-0.208536 -0.000978656 -4.88635e-19)
(-0.206021 -0.00167893 3.69253e-18)
(-0.202979 -0.00248777 -1.23112e-18)
(-0.199458 -0.00344973 1.08859e-18)
(-0.218032 -0.0003477 3.94464e-18)
(-0.217777 -4.45937e-05 2.71551e-19)
(-0.217485 0.00024357 -1.01381e-18)
(-0.217146 0.000499446 6.02849e-18)
(-0.216743 0.000712052 2.85711e-19)
(-0.216263 0.000872237 6.22622e-19)
(-0.21569 0.000969316 -1.03108e-18)
(-0.215008 0.000994689 4.71086e-18)
(-0.214194 0.000940134 1.96392e-18)
(-0.213227 0.000797909 -1.07924e-18)
(-0.212078 0.000562145 5.09351e-19)
(-0.210721 0.000223326 -2.0722e-18)
(-0.20911 -0.000209556 -8.28149e-18)
(-0.207219 -0.000743516 -1.73394e-18)
(-0.204974 -0.0013911 -4.44086e-19)
(-0.202362 -0.00216841 3.32437e-18)
(-0.199231 -0.00306692 -1.88361e-18)
(-0.195626 -0.00413864 4.57037e-20)
(-0.215385 -0.000388108 6.8525e-18)
(-0.215045 -8.80192e-05 3.69238e-19)
(-0.214667 0.000190825 -9.27588e-19)
(-0.214237 0.000434886 4.07427e-18)
(-0.213741 0.000633948 8.43377e-19)
(-0.213164 0.000778219 6.06804e-19)
(-0.212491 0.000856364 -4.26954e-19)
(-0.211704 0.000859491 7.76389e-18)
(-0.210782 0.000778873 2.63018e-18)
(-0.209705 0.000606556 2.24105e-18)
(-0.208443 0.000334587 -7.80568e-19)
(-0.20697 -4.51728e-05 -2.90004e-18)
(-0.205241 -0.000517752 -7.26054e-18)
(-0.203233 -0.00111242 -6.1849e-18)
(-0.200874 -0.00182485 -2.97388e-19)
(-0.198149 -0.0026784 3.84556e-18)
(-0.194915 -0.00366507 -2.94776e-18)
(-0.191214 -0.00484401 -8.43311e-19)
(-0.21239 -0.000446819 5.42707e-18)
(-0.211956 -0.000154286 3.2348e-20)
(-0.211479 0.000115227 2.42464e-18)
(-0.210947 0.000348459 2.91347e-18)
(-0.210343 0.000535122 1.41323e-18)
(-0.209655 0.000663937 7.66233e-19)
(-0.208867 0.000723133 2.32811e-19)
(-0.207961 0.00070372 4.83632e-18)
(-0.206917 0.000597 3.26806e-18)
(-0.205714 0.000395573 1.95389e-18)
(-0.204323 7.82983e-05 -2.30872e-18)
(-0.202717 -0.000327712 -4.35277e-18)
)
;

boundaryField
{
    inlet
    {
        type            uniformFixedValue;
        uniformValue    constant (1 0 0);
        value           nonuniform 0();
    }
    outlet
    {
        type            pressureInletOutletVelocity;
        value           nonuniform 0();
    }
    polygon
    {
        type            fixedValue;
        value           nonuniform 0();
    }
    top
    {
        type            symmetryPlane;
    }
    bottom
    {
        type            symmetryPlane;
    }
    outside
    {
        type            zeroGradient;
    }
    procBoundary27to19
    {
        type            processor;
        value           nonuniform List<vector> 
19
(
(-0.2092 -0.000484088 2.46715e-18)
(-0.208661 -0.0002016 -5.05808e-19)
(-0.208074 4.35577e-05 2.8299e-18)
(-0.207429 0.000280563 2.1802e-18)
(-0.206706 0.000455515 2.13816e-18)
(-0.205895 0.000568486 8.76644e-19)
(-0.20498 0.000607693 8.53594e-19)
(-0.203942 0.00056346 3.04395e-18)
(-0.202761 0.000427219 4.17759e-18)
(-0.201418 0.00017711 1.89399e-18)
(-0.199882 -0.000156786 -4.59118e-19)
(-0.198127 -0.000598882 -2.46573e-18)
(-0.200854 -0.000848827 -7.74302e-18)
(-0.198714 -0.00149766 -7.13017e-18)
(-0.196224 -0.00227241 -3.64318e-20)
(-0.193371 -0.00319971 4.92796e-18)
(-0.19002 -0.00427185 -1.31921e-19)
(-0.186211 -0.00555449 -1.55198e-18)
(-0.200854 -0.000848827 -7.74302e-18)
)
;
    }
    procBoundary27to26
    {
        type            processor;
        value           nonuniform List<vector> 10((-0.201853 -0.000179007 3.31764e-18) (-0.206085 -0.000633474 7.39229e-18) (-0.206085 -0.000633474 7.39229e-18) (-0.204998 -0.00139495 7.69933e-18) (-0.203361 -0.00216628 4.5215e-18) (-0.201171 -0.00294759 1.85675e-18) (-0.198421 -0.00373911 -8.34105e-19) (-0.195104 -0.00454218 -3.80196e-18) (-0.19121 -0.00535897 -2.70398e-18) (-0.186728 -0.00618868 -2.1968e-18));
    }
    procBoundary27to28
    {
        type            processor;
        value           nonuniform List<vector> 10((-0.227208 -0.00065773 -1.1881e-18) (-0.226876 -0.000641954 -9.80705e-19) (-0.226232 -0.0006313 -7.54053e-19) (-0.225275 -0.000623231 -6.58204e-19) (-0.224002 -0.000620542 -7.05343e-19) (-0.222411 -0.000625031 -6.81112e-19) (-0.220499 -0.000638053 -6.20639e-19) (-0.218261 -0.000661176 -3.54609e-18) (-0.215693 -0.000698847 -7.08687e-18) (-0.21279 -0.000752006 -5.79721e-18));
    }
    procBoundary27to35
    {
        type            processor;
        value           nonuniform List<vector> 
19
(
(-0.22727 -0.000360226 -2.48423e-18)
(-0.227301 -1.60347e-05 -5.01373e-18)
(-0.227303 0.000312784 -7.48308e-18)
(-0.227258 0.000631986 -5.62132e-18)
(-0.227162 0.000929643 -6.65588e-18)
(-0.226999 0.00119688 -5.9548e-18)
(-0.226754 0.00142595 -4.83438e-19)
(-0.226411 0.00161078 3.92374e-18)
(-0.225947 0.00174656 -5.76157e-18)
(-0.225343 0.00183068 2.14829e-18)
(-0.224566 0.00186199 -4.5229e-18)
(-0.223593 0.00184265 -5.28585e-18)
(-0.222373 0.00177621 -7.79759e-18)
(-0.220882 0.00166872 1.11751e-19)
(-0.219032 0.00152766 -6.30175e-19)
(-0.21681 0.00136333 -6.30244e-18)
(-0.214039 0.00118643 3.63365e-18)
(-0.210776 0.00100979 4.16007e-18)
(-0.206617 0.000844467 1.91193e-19)
)
;
    }
}


// ************************************************************************* //
