/*--------------------------------*- C++ -*----------------------------------*\
  =========                 |
  \\      /  F ield         | OpenFOAM: The Open Source CFD Toolbox
   \\    /   O peration     | Website:  https://openfoam.org
    \\  /    A nd           | Version:  7
     \\/     M anipulation  |
\*---------------------------------------------------------------------------*/
FoamFile
{
    version     2.0;
    format      ascii;
    class       volVectorField;
    location    "70";
    object      U;
}
// * * * * * * * * * * * * * * * * * * * * * * * * * * * * * * * * * * * * * //

dimensions      [0 1 -1 0 0 0 0];

internalField   nonuniform List<vector> 
115
(
(1.27427 -0.174696 -5.34112e-19)
(1.28861 -0.177795 -5.05569e-19)
(1.30167 -0.18079 -4.20917e-19)
(1.10662 -0.143651 -1.1643e-18)
(1.12755 -0.147288 -1.57221e-19)
(1.14795 -0.150852 -1.00575e-18)
(1.16774 -0.154336 7.01542e-19)
(1.18685 -0.15773 -4.14798e-19)
(1.20519 -0.161026 2.45927e-21)
(1.22271 -0.164217 -3.65316e-19)
(1.23933 -0.167296 -1.3854e-19)
(1.25499 -0.170258 -1.30526e-19)
(1.26966 -0.173099 6.73433e-20)
(1.28328 -0.175814 -1.56381e-19)
(1.29583 -0.178404 -9.46356e-20)
(1.30728 -0.180869 -1.14831e-19)
(1.31762 -0.183212 -1.97733e-19)
(1.32684 -0.185438 -2.34414e-19)
(1.33496 -0.187555 -3.01225e-19)
(1.18868 -0.157327 -2.77233e-19)
(1.20564 -0.16052 -8.43865e-20)
(1.22188 -0.163591 -1.93989e-19)
(1.23734 -0.166532 7.12316e-20)
(1.25197 -0.169341 -2.48605e-19)
(1.26574 -0.172013 1.65843e-19)
(1.27862 -0.174546 -1.86148e-19)
(1.29058 -0.17694 -4.01467e-20)
(1.3016 -0.179196 2.66663e-20)
(1.31168 -0.181314 6.94269e-20)
(1.32082 -0.183299 -2.5821e-20)
(1.32902 -0.185156 2.05202e-19)
(1.33631 -0.186892 -5.23392e-20)
(1.3427 -0.188517 -1.18282e-19)
(1.34822 -0.190041 -5.86523e-20)
(1.3529 -0.191476 -3.39389e-20)
(1.24959 -0.1681 -1.44912e-19)
(1.26248 -0.170754 -5.22519e-20)
(1.2746 -0.173257 -9.00277e-20)
(1.28593 -0.175609 -1.34363e-19)
(1.29646 -0.17781 -1.12141e-19)
(1.30616 -0.179862 -2.67236e-20)
(1.31506 -0.18177 -6.95293e-20)
(1.32316 -0.183538 -1.79966e-19)
(1.33046 -0.185173 -8.06752e-20)
(1.337 -0.18668 2.0594e-20)
(1.34279 -0.188069 -4.78536e-20)
(1.34788 -0.189349 6.39812e-20)
(1.35228 -0.190531 -7.65149e-21)
(1.35604 -0.191626 1.39586e-19)
(1.35918 -0.192646 3.9805e-21)
(1.36175 -0.193604 -1.87304e-19)
(1.29188 -0.176084 -6.15578e-19)
(1.30116 -0.178205 -1.05978e-18)
(1.30973 -0.180168 -1.97473e-18)
(1.3176 -0.181978 -3.42486e-18)
(1.32479 -0.183641 1.22995e-18)
(1.3313 -0.185165 -8.45866e-19)
(1.33717 -0.186557 9.4063e-22)
(1.34241 -0.187825 -3.597e-19)
(1.34706 -0.188979 -2.41176e-19)
(1.35115 -0.190029 -4.9017e-19)
(1.35472 -0.190985 -8.61484e-19)
(1.35779 -0.191857 -1.44408e-18)
(1.3604 -0.192657 -2.64517e-18)
(1.36257 -0.193394 -4.81467e-18)
(1.36435 -0.19408 2.00079e-18)
(1.36575 -0.194724 -1.00029e-18)
(1.31941 -0.181699 -4.5986e-19)
(1.3258 -0.18336 -5.59053e-19)
(1.33162 -0.184873 -4.49496e-19)
(1.33689 -0.186245 -4.73676e-19)
(1.34164 -0.187487 4.50284e-19)
(1.34589 -0.188608 -3.98759e-19)
(1.34967 -0.189617 -4.9596e-20)
(1.35301 -0.190526 -3.52875e-19)
(1.35595 -0.191345 -2.88498e-19)
(1.35851 -0.192082 -5.66379e-19)
(1.36072 -0.192748 -5.82837e-19)
(1.36261 -0.193353 -9.00471e-19)
(1.36421 -0.193904 -8.0479e-19)
(1.36553 -0.194411 -6.67418e-19)
(1.36659 -0.194879 5.61854e-19)
(1.36741 -0.195316 -3.94808e-19)
(1.33619 -0.185482 -7.61488e-19)
(1.3405 -0.186795 -3.51516e-18)
(1.34438 -0.187975 1.39377e-18)
(1.34787 -0.189032 -9.12377e-19)
(1.351 -0.189977 3.01709e-19)
(1.35378 -0.190823 -1.18391e-19)
(1.35625 -0.191578 -3.73611e-20)
(1.35843 -0.192253 -3.02622e-19)
(1.36036 -0.192857 -7.60035e-20)
(1.36204 -0.1934 -1.2411e-19)
(1.36351 -0.193889 -2.76181e-19)
(1.36477 -0.194332 -2.72622e-19)
(1.36585 -0.194733 -1.78661e-19)
(1.36675 -0.195098 -8.37245e-20)
(1.36747 -0.195432 3.07104e-20)
(1.36802 -0.195736 -2.70571e-19)
(1.34544 -0.188655 -1.55662e-19)
(1.34843 -0.189644 -5.93356e-19)
(1.35112 -0.190525 3.90022e-19)
(1.35353 -0.191309 -4.22666e-19)
(1.3557 -0.192007 1.37386e-19)
(1.35764 -0.192628 -2.41634e-19)
(1.35937 -0.193179 -1.28599e-19)
(1.36093 -0.19367 3.8193e-20)
(1.36231 -0.194106 -5.41822e-20)
(1.36355 -0.194494 -9.52099e-20)
(1.36464 -0.194838 -2.35768e-20)
(1.3656 -0.19514 1.90404e-20)
(1.36643 -0.195404 6.86299e-20)
(1.36714 -0.19563 6.52741e-20)
(1.36772 -0.195817 -9.22237e-20)
(1.36815 -0.195964 -6.86248e-20)
)
;

boundaryField
{
    inlet
    {
        type            uniformFixedValue;
        uniformValue    constant (1 0 0);
        value           nonuniform 0();
    }
    outlet
    {
        type            pressureInletOutletVelocity;
        value           nonuniform 0();
    }
    polygon
    {
        type            fixedValue;
        value           nonuniform 0();
    }
    top
    {
        type            symmetryPlane;
    }
    bottom
    {
        type            symmetryPlane;
    }
    outside
    {
        type            zeroGradient;
    }
    procBoundary3to2
    {
        type            processor;
        value           nonuniform List<vector> 6((1.35679 -0.192836 -1.53596e-19) (1.36378 -0.194512 -3.74312e-20) (1.3668 -0.195337 1.83159e-19) (1.36798 -0.195727 1.94988e-19) (1.36839 -0.196012 1.15455e-19) (1.36843 -0.196068 1.66089e-19));
    }
    procBoundary3to4
    {
        type            processor;
        value           nonuniform List<vector> 7((1.08525 -0.139951 -8.27222e-19) (1.17106 -0.154017 -2.24409e-19) (1.23595 -0.165295 -1.82792e-19) (1.28191 -0.173802 -3.96155e-19) (1.31243 -0.179881 -4.03011e-19) (1.33143 -0.184024 -3.58536e-18) (1.34213 -0.187548 -9.01377e-19));
    }
    procBoundary3to10
    {
        type            processor;
        value           nonuniform List<vector> 2((1.31339 -0.183686 -4.65044e-19) (1.34197 -0.189573 -9.55297e-20));
    }
    procBoundary3to11
    {
        type            processor;
        value           nonuniform List<vector> 
17
(
(1.20557 -0.162066 -1.14197e-18)
(1.22604 -0.166081 -1.31732e-18)
(1.24528 -0.170047 -1.01439e-18)
(1.00334 -0.127425 -5.28554e-18)
(1.02744 -0.131305 -7.1925e-19)
(1.05134 -0.135178 -4.95005e-18)
(1.07494 -0.139035 1.44141e-18)
(1.09817 -0.142866 -1.14067e-18)
(1.12091 -0.146663 -8.8777e-20)
(1.14308 -0.150417 -4.5055e-19)
(1.16457 -0.154116 -4.2276e-19)
(1.18529 -0.157753 -2.96972e-19)
(1.20515 -0.161317 -3.70347e-19)
(1.22406 -0.164801 -3.17239e-19)
(1.24193 -0.168195 -1.97117e-19)
(1.25869 -0.171496 -4.40384e-19)
(1.25869 -0.171496 -4.40384e-19)
)
;
    }
}


// ************************************************************************* //
