/*--------------------------------*- C++ -*----------------------------------*\
  =========                 |
  \\      /  F ield         | OpenFOAM: The Open Source CFD Toolbox
   \\    /   O peration     | Website:  https://openfoam.org
    \\  /    A nd           | Version:  7
     \\/     M anipulation  |
\*---------------------------------------------------------------------------*/
FoamFile
{
    version     2.0;
    format      ascii;
    class       volVectorField;
    location    "76";
    object      U;
}
// * * * * * * * * * * * * * * * * * * * * * * * * * * * * * * * * * * * * * //

dimensions      [0 1 -1 0 0 0 0];

internalField   nonuniform List<vector> 
125
(
(-0.197961 -0.000351645 3.61053e-18)
(-0.203489 -0.00253485 2.51049e-18)
(-0.202356 -0.00225341 1.44645e-18)
(-0.201283 -0.00199299 6.55771e-18)
(-0.200259 -0.00175445 5.51669e-18)
(-0.199278 -0.0015383 6.08062e-18)
(-0.198331 -0.00134475 2.50667e-18)
(-0.197408 -0.00117381 2.48485e-18)
(-0.196502 -0.00102533 1.36047e-19)
(-0.195604 -0.000898992 2.90004e-18)
(-0.194706 -0.000794444 5.74349e-18)
(-0.193799 -0.000711286 1.29236e-18)
(-0.192876 -0.000649392 7.19556e-18)
(-0.191927 -0.000608478 3.21452e-18)
(-0.190947 -0.000588069 3.04509e-18)
(-0.189926 -0.000589095 2.95128e-18)
(-0.188858 -0.000610657 6.84955e-18)
(-0.187734 -0.000652811 2.07857e-18)
(-0.195243 -0.00287197 8.48427e-19)
(-0.194025 -0.0025739 -1.34095e-18)
(-0.192848 -0.00229953 2.40384e-18)
(-0.191704 -0.00204974 6.29006e-19)
(-0.190585 -0.00182504 2.52181e-18)
(-0.189481 -0.00162565 1.46992e-18)
(-0.188385 -0.00145154 1.17872e-18)
(-0.187288 -0.00130251 1.01064e-20)
(-0.186181 -0.00117823 1.31419e-18)
(-0.185056 -0.00107831 2.36252e-18)
(-0.183905 -0.00100235 3.12204e-19)
(-0.182719 -0.000950167 2.78747e-18)
(-0.181492 -0.000921556 1.1302e-18)
(-0.180215 -0.000916087 9.02058e-19)
(-0.17888 -0.000933853 8.85558e-19)
(-0.177481 -0.00097458 3.32875e-18)
(-0.176008 -0.00103872 8.79168e-19)
(-0.180171 -0.00354701 -1.03397e-18)
(-0.178789 -0.00323361 -7.57373e-18)
(-0.177418 -0.00294807 -1.17631e-18)
(-0.176048 -0.00269135 -7.30135e-18)
(-0.174672 -0.00246397 -7.65488e-19)
(-0.173279 -0.00226616 1.08609e-19)
(-0.171863 -0.00209788 3.31629e-19)
(-0.170415 -0.00195889 2.16501e-20)
(-0.168925 -0.00184887 2.98476e-19)
(-0.167387 -0.00176744 -7.53558e-19)
(-0.165792 -0.00171422 -1.64992e-18)
(-0.164133 -0.00168896 -1.38368e-18)
(-0.162401 -0.00169145 -1.74853e-18)
(-0.160588 -0.0017214 -1.82426e-18)
(-0.158688 -0.00177911 -1.80189e-18)
(-0.156693 -0.00186431 8.2541e-20)
(-0.154594 -0.00197726 -1.1578e-18)
(-0.15356 -0.00461696 -6.59694e-18)
(-0.151813 -0.00430752 -8.82173e-18)
(-0.150021 -0.00403177 -1.75152e-18)
(-0.148177 -0.0037907 -8.15026e-18)
(-0.146271 -0.00358485 -1.4515e-18)
(-0.144296 -0.00341443 -2.02814e-19)
(-0.142243 -0.00327938 6.39311e-20)
(-0.140104 -0.00317943 -4.11041e-20)
(-0.13787 -0.00311417 2.54853e-20)
(-0.135534 -0.00308314 -8.2282e-18)
(-0.133088 -0.0030859 -9.99344e-18)
(-0.130524 -0.00312209 -1.04364e-17)
(-0.127835 -0.00319141 -1.0697e-17)
(-0.125012 -0.00329355 -1.09015e-17)
(-0.122049 -0.00342855 -1.09364e-17)
(-0.118937 -0.00359635 -2.05501e-18)
(-0.115668 -0.00379731 -9.84489e-18)
(-0.120908 -0.00598408 -1.26376e-18)
(-0.118612 -0.00572408 -8.5645e-19)
(-0.116206 -0.00550406 -1.58125e-19)
(-0.113683 -0.00532493 -2.141e-19)
(-0.111035 -0.00518713 1.54364e-19)
(-0.108253 -0.00509077 2.04175e-19)
(-0.105328 -0.00503569 4.10528e-19)
(-0.102254 -0.00502148 3.56305e-19)
(-0.0990205 -0.00504765 2.94649e-19)
(-0.0956213 -0.00511364 -1.72262e-18)
(-0.092048 -0.00521893 -2.43357e-18)
(-0.0882926 -0.00536309 -2.35192e-18)
(-0.0843472 -0.00554576 -2.52038e-18)
(-0.0802039 -0.0057667 -2.39881e-18)
(-0.0758546 -0.00602591 -2.43349e-18)
(-0.0712911 -0.00632348 -8.10939e-19)
(-0.0665048 -0.0066598 -2.04091e-18)
(-0.0815647 -0.00778969 2.8484e-19)
(-0.0784919 -0.00762829 6.23481e-18)
(-0.0752362 -0.00751298 1.19406e-18)
(-0.0717892 -0.00744456 6.68196e-18)
(-0.0681424 -0.00742338 2.26594e-18)
(-0.0642877 -0.0074494 1.8412e-18)
(-0.0602169 -0.00752236 1.90447e-18)
(-0.0559219 -0.00764182 2.03196e-18)
(-0.0513945 -0.00780726 1.76758e-18)
(-0.0466266 -0.00801816 -1.94365e-19)
(-0.0416098 -0.00827401 -1.98966e-18)
(-0.0363358 -0.00857443 -8.95219e-19)
(-0.0307959 -0.00891916 -2.13852e-18)
(-0.0249813 -0.00930808 -8.598e-19)
(-0.0188828 -0.00974131 -5.47925e-19)
(-0.0124911 -0.0102191 -1.83592e-19)
(-0.0057963 -0.0107422 -3.22889e-19)
(-0.034727 -0.0102027 1.6468e-19)
(-0.0306142 -0.0101955 1.29891e-18)
(-0.0262358 -0.0102403 6.2576e-19)
(-0.0215834 -0.010338 1.88228e-18)
(-0.0166487 -0.0104887 7.85482e-18)
(-0.0114234 -0.0106923 8.88091e-18)
(-0.00589926 -0.0109487 9.04949e-18)
(-6.77615e-05 -0.0112575 9.27767e-18)
(0.00607967 -0.0116181 8.60668e-18)
(0.0125518 -0.0120301 1.8881e-19)
(0.0193579 -0.0124933 -8.20005e-18)
(0.0265073 -0.0130074 -1.5194e-18)
(0.0340098 -0.0135723 -8.88388e-18)
(0.0418758 -0.0141883 -8.12308e-19)
(0.0501163 -0.0148556 -1.97191e-19)
(0.0587425 -0.015575 -1.58685e-19)
(0.0677666 -0.0163473 -5.38667e-20)
(0.0205014 -0.0134188 5.83742e-20)
(0.0259431 -0.0136269 1.19397e-19)
(0.0317398 -0.0138931 1.15574e-19)
(0.0378998 -0.014218 1.82041e-19)
(0.0444317 -0.0146018 6.09687e-19)
)
;

boundaryField
{
    inlet
    {
        type            uniformFixedValue;
        uniformValue    constant (1 0 0);
        value           nonuniform 0();
    }
    outlet
    {
        type            pressureInletOutletVelocity;
        value           nonuniform 0();
    }
    polygon
    {
        type            fixedValue;
        value           nonuniform 0();
    }
    top
    {
        type            symmetryPlane;
    }
    bottom
    {
        type            symmetryPlane;
    }
    outside
    {
        type            zeroGradient;
    }
    procBoundary20to12
    {
        type            processor;
        value           nonuniform List<vector> 
18
(
(0.051344 -0.0150446 1.58485e-18)
(0.0586454 -0.0155462 8.44829e-19)
(0.0663449 -0.0161064 1.68056e-18)
(0.0744518 -0.0167248 7.93556e-19)
(0.0829761 -0.0174014 1.29064e-18)
(0.091928 -0.0181361 -1.17655e-18)
(0.101318 -0.018929 5.96133e-19)
(0.111159 -0.0197806 -1.75627e-18)
(0.121462 -0.0206913 -2.97602e-19)
(0.13224 -0.0216621 1.02089e-20)
(0.143509 -0.0226942 5.26732e-20)
(0.155282 -0.0237892 1.83411e-19)
(0.0850108 -0.017646 -3.76431e-20)
(0.0920755 -0.0181348 4.74313e-20)
(0.0995887 -0.0186876 3.79431e-20)
(0.107559 -0.0193052 -1.003e-18)
(0.051344 -0.0150446 1.58485e-18)
(0.115995 -0.0199878 -6.63997e-18)
)
;
    }
    procBoundary20to13
    {
        type            processor;
        value           uniform (0.0154063 -0.0132677 1.53247e-20);
    }
    procBoundary20to19
    {
        type            processor;
        value           nonuniform List<vector> 8((-0.197089 -0.000395948 3.13049e-18) (-0.186547 -0.000715988 6.77622e-18) (-0.174454 -0.00112671 3.08979e-18) (-0.152385 -0.00211849 2.41184e-19) (-0.112235 -0.00403202 -1.80259e-18) (-0.0614872 -0.0070356 -7.76866e-19) (0.00121187 -0.0113113 -1.35169e-19) (0.0772015 -0.017174 1.76108e-19));
    }
    procBoundary20to21
    {
        type            processor;
        value           nonuniform List<vector> 7((-0.20469 -0.00283612 5.64573e-19) (-0.196512 -0.00319246 2.12181e-19) (-0.181572 -0.0038869 -1.74478e-19) (-0.155273 -0.00495862 -1.23967e-18) (-0.123105 -0.00628262 -6.14344e-19) (-0.0844632 -0.00799583 -4.15409e-20) (-0.0385828 -0.0102609 -3.67087e-20));
    }
    procBoundary20to28
    {
        type            processor;
        value           nonuniform List<vector> 
18
(
(-0.206757 -0.000140351 6.9438e-18)
(-0.210771 -0.00221093 5.97942e-18)
(-0.209705 -0.00195004 4.70099e-18)
(-0.208714 -0.00170754 7.18519e-18)
(-0.207789 -0.00148424 4.60592e-18)
(-0.206922 -0.00128064 4.50637e-18)
(-0.206104 -0.001097 4.01256e-18)
(-0.205327 -0.000933362 5.08127e-18)
(-0.204582 -0.000789614 -1.72532e-19)
(-0.203861 -0.000665526 6.68779e-18)
(-0.203155 -0.000560812 3.16048e-18)
(-0.202456 -0.000475112 2.03523e-18)
(-0.201755 -0.000408402 6.6433e-18)
(-0.201046 -0.000360688 6.24055e-18)
(-0.200319 -0.000331622 6.58229e-18)
(-0.199568 -0.000320017 6.71377e-18)
(-0.198785 -0.000326421 3.90231e-18)
(-0.198785 -0.000326421 3.90231e-18)
)
;
    }
}


// ************************************************************************* //
