/*--------------------------------*- C++ -*----------------------------------*\
  =========                 |
  \\      /  F ield         | OpenFOAM: The Open Source CFD Toolbox
   \\    /   O peration     | Website:  https://openfoam.org
    \\  /    A nd           | Version:  7
     \\/     M anipulation  |
\*---------------------------------------------------------------------------*/
FoamFile
{
    version     2.0;
    format      ascii;
    class       vectorField;
    location    "constant/polyMesh";
    object      points;
}
// * * * * * * * * * * * * * * * * * * * * * * * * * * * * * * * * * * * * * //


302
(
(15.90891169 2.282842712 -0.05)
(15.79274012 2.282842712 -0.05)
(15.67656854 2.282842712 -0.05)
(15.56039697 2.282842712 -0.05)
(15.4442254 2.282842712 -0.05)
(15.32805382 2.282842712 -0.05)
(15.21188225 2.282842712 -0.05)
(15.09571068 2.282842712 -0.05)
(14.97953911 2.282842712 -0.05)
(14.86336753 2.282842712 -0.05)
(14.74719596 2.282842712 -0.05)
(14.63102439 2.282842712 -0.05)
(14.51485281 2.282842712 -0.05)
(14.39868124 2.282842712 -0.05)
(14.28250967 2.282842712 -0.05)
(14.1663381 2.282842712 -0.05)
(14.05016652 2.282842712 -0.05)
(16.02757285 2.247487373 -0.05)
(15.91154773 2.247487373 -0.05)
(15.7955226 2.247487373 -0.05)
(15.67949747 2.247487373 -0.05)
(15.56347235 2.247487373 -0.05)
(15.44744722 2.247487373 -0.05)
(15.3314221 2.247487373 -0.05)
(15.21539697 2.247487373 -0.05)
(15.09937184 2.247487373 -0.05)
(14.98334672 2.247487373 -0.05)
(14.86732159 2.247487373 -0.05)
(14.75129646 2.247487373 -0.05)
(14.63527134 2.247487373 -0.05)
(14.51924621 2.247487373 -0.05)
(14.40322109 2.247487373 -0.05)
(14.28719596 2.247487373 -0.05)
(14.17117083 2.247487373 -0.05)
(14.05514571 2.247487373 -0.05)
(16.03006245 2.212132034 -0.05)
(15.91418377 2.212132034 -0.05)
(15.79830509 2.212132034 -0.05)
(15.68242641 2.212132034 -0.05)
(15.56654773 2.212132034 -0.05)
(15.45066905 2.212132034 -0.05)
(15.33479037 2.212132034 -0.05)
(15.21891169 2.212132034 -0.05)
(15.10303301 2.212132034 -0.05)
(14.98715433 2.212132034 -0.05)
(14.87127565 2.212132034 -0.05)
(14.75539697 2.212132034 -0.05)
(14.63951829 2.212132034 -0.05)
(14.52363961 2.212132034 -0.05)
(14.40776093 2.212132034 -0.05)
(14.29188225 2.212132034 -0.05)
(14.17600357 2.212132034 -0.05)
(14.06012489 2.212132034 -0.05)
(16.03255204 2.176776695 -0.05)
(15.91681981 2.176776695 -0.05)
(15.80108757 2.176776695 -0.05)
(15.68535534 2.176776695 -0.05)
(15.56962311 2.176776695 -0.05)
(15.45389087 2.176776695 -0.05)
(15.33815864 2.176776695 -0.05)
(15.22242641 2.176776695 -0.05)
(15.10669417 2.176776695 -0.05)
(14.99096194 2.176776695 -0.05)
(14.87522971 2.176776695 -0.05)
(14.75949747 2.176776695 -0.05)
(14.64376524 2.176776695 -0.05)
(14.52803301 2.176776695 -0.05)
(14.41230078 2.176776695 -0.05)
(14.29656854 2.176776695 -0.05)
(14.18083631 2.176776695 -0.05)
(14.06510408 2.176776695 -0.05)
(16.03504163 2.141421356 -0.05)
(15.91945584 2.141421356 -0.05)
(15.80387006 2.141421356 -0.05)
(15.68828427 2.141421356 -0.05)
(15.57269848 2.141421356 -0.05)
(15.4571127 2.141421356 -0.05)
(15.34152691 2.141421356 -0.05)
(15.22594113 2.141421356 -0.05)
(15.11035534 2.141421356 -0.05)
(14.99476955 2.141421356 -0.05)
(14.87918377 2.141421356 -0.05)
(14.76359798 2.141421356 -0.05)
(14.64801219 2.141421356 -0.05)
(14.53242641 2.141421356 -0.05)
(14.41684062 2.141421356 -0.05)
(14.30125483 2.141421356 -0.05)
(14.18566905 2.141421356 -0.05)
(14.07008326 2.141421356 -0.05)
(16.03753122 2.106066017 -0.05)
(15.92209188 2.106066017 -0.05)
(15.80665254 2.106066017 -0.05)
(15.6912132 2.106066017 -0.05)
(15.57577386 2.106066017 -0.05)
(15.46033452 2.106066017 -0.05)
(15.34489518 2.106066017 -0.05)
(15.22945584 2.106066017 -0.05)
(15.1140165 2.106066017 -0.05)
(14.99857716 2.106066017 -0.05)
(14.88313782 2.106066017 -0.05)
(14.76769848 2.106066017 -0.05)
(14.65225914 2.106066017 -0.05)
(14.53681981 2.106066017 -0.05)
(14.42138047 2.106066017 -0.05)
(14.30594113 2.106066017 -0.05)
(14.19050179 2.106066017 -0.05)
(14.07506245 2.106066017 -0.05)
(16.04002082 2.070710678 -0.05)
(15.92472792 2.070710678 -0.05)
(15.80943503 2.070710678 -0.05)
(15.69414214 2.070710678 -0.05)
(15.57884924 2.070710678 -0.05)
(15.46355635 2.070710678 -0.05)
(15.34826346 2.070710678 -0.05)
(15.23297056 2.070710678 -0.05)
(15.11767767 2.070710678 -0.05)
(15.00238478 2.070710678 -0.05)
(14.88709188 2.070710678 -0.05)
(14.77179899 2.070710678 -0.05)
(14.6565061 2.070710678 -0.05)
(14.5412132 2.070710678 -0.05)
(14.42592031 2.070710678 -0.05)
(14.31062742 2.070710678 -0.05)
(14.19533452 2.070710678 -0.05)
(14.08004163 2.070710678 -0.05)
(16.04251041 2.035355339 -0.05)
(15.92736396 2.035355339 -0.05)
(15.81221751 2.035355339 -0.05)
(15.69707107 2.035355339 -0.05)
(15.58192462 2.035355339 -0.05)
(15.46677817 2.035355339 -0.05)
(15.35163173 2.035355339 -0.05)
(15.23648528 2.035355339 -0.05)
(15.12133883 2.035355339 -0.05)
(15.00619239 2.035355339 -0.05)
(14.89104594 2.035355339 -0.05)
(14.77589949 2.035355339 -0.05)
(14.66075305 2.035355339 -0.05)
(14.5456066 2.035355339 -0.05)
(14.43046016 2.035355339 -0.05)
(14.31531371 2.035355339 -0.05)
(14.20016726 2.035355339 -0.05)
(14.08502082 2.035355339 -0.05)
(16.045 2 -0.05)
(15.93 2 -0.05)
(15.815 2 -0.05)
(15.7 2 -0.05)
(15.585 2 -0.05)
(15.47 2 -0.05)
(15.355 2 -0.05)
(15.24 2 -0.05)
(15.90891169 2.282842712 0.05)
(15.79274012 2.282842712 0.05)
(15.67656854 2.282842712 0.05)
(15.56039697 2.282842712 0.05)
(15.4442254 2.282842712 0.05)
(15.32805382 2.282842712 0.05)
(15.21188225 2.282842712 0.05)
(15.09571068 2.282842712 0.05)
(14.97953911 2.282842712 0.05)
(14.86336753 2.282842712 0.05)
(14.74719596 2.282842712 0.05)
(14.63102439 2.282842712 0.05)
(14.51485281 2.282842712 0.05)
(14.39868124 2.282842712 0.05)
(14.28250967 2.282842712 0.05)
(14.1663381 2.282842712 0.05)
(14.05016652 2.282842712 0.05)
(16.02757285 2.247487373 0.05)
(15.91154773 2.247487373 0.05)
(15.7955226 2.247487373 0.05)
(15.67949747 2.247487373 0.05)
(15.56347235 2.247487373 0.05)
(15.44744722 2.247487373 0.05)
(15.3314221 2.247487373 0.05)
(15.21539697 2.247487373 0.05)
(15.09937184 2.247487373 0.05)
(14.98334672 2.247487373 0.05)
(14.86732159 2.247487373 0.05)
(14.75129646 2.247487373 0.05)
(14.63527134 2.247487373 0.05)
(14.51924621 2.247487373 0.05)
(14.40322109 2.247487373 0.05)
(14.28719596 2.247487373 0.05)
(14.17117083 2.247487373 0.05)
(14.05514571 2.247487373 0.05)
(16.03006245 2.212132034 0.05)
(15.91418377 2.212132034 0.05)
(15.79830509 2.212132034 0.05)
(15.68242641 2.212132034 0.05)
(15.56654773 2.212132034 0.05)
(15.45066905 2.212132034 0.05)
(15.33479037 2.212132034 0.05)
(15.21891169 2.212132034 0.05)
(15.10303301 2.212132034 0.05)
(14.98715433 2.212132034 0.05)
(14.87127565 2.212132034 0.05)
(14.75539697 2.212132034 0.05)
(14.63951829 2.212132034 0.05)
(14.52363961 2.212132034 0.05)
(14.40776093 2.212132034 0.05)
(14.29188225 2.212132034 0.05)
(14.17600357 2.212132034 0.05)
(14.06012489 2.212132034 0.05)
(16.03255204 2.176776695 0.05)
(15.91681981 2.176776695 0.05)
(15.80108757 2.176776695 0.05)
(15.68535534 2.176776695 0.05)
(15.56962311 2.176776695 0.05)
(15.45389087 2.176776695 0.05)
(15.33815864 2.176776695 0.05)
(15.22242641 2.176776695 0.05)
(15.10669417 2.176776695 0.05)
(14.99096194 2.176776695 0.05)
(14.87522971 2.176776695 0.05)
(14.75949747 2.176776695 0.05)
(14.64376524 2.176776695 0.05)
(14.52803301 2.176776695 0.05)
(14.41230078 2.176776695 0.05)
(14.29656854 2.176776695 0.05)
(14.18083631 2.176776695 0.05)
(14.06510408 2.176776695 0.05)
(16.03504163 2.141421356 0.05)
(15.91945584 2.141421356 0.05)
(15.80387006 2.141421356 0.05)
(15.68828427 2.141421356 0.05)
(15.57269848 2.141421356 0.05)
(15.4571127 2.141421356 0.05)
(15.34152691 2.141421356 0.05)
(15.22594113 2.141421356 0.05)
(15.11035534 2.141421356 0.05)
(14.99476955 2.141421356 0.05)
(14.87918377 2.141421356 0.05)
(14.76359798 2.141421356 0.05)
(14.64801219 2.141421356 0.05)
(14.53242641 2.141421356 0.05)
(14.41684062 2.141421356 0.05)
(14.30125483 2.141421356 0.05)
(14.18566905 2.141421356 0.05)
(14.07008326 2.141421356 0.05)
(16.03753122 2.106066017 0.05)
(15.92209188 2.106066017 0.05)
(15.80665254 2.106066017 0.05)
(15.6912132 2.106066017 0.05)
(15.57577386 2.106066017 0.05)
(15.46033452 2.106066017 0.05)
(15.34489518 2.106066017 0.05)
(15.22945584 2.106066017 0.05)
(15.1140165 2.106066017 0.05)
(14.99857716 2.106066017 0.05)
(14.88313782 2.106066017 0.05)
(14.76769848 2.106066017 0.05)
(14.65225914 2.106066017 0.05)
(14.53681981 2.106066017 0.05)
(14.42138047 2.106066017 0.05)
(14.30594113 2.106066017 0.05)
(14.19050179 2.106066017 0.05)
(14.07506245 2.106066017 0.05)
(16.04002082 2.070710678 0.05)
(15.92472792 2.070710678 0.05)
(15.80943503 2.070710678 0.05)
(15.69414214 2.070710678 0.05)
(15.57884924 2.070710678 0.05)
(15.46355635 2.070710678 0.05)
(15.34826346 2.070710678 0.05)
(15.23297056 2.070710678 0.05)
(15.11767767 2.070710678 0.05)
(15.00238478 2.070710678 0.05)
(14.88709188 2.070710678 0.05)
(14.77179899 2.070710678 0.05)
(14.6565061 2.070710678 0.05)
(14.5412132 2.070710678 0.05)
(14.42592031 2.070710678 0.05)
(14.31062742 2.070710678 0.05)
(14.19533452 2.070710678 0.05)
(14.08004163 2.070710678 0.05)
(16.04251041 2.035355339 0.05)
(15.92736396 2.035355339 0.05)
(15.81221751 2.035355339 0.05)
(15.69707107 2.035355339 0.05)
(15.58192462 2.035355339 0.05)
(15.46677817 2.035355339 0.05)
(15.35163173 2.035355339 0.05)
(15.23648528 2.035355339 0.05)
(15.12133883 2.035355339 0.05)
(15.00619239 2.035355339 0.05)
(14.89104594 2.035355339 0.05)
(14.77589949 2.035355339 0.05)
(14.66075305 2.035355339 0.05)
(14.5456066 2.035355339 0.05)
(14.43046016 2.035355339 0.05)
(14.31531371 2.035355339 0.05)
(14.20016726 2.035355339 0.05)
(14.08502082 2.035355339 0.05)
(16.045 2 0.05)
(15.93 2 0.05)
(15.815 2 0.05)
(15.7 2 0.05)
(15.585 2 0.05)
(15.47 2 0.05)
(15.355 2 0.05)
(15.24 2 0.05)
)


// ************************************************************************* //
