/*--------------------------------*- C++ -*----------------------------------*\
  =========                 |
  \\      /  F ield         | OpenFOAM: The Open Source CFD Toolbox
   \\    /   O peration     | Website:  https://openfoam.org
    \\  /    A nd           | Version:  7
     \\/     M anipulation  |
\*---------------------------------------------------------------------------*/
FoamFile
{
    version     2.0;
    format      ascii;
    class       volVectorField;
    location    "54";
    object      U;
}
// * * * * * * * * * * * * * * * * * * * * * * * * * * * * * * * * * * * * * //

dimensions      [0 1 -1 0 0 0 0];

internalField   nonuniform List<vector> 
115
(
(-0.408865 0.000630171 8.54666e-21)
(-0.410462 0.00128429 3.8928e-19)
(-0.412676 0.00297012 -2.22701e-18)
(-0.416594 0.00423636 -3.6221e-19)
(-0.421205 0.00503223 -3.37128e-19)
(-0.426118 0.00531327 -1.41995e-18)
(-0.430992 0.00509147 -6.22293e-18)
(-0.435528 0.00446745 -4.43604e-18)
(-0.439543 0.00355572 7.57785e-18)
(-0.442925 0.00245317 -6.42689e-18)
(-0.445608 0.00122877 5.63245e-18)
(-0.447557 -8.04072e-05 9.31464e-18)
(-0.44875 -0.00143269 -1.61987e-18)
(-0.449167 -0.00285271 7.4278e-19)
(-0.448795 -0.00434494 -6.01976e-18)
(-0.447627 -0.00589777 -3.92954e-18)
(-0.445659 -0.0075198 6.50879e-18)
(-0.464236 0.00022968 -4.68775e-20)
(-0.464809 0.000481233 7.94748e-19)
(-0.465748 0.00131775 -1.92262e-18)
(-0.467678 0.00197237 2.07221e-18)
(-0.470163 0.00238771 2.45534e-18)
(-0.472957 0.00252579 -2.3992e-18)
(-0.475835 0.00237425 -9.17986e-19)
(-0.478567 0.00198227 -7.83322e-18)
(-0.480984 0.0014134 4.16102e-19)
(-0.48297 0.000725759 -3.7244e-19)
(-0.48445 -4.17602e-05 6.169e-18)
(-0.485377 -0.00084721 5.82537e-18)
(-0.485712 -0.00169976 1.36629e-18)
(-0.485427 -0.00259606 1.04539e-17)
(-0.484501 -0.00354228 2.04059e-18)
(-0.482914 -0.00454549 6.83251e-18)
(-0.480644 -0.00560892 6.39403e-18)
(-0.437518 0.000384871 -3.35372e-20)
(-0.438491 0.000789895 4.82201e-19)
(-0.439963 0.00200382 -1.34358e-18)
(-0.442766 0.00293545 2.67463e-19)
(-0.446228 0.00353585 9.99556e-19)
(-0.450032 0.00375345 -3.51418e-18)
(-0.453892 0.00358133 -6.03541e-18)
(-0.457537 0.00309017 -5.34146e-18)
(-0.460781 0.00236624 2.5235e-18)
(-0.463505 0.00148586 -6.56329e-18)
(-0.465628 0.000502936 2.56034e-18)
(-0.46711 -0.000540157 5.92918e-18)
(-0.467919 -0.0016334 -4.24037e-18)
(-0.468024 -0.00278047 2.99424e-18)
(-0.467411 -0.00398785 -6.87102e-19)
(-0.466064 -0.00525632 -4.52035e-18)
(-0.463969 -0.00659159 3.50987e-18)
(-0.506419 7.4552e-05 -4.84337e-20)
(-0.506614 0.000161032 1.39632e-18)
(-0.506985 0.000499098 2.35829e-20)
(-0.507862 0.000764618 1.16354e-18)
(-0.509054 0.000910975 4.50081e-18)
(-0.510395 0.000927506 2.20917e-18)
(-0.511744 0.000808134 5.99407e-18)
(-0.512953 0.000576859 -9.66913e-19)
(-0.513905 0.000265445 1.26889e-18)
(-0.514523 -9.80198e-05 9.8864e-18)
(-0.514754 -0.000484494 3.67813e-18)
(-0.51456 -0.000896128 5.33538e-18)
(-0.513917 -0.00132752 6.49379e-18)
(-0.512803 -0.00178012 7.50312e-18)
(-0.511195 -0.00225939 2.33741e-18)
(-0.509069 -0.00277302 1.13569e-17)
(-0.506393 -0.00332467 7.33448e-18)
(-0.487619 0.000132393 6.19191e-20)
(-0.487949 0.000279351 1.51416e-18)
(-0.488534 0.00082577 -5.46096e-19)
(-0.48983 0.0012551 2.28852e-18)
(-0.491555 0.00151275 4.64514e-18)
(-0.493515 0.00157632 3.33998e-18)
(-0.495535 0.00143541 2.73681e-18)
(-0.497429 0.00112474 -6.22385e-18)
(-0.499055 0.000690142 2.6359e-18)
(-0.50031 0.000171597 7.46633e-18)
(-0.501133 -0.000390544 3.79837e-18)
(-0.501478 -0.000986322 8.38657e-18)
(-0.501308 -0.00161428 7.96321e-18)
(-0.500598 -0.00227467 1.23813e-17)
(-0.499326 -0.00297303 2.79911e-18)
(-0.497468 -0.00371677 1.03301e-17)
(-0.494995 -0.00451044 1.17134e-17)
(-0.527884 0.00015086 1.8379e-18)
(-0.52863 0.00014748 -3.04733e-18)
(-0.529302 0.000118672 4.2084e-18)
(-0.529789 6.93134e-05 -4.73831e-20)
(-0.530007 5.63208e-06 6.30998e-18)
(-0.529903 -6.49095e-05 4.23306e-18)
(-0.529446 -0.000141142 1.31324e-18)
(-0.528618 -0.000221049 6.36826e-18)
(-0.527406 -0.000303991 8.68048e-18)
(-0.525798 -0.00039084 8.29558e-18)
(-0.523775 -0.000482871 7.00923e-18)
(-0.521314 -0.000582217 4.39297e-18)
(-0.518379 -0.000689716 -2.76966e-18)
(-0.519587 3.69066e-05 1.90622e-19)
(-0.51971 7.9444e-05 5.43505e-19)
(-0.519963 0.000259316 1.37548e-19)
(-0.520594 0.000398883 2.70818e-18)
(-0.521455 0.000467557 2.24636e-18)
(-0.522395 0.000461529 2.54711e-18)
(-0.523293 0.000378329 3.67874e-18)
(-0.524024 0.000232629 -4.5795e-20)
(-0.524492 4.35276e-05 5.30701e-18)
(-0.524638 -0.00016843 9.72354e-18)
(-0.524422 -0.00039745 2.85452e-18)
(-0.523817 -0.00063623 7.96491e-18)
(-0.522806 -0.000884752 1.06698e-17)
(-0.521373 -0.00114472 6.83022e-18)
(-0.519499 -0.00141975 3.3286e-18)
(-0.517158 -0.001715 1.02519e-17)
(-0.514317 -0.00203341 3.55795e-18)
)
;

boundaryField
{
    inlet
    {
        type            uniformFixedValue;
        uniformValue    constant (1 0 0);
        value           nonuniform 0();
    }
    outlet
    {
        type            pressureInletOutletVelocity;
        value           nonuniform List<vector> 6((-0.408865 0 0) (-0.464236 0 0) (-0.437518 0 0) (-0.506419 0 0) (-0.487619 0 0) (-0.519587 0 0));
    }
    polygon
    {
        type            fixedValue;
        value           nonuniform 0();
    }
    top
    {
        type            symmetryPlane;
    }
    bottom
    {
        type            symmetryPlane;
    }
    outside
    {
        type            zeroGradient;
    }
    procBoundary31to23
    {
        type            processor;
        value           nonuniform List<vector> 
17
(
(-0.379588 0.000990708 1.27491e-19)
(-0.382072 0.00197992 2.92671e-19)
(-0.385218 0.00421111 -1.70638e-18)
(-0.390426 0.00582585 -5.5384e-19)
(-0.396271 0.00679492 -1.91939e-18)
(-0.402295 0.0070972 -1.31609e-18)
(-0.408124 0.00678105 -2.77272e-18)
(-0.413454 0.00598508 -3.10249e-18)
(-0.418122 0.00485505 7.73988e-18)
(-0.422042 0.00350781 -1.4027e-18)
(-0.425164 0.00202355 4.55731e-18)
(-0.427466 0.000445879 4.32315e-18)
(-0.428941 -0.00118338 -3.69578e-18)
(-0.429583 -0.00287231 -1.2978e-18)
(-0.429377 -0.00463724 -3.1178e-18)
(-0.428325 -0.00647288 -2.72823e-18)
(-0.426435 -0.00838045 2.9657e-18)
)
;
    }
    procBoundary31to30
    {
        type            processor;
        value           nonuniform List<vector> 7((-0.442891 -0.00921612 1.30971e-18) (-0.477673 -0.00673847 4.34269e-19) (-0.461118 -0.00799884 1.33226e-18) (-0.503132 -0.00391952 -2.2513e-19) (-0.49188 -0.00536025 -2.94911e-18) (-0.514929 -0.000806588 -2.95004e-18) (-0.510936 -0.00237859 -4.08847e-19));
    }
    procBoundary31to39
    {
        type            processor;
        value           nonuniform List<vector> 
18
(
(-0.527884 -0.000150819 5.42784e-19)
(-0.52863 -0.000147425 -3.01937e-18)
(-0.529302 -0.000118602 1.54736e-18)
(-0.529789 -6.9228e-05 -4.66062e-19)
(-0.530007 -5.53301e-06 3.02513e-18)
(-0.529903 6.50201e-05 -3.32535e-19)
(-0.529446 0.000141263 8.67887e-19)
(-0.528618 0.000221177 -1.12715e-18)
(-0.527406 0.000304125 -1.16647e-18)
(-0.525798 0.000390978 -3.6895e-19)
(-0.523775 0.000483009 -1.91404e-18)
(-0.521314 0.000582354 -2.59246e-18)
(-0.518379 0.000689848 -9.81019e-19)
(-0.526366 1.16516e-05 1.99752e-19)
(-0.526459 2.63271e-05 1.95785e-19)
(-0.526661 8.42674e-05 8.87732e-19)
(-0.527179 0.000129456 2.51133e-18)
(-0.527179 0.000129456 2.51133e-18)
)
;
    }
}


// ************************************************************************* //
