/*--------------------------------*- C++ -*----------------------------------*\
  =========                 |
  \\      /  F ield         | OpenFOAM: The Open Source CFD Toolbox
   \\    /   O peration     | Website:  https://openfoam.org
    \\  /    A nd           | Version:  7
     \\/     M anipulation  |
\*---------------------------------------------------------------------------*/
FoamFile
{
    version     2.0;
    format      ascii;
    class       volVectorField;
    location    "24";
    object      U;
}
// * * * * * * * * * * * * * * * * * * * * * * * * * * * * * * * * * * * * * //

dimensions      [0 1 -1 0 0 0 0];

internalField   nonuniform List<vector> 
115
(
(0.832773 -0.150728 4.27238e-20)
(0.825432 -0.157823 4.0031e-19)
(0.821385 -0.161733 -1.67284e-19)
(0.813769 -0.16883 2.34446e-18)
(0.807446 -0.174789 1.21297e-19)
(0.799305 -0.182398 6.5862e-18)
(0.791531 -0.189788 2.85887e-18)
(0.782748 -0.198177 8.26944e-18)
(0.773936 -0.206756 3.80699e-18)
(0.764505 -0.216056 1.08701e-17)
(0.754901 -0.225729 4.28051e-18)
(0.744889 -0.236003 1.34081e-17)
(0.734685 -0.246726 4.43645e-18)
(0.724216 -0.257991 1.50069e-17)
(0.713606 -0.26972 2.3102e-18)
(0.702865 -0.281931 1.26929e-17)
(0.835193 -0.147033 -7.11881e-19)
(0.826587 -0.152786 -1.31934e-18)
(0.822689 -0.156183 -1.6814e-18)
(0.814705 -0.162629 -1.41555e-18)
(0.808374 -0.168109 -9.50383e-19)
(0.800073 -0.17527 2.7379e-18)
(0.792246 -0.182266 1.12257e-18)
(0.783363 -0.190307 2.34887e-18)
(0.774484 -0.198573 2.23805e-19)
(0.76497 -0.207604 -6.53049e-19)
(0.755292 -0.217045 -8.59229e-18)
(0.745197 -0.227132 -4.29352e-18)
(0.734906 -0.237713 -4.28815e-18)
(0.724342 -0.248888 6.64901e-18)
(0.713629 -0.260581 1.36738e-19)
(0.702776 -0.272824 2.20771e-18)
(0.838462 -0.14342 3.27325e-19)
(0.828632 -0.148414 3.76082e-19)
(0.824864 -0.15154 1.64887e-18)
(0.81634 -0.157437 6.53277e-19)
(0.810007 -0.162594 3.13374e-18)
(0.801441 -0.16935 1.47013e-19)
(0.793542 -0.176026 8.25338e-19)
(0.784494 -0.183731 8.9645e-19)
(0.775514 -0.191699 1.0262e-18)
(0.765863 -0.200437 2.52657e-18)
(0.756064 -0.20961 6.23522e-18)
(0.745828 -0.219446 1.01601e-18)
(0.735393 -0.229801 9.1127e-18)
(0.724667 -0.240777 -4.96906e-19)
(0.71378 -0.252307 7.26121e-19)
(0.702729 -0.264427 1.13567e-18)
(0.842165 -0.139525 3.15638e-19)
(0.831343 -0.14406 4.85673e-19)
(0.82761 -0.146976 7.74837e-19)
(0.818522 -0.152423 5.27172e-19)
(0.81215 -0.157312 1.09377e-18)
(0.803261 -0.163712 -2.94472e-20)
(0.795264 -0.170114 5.86774e-19)
(0.785998 -0.177523 7.70975e-19)
(0.776884 -0.185231 1.12523e-18)
(0.767048 -0.193714 1.68801e-18)
(0.757086 -0.202653 2.22627e-18)
(0.746659 -0.21227 9.74362e-19)
(0.736028 -0.222429 2.87783e-18)
(0.72508 -0.233232 -4.72315e-19)
(0.713949 -0.24462 9.19838e-19)
(0.702625 -0.256636 9.3356e-19)
(0.846246 -0.135175 1.08262e-18)
(0.834536 -0.139327 1.44137e-18)
(0.830773 -0.142048 3.10056e-18)
(0.821139 -0.147103 1.54476e-18)
(0.814677 -0.151735 4.56199e-18)
(0.805436 -0.157793 2.03711e-20)
(0.797305 -0.163928 1.55962e-18)
(0.787779 -0.171043 1.66952e-18)
(0.778496 -0.178495 2.87265e-18)
(0.768428 -0.186723 5.39469e-18)
(0.75826 -0.195431 1.10134e-17)
(0.747589 -0.204831 2.90739e-18)
(0.736708 -0.214797 1.20698e-17)
(0.725475 -0.225429 -1.96615e-18)
(0.714034 -0.236679 2.62872e-18)
(0.702361 -0.248593 2.80689e-18)
(0.850584 -0.130478 6.71511e-19)
(0.83806 -0.134294 1.23175e-18)
(0.834225 -0.136833 1.83974e-18)
(0.824067 -0.14154 2.78634e-18)
(0.817471 -0.145923 5.25038e-18)
(0.807866 -0.151656 9.96961e-18)
(0.799564 -0.157523 1.01441e-17)
(0.789748 -0.164342 1.15086e-17)
(0.780258 -0.171531 1.15223e-17)
(0.769919 -0.179489 1.03371e-17)
(0.759504 -0.187951 3.17532e-18)
(0.748541 -0.197112 6.09526e-18)
(0.737359 -0.206861 1.16407e-17)
(0.725784 -0.217296 2.02187e-17)
(0.71397 -0.228376 1.9408e-17)
(0.701875 -0.240152 1.95396e-17)
(0.855036 -0.125488 2.18466e-20)
(0.841761 -0.129011 1.416e-18)
(0.837829 -0.131383 -6.7216e-19)
(0.827165 -0.135778 5.02358e-18)
(0.820406 -0.139923 4.99952e-19)
(0.810429 -0.145347 1.19622e-17)
(0.801925 -0.15095 5.46331e-18)
(0.791796 -0.157473 1.32039e-17)
(0.782068 -0.164392 6.01321e-18)
(0.771425 -0.172071 1.40876e-17)
(0.760726 -0.18027 4.39812e-18)
(0.749431 -0.189173 1.77088e-17)
(0.737903 -0.198679 8.99307e-18)
(0.725934 -0.208886 2.40528e-17)
(0.71369 -0.219761 9.58246e-18)
(0.701111 -0.231358 2.14889e-17)
(0.859453 -0.12022 -1.75461e-18)
(0.845479 -0.123479 -2.88939e-18)
(0.841437 -0.125695 -3.85814e-18)
)
;

boundaryField
{
    inlet
    {
        type            uniformFixedValue;
        uniformValue    constant (1 0 0);
        value           nonuniform 0();
    }
    outlet
    {
        type            pressureInletOutletVelocity;
        value           nonuniform List<vector> 8((0.832773 -0.150728 4.27238e-20) (0.835193 -0.147033 -7.11881e-19) (0.838462 -0.14342 3.27325e-19) (0.842165 -0.139525 3.15638e-19) (0.846246 -0.135175 1.08262e-18) (0.850584 -0.130478 6.71511e-19) (0.855036 -0.125488 2.18466e-20) (0.859453 -0.12022 -1.75461e-18));
    }
    polygon
    {
        type            fixedValue;
        value           nonuniform 0();
    }
    top
    {
        type            symmetryPlane;
    }
    bottom
    {
        type            symmetryPlane;
    }
    outside
    {
        type            zeroGradient;
    }
    procBoundary63to55
    {
        type            processor;
        value           nonuniform List<vector> 
17
(
(0.830284 -0.129803 -2.49343e-18)
(0.82334 -0.133718 -2.12986e-18)
(0.812989 -0.138847 5.4881e-18)
(0.804259 -0.144187 1.65378e-18)
(0.793803 -0.150415 3.719e-18)
(0.783809 -0.157058 -2.00498e-19)
(0.772837 -0.164448 -1.8218e-18)
(0.761822 -0.17237 -1.37972e-17)
(0.75016 -0.180994 -6.52259e-18)
(0.738247 -0.190234 -5.69155e-18)
(0.725842 -0.200183 1.09592e-17)
(0.713119 -0.210816 2.28262e-18)
(0.699999 -0.222193 4.69794e-18)
(0.863675 -0.11469 -9.53777e-19)
(0.849041 -0.117701 8.6342e-20)
(0.830284 -0.129803 -2.49343e-18)
(0.844885 -0.11977 -2.8053e-18)
)
;
    }
    procBoundary63to62
    {
        type            processor;
        value           nonuniform List<vector> 7((0.692093 -0.294565 -6.35044e-18) (0.691882 -0.285564 -5.90468e-18) (0.691615 -0.277097 1.46511e-18) (0.691205 -0.269248 2.18831e-18) (0.690551 -0.261147 7.79331e-18) (0.689596 -0.25261 1.63513e-17) (0.68829 -0.243672 5.89019e-19));
    }
}


// ************************************************************************* //
