/*--------------------------------*- C++ -*----------------------------------*\
  =========                 |
  \\      /  F ield         | OpenFOAM: The Open Source CFD Toolbox
   \\    /   O peration     | Website:  https://openfoam.org
    \\  /    A nd           | Version:  7
     \\/     M anipulation  |
\*---------------------------------------------------------------------------*/
FoamFile
{
    version     2.0;
    format      ascii;
    class       volVectorField;
    location    "90";
    object      U;
}
// * * * * * * * * * * * * * * * * * * * * * * * * * * * * * * * * * * * * * //

dimensions      [0 1 -1 0 0 0 0];

internalField   nonuniform List<vector> 
125
(
(-0.190707 -0.00269925 2.07126e-18)
(-0.188464 -0.00319006 4.39975e-19)
(-0.185966 -0.00376143 -3.5348e-18)
(-0.183182 -0.00442908 1.59856e-17)
(-0.197102 -0.000380449 3.44725e-18)
(-0.196172 -0.000445672 7.86413e-18)
(-0.195176 -0.000529519 4.96155e-18)
(-0.194108 -0.000633806 3.62587e-18)
(-0.192957 -0.000761738 2.75962e-18)
(-0.191715 -0.000914378 5.44862e-18)
(-0.190371 -0.00109413 4.19353e-18)
(-0.188914 -0.0013039 4.22428e-18)
(-0.187333 -0.00154712 2.85946e-18)
(-0.185614 -0.00182813 5.16999e-18)
(-0.183742 -0.00215212 -3.79513e-18)
(-0.181702 -0.00252528 2.62227e-18)
(-0.179475 -0.00295513 2.03696e-18)
(-0.177042 -0.00345089 2.45705e-18)
(-0.174379 -0.00402386 1.42689e-18)
(-0.171461 -0.00468799 -3.30663e-19)
(-0.16826 -0.00546073 8.29982e-18)
(-0.186557 -0.000701851 7.34832e-18)
(-0.185296 -0.000788054 4.12504e-18)
(-0.183955 -0.00089754 6.54132e-18)
(-0.182526 -0.00103061 4.26348e-18)
(-0.181 -0.00118926 3.6084e-18)
(-0.179368 -0.00137564 4.69606e-18)
(-0.17762 -0.0015927 4.29114e-18)
(-0.175744 -0.00184357 4.5565e-18)
(-0.17373 -0.00213205 3.86212e-18)
(-0.171565 -0.00246289 1.16359e-17)
(-0.169234 -0.00284183 1.78762e-18)
(-0.166724 -0.00327566 3.68342e-18)
(-0.164018 -0.00377269 3.32197e-18)
(-0.161096 -0.00434299 3.83516e-18)
(-0.15794 -0.00499889 3.41808e-18)
(-0.154527 -0.00575555 2.47112e-18)
(-0.150833 -0.00663185 6.39599e-18)
(-0.174461 -0.00111284 3.36363e-18)
(-0.172817 -0.00122663 1.66011e-18)
(-0.171075 -0.00136563 1.21964e-17)
(-0.169229 -0.00153106 6.56496e-18)
(-0.167268 -0.00172547 6.01442e-18)
(-0.165184 -0.00195103 6.88379e-18)
(-0.162967 -0.00221079 6.54242e-18)
(-0.160606 -0.00250826 7.0779e-18)
(-0.158091 -0.00284762 6.70143e-18)
(-0.155408 -0.00323406 1.03363e-17)
(-0.152546 -0.00367382 6.18952e-18)
(-0.149491 -0.00417424 6.82656e-18)
(-0.146227 -0.00474428 6.95169e-18)
(-0.142739 -0.00539476 7.01942e-18)
(-0.139009 -0.00613886 7.06375e-18)
(-0.135018 -0.00699272 6.8568e-18)
(-0.130748 -0.0079763 8.6407e-18)
(-0.152388 -0.00210561 1.86718e-19)
(-0.150058 -0.002277 -1.18439e-18)
(-0.147602 -0.00247851 1.28848e-17)
(-0.145012 -0.00271141 1.45648e-17)
(-0.142277 -0.00297812 1.5231e-17)
(-0.139391 -0.00328121 1.59796e-17)
(-0.136343 -0.00362402 1.60157e-17)
(-0.133122 -0.00401039 1.62892e-17)
(-0.12972 -0.00444488 1.68898e-17)
(-0.126124 -0.00493306 1.79059e-17)
(-0.122324 -0.00548164 1.76176e-17)
(-0.118308 -0.00609838 1.78007e-17)
(-0.114063 -0.00679275 1.80947e-17)
(-0.109577 -0.00757605 1.84573e-17)
(-0.104837 -0.00846191 1.88951e-17)
(-0.0998303 -0.00946685 1.96116e-17)
(-0.112231 -0.00402019 -1.96838e-18)
(-0.108625 -0.00429017 -1.07024e-17)
(-0.104839 -0.00459577 3.10438e-18)
(-0.100864 -0.00493879 5.79128e-18)
(-0.0966912 -0.00532176 6.2208e-18)
(-0.0923117 -0.00574752 6.74756e-18)
(-0.087716 -0.00621957 6.69371e-18)
(-0.0828943 -0.00674196 6.96264e-18)
(-0.077837 -0.00731947 6.7584e-18)
(-0.072534 -0.00795778 7.52892e-18)
(-0.0669755 -0.00866384 7.72101e-18)
(-0.0611514 -0.0094452 7.81147e-18)
(-0.0550525 -0.0103112 7.90013e-18)
(-0.04867 -0.0112729 8.01131e-18)
(-0.0419963 -0.0123431 8.03698e-18)
(-0.0350254 -0.013537 8.54446e-18)
(-0.0614782 -0.00702444 -6.01559e-19)
(-0.0562205 -0.00744074 -8.94669e-19)
(-0.050714 -0.00789882 1.25045e-17)
(-0.0449489 -0.00840071 1.47451e-17)
(-0.0389152 -0.00894899 1.54522e-17)
(-0.0326028 -0.00954667 1.59664e-17)
(-0.0260011 -0.0101973 1.62993e-17)
(-0.0190996 -0.010905 1.62119e-17)
(-0.0118876 -0.0116747 1.69277e-17)
(-0.00435453 -0.0125118 1.75558e-17)
(0.00351044 -0.013423 1.80512e-17)
(0.0117177 -0.0144157 1.86293e-17)
(0.0202767 -0.0154985 1.9592e-17)
(0.0291967 -0.0166815 1.9612e-17)
(0.0384856 -0.0179762 1.99964e-17)
(0.0481494 -0.0193958 2.04546e-17)
(0.00122423 -0.0112998 -7.26917e-20)
(0.00855518 -0.0119159 5.88462e-19)
(0.016221 -0.0125811 4.56681e-18)
(0.0242336 -0.0132976 3.63818e-18)
(0.0326053 -0.0140683 3.62013e-18)
(0.041349 -0.0148963 3.76743e-18)
(0.0504779 -0.0157854 3.89301e-18)
(0.0600058 -0.0167398 3.39764e-18)
(0.0699469 -0.0177643 4.1917e-18)
(0.0803158 -0.0188647 4.55238e-18)
(0.0911282 -0.0200472 4.54699e-18)
(0.1024 -0.0213195 5.38555e-18)
(0.114147 -0.0226897 6.69353e-18)
(0.126388 -0.0241674 4.47148e-18)
(0.139141 -0.0257633 5.21567e-18)
(0.152425 -0.0274897 5.31334e-18)
(0.0772152 -0.0171615 3.67542e-19)
(0.0870727 -0.0180435 1.98853e-18)
(0.097369 -0.0189839 1.20406e-17)
(0.10812 -0.0199853 1.4869e-18)
(0.119341 -0.0210509 9.21386e-19)
(0.131051 -0.0221844 8.27563e-19)
)
;

boundaryField
{
    inlet
    {
        type            uniformFixedValue;
        uniformValue    constant (1 0 0);
        value           nonuniform 0();
    }
    outlet
    {
        type            pressureInletOutletVelocity;
        value           nonuniform 0();
    }
    polygon
    {
        type            fixedValue;
        value           nonuniform 0();
    }
    top
    {
        type            symmetryPlane;
    }
    bottom
    {
        type            symmetryPlane;
    }
    outside
    {
        type            zeroGradient;
    }
    procBoundary19to11
    {
        type            processor;
        value           nonuniform List<vector> 
17
(
(0.143267 -0.0233901 1.15682e-18)
(0.15601 -0.0246727 1.14298e-18)
(0.169302 -0.0260377 1.35268e-18)
(0.183165 -0.0274917 1.06632e-18)
(0.197626 -0.0290418 1.82911e-18)
(0.212713 -0.0306966 4.04695e-18)
(0.228458 -0.0324657 1.51392e-17)
(0.244899 -0.0343604 7.98578e-19)
(0.262078 -0.0363936 1.61034e-18)
(0.280046 -0.0385806 1.64399e-18)
(0.167589 -0.0249351 4.65563e-19)
(0.18042 -0.0261615 1.25674e-18)
(0.193807 -0.0274584 3.0819e-18)
(0.207773 -0.0288293 8.60446e-19)
(0.222338 -0.0302783 8.16961e-19)
(0.143267 -0.0233901 1.15682e-18)
(0.237526 -0.0318102 1.00037e-18)
)
;
    }
    procBoundary19to18
    {
        type            processor;
        value           nonuniform List<vector> 7((-0.146831 -0.00765132 1.02726e-17) (-0.126177 -0.00911432 1.03845e-17) (-0.0945461 -0.010611 2.00232e-17) (-0.0945461 -0.010611 2.00232e-17) (-0.0277545 -0.0148727 8.32948e-18) (0.0581915 -0.0209553 2.04849e-17) (0.166262 -0.02936 5.90499e-18));
    }
    procBoundary19to20
    {
        type            processor;
        value           nonuniform List<vector> 8((-0.197975 -0.000333786 3.95389e-18) (-0.187746 -0.000636605 2.21776e-18) (-0.176017 -0.00102266 9.60089e-19) (-0.154599 -0.00196249 -1.48682e-18) (-0.115666 -0.00378408 -1.06156e-17) (-0.0664965 -0.00664808 -1.99498e-18) (-0.00578332 -0.0107308 -4.43727e-19) (0.0677818 -0.0163354 -1.67049e-20));
    }
    procBoundary19to26
    {
        type            processor;
        value           nonuniform List<vector> 2((-0.180073 -0.00521272 2.04297e-19) (-0.164741 -0.00636389 -2.48594e-18));
    }
    procBoundary19to27
    {
        type            processor;
        value           nonuniform List<vector> 
18
(
(-0.202208 -0.00207281 2.57431e-18)
(-0.200315 -0.00248327 2.36787e-20)
(-0.198169 -0.00296283 -9.87618e-18)
(-0.195734 -0.00352517 1.76078e-17)
(-0.206168 -0.000153768 1.27901e-18)
(-0.20552 -0.00019737 3.68584e-18)
(-0.204819 -0.000262339 5.34884e-18)
(-0.204058 -0.000345446 4.95027e-18)
(-0.203226 -0.000446547 3.0523e-18)
(-0.202316 -0.00056888 9.45389e-18)
(-0.201317 -0.000715239 5.86982e-18)
(-0.200217 -0.000887911 5.85399e-18)
(-0.199005 -0.00108967 3.58194e-18)
(-0.197665 -0.00132432 1.97139e-18)
(-0.196184 -0.00159647 3.03845e-18)
(-0.194544 -0.00191161 4.63254e-18)
(-0.192726 -0.00227647 1.7766e-18)
(-0.192726 -0.00227647 1.7766e-18)
)
;
    }
}


// ************************************************************************* //
