/*--------------------------------*- C++ -*----------------------------------*\
  =========                 |
  \\      /  F ield         | OpenFOAM: The Open Source CFD Toolbox
   \\    /   O peration     | Website:  https://openfoam.org
    \\  /    A nd           | Version:  7
     \\/     M anipulation  |
\*---------------------------------------------------------------------------*/
FoamFile
{
    version     2.0;
    format      ascii;
    class       volVectorField;
    location    "40";
    object      U;
}
// * * * * * * * * * * * * * * * * * * * * * * * * * * * * * * * * * * * * * //

dimensions      [0 1 -1 0 0 0 0];

internalField   nonuniform List<vector> 
175
(
(-0.531553 -0.00203165 -6.69614e-18)
(-0.507938 -0.00204791 7.61397e-18)
(-0.484261 -0.00204056 -1.71015e-18)
(-0.460784 -0.00201075 -2.6853e-17)
(-0.437758 -0.00196004 -1.68317e-17)
(-0.415414 -0.00189033 1.07628e-17)
(-0.393959 -0.00180385 -2.51799e-18)
(-0.373574 -0.00170307 1.62028e-18)
(-0.354413 -0.00159069 2.17518e-17)
(-0.336595 -0.0014695 4.573e-18)
(-0.320209 -0.00134235 -5.70143e-18)
(-0.30531 -0.001212 3.71923e-18)
(-0.291923 -0.00108114 -9.5068e-18)
(-0.28004 -0.000952201 -1.93356e-17)
(-0.269628 -0.000827386 -7.8653e-18)
(-0.26063 -0.000708566 -3.23104e-18)
(-0.252966 -0.000597266 -3.14106e-19)
(-0.246543 -0.000494643 -3.02013e-19)
(-0.530818 -0.00594534 6.84058e-18)
(-0.507234 -0.00599471 1.43475e-17)
(-0.483587 -0.00597549 2.52733e-18)
(-0.460141 -0.0058909 -2.0924e-17)
(-0.437145 -0.00574531 -1.74824e-17)
(-0.414832 -0.00554412 1.47328e-17)
(-0.393407 -0.0052937 -2.75235e-18)
(-0.373052 -0.00500118 6.04543e-18)
(-0.353919 -0.00467432 1.07237e-17)
(-0.336129 -0.00432126 4.04839e-18)
(-0.319769 -0.00395026 -3.6759e-18)
(-0.304896 -0.0035695 -5.98316e-19)
(-0.291532 -0.00318681 -1.02613e-17)
(-0.279671 -0.00280945 -1.85355e-17)
(-0.269279 -0.0024439 -1.0004e-17)
(-0.260299 -0.00209576 1.95455e-18)
(-0.252651 -0.00176958 3.31236e-18)
(-0.246242 -0.00146885 2.54349e-19)
(-0.529351 -0.00983867 2.39849e-17)
(-0.505827 -0.00992003 2.36627e-17)
(-0.482241 -0.00988794 4.86788e-18)
(-0.458856 -0.00974776 -2.03951e-17)
(-0.435921 -0.00950668 -1.89916e-17)
(-0.413668 -0.00917364 9.18991e-18)
(-0.392303 -0.00875914 8.71851e-18)
(-0.372007 -0.00827501 1.23859e-17)
(-0.352931 -0.00773406 9.04482e-19)
(-0.335196 -0.00714976 3.70939e-18)
(-0.31889 -0.00653581 -2.53028e-18)
(-0.304066 -0.00590575 -4.89978e-18)
(-0.290749 -0.00527254 -1.36605e-17)
(-0.278932 -0.00464822 -2.13309e-17)
(-0.268581 -0.00404355 -1.34452e-17)
(-0.259637 -0.00346778 8.38478e-18)
(-0.252021 -0.00292849 7.1789e-18)
(-0.24564 -0.00243149 4.33092e-19)
(-0.527157 -0.0137228 3.15747e-17)
(-0.503723 -0.0138355 3.63342e-17)
(-0.480226 -0.0137899 3.86088e-18)
(-0.456932 -0.0135935 -2.56139e-17)
(-0.434089 -0.0132564 -2.25681e-17)
(-0.411925 -0.0127911 7.48019e-18)
(-0.39065 -0.0122121 8.59974e-18)
(-0.370441 -0.0115361 2.02232e-17)
(-0.351451 -0.0107809 2.65979e-18)
(-0.333798 -0.00996535 3.53831e-18)
(-0.317571 -0.00910857 -2.30633e-18)
(-0.302823 -0.00822947 -1.05422e-17)
(-0.289576 -0.00734616 -8.19055e-18)
(-0.277825 -0.00647542 -1.64401e-17)
(-0.267533 -0.00563229 -1.77041e-17)
(-0.258643 -0.00482966 7.18431e-18)
(-0.251076 -0.00407811 1.23585e-17)
(-0.244737 -0.00338573 3.29678e-19)
(-0.524243 -0.0175878 3.05824e-17)
(-0.500926 -0.0177311 3.54435e-17)
(-0.477549 -0.0176714 -8.44488e-19)
(-0.454375 -0.0174184 -2.22603e-17)
(-0.431651 -0.016985 -2.81455e-17)
(-0.409607 -0.0163871 9.92473e-18)
(-0.38845 -0.0156438 1.00473e-17)
(-0.368357 -0.014776 1.91085e-17)
(-0.34948 -0.0138069 3.35138e-18)
(-0.331938 -0.0127606 4.1106e-18)
(-0.315815 -0.0116617 -3.19714e-18)
(-0.301166 -0.0105345 -7.05402e-18)
(-0.288014 -0.00940212 -4.42205e-18)
(-0.276349 -0.00828616 -1.47502e-17)
(-0.266137 -0.00720586 -2.44202e-17)
(-0.257319 -0.00617777 8.72719e-18)
(-0.249816 -0.00521541 8.91301e-18)
(-0.243533 -0.00432915 -1.94749e-19)
(-0.520616 -0.0214292 2.05908e-17)
(-0.497445 -0.0216022 3.87e-17)
(-0.474215 -0.0215278 -1.0327e-17)
(-0.451189 -0.0212175 -2.44719e-17)
(-0.428614 -0.0206873 -3.69904e-17)
(-0.406718 -0.0199568 3.58416e-18)
(-0.385708 -0.0190489 1.34657e-17)
(-0.36576 -0.0179897 7.94105e-18)
(-0.347023 -0.0168071 2.98966e-18)
(-0.329617 -0.0155307 5.05387e-18)
(-0.313625 -0.0141906 -5.4782e-18)
(-0.2991 -0.0128163 -4.99285e-18)
(-0.286064 -0.0114361 -1.08716e-18)
(-0.274507 -0.0100764 -1.58399e-17)
(-0.264394 -0.00876061 -2.41326e-17)
(-0.255665 -0.0075088 3.496e-18)
(-0.248241 -0.00633745 6.50478e-18)
(-0.242028 -0.00525918 -1.65737e-18)
(-0.516285 -0.0252439 1.61011e-17)
(-0.493285 -0.0254456 4.75681e-17)
(-0.47023 -0.0253554 -1.03585e-17)
(-0.447381 -0.0249872 -1.67333e-17)
(-0.424984 -0.0243597 -3.61872e-17)
(-0.403265 -0.0234961 1.46804e-18)
(-0.382429 -0.0224237 1.9275e-17)
(-0.362653 -0.021173 9.63348e-18)
(-0.344085 -0.0197774 3.14023e-18)
(-0.326841 -0.0182717 6.46033e-18)
(-0.311006 -0.0166912 -9.2742e-18)
(-0.296629 -0.0150711 7.95669e-18)
(-0.283731 -0.0134447 2.68936e-18)
(-0.272303 -0.011843 -9.87107e-18)
(-0.262307 -0.0102935 -1.75476e-17)
(-0.253685 -0.00881998 9.76183e-19)
(-0.246356 -0.00744178 5.50612e-18)
(-0.240224 -0.00617367 6.2354e-18)
(-0.511257 -0.0290239 1.42225e-17)
(-0.488457 -0.0292533 4.60691e-17)
(-0.465604 -0.0291467 -1.83975e-17)
(-0.44296 -0.0287201 -1.2289e-17)
(-0.420767 -0.027995 -2.65726e-17)
(-0.399254 -0.0269984 3.46752e-18)
(-0.378621 -0.0257617 1.62034e-17)
(-0.359045 -0.0243203 1.2079e-17)
(-0.340672 -0.0227125 -9.3737e-18)
(-0.323617 -0.0209786 8.96779e-18)
(-0.307962 -0.0191594 -1.53507e-17)
(-0.293756 -0.0172952 1.23663e-17)
(-0.281019 -0.0154245 -4.96264e-18)
(-0.26974 -0.013583 -6.74816e-18)
(-0.259881 -0.0118022 -2.39948e-17)
(-0.251381 -0.0101095 -5.62532e-19)
(-0.24416 -0.00852701 5.63775e-18)
(-0.238124 -0.00707168 5.2336e-18)
(-0.505544 -0.0327558 1.64019e-17)
(-0.482969 -0.0330127 3.53269e-17)
(-0.460346 -0.0328897 -1.96867e-17)
(-0.437933 -0.0324051 -9.49757e-18)
(-0.415974 -0.0315835 -2.01569e-17)
(-0.394694 -0.0304551 1.02196e-17)
(-0.374292 -0.0290556 2.70773e-18)
(-0.354943 -0.0274252 1.53345e-17)
(-0.336792 -0.0256074 -1.30937e-17)
(-0.319951 -0.0236476 1.41079e-17)
(-0.304501 -0.0215922 -1.35351e-17)
(-0.29049 -0.0194867 9.20876e-18)
(-0.277935 -0.0173746 -4.40728e-18)
(-0.266823 -0.0152962 -4.79113e-18)
(-0.257118 -0.0132871 -2.44598e-17)
(-0.248757 -0.0113781 -6.34085e-19)
(-0.241659 -0.00959428 6.85131e-18)
(-0.23573 -0.00795459 4.53799e-18)
(-0.499157 -0.0364675 2.19634e-17)
(-0.476833 -0.0367501 2.8442e-17)
(-0.454466 -0.0366091 -1.34777e-17)
(-0.432313 -0.0360649 -7.59232e-18)
(-0.410615 -0.0351449 -1.62321e-17)
(-0.389595 -0.0338832 6.38369e-18)
(-0.369451 -0.0323197 1.93012e-18)
(-0.350357 -0.0304994 2.16353e-17)
(-0.332453 -0.0284708 -7.64228e-18)
(-0.315852 -0.0262849 1.0976e-17)
(-0.30063 -0.0239934 -1.53667e-17)
(-0.286836 -0.0216471 8.96292e-18)
(-0.274483 -0.0192944 -4.78333e-18)
)
;

boundaryField
{
    inlet
    {
        type            uniformFixedValue;
        uniformValue    constant (1 0 0);
        value           nonuniform 0();
    }
    outlet
    {
        type            pressureInletOutletVelocity;
        value           nonuniform 0();
    }
    polygon
    {
        type            fixedValue;
        value           nonuniform 0();
    }
    top
    {
        type            symmetryPlane;
    }
    bottom
    {
        type            symmetryPlane;
    }
    outside
    {
        type            zeroGradient;
    }
    procBoundary29to21
    {
        type            processor;
        value           nonuniform List<vector> 
19
(
(-0.492588 -0.0400309 1.49198e-17)
(-0.470519 -0.0403273 2.47464e-17)
(-0.448412 -0.0401572 -1.21883e-17)
(-0.426523 -0.0395436 -6.45408e-18)
(-0.405091 -0.0385172 -1.46862e-17)
(-0.384337 -0.037116 5.62537e-18)
(-0.364458 -0.0353845 1.1928e-18)
(-0.345624 -0.0333725 1.98586e-17)
(-0.327974 -0.031134 -5.57066e-18)
(-0.311617 -0.0287251 9.98521e-18)
(-0.29663 -0.0262029 -9.53749e-18)
(-0.283056 -0.0236234 4.92056e-19)
(-0.27091 -0.0210397 -6.52943e-18)
(-0.263559 -0.0169803 7.28392e-18)
(-0.254025 -0.0147445 -1.89391e-17)
(-0.245817 -0.0126211 1.4688e-18)
(-0.238855 -0.0106378 9.91421e-18)
(-0.233044 -0.00881583 4.71419e-18)
(-0.263559 -0.0169803 7.28392e-18)
)
;
    }
    procBoundary29to28
    {
        type            processor;
        value           nonuniform List<vector> 9((-0.241254 -0.000401477 -1.09109e-17) (-0.240965 -0.00119597 -2.09871e-18) (-0.240387 -0.0019808 6.1453e-18) (-0.23952 -0.00275815 5.80576e-18) (-0.238363 -0.00352617 7.35055e-18) (-0.236918 -0.00428269 9.89638e-18) (-0.235184 -0.00502589 4.41632e-18) (-0.233165 -0.00575522 -7.03012e-19) (-0.230862 -0.00647223 -6.59031e-18));
    }
    procBoundary29to30
    {
        type            processor;
        value           nonuniform List<vector> 10((-0.554829 -0.00199104 -1.32379e-17) (-0.554064 -0.00582533 -1.18656e-17) (-0.552538 -0.0096405 -1.23666e-17) (-0.550257 -0.0134471 -1.23033e-17) (-0.547228 -0.0172355 -1.07379e-17) (-0.543458 -0.0210013 1.14415e-17) (-0.538957 -0.0247415 2.19076e-17) (-0.533735 -0.0284483 2.24516e-17) (-0.527801 -0.0321075 1.20454e-17) (-0.521169 -0.0357482 6.54772e-18));
    }
    procBoundary29to37
    {
        type            processor;
        value           nonuniform List<vector> 
18
(
(-0.531553 0.00202939 -1.96101e-17)
(-0.507938 0.00204569 2.50261e-18)
(-0.484261 0.0020384 -8.11096e-18)
(-0.460784 0.00200868 -2.33487e-17)
(-0.437758 0.00195808 -1.62975e-17)
(-0.415414 0.00188851 -3.57549e-18)
(-0.393959 0.00180219 -3.42169e-18)
(-0.373574 0.0017016 -1.29195e-18)
(-0.354413 0.00158943 2.45998e-17)
(-0.336595 0.00146848 3.92776e-18)
(-0.320209 0.00134158 -9.10147e-18)
(-0.30531 0.00121152 -2.27998e-18)
(-0.291923 0.00108095 -1.16457e-17)
(-0.28004 0.000952335 -2.32966e-17)
(-0.269628 0.000827854 -5.9799e-18)
(-0.26063 0.000709376 -1.934e-17)
(-0.252966 0.000598423 -3.72717e-18)
(-0.246543 0.000496146 -8.35428e-19)
)
;
    }
}


// ************************************************************************* //
