/*--------------------------------*- C++ -*----------------------------------*\
  =========                 |
  \\      /  F ield         | OpenFOAM: The Open Source CFD Toolbox
   \\    /   O peration     | Website:  https://openfoam.org
    \\  /    A nd           | Version:  7
     \\/     M anipulation  |
\*---------------------------------------------------------------------------*/
FoamFile
{
    version     2.0;
    format      ascii;
    class       volVectorField;
    location    "114";
    object      U;
}
// * * * * * * * * * * * * * * * * * * * * * * * * * * * * * * * * * * * * * //

dimensions      [0 1 -1 0 0 0 0];

internalField   nonuniform List<vector> 
125
(
(1.00427 0.000305723 -8.55486e-17)
(0.96195 0.000668272 -1.55358e-17)
(0.992907 0.000597615 -8.63721e-18)
(0.938372 0.00151411 2.17521e-17)
(0.963323 0.00127121 3.53681e-17)
(0.892616 0.00368249 -7.59469e-17)
(0.88398 0.0032 -1.15598e-16)
(1.00554 5.52353e-05 2.86448e-17)
(0.993596 -4.62261e-05 -1.18511e-17)
(1.00677 0.000123516 6.99277e-17)
(0.991314 -1.79017e-06 6.51415e-17)
(1.00798 0.000183555 -3.54454e-17)
(0.987995 0.000100896 -1.15244e-17)
(1.00873 0.000284035 -3.32397e-18)
(0.982976 0.000317913 -8.91462e-18)
(1.00816 0.000467116 2.34922e-17)
(0.975032 0.00077609 -3.56112e-17)
(1.00438 0.00082611 -4.3952e-17)
(0.961734 0.00175397 -5.78261e-18)
(0.993049 0.0015779 3.77543e-18)
(0.937967 0.00396268 3.81413e-18)
(0.963524 0.00331275 1.29162e-17)
(0.891729 0.00963221 -1.15868e-16)
(0.884493 0.00835354 -5.62188e-17)
(1.00556 9.26768e-05 -1.71845e-17)
(0.993566 -7.82549e-05 -3.01817e-17)
(1.0068 0.000207302 3.90703e-17)
(0.991262 -3.17568e-06 8.47526e-17)
(1.00805 0.000307123 2.6829e-18)
(0.98791 0.000166551 -2.80262e-18)
(1.00883 0.000476665 -5.66851e-18)
(0.982838 0.000528429 -9.05142e-18)
(1.00832 0.000788692 3.7411e-17)
(0.974804 0.00129526 1.3258e-17)
(1.00462 0.0014056 -2.0287e-17)
(0.961345 0.00293652 1.25152e-17)
(0.993416 0.00270822 2.41383e-17)
(0.93726 0.00665016 -1.1235e-17)
(0.964145 0.00574314 -2.7029e-17)
(0.890265 0.0161864 -1.30293e-16)
(0.886068 0.0146069 -5.86431e-18)
(1.00559 0.000130854 3.37707e-18)
(0.993524 -0.000111966 -5.3874e-17)
(1.00686 0.000293068 5.39637e-17)
(0.991189 -9.2527e-06 5.59767e-17)
(1.00814 0.000433995 1.99811e-17)
(0.987792 0.000224527 3.16658e-18)
(1.00898 0.00067442 -9.45236e-18)
(0.982644 0.000724193 -4.50679e-18)
(1.00857 0.00111684 -1.23682e-17)
(0.974483 0.00178489 -3.62777e-17)
(1.005 0.00199145 -6.56925e-18)
(0.960801 0.00405699 4.65427e-17)
(0.994023 0.00384187 4.91612e-17)
(0.936287 0.00919757 -4.04559e-17)
(0.965229 0.00817753 -3.39586e-18)
(0.888334 0.0223943 -1.10465e-16)
(0.888793 0.0208799 -6.88093e-17)
(1.00562 0.000169918 1.60758e-17)
(0.993474 -0.000147524 -9.67214e-18)
(1.00692 0.000381246 3.50354e-17)
(0.9911 -1.72603e-05 4.69161e-17)
(1.00826 0.000565023 3.62422e-17)
(0.987647 0.000278165 2.62815e-18)
(1.00918 0.000879657 -2.21945e-17)
(0.982405 0.000913529 -1.99168e-18)
(1.00889 0.00145988 1.43806e-17)
(0.974086 0.00226624 -1.54041e-17)
(1.00552 0.00260923 2.1442e-17)
(0.96013 0.00516891 2.47902e-17)
(0.994883 0.00504931 8.10081e-17)
(0.935102 0.0117388 -6.49948e-18)
(0.966817 0.0107983 6.75005e-18)
(0.886084 0.0285897 -5.16559e-17)
(0.892744 0.0276399 -3.57134e-17)
(1.00566 0.000209959 3.8834e-17)
(0.993419 -0.000185347 3.36358e-17)
(1.007 0.000472279 4.98171e-17)
(0.991001 -2.98825e-05 6.1377e-17)
(1.00839 0.00070077 5.97858e-17)
(0.987483 0.000324814 -9.90319e-18)
(1.00941 0.00109356 -4.68262e-17)
(0.982133 0.00109144 8.22769e-18)
(1.00928 0.00181869 4.33253e-17)
(0.973631 0.0027287 -1.77271e-18)
(1.00617 0.00325633 7.22795e-17)
(0.959358 0.00624801 3.37477e-17)
(0.995988 0.00631503 5.4812e-17)
(0.933752 0.0142147 7.84506e-18)
(0.968908 0.0135492 9.20978e-18)
(0.883625 0.034616 -2.78481e-17)
(0.897918 0.0346921 -1.64755e-17)
(1.0057 0.000250942 1.28312e-17)
(0.993366 -0.000225546 1.09588e-17)
(1.00708 0.000566337 7.49616e-18)
(0.990898 -4.70022e-05 2.50834e-17)
(1.00854 0.000841449 9.9527e-17)
(0.987311 0.000363694 3.5266e-17)
(1.00967 0.00131651 -6.23539e-18)
(0.981843 0.00125669 4.34903e-17)
(1.00972 0.00219454 9.60592e-17)
(0.973141 0.00317053 1.42225e-17)
(1.00693 0.0039366 8.01443e-17)
(0.958522 0.00729231 5.09781e-17)
(0.997321 0.00764868 4.98299e-17)
(0.932299 0.0166239 1.27545e-17)
(0.971482 0.0164496 1.20219e-17)
(0.881077 0.0404669 -2.73456e-17)
(0.904286 0.0420597 -7.83371e-18)
(1.00573 0.000292882 -1.25825e-18)
(0.993317 -0.000268267 -8.26216e-18)
(1.00716 0.000664571 5.84504e-17)
(0.990799 -6.84436e-05 1.8819e-17)
(1.00869 0.000988066 1.06982e-16)
(0.987142 0.000394524 7.42554e-17)
(1.00994 0.00154904 3.26637e-17)
(0.981553 0.00140805 3.50176e-17)
(1.0102 0.00258708 1.05352e-16)
(0.972644 0.00358827 3.10634e-17)
(1.00778 0.00464814 5.18806e-17)
(0.957666 0.0082937 8.93583e-17)
(0.998853 0.00904549 6.00087e-17)
(0.930814 0.0189482 1.87906e-17)
(0.974505 0.0194846 1.06269e-17)
(0.878566 0.0460945 -4.89686e-17)
)
;

boundaryField
{
    inlet
    {
        type            uniformFixedValue;
        uniformValue    constant (1 0 0);
        value           uniform (1 0 0);
    }
    outlet
    {
        type            pressureInletOutletVelocity;
        value           nonuniform 0();
    }
    polygon
    {
        type            fixedValue;
        value           nonuniform 0();
    }
    top
    {
        type            symmetryPlane;
    }
    bottom
    {
        type            symmetryPlane;
    }
    outside
    {
        type            zeroGradient;
    }
    procBoundary32to24
    {
        type            processor;
        value           nonuniform List<vector> 
18
(
(1.00553 1.79506e-05 7.74084e-18)
(0.993613 -1.41728e-05 7.38663e-18)
(1.00675 4.09348e-05 6.82859e-17)
(0.991341 1.35463e-06 5.5539e-17)
(1.00795 6.23843e-05 -2.33514e-17)
(0.98804 4.05021e-05 -1.96816e-17)
(1.00868 9.92386e-05 -1.8627e-18)
(0.98305 0.000122318 -8.6878e-18)
(1.00809 0.000168038 1.74523e-17)
(0.975157 0.000295776 -2.64144e-17)
(0.975157 0.000295776 -2.64144e-17)
(1.00427 -0.000302282 -7.68315e-17)
(0.96195 -0.00066256 -1.70376e-17)
(0.992907 -0.000593497 -1.55518e-17)
(0.938372 -0.00150652 5.78431e-17)
(0.963323 -0.00126579 -4.12221e-17)
(0.892616 -0.0036724 -7.76233e-18)
(0.88398 -0.00319208 -9.68428e-17)
)
;
    }
    procBoundary32to33
    {
        type            processor;
        value           nonuniform List<vector> 7((0.789391 0.0104309 -6.20289e-18) (0.78712 0.0277814 -3.1813e-17) (0.783863 0.0467207 -8.10068e-17) (0.780081 0.0648478 -5.48316e-17) (0.776193 0.0828739 -4.73325e-17) (0.772436 0.100347 -6.67996e-17) (0.768992 0.117127 1.86645e-17));
    }
    procBoundary32to40
    {
        type            processor;
        value           nonuniform List<vector> 
18
(
(0.911802 0.0496827 4.20781e-18)
(1.00575 0.000336393 -1.70676e-17)
(0.99328 -0.000316509 -1.81787e-17)
(1.00722 0.00076936 6.07044e-17)
(0.990713 -9.68295e-05 3.04155e-17)
(1.00883 0.0011445 9.70866e-17)
(0.986989 0.000414703 4.89231e-17)
(1.01022 0.00179795 -9.52509e-18)
(0.981284 0.0015406 -2.65108e-17)
(1.0107 0.00300653 8.14532e-17)
(0.972173 0.00397396 5.25304e-17)
(1.00869 0.00540242 6.25128e-17)
(0.956845 0.00923699 8.35253e-17)
(1.00055 0.0105123 8.7036e-17)
(0.929389 0.0211523 2.27496e-17)
(0.977937 0.022634 9.55947e-19)
(0.911802 0.0496827 4.20781e-18)
(0.876253 0.0513978 -1.04795e-16)
)
;
    }
}


// ************************************************************************* //
