/*--------------------------------*- C++ -*----------------------------------*\
  =========                 |
  \\      /  F ield         | OpenFOAM: The Open Source CFD Toolbox
   \\    /   O peration     | Website:  https://openfoam.org
    \\  /    A nd           | Version:  7
     \\/     M anipulation  |
\*---------------------------------------------------------------------------*/
FoamFile
{
    version     2.0;
    format      ascii;
    class       volVectorField;
    location    "116";
    object      U;
}
// * * * * * * * * * * * * * * * * * * * * * * * * * * * * * * * * * * * * * //

dimensions      [0 1 -1 0 0 0 0];

internalField   nonuniform List<vector> 
125
(
(-0.190714 -0.002448 2.17885e-18)
(-0.188482 -0.00287109 8.93208e-19)
(-0.185996 -0.00339153 -3.50602e-18)
(-0.183221 -0.00402617 1.5688e-17)
(-0.197114 -0.00113655 3.52632e-18)
(-0.196168 -0.00119446 8.03248e-18)
(-0.195159 -0.0012523 5.27624e-18)
(-0.194079 -0.00131213 3.67791e-18)
(-0.192919 -0.00137705 2.864e-18)
(-0.19167 -0.00145103 5.45546e-18)
(-0.190324 -0.00153913 4.19828e-18)
(-0.188868 -0.00164732 4.39148e-18)
(-0.187291 -0.00178264 2.8903e-18)
(-0.185579 -0.0019531 5.29408e-18)
(-0.183717 -0.00216798 -3.75338e-18)
(-0.181689 -0.00243751 2.62583e-18)
(-0.179475 -0.00277323 2.51189e-18)
(-0.177054 -0.00318751 2.52804e-18)
(-0.174405 -0.00369431 1.74944e-18)
(-0.171499 -0.00430954 -2.63772e-19)
(-0.168307 -0.00505165 8.18899e-18)
(-0.18657 -0.00146587 7.38633e-18)
(-0.185292 -0.00154398 4.26119e-18)
(-0.183936 -0.00162436 6.87049e-18)
(-0.182494 -0.00170932 4.33701e-18)
(-0.180958 -0.00180224 3.66278e-18)
(-0.17932 -0.00190742 4.75408e-18)
(-0.177569 -0.00203031 4.34731e-18)
(-0.175695 -0.00217733 4.59483e-18)
(-0.173687 -0.00235603 3.7017e-18)
(-0.17153 -0.002575 1.18221e-17)
(-0.169212 -0.00284413 1.71079e-18)
(-0.166715 -0.00317429 3.64562e-18)
(-0.164023 -0.00357772 3.64786e-18)
(-0.161117 -0.00406767 4.09001e-18)
(-0.157975 -0.00465909 3.92297e-18)
(-0.154575 -0.00536898 2.66944e-18)
(-0.150891 -0.00621716 6.49119e-18)
(-0.174475 -0.0018855 3.46501e-18)
(-0.172812 -0.00198828 1.73913e-18)
(-0.171054 -0.00209572 1.2545e-17)
(-0.169194 -0.00221039 6.75192e-18)
(-0.167223 -0.00233598 6.09775e-18)
(-0.165134 -0.00247717 6.81657e-18)
(-0.162915 -0.00263982 6.58509e-18)
(-0.160557 -0.00283082 7.04857e-18)
(-0.158049 -0.00305824 6.65019e-18)
(-0.155378 -0.00333126 1.04668e-17)
(-0.152529 -0.00366033 6.36178e-18)
(-0.149489 -0.00405695 6.90199e-18)
(-0.146242 -0.00453399 7.37508e-18)
(-0.14277 -0.00510545 7.22269e-18)
(-0.139055 -0.00578708 7.88702e-18)
(-0.135077 -0.00659674 7.06879e-18)
(-0.130817 -0.00755516 8.73878e-18)
(-0.152402 -0.00289771 3.53846e-19)
(-0.150052 -0.00305497 -1.13952e-18)
(-0.147578 -0.00322089 1.34043e-17)
(-0.144974 -0.00339838 1.50591e-17)
(-0.142231 -0.00359154 1.52081e-17)
(-0.13934 -0.00380553 1.57189e-17)
(-0.136292 -0.00404672 1.64011e-17)
(-0.133078 -0.0043226 1.66615e-17)
(-0.129686 -0.00464183 1.71597e-17)
(-0.126104 -0.00501419 1.81521e-17)
(-0.122321 -0.00545073 1.75246e-17)
(-0.118322 -0.00596346 1.80124e-17)
(-0.114096 -0.0065657 1.87451e-17)
(-0.109627 -0.00727191 1.90131e-17)
(-0.104903 -0.00809816 1.94985e-17)
(-0.0999093 -0.00906249 1.99331e-17)
(-0.112252 -0.00482907 -2.00239e-18)
(-0.108626 -0.00508445 -1.1006e-17)
(-0.104824 -0.00535353 3.11539e-18)
(-0.100838 -0.00563947 5.88259e-18)
(-0.096659 -0.00594664 6.26341e-18)
(-0.0922791 -0.00628056 6.37949e-18)
(-0.0876884 -0.00664798 6.77136e-18)
(-0.0828769 -0.00705679 6.96298e-18)
(-0.0778339 -0.00751603 7.16814e-18)
(-0.0725484 -0.00803585 7.40853e-18)
(-0.0670091 -0.00862765 7.67695e-18)
(-0.0612047 -0.00930338 7.5978e-18)
(-0.0551243 -0.0100764 7.94883e-18)
(-0.0487576 -0.0109608 8.08389e-18)
(-0.0420957 -0.0119719 8.08282e-18)
(-0.0351318 -0.0131266 8.67389e-18)
(-0.0615104 -0.00784519 -5.74903e-19)
(-0.0562379 -0.00824363 -1.02942e-18)
(-0.0507214 -0.00866143 1.2837e-17)
(-0.0449518 -0.00910211 1.49597e-17)
(-0.0389193 -0.0095704 1.51702e-17)
(-0.0326136 -0.0100722 1.60216e-17)
(-0.0260236 -0.0106146 1.64221e-17)
(-0.019138 -0.0112059 1.68804e-17)
(-0.0119446 -0.0118553 1.72674e-17)
(-0.00443146 -0.0125731 1.73721e-17)
(0.00341413 -0.0133704 1.82377e-17)
(0.0116042 -0.0142591 1.88012e-17)
(0.0201501 -0.0152516 1.95967e-17)
(0.0290624 -0.0163611 1.93557e-17)
(0.03835 -0.0176013 1.98471e-17)
(0.0480196 -0.0189865 2.03086e-17)
(0.00116933 -0.0121307 -1.29527e-19)
(0.00850478 -0.0127254 4.52407e-19)
(0.0161696 -0.0133465 4.78534e-18)
(0.0241756 -0.0139977 3.58923e-18)
(0.0325354 -0.0146845 3.84229e-18)
(0.0412628 -0.015413 3.75413e-18)
(0.0503722 -0.016191 4.08441e-18)
(0.0598789 -0.0170271 4.14706e-18)
(0.0697991 -0.0179308 4.26312e-18)
(0.0801496 -0.0189125 4.27594e-18)
(0.0909477 -0.0199832 4.89699e-18)
(0.102211 -0.0211547 5.25764e-18)
(0.113958 -0.022439 6.54281e-18)
(0.126207 -0.0238483 4.8992e-18)
(0.138977 -0.0253953 5.05287e-18)
(0.152286 -0.0270929 5.40629e-18)
(0.0771187 -0.017993 3.52791e-19)
(0.0869648 -0.0188497 1.81053e-18)
(0.0972443 -0.019742 1.21412e-17)
(0.107974 -0.0206745 1.53411e-18)
(0.119171 -0.0216532 1.27739e-18)
(0.130854 -0.0226854 1.13342e-18)
)
;

boundaryField
{
    inlet
    {
        type            uniformFixedValue;
        uniformValue    constant (1 0 0);
        value           nonuniform 0();
    }
    outlet
    {
        type            pressureInletOutletVelocity;
        value           nonuniform 0();
    }
    polygon
    {
        type            fixedValue;
        value           nonuniform 0();
    }
    top
    {
        type            symmetryPlane;
    }
    bottom
    {
        type            symmetryPlane;
    }
    outside
    {
        type            zeroGradient;
    }
    procBoundary19to11
    {
        type            processor;
        value           nonuniform List<vector> 
17
(
(0.143045 -0.0237793 9.76887e-19)
(0.155765 -0.0249444 1.2252e-18)
(0.169039 -0.0261909 1.42598e-18)
(0.182892 -0.0275301 1.37713e-18)
(0.197351 -0.0289736 1.90972e-18)
(0.212447 -0.030534 4.37622e-18)
(0.228212 -0.0322241 1.52573e-17)
(0.244684 -0.0340575 6.01051e-19)
(0.261903 -0.0360485 1.54673e-18)
(0.27992 -0.0382123 1.72616e-18)
(0.167425 -0.0257538 4.16858e-19)
(0.180224 -0.0269511 1.11608e-18)
(0.193577 -0.0281969 2.98708e-18)
(0.207506 -0.0294969 7.65482e-19)
(0.222035 -0.0308584 8.44137e-19)
(0.143045 -0.0237793 9.76887e-19)
(0.237191 -0.0322899 6.6304e-19)
)
;
    }
    procBoundary19to18
    {
        type            processor;
        value           nonuniform List<vector> 7((-0.146896 -0.0072271 1.06243e-17) (-0.126253 -0.00868689 1.0426e-17) (-0.0946336 -0.0101856 2.07635e-17) (-0.0946336 -0.0101856 2.07635e-17) (-0.0278621 -0.0144431 9.14479e-18) (0.0580745 -0.0205319 2.06911e-17) (0.166155 -0.0289541 5.72153e-18));
    }
    procBoundary19to20
    {
        type            processor;
        value           nonuniform List<vector> 8((-0.198003 -0.00107741 3.91681e-18) (-0.187777 -0.00138868 2.26047e-18) (-0.17605 -0.0017858 9.52268e-19) (-0.154635 -0.00274723 -1.5045e-18) (-0.115709 -0.00458532 -1.08876e-17) (-0.0665476 -0.00746376 -2.05023e-18) (-0.00584782 -0.0115595 -3.10051e-19) (0.0676912 -0.0171684 1.28401e-20));
    }
    procBoundary19to26
    {
        type            processor;
        value           nonuniform List<vector> 2((-0.180119 -0.00479495 2.79802e-19) (-0.164797 -0.00594258 -2.5554e-18));
    }
    procBoundary19to27
    {
        type            processor;
        value           nonuniform List<vector> 
18
(
(-0.202211 -0.00183358 2.48962e-18)
(-0.200328 -0.002175 4.52805e-19)
(-0.198191 -0.00260176 -1.02149e-17)
(-0.195765 -0.00312882 1.74967e-17)
(-0.206179 -0.000901772 1.46314e-18)
(-0.205517 -0.000943734 3.76274e-18)
(-0.204803 -0.000983281 5.60824e-18)
(-0.204031 -0.0010222 5.05812e-18)
(-0.203191 -0.00106332 3.35436e-18)
(-0.202276 -0.00111022 9.37434e-18)
(-0.201274 -0.00116757 5.93117e-18)
(-0.200174 -0.00124085 6.16885e-18)
(-0.198965 -0.00133652 3.55112e-18)
(-0.197632 -0.00146196 2.11926e-18)
(-0.196159 -0.00162579 3.1802e-18)
(-0.194529 -0.00183744 4.61703e-18)
(-0.192721 -0.00210774 2.33496e-18)
(-0.192721 -0.00210774 2.33496e-18)
)
;
    }
}


// ************************************************************************* //
