/*--------------------------------*- C++ -*----------------------------------*\
  =========                 |
  \\      /  F ield         | OpenFOAM: The Open Source CFD Toolbox
   \\    /   O peration     | Website:  https://openfoam.org
    \\  /    A nd           | Version:  7
     \\/     M anipulation  |
\*---------------------------------------------------------------------------*/
FoamFile
{
    version     2.0;
    format      ascii;
    class       volVectorField;
    location    "116";
    object      U;
}
// * * * * * * * * * * * * * * * * * * * * * * * * * * * * * * * * * * * * * //

dimensions      [0 1 -1 0 0 0 0];

internalField   nonuniform List<vector> 
115
(
(-0.314917 -1.98278e-05 5.4798e-20)
(-0.314998 -7.95307e-05 1.78146e-19)
(-0.315221 -0.000172165 2.45379e-19)
(-0.315626 -0.000244959 1.01952e-18)
(-0.316147 -0.000282153 -4.07406e-19)
(-0.316718 -0.000280036 9.8082e-19)
(-0.317271 -0.000240735 8.03824e-19)
(-0.317745 -0.000170488 -7.12105e-19)
(-0.318087 -7.66821e-05 1.82716e-18)
(-0.318259 3.31856e-05 2.75087e-18)
(-0.318232 0.000152507 3.71618e-19)
(-0.317981 0.00027828 1.95653e-18)
(-0.317494 0.000405687 2.11923e-18)
(-0.316765 0.000532132 2.97562e-18)
(-0.315795 0.000655633 5.63145e-19)
(-0.314586 0.00077482 3.00022e-18)
(-0.313147 0.000888778 7.00785e-18)
(-0.318091 -6.12469e-06 -3.94193e-20)
(-0.318157 -2.23958e-05 8.65922e-20)
(-0.318356 -4.65608e-05 -2.18081e-19)
(-0.318724 -6.25849e-05 -5.28425e-20)
(-0.319203 -6.64556e-05 3.66171e-20)
(-0.31973 -5.83143e-05 -9.85573e-19)
(-0.320239 -4.00777e-05 5.58989e-19)
(-0.320671 -1.47307e-05 -2.07607e-19)
(-0.320973 1.47267e-05 1.32844e-18)
(-0.321107 4.48869e-05 -2.59603e-19)
(-0.321041 7.63455e-05 2.28736e-19)
(-0.320752 0.000105486 -5.15183e-19)
(-0.320228 0.000132242 -4.64109e-19)
(-0.319462 0.000156582 -3.33518e-19)
(-0.318454 0.000178606 -1.29271e-18)
(-0.317207 0.000198555 -1.16206e-18)
(-0.315728 0.000216819 -1.04098e-18)
(-0.299686 -6.70639e-05 -3.82847e-20)
(-0.299856 -0.000236233 5.47163e-19)
(-0.300213 -0.000494112 4.73462e-20)
(-0.300815 -0.000696031 1.18745e-18)
(-0.301552 -0.000806907 1.65942e-19)
(-0.302342 -0.0008186 5.82999e-20)
(-0.30311 -0.000736715 -7.02156e-19)
(-0.303788 -0.000576066 -2.6083e-18)
(-0.304326 -0.00035402 1.26269e-18)
(-0.304684 -8.66753e-05 9.07893e-19)
(-0.304837 0.000208375 -2.39789e-18)
(-0.304766 0.000522583 5.997e-19)
(-0.304456 0.000845399 -2.3266e-18)
(-0.303907 0.00116954 3.32634e-18)
(-0.303118 0.00148923 -1.63958e-18)
(-0.302094 0.00180003 9.12435e-19)
(-0.300843 0.00209859 2.16216e-18)
(-0.308693 -3.9128e-05 -1.37884e-20)
(-0.308806 -0.000149488 4.88327e-19)
(-0.309081 -0.00031956 -3.08746e-19)
(-0.309562 -0.000454812 1.2052e-18)
(-0.31017 -0.000528683 8.38109e-19)
(-0.310829 -0.000534425 1.37617e-18)
(-0.311469 -0.00047517 1.4593e-18)
(-0.312026 -0.000360934 -2.19669e-18)
(-0.312449 -0.000203767 5.18765e-19)
(-0.312698 -1.44108e-05 2.90253e-18)
(-0.312745 0.000192045 -2.63938e-19)
(-0.312568 0.000412373 7.62656e-19)
(-0.312154 0.000638287 -8.32403e-20)
(-0.311499 0.000864693 1.84137e-18)
(-0.310603 0.00108765 2.10266e-18)
(-0.30947 0.00130415 3.68057e-18)
(-0.308108 0.00151202 5.96588e-18)
(-0.274943 -0.000173719 -1.04813e-19)
(-0.275338 -0.000506522 2.39634e-19)
(-0.275974 -0.000985663 8.44251e-19)
(-0.276949 -0.00133884 7.62562e-19)
(-0.278069 -0.00152513 -7.16462e-19)
(-0.279227 -0.00154295 -6.93433e-19)
(-0.280342 -0.00140913 -1.96546e-19)
(-0.281344 -0.00115139 -2.08761e-18)
(-0.282188 -0.00079859 -3.07383e-19)
(-0.282837 -0.000377054 1.36829e-18)
(-0.283272 9.25776e-05 -3.66539e-18)
(-0.283481 0.000582617 -7.46856e-20)
(-0.283451 0.00108769 -4.01382e-20)
(-0.283185 0.00159487 -1.67778e-18)
(-0.282682 0.00209493 -3.51008e-18)
(-0.281951 0.00258097 1.01866e-19)
(-0.280997 0.00304777 -2.8953e-18)
(-0.288275 -0.000110338 -5.47417e-20)
(-0.288535 -0.000353893 4.87966e-19)
(-0.289012 -0.000715778 3.28372e-19)
(-0.289779 -0.000992073 7.22974e-19)
(-0.290689 -0.00114231 -8.41052e-19)
(-0.291648 -0.0011597 -1.26176e-18)
(-0.292576 -0.00105427 -4.23033e-19)
(-0.293406 -0.000846732 -1.60862e-18)
(-0.294086 -0.000559955 9.27503e-20)
(-0.294581 -0.000215123 -8.12036e-19)
(-0.294866 0.000167262 -2.16121e-18)
(-0.294926 0.000571571 1.84599e-18)
(-0.294747 0.000987063 -6.3169e-19)
(-0.294329 0.00140469 2.69421e-18)
(-0.293674 0.0018169 -1.38445e-18)
(-0.292786 0.00221785 1.43914e-19)
(-0.291673 0.00260315 -1.88109e-19)
(-0.26914 -0.00109057 -8.09745e-20)
(-0.269955 -0.000592972 -7.56106e-20)
(-0.27055 -3.83482e-05 -4.04079e-18)
(-0.270917 0.000532443 -6.97095e-19)
(-0.271048 0.00111919 3.58233e-19)
(-0.270944 0.00170863 -1.68975e-18)
(-0.270607 0.00228962 -1.77544e-18)
(-0.270043 0.00285418 1.12742e-18)
(-0.269262 0.00339634 -1.75679e-18)
(-0.31808 6.60795e-06 8.53385e-20)
(-0.318146 3.3469e-05 7.03924e-20)
(-0.318346 7.67545e-05 3.55074e-19)
(-0.318715 0.000117689 9.56178e-19)
)
;

boundaryField
{
    inlet
    {
        type            uniformFixedValue;
        uniformValue    constant (1 0 0);
        value           nonuniform 0();
    }
    outlet
    {
        type            pressureInletOutletVelocity;
        value           nonuniform List<vector> 7((-0.314917 0 0) (-0.318091 0 0) (-0.299686 0 0) (-0.308693 0 0) (-0.274943 0 0) (-0.288275 0 0) (-0.31808 0 0));
    }
    polygon
    {
        type            fixedValue;
        value           nonuniform 0();
    }
    top
    {
        type            symmetryPlane;
    }
    bottom
    {
        type            symmetryPlane;
    }
    outside
    {
        type            zeroGradient;
    }
    procBoundary39to31
    {
        type            processor;
        value           nonuniform List<vector> 
18
(
(-0.319196 0.000148097 4.32239e-19)
(-0.319724 0.000163683 -9.8219e-19)
(-0.320235 0.000162416 1.52089e-18)
(-0.320668 0.000144318 6.88071e-20)
(-0.320972 0.000110624 2.57518e-18)
(-0.321106 6.34662e-05 1.3755e-18)
(-0.321041 5.63072e-06 4.47867e-19)
(-0.320754 -6.14267e-05 2.72194e-18)
(-0.320231 -0.000135069 3.55123e-18)
(-0.319466 -0.000212927 3.18552e-18)
(-0.318459 -0.0002928 2.74865e-18)
(-0.317212 -0.000372744 1.55968e-18)
(-0.315734 -0.000451012 -2.10017e-18)
(-0.314885 2.03786e-05 9.65579e-20)
(-0.314966 9.10541e-05 1.74764e-19)
(-0.315192 0.000203201 8.94386e-20)
(-0.319196 0.000148097 4.32239e-19)
(-0.3156 0.000301247 1.04377e-18)
)
;
    }
    procBoundary39to38
    {
        type            processor;
        value           nonuniform List<vector> 7((-0.311487 0.000996932 -1.37155e-18) (-0.314028 0.000233856 -3.75156e-18) (-0.299374 0.00238246 -4.4051e-18) (-0.306526 0.00170968 -3.69853e-18) (-0.279833 0.00349141 -4.71438e-18) (-0.290346 0.00296953 -3.03302e-18) (-0.268272 0.00391159 -2.83034e-18));
    }
    procBoundary39to47
    {
        type            processor;
        value           nonuniform List<vector> 
18
(
(-0.260247 -0.00026535 -5.42804e-20)
(-0.260832 -0.000711925 3.36301e-19)
(-0.261665 -0.00132042 9.40093e-19)
(-0.262888 -0.00175394 1.17445e-18)
(-0.264244 -0.0019725 -1.56624e-18)
(-0.265622 -0.00198582 -5.69423e-19)
(-0.266937 -0.00181976 -8.68015e-20)
(-0.268124 -0.00150974 -8.07816e-19)
(-0.255476 -0.00141149 1.84995e-19)
(-0.256458 -0.000841034 -1.56318e-18)
(-0.257215 -0.000210618 -2.9125e-18)
(-0.257742 0.000443326 -8.23277e-19)
(-0.258036 0.00110796 1.26992e-18)
(-0.258097 0.0017743 -3.16744e-18)
(-0.257929 0.00243063 -1.00274e-18)
(-0.257538 0.00306807 3.52668e-18)
(-0.256932 0.00367996 -2.74724e-18)
(-0.268124 -0.00150974 -8.07816e-19)
)
;
    }
}


// ************************************************************************* //
