/*--------------------------------*- C++ -*----------------------------------*\
  =========                 |
  \\      /  F ield         | OpenFOAM: The Open Source CFD Toolbox
   \\    /   O peration     | Website:  https://openfoam.org
    \\  /    A nd           | Version:  7
     \\/     M anipulation  |
\*---------------------------------------------------------------------------*/
FoamFile
{
    version     2.0;
    format      ascii;
    class       volVectorField;
    location    "28";
    object      U;
}
// * * * * * * * * * * * * * * * * * * * * * * * * * * * * * * * * * * * * * //

dimensions      [0 1 -1 0 0 0 0];

internalField   nonuniform List<vector> 
115
(
(0.830724 -0.0745726 -2.41938e-19)
(0.784449 -0.0766146 -2.26763e-18)
(0.772947 -0.0767625 -3.31974e-18)
(0.736825 -0.0799912 5.6386e-18)
(0.716144 -0.0814999 1.56649e-17)
(0.68376 -0.0852862 -6.108e-18)
(0.657333 -0.088145 1.51736e-18)
(0.625155 -0.0924569 2.38889e-18)
(0.594489 -0.0964623 7.43292e-18)
(0.560549 -0.101375 2.85345e-17)
(0.526096 -0.10634 1.58575e-17)
(0.489253 -0.111904 -4.70522e-18)
(0.450956 -0.117683 -6.55271e-18)
(0.410481 -0.123883 1.78731e-17)
(0.368084 -0.130327 -7.50007e-18)
(0.32347 -0.137049 -2.04788e-17)
(0.276674 -0.143905 2.97066e-17)
(0.828885 -0.0664222 -1.62513e-18)
(0.782224 -0.0680519 -6.51671e-18)
(0.770722 -0.0683839 -6.46314e-18)
(0.734258 -0.0710807 1.82812e-18)
(0.71351 -0.0725321 1.64215e-17)
(0.680848 -0.075804 -3.18205e-18)
(0.654285 -0.0783906 4.40878e-18)
(0.621855 -0.0821762 5.92293e-18)
(0.67947 -0.200167 1.43525e-18)
(0.65335 -0.208803 1.66241e-18)
(0.628319 -0.217906 4.64719e-18)
(0.601099 -0.228011 1.08206e-17)
(0.573626 -0.238709 2.64354e-17)
(0.544669 -0.25022 3.7461e-18)
(0.5149 -0.262351 2.37105e-17)
(0.483867 -0.275167 -7.20939e-18)
(0.451767 -0.288549 -1.6658e-20)
(0.418422 -0.302459 3.5884e-19)
(0.82754 -0.153767 1.7594e-18)
(0.788058 -0.157055 2.23718e-18)
(0.777454 -0.15948 2.93951e-18)
(0.746747 -0.164518 1.48737e-18)
(0.728304 -0.169221 2.93504e-18)
(0.700654 -0.175766 -1.3437e-18)
(0.677574 -0.182453 1.54845e-18)
(0.650118 -0.190432 2.06362e-18)
(0.623808 -0.198837 3.97527e-18)
(0.595098 -0.208206 6.85085e-18)
(0.566059 -0.218131 9.06456e-18)
(0.535344 -0.228834 1.78266e-18)
(0.503659 -0.240122 7.14645e-18)
(0.470497 -0.252059 -3.68801e-18)
(0.436052 -0.264524 1.27146e-18)
(0.400116 -0.277475 1.87579e-18)
(0.831355 -0.138172 3.86122e-18)
(0.790076 -0.14106 4.6104e-18)
(0.779133 -0.143176 9.79991e-18)
(0.747032 -0.147738 4.05035e-18)
(0.727901 -0.151923 1.27107e-17)
(0.69901 -0.157878 -1.35451e-18)
(0.674973 -0.163902 3.124e-18)
(0.646257 -0.171173 4.15314e-18)
(0.618742 -0.1788 6.79977e-18)
(0.588623 -0.18735 1.42234e-17)
(0.558106 -0.196398 3.01125e-17)
(0.525731 -0.20618 7.05238e-18)
(0.492243 -0.216496 2.96633e-17)
(0.457083 -0.227411 -4.05988e-18)
(0.42045 -0.238802 2.35206e-18)
(0.382109 -0.250629 4.35378e-18)
(0.833701 -0.121901 8.17892e-19)
(0.790794 -0.124448 5.08165e-18)
(0.779555 -0.126196 -2.85843e-18)
(0.746187 -0.130314 1.06743e-17)
(0.726441 -0.133915 -6.56163e-18)
(0.696419 -0.139275 1.858e-17)
(0.671516 -0.144565 4.74547e-18)
(0.641646 -0.151085 2.39736e-17)
(0.61303 -0.157853 7.82116e-18)
(0.581619 -0.165511 3.44999e-17)
(0.549747 -0.173584 1.59016e-17)
(0.51585 -0.182344 3.36024e-17)
(0.480713 -0.191569 1.31248e-17)
(0.443733 -0.201339 2.82105e-17)
(0.405114 -0.211522 5.1254e-18)
(0.364604 -0.222084 3.32921e-17)
(0.83431 -0.105002 6.95522e-19)
(0.789964 -0.107345 7.42773e-19)
(0.778504 -0.108582 -6.84566e-19)
(0.744008 -0.112365 -1.35326e-18)
(0.723754 -0.115263 -9.66563e-18)
(0.692728 -0.120065 -2.11941e-17)
(0.667082 -0.124525 -2.24843e-17)
(0.636193 -0.130275 -1.93583e-17)
(0.606616 -0.136095 -2.097e-17)
(0.574063 -0.142801 -7.90835e-18)
(0.540998 -0.149803 1.05559e-17)
(0.505757 -0.157454 6.27048e-18)
(0.469166 -0.165481 -6.97815e-18)
(0.430581 -0.173999 -3.34357e-17)
(0.390221 -0.182857 -3.48001e-17)
(0.347818 -0.192036 -2.67059e-17)
(0.833037 -0.0875877 3.03554e-18)
(0.787447 -0.0899729 2.86806e-18)
(0.775905 -0.0903984 8.6578e-18)
(0.740406 -0.0941201 2.47116e-18)
(0.719808 -0.0960864 9.98912e-18)
(0.687922 -0.100482 -1.00173e-17)
(0.661711 -0.103963 -4.33617e-18)
(0.629974 -0.108994 -3.61672e-18)
(0.599632 -0.113756 8.65192e-19)
(0.56614 -0.119491 1.28293e-17)
(0.532106 -0.12532 3.15991e-17)
(0.49576 -0.131792 2.74676e-18)
(0.457978 -0.138509 2.34459e-17)
(0.418076 -0.145666 -1.43878e-17)
(0.376289 -0.15307 -1.14621e-17)
(0.332331 -0.160735 -8.26649e-18)
)
;

boundaryField
{
    inlet
    {
        type            uniformFixedValue;
        uniformValue    constant (1 0 0);
        value           nonuniform 0();
    }
    outlet
    {
        type            pressureInletOutletVelocity;
        value           nonuniform List<vector> 7((0.830724 -0.0745726 -2.41938e-19) (0.828885 -0.0664222 -1.62513e-18) (0.82754 -0.153767 1.7594e-18) (0.831355 -0.138172 3.86122e-18) (0.833701 -0.121901 8.17892e-19) (0.83431 -0.105002 6.95522e-19) (0.833037 -0.0875877 3.03554e-18));
    }
    polygon
    {
        type            fixedValue;
        value           nonuniform 0();
    }
    top
    {
        type            symmetryPlane;
    }
    bottom
    {
        type            symmetryPlane;
    }
    outside
    {
        type            zeroGradient;
    }
    procBoundary47to39
    {
        type            processor;
        value           nonuniform List<vector> 
18
(
(0.826616 -0.0576271 -1.14782e-18)
(0.779584 -0.0588406 -5.44329e-18)
(0.768044 -0.059382 -5.40257e-18)
(0.731281 -0.0615211 4.84016e-18)
(0.710428 -0.062928 1.02953e-17)
(0.677511 -0.065655 2.08185e-18)
(0.650791 -0.067965 7.46093e-18)
(0.61812 -0.0711918 1.61273e-17)
(0.590997 -0.0857495 5.57509e-18)
(0.556802 -0.0900902 1.65379e-17)
(0.522105 -0.0945017 2.67872e-17)
(0.484977 -0.0994293 -6.22854e-18)
(0.446385 -0.104558 1.51579e-18)
(0.405582 -0.110056 1.411e-17)
(0.362836 -0.115776 8.4139e-19)
(0.317854 -0.121744 -6.93311e-18)
(0.270678 -0.127825 2.41503e-17)
(0.590997 -0.0857495 5.57509e-18)
)
;
    }
    procBoundary47to46
    {
        type            processor;
        value           nonuniform List<vector> 8((0.227594 -0.150808 1.05995e-17) (0.286223 -0.168525 2.04535e-18) (0.38386 -0.316756 6.55522e-18) (0.362704 -0.290774 5.21042e-18) (0.342072 -0.262755 9.60595e-18) (0.322214 -0.23289 3.15885e-18) (0.303385 -0.201403 -2.92893e-17) (0.286223 -0.168525 2.04535e-18));
    }
    procBoundary47to55
    {
        type            processor;
        value           nonuniform List<vector> 
17
(
(0.680791 -0.217006 -1.34448e-18)
(0.656054 -0.226243 -9.6652e-19)
(0.632346 -0.235964 1.57233e-18)
(0.606665 -0.246718 4.4415e-18)
(0.580809 -0.258082 8.01685e-18)
(0.55367 -0.270279 -1.72587e-19)
(0.525886 -0.283112 1.84693e-18)
(0.497068 -0.29665 -7.70658e-18)
(0.467419 -0.310776 -3.74724e-18)
(0.436801 -0.325453 -2.763e-18)
(0.822561 -0.168639 3.22864e-18)
(0.785007 -0.172364 3.63631e-18)
(0.774773 -0.175067 8.58504e-18)
(0.745557 -0.18059 2.49172e-18)
(0.727857 -0.185764 1.05651e-17)
(0.701528 -0.192878 -3.55994e-18)
(0.701528 -0.192878 -3.55994e-18)
)
;
    }
}


// ************************************************************************* //
