/*--------------------------------*- C++ -*----------------------------------*\
  =========                 |
  \\      /  F ield         | OpenFOAM: The Open Source CFD Toolbox
   \\    /   O peration     | Website:  https://openfoam.org
    \\  /    A nd           | Version:  7
     \\/     M anipulation  |
\*---------------------------------------------------------------------------*/
FoamFile
{
    version     2.0;
    format      ascii;
    class       volVectorField;
    location    "118";
    object      U;
}
// * * * * * * * * * * * * * * * * * * * * * * * * * * * * * * * * * * * * * //

dimensions      [0 1 -1 0 0 0 0];

internalField   nonuniform List<vector> 
175
(
(-0.254029 0.00714894 -7.86439e-19)
(-0.256379 0.00457972 -3.15114e-18)
(-0.258385 0.00149758 -1.50837e-19)
(-0.260017 -0.00196541 -2.96201e-18)
(-0.26125 -0.00566592 -1.44022e-18)
(-0.262066 -0.00946177 -1.4247e-18)
(-0.262449 -0.013208 8.82247e-19)
(-0.26239 -0.0167675 8.56581e-19)
(-0.202207 0.00143191 -1.38004e-21)
(-0.204908 0.00370183 -1.72518e-20)
(-0.207729 0.00654174 -6.6844e-19)
(-0.211521 0.00901574 -3.19108e-19)
(-0.215466 0.0108174 -1.90785e-18)
(-0.219435 0.0119008 -5.19246e-19)
(-0.223286 0.012162 -1.77689e-19)
(-0.22694 0.0116047 1.25577e-19)
(-0.230343 0.0102508 -4.35592e-21)
(-0.233457 0.0081672 1.65811e-20)
(-0.236248 0.0054444 -5.83969e-18)
(-0.238683 0.00219914 -1.93836e-18)
(-0.24072 -0.00143764 -7.31144e-18)
(-0.242335 -0.00531843 -1.90793e-18)
(-0.243512 -0.00929886 -9.49281e-19)
(-0.244225 -0.0132291 2.04139e-19)
(-0.244468 -0.0169681 6.18412e-19)
(-0.151894 0.00290213 6.69232e-20)
(-0.156769 0.00569028 -2.39121e-19)
(-0.160589 0.00945034 -6.78262e-19)
(-0.165612 0.012066 -1.1254e-18)
(-0.17052 0.0139496 -1.94767e-18)
(-0.175372 0.0149723 -3.28742e-19)
(-0.180066 0.0151174 -7.21809e-20)
(-0.184549 0.0144026 1.84977e-19)
(-0.18878 0.0128651 1.50166e-19)
(-0.19272 0.0105728 4.41542e-19)
(-0.196327 0.00761739 -5.66698e-18)
(-0.199557 0.00411471 -6.85221e-18)
(-0.202377 0.00019472 -8.28325e-18)
(-0.20474 -0.00400537 -1.80428e-18)
(-0.206603 -0.00832332 -2.89519e-19)
(-0.207947 -0.0126038 3.84875e-19)
(-0.208763 -0.0166979 6.19574e-19)
(-0.0953726 0.00562233 1.15781e-20)
(-0.103335 0.00883227 -4.55935e-20)
(-0.107898 0.0133072 -1.26379e-19)
(-0.114198 0.0158628 -2.23935e-19)
(-0.119934 0.0177406 -2.97121e-19)
(-0.125635 0.0186513 4.58627e-19)
(-0.13117 0.0186622 3.21095e-19)
(-0.136513 0.0177855 9.7529e-19)
(-0.141625 0.0160595 5.19861e-19)
(-0.146459 0.0135462 1.50941e-18)
(-0.150959 0.010333 4.89871e-19)
(-0.155066 0.00653119 -7.84512e-19)
(-0.158721 0.00227271 -2.3052e-19)
(-0.16187 -0.00227619 1.46264e-18)
(-0.164472 -0.00696214 9.17146e-19)
(-0.166498 -0.011626 2.17759e-18)
(-0.167936 -0.016107 1.08744e-18)
(-0.0340169 0.00905095 2.12116e-20)
(-0.0459501 0.0132615 -9.03156e-21)
(-0.0505993 0.0178524 -3.03566e-20)
(-0.0580703 0.0202769 -3.28586e-20)
(-0.0644523 0.0221173 1.01029e-19)
(-0.0709894 0.0229119 2.7426e-18)
(-0.0773699 0.0228101 1.30312e-18)
(-0.0836101 0.0217939 4.84436e-18)
(-0.089653 0.0198951 2.10685e-18)
(-0.0954349 0.0171668 7.03785e-18)
(-0.10088 0.0136921 6.89954e-18)
(-0.10591 0.00958329 1.37811e-18)
(-0.110447 0.00497694 7.4071e-18)
(-0.114425 3.36525e-05 1.05733e-17)
(-0.117795 -0.00507414 4.07129e-18)
(-0.120526 -0.0101734 1.08172e-17)
(-0.122605 -0.0150895 3.94926e-18)
(0.0298093 0.0151266 9.50759e-20)
(0.0156493 0.0191726 2.77341e-21)
(0.010755 0.0227254 -3.99204e-20)
(0.00229617 0.0253084 -2.53378e-21)
(-0.0046994 0.0270117 8.91585e-20)
(-0.0120996 0.0277613 3.19686e-18)
(-0.0193461 0.027588 3.79821e-18)
(-0.0265235 0.0264658 5.82069e-18)
(-0.0335375 0.0244149 6.00061e-18)
(-0.0403052 0.0214767 7.99468e-18)
(-0.0467271 0.0177306 2.23657e-18)
(-0.0527056 0.0132893 8.67012e-19)
(-0.0581445 0.00829144 2.20984e-18)
(-0.062963 0.00291389 1.15289e-17)
(-0.0671078 -0.00266245 1.0731e-17)
(-0.0705441 -0.00824 1.32098e-17)
(-0.0732587 -0.0136354 1.0396e-17)
(0.0957821 0.0202008 5.09411e-19)
(0.0811313 0.0253887 8.33122e-21)
(0.075589 0.0280618 -2.00321e-19)
(0.0664479 0.0308639 -7.49414e-21)
(0.0586778 0.032455 -9.24812e-19)
(0.0504552 0.0332202 2.27293e-18)
(0.0423092 0.0330187 1.04162e-18)
(0.0341786 0.0318226 4.12741e-18)
(0.0261828 0.0296357 1.60249e-18)
(0.018424 0.0264875 5.895e-18)
(0.0110259 0.0224538 9.66132e-19)
(0.00410353 0.0176491 1.55014e-18)
(-0.00222501 0.0122262 1.17681e-18)
(-0.00786807 0.0063667 8.74434e-18)
(-0.012766 0.000273187 1.90157e-18)
(-0.0168834 -0.00583647 9.45349e-18)
(-0.0202128 -0.0117599 1.5186e-18)
(0.164483 0.0263173 -3.1753e-19)
(0.149417 0.0316156 6.28065e-20)
(0.143432 0.0340397 2.1665e-19)
(0.133664 0.0368322 6.58035e-19)
(0.125172 0.0384833 7.14696e-19)
(0.116135 0.039289 -1.50098e-18)
(0.107123 0.0391032 -7.43264e-19)
(0.0980711 0.0378608 -2.67877e-18)
(0.089133 0.0355497 -1.17746e-18)
(0.0804257 0.0321872 -3.62683e-18)
(0.0720968 0.0278469 1.54547e-19)
(0.0642815 0.0226472 5.587e-18)
(0.0571105 0.0167577 -3.70177e-19)
(0.0506852 0.0103682 -6.06235e-18)
(0.0450758 0.00370774 -8.91148e-18)
(0.0403173 -0.00299007 -6.80066e-18)
(0.0364132 -0.0094859 -8.61031e-18)
(0.235479 0.0325 5.04915e-19)
(0.220061 0.0379954 -6.37131e-20)
(0.213748 0.0403925 -3.36281e-19)
(0.203388 0.0432598 -8.69738e-19)
(0.194295 0.0450304 -1.14856e-18)
(0.184514 0.0459341 1.38826e-18)
(0.17474 0.0458005 -2.51631e-18)
(0.164866 0.0445359 2.5253e-18)
(0.15509 0.0421102 -4.13539e-18)
(0.145537 0.0385286 4.10345e-18)
(0.136377 0.0338632 -2.74761e-18)
(0.12776 0.0282387 -7.17543e-18)
(0.119831 0.0218365 -6.87567e-19)
(0.112699 0.0148727 7.73551e-18)
(0.106443 0.00759772 2.86653e-19)
(0.101102 0.000270958 7.53012e-18)
(0.0966734 -0.00684253 -1.14399e-18)
(0.308124 0.0388102 5.06369e-19)
(0.292445 0.0445746 -9.15528e-20)
(0.285938 0.0470221 -3.19529e-19)
(0.275085 0.0500878 -5.29866e-19)
(0.265582 0.0520057 -1.37581e-18)
(0.255212 0.0530647 1.68786e-19)
(0.244862 0.0530124 -3.27117e-19)
(0.234343 0.0517495 9.47105e-20)
(0.223909 0.0492192 -9.78597e-19)
(0.213679 0.0454174 -1.51182e-18)
(0.203846 0.0404142 -8.45045e-18)
(0.19457 0.0343423 -4.1796e-18)
(0.186008 0.0273986 -7.88112e-18)
(0.178277 0.019825 2.34783e-18)
(0.171463 0.0118984 2.46444e-18)
(0.165606 0.00390718 2.13809e-18)
(0.160703 -0.00386503 1.49221e-18)
(0.381553 0.045195 1.52805e-19)
(0.365804 0.0512919 -7.79678e-21)
(0.359291 0.0538128 -2.60816e-19)
(0.34814 0.0571805 -7.88373e-19)
(0.338486 0.059263 -3.32228e-19)
(0.327774 0.0605287 1.09111e-19)
(0.317119 0.0605813 -9.69005e-20)
(0.306216 0.0593468 -2.39716e-19)
(0.295384 0.0567267 -7.9988e-19)
(0.284721 0.0527137 -2.07677e-18)
(0.27444 0.0473727 -5.05183e-18)
(0.264703 0.0408462 -8.82244e-18)
(0.255679 0.0333481 -2.02309e-18)
(0.24749 0.0251464 3.29941e-18)
)
;

boundaryField
{
    inlet
    {
        type            uniformFixedValue;
        uniformValue    constant (1 0 0);
        value           nonuniform 0();
    }
    outlet
    {
        type            pressureInletOutletVelocity;
        value           nonuniform List<vector> 10((-0.202207 0 0) (-0.151894 0 0) (-0.0953726 0 0) (-0.0340169 0 0) (0.0298093 0.0151266 9.50759e-20) (0.0957821 0.0202008 5.09411e-19) (0.164483 0.0263173 -3.1753e-19) (0.235479 0.0325 5.04915e-19) (0.308124 0.0388102 5.06369e-19) (0.381553 0.045195 1.52805e-19));
    }
    polygon
    {
        type            fixedValue;
        value           nonuniform 0();
    }
    top
    {
        type            symmetryPlane;
    }
    bottom
    {
        type            symmetryPlane;
    }
    outside
    {
        type            zeroGradient;
    }
    procBoundary15to7
    {
        type            processor;
        value           nonuniform List<vector> 
18
(
(0.240228 0.0165467 1.02102e-17)
(0.233939 0.00786725 2.10391e-18)
(0.228625 -0.00058155 9.36241e-18)
(0.45465 0.0515335 4.0382e-19)
(0.43916 0.058007 -1.20252e-19)
(0.432867 0.0605978 -2.284e-19)
(0.421712 0.064345 -4.75855e-19)
(0.412231 0.0665963 -1.23201e-18)
(0.401513 0.0681133 2.29886e-19)
(0.390908 0.0682885 -6.36855e-20)
(0.379972 0.0671136 -3.46845e-19)
(0.369089 0.0644258 -1.07029e-18)
(0.358319 0.0602255 -3.40023e-18)
(0.34789 0.0545654 -9.61036e-18)
(0.337958 0.0475999 -3.19277e-18)
(0.328699 0.0395584 -9.2247e-18)
(0.240228 0.0165467 1.02102e-17)
(0.320239 0.0307351 2.44652e-18)
)
;
    }
    procBoundary15to14
    {
        type            processor;
        value           nonuniform List<vector> 8((-0.209058 -0.0204662 -7.53334e-18) (-0.168795 -0.0202542 1.38099e-19) (-0.124041 -0.0196587 8.3681e-18) (-0.0752669 -0.0186681 3.17717e-18) (-0.0227699 -0.0172986 5.48099e-19) (0.033342 -0.0155718 -7.46876e-19) (0.0931242 -0.0135139 -4.90656e-19) (0.156717 -0.0111504 -5.29604e-19));
    }
    procBoundary15to22
    {
        type            processor;
        value           nonuniform List<vector> 2((-0.261892 -0.0200137 -4.30467e-18) (-0.244241 -0.0203852 -7.51569e-18));
    }
    procBoundary15to23
    {
        type            processor;
        value           nonuniform List<vector> 
18
(
(-0.260556 0.00682512 -1.18849e-18)
(-0.262766 0.004309 -2.64999e-18)
(-0.264638 0.00128459 -1.15241e-19)
(-0.266142 -0.00211796 -1.98005e-18)
(-0.267257 -0.00575736 -1.31233e-18)
(-0.267961 -0.00949025 -1.70843e-18)
(-0.268241 -0.0131735 1.35862e-18)
(-0.268089 -0.0166714 1.7762e-19)
(-0.227776 0.000962077 -2.99294e-21)
(-0.229671 0.00285995 5.22711e-20)
(-0.231917 0.005319 -2.60346e-19)
(-0.235081 0.00761 -2.38877e-19)
(-0.23844 0.00934121 -1.09405e-18)
(-0.241888 0.0104406 -5.91888e-19)
(-0.245243 0.0107705 -3.06819e-19)
(-0.248425 0.0103176 1.90854e-19)
(-0.251367 0.00909027 -5.60579e-20)
(-0.251367 0.00909027 -5.60579e-20)
)
;
    }
}


// ************************************************************************* //
