/*--------------------------------*- C++ -*----------------------------------*\
  =========                 |
  \\      /  F ield         | OpenFOAM: The Open Source CFD Toolbox
   \\    /   O peration     | Website:  https://openfoam.org
    \\  /    A nd           | Version:  7
     \\/     M anipulation  |
\*---------------------------------------------------------------------------*/
FoamFile
{
    version     2.0;
    format      ascii;
    class       volVectorField;
    location    "18";
    object      U;
}
// * * * * * * * * * * * * * * * * * * * * * * * * * * * * * * * * * * * * * //

dimensions      [0 1 -1 0 0 0 0];

internalField   nonuniform List<vector> 
250
(
(1.53483 0.426083 2.6987e-17)
(1.49881 0.446912 2.33736e-17)
(1.44712 0.443731 1.41062e-17)
(1.36034 0.438622 3.43933e-17)
(1.23264 0.413322 1.87678e-17)
(1.06815 0.378729 4.92193e-17)
(0.889011 0.340659 3.57595e-17)
(0.720261 0.311281 1.29176e-17)
(0.570788 0.291586 4.2299e-17)
(0.433352 0.276089 1.4486e-17)
(1.55907 0.445524 1.86468e-17)
(1.50873 0.463667 1.54844e-17)
(1.43622 0.454855 1.00241e-17)
(1.32285 0.443099 1.75348e-17)
(1.17272 0.413064 8.68556e-18)
(1.00209 0.381358 2.07681e-17)
(0.835143 0.353296 5.50896e-18)
(0.683141 0.334368 5.02833e-18)
(0.541031 0.318957 6.20763e-20)
(0.401242 0.302251 -6.48105e-18)
(1.57891 0.462016 8.48242e-19)
(1.50871 0.474415 2.53234e-18)
(1.41272 0.459142 6.02307e-18)
(1.27671 0.442262 4.31887e-18)
(1.11638 0.412522 5.46139e-18)
(0.952385 0.388344 1.35444e-18)
(0.798982 0.369296 -1.2513e-18)
(0.653746 0.354879 4.90141e-19)
(0.509085 0.33884 -5.47976e-18)
(0.362973 0.319567 -6.22126e-18)
(1.59082 0.472539 -1.73165e-17)
(1.49625 0.476619 -1.30085e-17)
(1.37933 0.456402 7.46756e-19)
(1.23008 0.437377 -1.809e-17)
(1.07127 0.412022 -4.41472e-18)
(0.91775 0.395008 -2.9315e-17)
(0.771089 0.380185 -2.34889e-17)
(0.624004 0.365468 -1.0236e-17)
(0.473182 0.347097 -3.41573e-17)
(0.32084 0.325622 -1.8908e-17)
(1.59204 0.476323 -4.73628e-17)
(1.47198 0.470531 -3.69663e-17)
(1.34141 0.44727 -1.1245e-17)
(1.18872 0.428732 -4.80707e-17)
(1.03687 0.408262 -1.76256e-17)
(0.889953 0.394652 -6.53187e-17)
(0.742669 0.37974 -4.9538e-17)
(0.589963 0.362808 -2.28508e-17)
(0.432965 0.342371 -6.7432e-17)
(0.27533 0.319532 -3.33333e-17)
(1.5795 0.472103 -6.02386e-17)
(1.43788 0.454671 -4.83717e-17)
(1.30241 0.431223 -1.52968e-17)
(1.15269 0.413568 -7.00684e-17)
(1.00736 0.395426 -2.94831e-17)
(0.861669 0.381392 -1.01573e-16)
(0.710321 0.364228 -7.70939e-17)
(0.552156 0.345037 -3.4879e-17)
(0.390537 0.323288 -9.97254e-17)
(0.229028 0.299981 -4.60481e-17)
(1.55163 0.456106 -1.06726e-16)
(1.39691 0.426764 -9.00148e-17)
(1.26265 0.406145 -4.11996e-17)
(1.11881 0.38666 -1.16659e-16)
(0.976528 0.368563 -5.06309e-17)
(0.829089 0.352009 -1.43643e-16)
(0.673557 0.332229 -1.08711e-16)
(0.511588 0.311545 -4.51709e-17)
(0.347117 0.28937 -1.29731e-16)
(0.183224 0.266573 -5.5723e-17)
(1.51094 0.42505 -8.58612e-17)
(1.35143 0.384703 -6.71079e-17)
(1.22048 0.368117 -2.14992e-17)
(1.08286 0.343341 -9.55762e-17)
(0.940329 0.325112 -3.71265e-17)
(0.791736 0.304638 -1.55056e-16)
(0.633411 0.28349 -1.20199e-16)
(0.470157 0.262129 -4.92311e-17)
(0.304748 0.240461 -1.52942e-16)
(0.140318 0.21913 -6.20483e-17)
(1.4572 0.376852 -1.82718e-16)
(1.30157 0.326064 -1.84183e-16)
(1.17375 0.313569 -8.22809e-17)
(1.04266 0.281407 -2.37942e-16)
(0.898688 0.264067 -1.19734e-16)
(0.751117 0.2393 -2.56123e-16)
(0.591786 0.21889 -2.1756e-16)
(0.429774 0.197381 -7.33006e-17)
(0.265116 0.177665 -1.90884e-16)
(0.101945 0.158744 -5.67304e-17)
(1.39385 0.305622 -5.55002e-17)
(1.24888 0.248009 3.30309e-17)
(1.12288 0.240117 -1.63066e-17)
(0.997965 0.201065 6.69201e-17)
(0.853798 0.186336 7.939e-17)
(0.709549 0.15781 -2.53701e-17)
(0.551106 0.140175 1.09837e-16)
(0.392887 0.118927 3.16337e-17)
(0.230547 0.102778 1.64663e-16)
(0.0705478 0.0870039 1.62433e-16)
(1.32432 0.216985 -8.76921e-17)
(1.19487 0.153216 -5.7971e-17)
(1.06897 0.149659 -1.69463e-17)
(0.950525 0.105291 -6.34022e-17)
(0.807814 0.0937231 4.81321e-18)
(0.668122 0.0631912 -1.37838e-16)
(0.513981 0.0493743 -1.13593e-16)
(0.360363 0.0296025 -2.51068e-17)
(0.203151 0.0180522 -1.31963e-16)
(0.046936 0.00609121 -3.88351e-17)
(1.24999 0.103506 -1.06771e-16)
(1.13906 0.0390295 -1.0288e-16)
(1.01785 0.0407466 -2.80206e-17)
(0.901539 -0.00570479 -1.18191e-16)
(0.767573 -0.011809 -2.97704e-17)
(0.630367 -0.0426395 -1.72571e-16)
(0.484877 -0.050872 -1.82771e-16)
(0.335652 -0.0676243 -5.35496e-17)
(0.185108 -0.0741994 -1.72421e-16)
(0.0331595 -0.0814142 -5.69786e-17)
(1.18268 -0.0166021 -1.07674e-16)
(1.08654 -0.0844345 -1.19276e-16)
(0.974598 -0.0766933 -3.56353e-17)
(0.855076 -0.120317 -1.33488e-16)
(0.731946 -0.123331 -4.10651e-17)
(0.598048 -0.14921 -1.66427e-16)
(0.461884 -0.155207 -1.96137e-16)
(0.318798 -0.167005 -6.31158e-17)
(0.174574 -0.170703 -1.68541e-16)
(0.0283316 -0.173253 -5.67234e-17)
(1.11046 -0.130609 -9.68609e-17)
(1.03557 -0.206832 -1.17717e-16)
(0.93816 -0.202474 -3.72884e-17)
(0.820763 -0.241045 -1.2268e-16)
(0.703492 -0.243261 -3.89837e-17)
(0.574634 -0.262293 -1.36494e-16)
(0.444842 -0.266695 -1.80558e-16)
(0.308713 -0.273105 -6.18501e-17)
(0.170732 -0.273996 -1.50217e-16)
(0.0313561 -0.271508 -5.18146e-17)
(1.02045 -0.241772 -6.55738e-17)
(0.969067 -0.324719 -9.89907e-17)
(0.895084 -0.330687 -3.87449e-17)
(0.79163 -0.368589 -1.12431e-16)
(0.683084 -0.373501 -4.07808e-17)
(0.561876 -0.386545 -1.07528e-16)
(0.437747 -0.388675 -1.56358e-16)
(0.3088 -0.388592 -6.24998e-17)
(0.177907 -0.38368 -1.2619e-16)
(0.0469329 -0.37386 -4.64783e-17)
(0.925669 -0.338887 -3.24738e-17)
(0.887966 -0.418713 -4.83855e-17)
(0.836215 -0.434826 -4.53173e-18)
(0.753584 -0.473928 -3.15084e-17)
(0.660379 -0.485438 -2.17378e-17)
(0.553023 -0.496364 -2.52128e-17)
(0.439173 -0.497677 -4.53545e-17)
(0.320577 -0.492658 2.46164e-17)
(0.199895 -0.481311 -1.2567e-18)
(0.0798717 -0.46363 -4.03702e-18)
(0.83888 -0.417219 3.06801e-19)
(0.807806 -0.484652 -1.31748e-17)
(0.770196 -0.50434 -3.19701e-18)
(0.707113 -0.540249 -1.96115e-17)
(0.631653 -0.556301 -8.04585e-18)
(0.542443 -0.566565 -2.05875e-17)
(0.444345 -0.567739 -4.00252e-17)
(0.340524 -0.560358 -9.9668e-18)
(0.233948 -0.544866 -2.63387e-17)
(0.127599 -0.521628 -9.1332e-18)
(0.768441 -0.476142 4.07841e-17)
(0.742 -0.527754 5.39978e-18)
(0.712003 -0.545484 -9.61635e-20)
(0.66345 -0.573324 -7.8482e-18)
(0.603484 -0.588642 -1.4377e-17)
(0.531901 -0.596734 -8.97756e-18)
(0.451286 -0.596581 -1.47368e-17)
(0.364399 -0.587682 -9.27264e-18)
(0.274035 -0.570158 -6.33005e-18)
(0.182938 -0.544479 -1.46426e-17)
(0.715551 -0.514652 5.68899e-17)
(0.693949 -0.551178 5.7115e-17)
(0.6689 -0.564839 2.08853e-17)
(0.630807 -0.583144 3.23967e-17)
(0.583068 -0.59414 1.60544e-17)
(0.526167 -0.598486 2.09908e-17)
(0.46141 -0.595699 3.27698e-17)
(0.390689 -0.585104 9.85229e-18)
(0.316188 -0.566525 3.13946e-17)
(0.240137 -0.540231 1.25088e-17)
(0.678035 -0.534375 7.76822e-17)
(0.66152 -0.558162 3.57152e-17)
(0.640893 -0.56757 1.39444e-17)
(0.611045 -0.577529 1.55894e-17)
(0.573259 -0.583035 -3.58998e-17)
(0.528207 -0.583068 1.69549e-17)
(0.476691 -0.577071 7.63454e-18)
(0.419939 -0.564521 8.52514e-19)
(0.359487 -0.545147 1.1722e-17)
(0.296983 -0.519013 -5.04076e-17)
(0.654154 -0.537424 1.1779e-16)
(0.642256 -0.550965 1.05867e-16)
(0.625784 -0.556366 4.1073e-17)
(0.602651 -0.560096 6.50969e-17)
(0.573116 -0.56063 8.05181e-18)
(0.537705 -0.556778 4.54328e-17)
(0.497022 -0.547941 6.94359e-17)
(0.451878 -0.533705 2.12795e-17)
(0.403299 -0.513805 6.41621e-17)
(0.352433 -0.488204 8.16401e-18)
(0.640769 -0.527318 3.17945e-18)
(0.632933 -0.532782 6.59816e-17)
(0.6204 -0.534378 2.42101e-17)
(0.60281 -0.533686 6.88036e-17)
(0.580161 -0.530335 3.3957e-17)
(0.552753 -0.523501 4.18861e-18)
(0.520995 -0.512591 6.55013e-17)
(0.485426 -0.497243 1.83971e-17)
(0.44672 -0.477233 7.5972e-17)
(0.405642 -0.452487 3.56316e-17)
(0.637991 -0.510496 8.17438e-17)
(0.632753 -0.50969 9.62571e-17)
(0.623357 -0.506855 3.2855e-17)
(0.610107 -0.502496 7.49083e-17)
(0.59297 -0.496097 2.27831e-17)
(0.572024 -0.486922 5.7431e-17)
(0.5475 -0.474476 9.04473e-17)
(0.519735 -0.458465 2.69507e-17)
(0.48914 -0.438675 8.374e-17)
(0.456185 -0.414999 2.47181e-17)
(0.644703 -0.487628 8.86466e-18)
(0.640479 -0.481788 9.89869e-17)
(0.633283 -0.475692 4.02901e-17)
(0.623303 -0.468793 1.03986e-16)
(0.610366 -0.460151 6.47621e-17)
(0.594438 -0.449262 3.04312e-17)
(0.575637 -0.435813 1.17591e-16)
(0.554129 -0.419546 4.47805e-17)
(0.530108 -0.400239 1.22004e-16)
(0.503815 -0.377772 6.8133e-17)
(0.656592 -0.460499 -1.98655e-18)
(0.653168 -0.450983 -4.60814e-17)
(0.647873 -0.44303 -6.41424e-18)
(0.640481 -0.434415 -3.98359e-17)
(0.630806 -0.424201 -6.54127e-17)
(0.618819 -0.412194 -2.09323e-17)
(0.604552 -0.398214 -6.26776e-17)
(0.588033 -0.382007 -9.85091e-18)
(0.569303 -0.363364 -5.55649e-17)
(0.548426 -0.342171 -8.58067e-17)
)
;

boundaryField
{
    inlet
    {
        type            uniformFixedValue;
        uniformValue    constant (1 0 0);
        value           nonuniform 0();
    }
    outlet
    {
        type            pressureInletOutletVelocity;
        value           nonuniform 0();
    }
    polygon
    {
        type            fixedValue;
        value           nonuniform 0();
    }
    top
    {
        type            symmetryPlane;
    }
    bottom
    {
        type            symmetryPlane;
    }
    outside
    {
        type            zeroGradient;
    }
    procBoundary14to9
    {
        type            processor;
        value           uniform (0.464081 0.243414 2.13437e-17);
    }
    procBoundary14to10
    {
        type            processor;
        value           nonuniform List<vector> 
25
(
(0.300367 0.25925 4.80341e-17)
(0.262546 0.282267 5.50299e-18)
(0.218081 0.296978 -1.2372e-17)
(0.170617 0.301311 -4.83654e-17)
(0.120522 0.29442 -8.63456e-17)
(0.0708079 0.275104 -1.25219e-16)
(0.0228622 0.242943 -1.5808e-16)
(-0.0207354 0.197961 -1.80597e-16)
(-0.0583649 0.141019 -1.71776e-16)
(-0.087697 0.0736869 2.37338e-17)
(-0.107562 -0.00187651 -1.95269e-16)
(-0.116896 -0.0847286 -1.79543e-16)
(-0.116666 -0.17215 -1.54141e-16)
(-0.106327 -0.2647 -1.23044e-16)
(-0.081062 -0.358665 -8.90719e-17)
(-0.0365462 -0.439357 -3.80944e-18)
(0.0243754 -0.491133 -1.77472e-17)
(0.0937694 -0.511222 1.86407e-18)
(0.164692 -0.506728 3.14542e-17)
(0.23407 -0.486456 2.62105e-17)
(0.30046 -0.457098 6.09303e-17)
(0.363 -0.423108 6.227e-18)
(0.421384 -0.387478 7.73028e-17)
(0.475521 -0.352146 3.67198e-17)
(0.525481 -0.318406 -2.86253e-17)
)
;
    }
    procBoundary14to13
    {
        type            processor;
        value           nonuniform List<vector> 9((1.50931 0.405288 4.67101e-17) (1.48305 0.426539 3.92257e-17) (1.44714 0.427227 1.87113e-17) (1.38475 0.427868 5.10418e-17) (1.28565 0.410148 2.3845e-17) (1.14258 0.37909 6.75888e-17) (0.964778 0.33604 5.05965e-17) (0.778285 0.294056 1.93805e-17) (0.609295 0.262995 5.99022e-17));
    }
    procBoundary14to15
    {
        type            processor;
        value           nonuniform List<vector> 10((0.671857 -0.431051 6.08543e-17) (0.669259 -0.419051 5.61415e-17) (0.665542 -0.410178 1.19255e-17) (0.660219 -0.400398 4.68839e-17) (0.653131 -0.389213 -7.54662e-18) (0.64427 -0.376633 4.25934e-17) (0.633599 -0.362513 5.51317e-17) (0.621052 -0.346618 9.67204e-18) (0.606561 -0.328773 5.37219e-17) (0.59006 -0.308879 -9.26357e-18));
    }
}


// ************************************************************************* //
