/*--------------------------------*- C++ -*----------------------------------*\
  =========                 |
  \\      /  F ield         | OpenFOAM: The Open Source CFD Toolbox
   \\    /   O peration     | Website:  https://openfoam.org
    \\  /    A nd           | Version:  7
     \\/     M anipulation  |
\*---------------------------------------------------------------------------*/
FoamFile
{
    version     2.0;
    format      ascii;
    class       volVectorField;
    location    "88";
    object      U;
}
// * * * * * * * * * * * * * * * * * * * * * * * * * * * * * * * * * * * * * //

dimensions      [0 1 -1 0 0 0 0];

internalField   nonuniform List<vector> 
125
(
(-0.0713489 -0.0639501 -1.59754e-18)
(-0.0512303 -0.0743373 9.39409e-19)
(-0.0196576 -0.0431101 -3.19561e-19)
(-0.146833 -0.00763413 1.0827e-17)
(-0.142494 -0.00882816 4.75249e-18)
(-0.137786 -0.0102333 4.31933e-18)
(-0.132679 -0.0119019 4.14937e-18)
(-0.127134 -0.013895 3.2992e-18)
(-0.121136 -0.0163034 4.07313e-18)
(-0.114639 -0.0192354 1.71959e-17)
(-0.107702 -0.022863 5.30503e-18)
(-0.100213 -0.0273709 9.80256e-18)
(-0.0926446 -0.0330548 3.51243e-18)
(-0.0842297 -0.0402929 -2.89961e-18)
(-0.0776393 -0.0488537 2.11821e-18)
(-0.0680486 -0.0606113 2.49797e-18)
(-0.0651766 -0.0683042 1.48712e-18)
(-0.0500564 -0.0803255 2.81605e-18)
(-0.0252725 -0.0465531 1.52475e-18)
(-0.12618 -0.0090972 1.04744e-17)
(-0.121288 -0.0104224 3.9199e-18)
(-0.116057 -0.0119725 6.78147e-18)
(-0.110469 -0.0138012 8.02025e-18)
(-0.104511 -0.0159696 7.78734e-18)
(-0.0981916 -0.0185684 8.41755e-18)
(-0.091515 -0.0217023 1.41784e-17)
(-0.0845858 -0.0255397 9.33378e-18)
(-0.0774042 -0.0302372 1.0705e-17)
(-0.0705178 -0.0361101 3.23525e-18)
(-0.0633989 -0.0433688 -5.59528e-18)
(-0.0590125 -0.0519986 6.06905e-18)
(-0.0526021 -0.063246 6.96983e-18)
(-0.055959 -0.0709902 6.10113e-18)
(-0.046999 -0.0838296 6.93901e-18)
(-0.036986 -0.050779 5.3988e-18)
(-0.0945494 -0.0105931 2.00092e-17)
(-0.0889775 -0.011902 2.02847e-17)
(-0.0831111 -0.0134058 4.56803e-18)
(-0.07695 -0.0151413 1.83815e-17)
(-0.0705016 -0.0171607 2.10211e-17)
(-0.0637858 -0.0195167 2.1489e-17)
(-0.0568556 -0.0222908 2.22993e-17)
(-0.0497842 -0.0255705 2.37236e-17)
(-0.0427428 -0.0294961 2.26639e-17)
(-0.0359031 -0.0341642 2.17685e-17)
(-0.0298988 -0.0398838 4.63267e-18)
(-0.0245573 -0.046549 1.7129e-17)
(-0.0232137 -0.0546626 2.14062e-17)
(-0.0212655 -0.0638329 2.23424e-17)
(-0.0340101 -0.0711268 2.17858e-17)
(-0.0362741 -0.0837047 2.37805e-17)
(-0.075203 -0.0528711 2.01878e-17)
(-0.027758 -0.0148547 8.75466e-18)
(-0.0201877 -0.0163547 8.07198e-18)
(-0.0123256 -0.0180437 3.43767e-18)
(-0.00419226 -0.0199515 8.01141e-18)
(0.00418565 -0.0221149 9.07687e-18)
(0.0127559 -0.0245736 9.69351e-18)
(0.0214262 -0.0273758 9.23506e-18)
(0.0300711 -0.03057 9.87199e-18)
(0.0384729 -0.0342174 9.84227e-18)
(0.0463425 -0.0383386 8.68277e-18)
(0.0530896 -0.0430067 3.52816e-18)
(0.0584519 -0.0479332 8.08216e-18)
(0.0595352 -0.0534876 9.35835e-18)
(0.0605563 -0.0574774 9.68138e-18)
(0.0435583 -0.0604852 9.78406e-18)
(0.0440348 -0.0580655 9.42191e-18)
(-0.024854 -0.0279569 3.45687e-18)
(0.0581886 -0.0209377 2.04565e-17)
(0.0686096 -0.0226555 1.97843e-17)
(0.0794029 -0.02455 7.01742e-18)
(0.0905537 -0.026642 2.10073e-17)
(0.10204 -0.0289511 2.2165e-17)
(0.113821 -0.0315046 2.28722e-17)
(0.125833 -0.0343172 2.32545e-17)
(0.137987 -0.0373986 2.36591e-17)
(0.150148 -0.0407442 2.30619e-17)
(0.162141 -0.0442973 2.11283e-17)
(0.173693 -0.0479522 7.67249e-18)
(0.18464 -0.051351 2.36891e-17)
(0.193924 -0.0543796 2.3634e-17)
(0.204665 -0.0545606 2.38321e-17)
(0.207385 -0.0546545 2.34797e-17)
(0.233786 -0.0411294 2.24986e-17)
(0.222729 -0.0336363 8.14965e-18)
(0.16626 -0.0293434 5.7052e-18)
(0.180675 -0.0313739 7.83237e-18)
(0.195692 -0.0335799 1.80484e-17)
(0.211342 -0.0359783 5.09614e-18)
(0.227663 -0.0385846 5.857e-18)
(0.244703 -0.0414158 6.55879e-18)
(0.262527 -0.04448 7.46677e-18)
(0.281233 -0.0477785 8.38701e-18)
(0.300968 -0.0512985 6.51926e-18)
(0.321985 -0.0549952 9.51175e-18)
(0.344693 -0.0587928 1.92253e-17)
(0.369837 -0.0625654 5.37083e-18)
(0.398587 -0.0663771 6.66664e-18)
(0.434275 -0.0698521 6.72657e-18)
(0.477492 -0.0759024 6.31393e-18)
(0.547857 -0.0782242 5.99198e-18)
(0.610708 -0.100719 4.23086e-18)
(0.298864 -0.0409234 2.44314e-18)
(0.318609 -0.0434745 3.74999e-18)
(0.339372 -0.0462416 5.57814e-18)
(0.361271 -0.0492529 9.41361e-19)
(0.384462 -0.0525421 2.20472e-18)
(0.409148 -0.0561514 3.60852e-18)
(0.435602 -0.0601335 7.22332e-18)
(0.464198 -0.0645614 1.7498e-17)
(0.495448 -0.0695392 8.31854e-19)
(0.530063 -0.0752157 5.0143e-18)
(0.568986 -0.081818 5.41457e-18)
(0.613419 -0.0897116 8.93646e-19)
(0.664814 -0.0995237 2.75947e-18)
(0.7251 -0.111996 2.08795e-18)
(0.795691 -0.128367 2.2441e-18)
(0.880117 -0.146706 2.36144e-18)
(0.959838 -0.178241 2.64344e-18)
(0.456074 -0.0566062 2.71117e-18)
(0.482192 -0.0600088 5.8322e-18)
(0.509813 -0.063737 1.50883e-17)
(0.539131 -0.0678512 -1.51993e-18)
(0.57038 -0.072429 2.01618e-18)
)
;

boundaryField
{
    inlet
    {
        type            uniformFixedValue;
        uniformValue    constant (1 0 0);
        value           nonuniform 0();
    }
    outlet
    {
        type            pressureInletOutletVelocity;
        value           nonuniform 0();
    }
    polygon
    {
        type            fixedValue;
        value           uniform (0 0 0);
    }
    top
    {
        type            symmetryPlane;
    }
    bottom
    {
        type            symmetryPlane;
    }
    outside
    {
        type            zeroGradient;
    }
    procBoundary18to10
    {
        type            processor;
        value           nonuniform List<vector> 
18
(
(0.603843 -0.0775712 2.20257e-18)
(0.639854 -0.0834077 3.56346e-18)
(0.678795 -0.0901075 4.56492e-18)
(0.721081 -0.0978812 2.81762e-18)
(0.767123 -0.106977 7.297e-18)
(0.817232 -0.117679 1.29728e-17)
(0.871486 -0.130304 -2.93038e-18)
(0.929665 -0.145196 2.37393e-18)
(0.991395 -0.16258 4.38142e-19)
(1.05591 -0.182529 1.33224e-18)
(1.12091 -0.204957 2.41745e-18)
(1.17887 -0.233083 3.28075e-18)
(0.632622 -0.0769015 3.72504e-18)
(0.664772 -0.0814689 4.0564e-18)
(0.698583 -0.0865005 4.34328e-18)
(0.734176 -0.0920782 1.98889e-18)
(0.603843 -0.0775712 2.20257e-18)
(0.771663 -0.0982986 2.54936e-18)
)
;
    }
    procBoundary18to11
    {
        type            processor;
        value           nonuniform List<vector> 2((0.280045 -0.0385644 1.88301e-18) (0.431302 -0.0534816 1.29404e-18));
    }
    procBoundary18to19
    {
        type            processor;
        value           nonuniform List<vector> 7((-0.150835 -0.00661393 6.58012e-18) (-0.13075 -0.00795831 8.64702e-18) (-0.13075 -0.00795831 8.64702e-18) (-0.0998335 -0.00944857 1.92618e-17) (-0.0350292 -0.0135185 8.16159e-18) (0.0481457 -0.0193776 2.00843e-17) (0.152422 -0.0274723 5.47573e-18));
    }
    procBoundary18to25
    {
        type            processor;
        value           nonuniform List<vector> 5((1.03936 -0.192139 3.38514e-18) (0.7207 -0.111715 7.04319e-18) (0.3094 -0.028478 -2.14992e-17) (0.00612999 -0.0196295 -1.86275e-17) (-0.0692352 -0.0306194 -1.56836e-17));
    }
    procBoundary18to26
    {
        type            processor;
        value           nonuniform List<vector> 
17
(
(-0.075689 -0.058205 -4.89167e-18)
(-0.0514731 -0.0669063 3.2256e-19)
(-0.0168351 -0.0395956 -1.29119e-18)
(-0.164744 -0.00634665 -2.39712e-18)
(-0.160872 -0.00740955 6.80588e-18)
(-0.156604 -0.0086666 3.78508e-18)
(-0.151894 -0.0101668 2.61241e-18)
(-0.146685 -0.0119691 6.75534e-19)
(-0.140931 -0.0141601 2.20927e-18)
(-0.134543 -0.0168463 1.14749e-17)
(-0.127532 -0.0201934 2.17976e-18)
(-0.119678 -0.0243999 -5.27672e-18)
(-0.111369 -0.0297369 5.16805e-18)
(-0.101616 -0.0366983 -2.83711e-18)
(-0.092773 -0.0448988 2.71412e-19)
(-0.0800315 -0.0565123 1.06218e-19)
(-0.0800315 -0.0565123 1.06218e-19)
)
;
    }
}


// ************************************************************************* //
