/*--------------------------------*- C++ -*----------------------------------*\
  =========                 |
  \\      /  F ield         | OpenFOAM: The Open Source CFD Toolbox
   \\    /   O peration     | Website:  https://openfoam.org
    \\  /    A nd           | Version:  7
     \\/     M anipulation  |
\*---------------------------------------------------------------------------*/
FoamFile
{
    version     2.0;
    format      ascii;
    class       labelList;
    note        "nPoints: 310 nCells: 125 nFaces: 529 nInternalFaces: 221";
    location    "constant/polyMesh";
    object      neighbour;
}
// * * * * * * * * * * * * * * * * * * * * * * * * * * * * * * * * * * * * * //


221
(
1
6
104
2
7
105
3
8
106
4
9
107
5
10
108
11
109
7
12
8
13
9
14
10
15
11
16
17
13
18
14
19
15
20
16
21
17
22
23
19
24
20
25
21
26
22
27
23
28
29
25
30
26
31
27
32
28
33
29
34
31
35
32
36
33
37
34
38
39
36
40
37
41
38
42
39
43
44
41
45
42
46
43
47
44
48
49
46
50
47
51
48
52
49
53
54
51
52
53
54
56
60
124
57
61
121
58
62
118
59
63
115
64
112
61
65
62
66
63
67
64
68
69
66
70
67
71
68
72
69
73
74
71
75
72
76
73
77
74
78
79
76
80
77
81
78
82
79
83
84
81
86
82
87
83
88
84
89
85
90
91
87
92
88
93
89
94
90
95
91
96
97
93
98
94
99
95
100
96
101
97
102
103
99
104
100
105
101
106
102
107
103
108
109
105
106
107
108
109
111
113
112
114
115
114
116
115
117
118
117
119
118
120
121
120
122
121
123
124
123
124
)


// ************************************************************************* //
