/*--------------------------------*- C++ -*----------------------------------*\
  =========                 |
  \\      /  F ield         | OpenFOAM: The Open Source CFD Toolbox
   \\    /   O peration     | Website:  https://openfoam.org
    \\  /    A nd           | Version:  7
     \\/     M anipulation  |
\*---------------------------------------------------------------------------*/
FoamFile
{
    version     2.0;
    format      ascii;
    class       volVectorField;
    location    "38";
    object      U;
}
// * * * * * * * * * * * * * * * * * * * * * * * * * * * * * * * * * * * * * //

dimensions      [0 1 -1 0 0 0 0];

internalField   nonuniform List<vector> 
175
(
(0.491258 -0.371574 -4.92284e-19)
(0.498223 -0.366888 -1.51501e-18)
(0.505044 -0.362815 -1.01382e-19)
(0.514971 -0.356509 -4.68938e-18)
(0.526407 -0.349425 -5.25386e-21)
(0.540228 -0.340632 -1.22851e-17)
(0.556167 -0.33042 -7.18195e-18)
(0.574526 -0.318461 -1.85078e-17)
(0.595278 -0.304775 -1.07978e-17)
(0.618494 -0.289232 -2.75366e-17)
(0.644078 -0.271859 -1.43307e-17)
(0.671833 -0.252703 -3.59219e-17)
(0.701382 -0.231919 -1.40826e-17)
(0.732212 -0.209733 -4.09426e-17)
(0.763694 -0.186466 -5.16794e-18)
(0.795144 -0.162499 -3.31371e-17)
(0.825894 -0.138231 2.51863e-17)
(0.488736 -0.374413 5.90037e-19)
(0.496143 -0.371919 1.38074e-18)
(0.502728 -0.369535 2.76267e-18)
(0.512413 -0.365055 1.91945e-18)
(0.523491 -0.359946 2.48633e-18)
(0.536939 -0.353321 -7.07411e-18)
(0.552487 -0.345497 -4.33416e-18)
(0.570479 -0.336116 -7.77382e-18)
(0.590925 -0.32514 -2.96999e-18)
(0.613916 -0.312357 -1.67212e-18)
(0.639325 -0.297673 2.01627e-17)
(0.666859 -0.280978 1.1911e-17)
(0.69598 -0.262242 1.35047e-17)
(0.725975 -0.241517 -1.58844e-17)
(0.756018 -0.21901 1.9383e-18)
(0.785302 -0.195069 -1.66369e-18)
(0.813137 -0.170148 2.01725e-17)
(0.483992 -0.37785 -2.68239e-19)
(0.49212 -0.377305 9.69674e-20)
(0.498324 -0.376128 -1.81036e-18)
(0.507691 -0.373075 -6.18203e-19)
(0.518245 -0.369378 -5.45592e-18)
(0.531153 -0.364254 -2.8764e-18)
(0.546163 -0.357992 -2.63638e-18)
(0.563686 -0.350208 -3.73853e-18)
(0.583712 -0.340788 -2.60605e-18)
(0.606248 -0.329418 -5.67613e-18)
(0.630992 -0.31585 -1.44797e-17)
(0.6574 -0.299802 -2.87208e-18)
(0.684667 -0.281106 -2.49195e-17)
(0.711868 -0.259773 5.0035e-19)
(0.7381 -0.236061 -1.93653e-18)
(0.762661 -0.210448 -5.56889e-18)
(0.785109 -0.183556 -1.2859e-17)
(0.477918 -0.381184 -3.84293e-20)
(0.486443 -0.381999 -2.90686e-20)
(0.492073 -0.381654 -5.14728e-19)
(0.500968 -0.379818 -6.21665e-19)
(0.51079 -0.377376 -2.05521e-18)
(0.522944 -0.373665 -1.73803e-18)
(0.537148 -0.368927 -1.47125e-18)
(0.553823 -0.36276 -1.67191e-18)
(0.572868 -0.354963 -1.67475e-18)
(0.594116 -0.345073 -2.83917e-18)
(0.617007 -0.332643 -3.55218e-18)
(0.640725 -0.317209 -3.43273e-18)
(0.664271 -0.298506 -7.50679e-18)
(0.686709 -0.276586 -3.18229e-19)
(0.707349 -0.251853 -3.62795e-18)
(0.725836 -0.224988 -7.63875e-18)
(0.742121 -0.196807 -1.41094e-17)
(0.470803 -0.384524 -9.46461e-19)
(0.479199 -0.386329 -1.15749e-18)
(0.48404 -0.386632 -4.11614e-18)
(0.492193 -0.385931 -1.58171e-18)
(0.500983 -0.384715 -6.75145e-18)
(0.512041 -0.38246 2.02349e-18)
(0.524995 -0.379309 1.23692e-18)
(0.540223 -0.374775 3.64208e-19)
(0.557459 -0.368486 -1.80009e-18)
(0.576319 -0.359767 -1.00267e-17)
(0.59601 -0.347963 -2.83928e-17)
(0.615578 -0.332488 -7.92455e-18)
(0.63406 -0.313097 -3.37138e-17)
(0.650759 -0.289979 6.76758e-18)
(0.665361 -0.263773 -7.44561e-18)
(0.677918 -0.235388 -1.49882e-17)
(0.688718 -0.205792 -3.17231e-17)
(0.462689 -0.387781 -5.76915e-19)
(0.470417 -0.390289 -9.14845e-19)
(0.474258 -0.391096 -2.37396e-18)
(0.481308 -0.391411 -1.75444e-18)
(0.488693 -0.391316 -6.63299e-18)
(0.498195 -0.39042 -1.1805e-17)
(0.509315 -0.388704 -1.60379e-17)
(0.522343 -0.385546 -1.92713e-17)
(0.536825 -0.380347 -2.42776e-17)
(0.552196 -0.372218 -2.42948e-17)
(0.567552 -0.360354 -9.73529e-18)
(0.58199 -0.344165 -9.70182e-18)
(0.594784 -0.323562 -3.21258e-17)
(0.60561 -0.299006 -5.70829e-17)
(0.614552 -0.271402 -6.62099e-17)
(0.621984 -0.241847 -6.88664e-17)
(0.628384 -0.211377 -5.71686e-17)
(0.453646 -0.390703 -3.56232e-19)
(0.46015 -0.393602 -2.84905e-18)
(0.462763 -0.394753 5.61851e-19)
(0.468277 -0.395904 -7.6586e-18)
(0.473818 -0.396745 -1.9424e-19)
(0.481205 -0.396995 -1.96276e-17)
(0.489808 -0.396417 -1.34229e-17)
(0.499814 -0.394229 -2.94518e-17)
(0.510618 -0.389607 -1.88298e-17)
(0.521578 -0.3815 -3.95909e-17)
(0.531836 -0.369054 -1.82643e-17)
(0.540699 -0.351796 -5.03483e-17)
(0.547786 -0.329886 -3.16235e-17)
(0.553151 -0.304072 -7.45516e-17)
(0.557183 -0.275478 -3.89367e-17)
(0.560431 -0.245291 -7.64425e-17)
(0.563412 -0.214522 -4.32683e-18)
(0.443788 -0.393038 1.17819e-18)
(0.448474 -0.395971 2.54025e-18)
(0.44959 -0.397275 4.99629e-18)
(0.453069 -0.399033 4.1146e-18)
(0.456267 -0.40057 4.3978e-18)
(0.460912 -0.401678 -9.69236e-18)
(0.466281 -0.40187 -6.7283e-18)
(0.472476 -0.40021 -1.14299e-17)
(0.47883 -0.395684 -6.4985e-18)
(0.484743 -0.387163 -3.24508e-18)
(0.489536 -0.373844 3.0601e-17)
(0.492816 -0.355453 1.89461e-17)
(0.494549 -0.332423 1.69219e-17)
(0.495078 -0.30574 -3.36465e-17)
(0.494962 -0.276656 -1.56717e-17)
(0.494783 -0.246357 -1.96568e-17)
(0.494997 -0.215767 1.19339e-17)
(0.433248 -0.394533 1.14154e-18)
(0.435473 -0.397124 1.00603e-19)
(0.434783 -0.398346 5.31105e-18)
(0.435673 -0.400437 -3.82231e-18)
(0.435991 -0.402375 4.63734e-18)
(0.437247 -0.404002 -2.07053e-17)
(0.438706 -0.404569 -1.02937e-17)
(0.440424 -0.403019 -2.71336e-17)
(0.441772 -0.398205 -9.73014e-18)
(0.442297 -0.389005 -2.78439e-17)
(0.441575 -0.374744 7.26109e-18)
(0.439523 -0.355375 -3.41691e-17)
(0.436384 -0.33157 -1.06488e-17)
(0.432672 -0.304478 -6.97103e-17)
(0.428987 -0.275388 -1.77185e-17)
(0.425848 -0.245419 -6.07874e-17)
(0.423606 -0.215376 1.79578e-17)
(0.422175 -0.394902 5.70122e-19)
(0.421247 -0.396798 5.96054e-19)
(0.418406 -0.397622 1.81727e-18)
(0.416118 -0.399741 -5.58418e-19)
(0.413014 -0.401742 3.287e-18)
(0.410267 -0.403527 6.46017e-18)
(0.407239 -0.404089 1.30643e-17)
(0.403978 -0.4023 1.26962e-17)
(0.399988 -0.396948 2.19601e-17)
(0.39502 -0.386985 1.57917e-17)
(0.388927 -0.371895 -6.65044e-19)
(0.381889 -0.351847 -9.09369e-18)
(0.37433 -0.327683 7.0862e-18)
(0.366824 -0.30063 4.12393e-17)
(0.359922 -0.271945 6.15622e-17)
(0.354037 -0.242646 5.49641e-17)
(0.349404 -0.213415 7.5016e-17)
(0.410749 -0.39381 4.74996e-19)
(0.405899 -0.394728 -1.02763e-18)
(0.400576 -0.394717 3.40294e-18)
(0.394493 -0.39657 -4.60179e-18)
(0.387462 -0.398266 7.19096e-18)
)
;

boundaryField
{
    inlet
    {
        type            uniformFixedValue;
        uniformValue    constant (1 0 0);
        value           nonuniform 0();
    }
    outlet
    {
        type            pressureInletOutletVelocity;
        value           nonuniform List<vector> 
11
(
(0.491258 -0.371574 -4.92284e-19)
(0.488736 -0.374413 5.90037e-19)
(0.483992 -0.37785 -2.68239e-19)
(0.477918 -0.381184 -3.84293e-20)
(0.470803 -0.384524 -9.46461e-19)
(0.462689 -0.387781 -5.76915e-19)
(0.453646 -0.390703 -3.56232e-19)
(0.443788 -0.393038 1.17819e-18)
(0.433248 -0.394533 1.14154e-18)
(0.422175 -0.394902 5.70122e-19)
(0.410749 -0.39381 4.74996e-19)
)
;
    }
    polygon
    {
        type            fixedValue;
        value           nonuniform 0();
    }
    top
    {
        type            symmetryPlane;
    }
    bottom
    {
        type            symmetryPlane;
    }
    outside
    {
        type            zeroGradient;
    }
    procBoundary63to55
    {
        type            processor;
        value           nonuniform List<vector> 
18
(
(0.380169 -0.399867 -9.82752e-18)
(0.372203 -0.400097 1.21301e-18)
(0.363631 -0.397825 -1.43404e-17)
(0.354153 -0.391827 2.03926e-18)
(0.343742 -0.38117 -2.42901e-17)
(0.332505 -0.365494 -8.8454e-18)
(0.320813 -0.345135 -4.23441e-17)
(0.309181 -0.321029 -3.24081e-18)
(0.298162 -0.294407 -3.46048e-17)
(0.288213 -0.266453 1.51468e-17)
(0.279629 -0.238069 -3.61326e-17)
(0.272546 -0.209832 3.01645e-17)
(0.399187 -0.390911 1.93471e-19)
(0.389544 -0.390621 -8.84986e-21)
(0.381475 -0.389208 1.57289e-18)
(0.370943 -0.39059 -5.13727e-19)
(0.380169 -0.399867 -9.82752e-18)
(0.359557 -0.391583 5.9792e-18)
)
;
    }
    procBoundary63to62
    {
        type            processor;
        value           nonuniform List<vector> 10((0.855379 -0.11404 1.29003e-17) (0.839028 -0.144726 2.33906e-17) (0.805271 -0.15603 -4.23453e-17) (0.756365 -0.168095 -2.62895e-17) (0.698136 -0.175834 -6.8351e-17) (0.634183 -0.18082 -9.2269e-18) (0.566504 -0.183907 2.4662e-18) (0.495877 -0.185497 2.6799e-17) (0.422423 -0.185745 1.5861e-17) (0.346098 -0.184628 2.27098e-17));
    }
}


// ************************************************************************* //
