/*--------------------------------*- C++ -*----------------------------------*\
  =========                 |
  \\      /  F ield         | OpenFOAM: The Open Source CFD Toolbox
   \\    /   O peration     | Website:  https://openfoam.org
    \\  /    A nd           | Version:  7
     \\/     M anipulation  |
\*---------------------------------------------------------------------------*/
FoamFile
{
    version     2.0;
    format      ascii;
    class       volVectorField;
    location    "4";
    object      U;
}
// * * * * * * * * * * * * * * * * * * * * * * * * * * * * * * * * * * * * * //

dimensions      [0 1 -1 0 0 0 0];

internalField   nonuniform List<vector> 
115
(
(1.00128 0.00186087 -3.01567e-19)
(0.997571 -0.000767663 -4.55092e-19)
(1.00282 0.00391932 5.21134e-19)
(0.994531 -0.000410211 -1.09841e-18)
(1.00545 0.0056412 2.35362e-18)
(0.989242 0.00365081 -7.15933e-18)
(1.00889 0.00519403 1.09003e-17)
(0.981912 0.0139281 -1.12761e-18)
(1.01046 0.0071728 -1.24512e-19)
(0.974271 0.0259396 -4.22618e-18)
(1.00772 0.023037 1.34596e-17)
(0.96349 0.0455239 2.68858e-18)
(1.00384 0.0478505 3.84465e-18)
(0.950815 0.103553 1.56744e-18)
(1.00044 0.000493303 6.30331e-19)
(0.999356 -0.000399466 -1.7203e-18)
(1.00101 0.0018254 -7.35406e-19)
(0.998156 -0.000647193 -8.46715e-19)
(1.0021 0.00389612 1.11848e-18)
(0.99602 -0.000232031 -2.39143e-18)
(1.00384 0.00570387 2.52028e-18)
(0.992286 0.00391968 -1.31998e-17)
(1.00629 0.00533219 2.58379e-18)
(0.98665 0.0146253 -9.75014e-18)
(1.00782 0.00711819 -1.86012e-18)
(0.980683 0.027482 -3.08871e-18)
(1.00575 0.0229759 4.09059e-18)
(0.973925 0.0475559 1.0938e-18)
(1.00291 0.0475272 -2.94626e-19)
(0.967915 0.106195 -8.08743e-19)
(1.00035 0.000465536 2.34307e-18)
(0.999532 -0.000325092 -1.01565e-17)
(1.00076 0.0017533 -2.10572e-18)
(0.9987 -0.000487307 -1.01155e-18)
(1.00146 0.00377093 2.41472e-18)
(0.997402 4.00837e-05 -1.08504e-17)
(1.0024 0.00557735 -5.03906e-19)
(0.995138 0.00429099 -6.72613e-18)
(1.00395 0.00527178 1.06317e-17)
(0.991134 0.0152638 -8.34946e-19)
(1.00556 0.00690966 5.0408e-20)
(0.986604 0.0287977 -3.94743e-18)
(1.00463 0.0225037 1.33328e-17)
(0.983222 0.0492123 -4.37014e-18)
(1.00346 0.0465916 -1.29812e-17)
(0.982626 0.107431 -3.45758e-18)
(1.00026 0.00043127 2.01727e-18)
(0.999689 -0.000243327 -1.4491e-18)
(1.00054 0.00165042 6.88039e-19)
(0.999182 -0.000298773 3.6176e-19)
(1.00092 0.00355927 1.42752e-18)
(0.99861 0.000384052 -2.13311e-18)
(1.00124 0.00528636 1.6505e-18)
(0.997628 0.00473797 -1.14378e-17)
(1.00208 0.00503706 2.82664e-18)
(0.995087 0.0158116 -7.75339e-18)
(1.00396 0.00659378 -1.41601e-18)
(0.991757 0.0298082 -1.23978e-18)
(1.00455 0.0217339 4.28456e-18)
(0.991136 0.0503868 1.94632e-18)
(1.00555 0.0452285 -3.38806e-18)
(0.995005 0.10723 -1.9612e-18)
(1.00019 0.000392227 9.22126e-18)
(0.999824 -0.000158503 -6.34104e-19)
(1.00037 0.00152397 1.00511e-17)
(0.999595 -9.48991e-05 2.27964e-18)
(1.00051 0.00328132 1.3951e-18)
(0.999615 0.000770773 -4.13918e-19)
(1.0004 0.00486678 4.15491e-20)
(0.999676 0.00522151 3.41558e-18)
(1.00078 0.00466305 1.02889e-17)
(0.998379 0.0162361 9.72759e-18)
(1.0031 0.00620913 4.97678e-19)
(0.996084 0.0304569 7.0981e-18)
(1.00544 0.0207614 1.22865e-17)
(0.997761 0.0510054 5.56891e-18)
(1.00886 0.0435915 -8.22145e-18)
(1.00545 0.105602 -2.22703e-18)
(1.00013 0.000350148 1.85699e-18)
(0.999936 -7.49714e-05 -2.02331e-18)
(1.00023 0.00138143 1.31105e-18)
(0.999935 0.000110371 1.75209e-19)
(1.00023 0.00295862 1.53669e-18)
(1.00041 0.00116878 -2.16029e-18)
(0.999877 0.004358 1.73972e-18)
(1.00127 0.00569897 -1.09069e-17)
(1.00008 0.00418668 2.64157e-18)
(1.001 0.0165122 -6.78896e-18)
(1.00293 0.00577888 -1.6968e-18)
(0.999677 0.0307175 -2.77601e-19)
(1.00703 0.0196539 3.93843e-18)
(1.00336 0.0510207 2.39539e-18)
(1.01291 0.0418343 -1.74064e-18)
(1.01444 0.102596 -1.4196e-18)
(1.00008 0.000306647 2.28273e-18)
(1.00003 3.0366e-06 -1.01248e-17)
(1.00013 0.00122977 -1.82605e-18)
(1.00021 0.000304615 -9.45398e-19)
(1.00007 0.00261132 2.61448e-18)
(1.00102 0.00154871 -1.01692e-17)
(0.999647 0.00379729 -6.7248e-19)
(1.00245 0.00613107 -6.07933e-18)
(0.999884 0.00364087 9.85498e-18)
(1.00303 0.016626 -2.16573e-19)
(1.00331 0.00531024 -1.76713e-19)
(1.00269 0.0305942 -2.67553e-18)
(1.00906 0.0184491 1.03491e-17)
(1.00822 0.0504289 -3.20116e-18)
(1.01727 0.0399846 -7.44549e-18)
(1.02238 0.0984483 -2.5222e-18)
(1.04357 0.0743911 8.43473e-19)
(1.00004 0.000263108 2.12872e-18)
(1.0001 7.21734e-05 -1.59102e-18)
(1.00007 0.00107501 9.05212e-19)
(1.00042 0.000477522 2.17129e-19)
)
;

boundaryField
{
    inlet
    {
        type            uniformFixedValue;
        uniformValue    constant (1 0 0);
        value           uniform (1 0 0);
    }
    outlet
    {
        type            pressureInletOutletVelocity;
        value           nonuniform 0();
    }
    polygon
    {
        type            fixedValue;
        value           nonuniform 0();
    }
    top
    {
        type            symmetryPlane;
    }
    bottom
    {
        type            symmetryPlane;
    }
    outside
    {
        type            zeroGradient;
    }
    procBoundary48to40
    {
        type            processor;
        value           nonuniform List<vector> 
17
(
(1.00157 0.00185639 -2.09975e-19)
(0.996972 -0.000842485 -3.16778e-19)
(1.00357 0.00383348 8.40473e-19)
(0.99303 -0.000485352 -1.13448e-18)
(1.00706 0.00538315 3.45093e-18)
(0.986248 0.00349012 -1.35905e-17)
(1.01142 0.0048539 2.94604e-18)
(0.977337 0.0131923 -1.05114e-17)
(1.01305 0.00703366 -1.72027e-18)
(0.967894 0.0242508 -3.3929e-18)
(1.01002 0.0225783 5.03992e-18)
(0.952613 0.043237 -1.17938e-18)
(1.00561 0.0473206 1.54854e-17)
(0.931939 0.0997106 1.63946e-17)
(1.00053 0.000513061 -8.49399e-20)
(0.999166 -0.000462695 -3.12517e-19)
(0.999166 -0.000462695 -3.12517e-19)
)
;
    }
    procBoundary48to41
    {
        type            processor;
        value           nonuniform List<vector> 4((0.995228 0.0929911 1.91066e-17) (1.00073 0.0896296 4.09929e-18) (1.00815 0.0864116 -1.42091e-18) (1.01683 0.0833499 -9.99011e-19));
    }
    procBoundary48to49
    {
        type            processor;
        value           nonuniform List<vector> 4((1.02597 0.0803681 -7.52806e-19) (1.03499 0.0774241 -1.18133e-19) (1.03499 0.0774241 -1.18133e-19) (1.05379 0.159948 -5.34506e-18));
    }
    procBoundary48to56
    {
        type            processor;
        value           nonuniform List<vector> 
18
(
(1 0.00225646 1.15979e-18)
(1.00147 0.00188626 -1.88285e-18)
(0.999652 0.0032162 1.61652e-18)
(1.0033 0.00648606 -1.04633e-17)
(1.0001 0.00305182 2.66979e-18)
(1.00458 0.0165742 -6.90897e-18)
(1.00408 0.00479895 -1.51636e-18)
(1.00528 0.0301119 -6.59784e-19)
(1.01127 0.0171695 3.43021e-18)
(1.01256 0.0492424 1.10155e-18)
(1.02168 0.0379824 -1.29462e-18)
(1.0295 0.0934836 -1.42207e-18)
(1.05153 0.0711498 8.00482e-19)
(1 0.000220615 8.774e-18)
(1.00016 0.000129978 -1.56307e-19)
(1.00003 0.000921918 1.0035e-17)
(1 0.00225646 1.15979e-18)
(1.00059 0.000621045 2.26035e-18)
)
;
    }
}


// ************************************************************************* //
