/*--------------------------------*- C++ -*----------------------------------*\
  =========                 |
  \\      /  F ield         | OpenFOAM: The Open Source CFD Toolbox
   \\    /   O peration     | Website:  https://openfoam.org
    \\  /    A nd           | Version:  7
     \\/     M anipulation  |
\*---------------------------------------------------------------------------*/
FoamFile
{
    version     2.0;
    format      ascii;
    class       volVectorField;
    location    "36";
    object      U;
}
// * * * * * * * * * * * * * * * * * * * * * * * * * * * * * * * * * * * * * //

dimensions      [0 1 -1 0 0 0 0];

internalField   nonuniform List<vector> 
175
(
(0.673322 -0.111948 2.90204e-17)
(0.474957 -0.34792 5.23756e-17)
(0.66471 -0.100978 3.20824e-17)
(0.469588 -0.310843 6.40749e-17)
(0.656455 -0.0895811 4.03968e-17)
(0.464064 -0.273934 7.85286e-17)
(0.648859 -0.0778086 1.75601e-17)
(0.458854 -0.237561 6.91107e-17)
(0.642127 -0.0659565 9.3492e-19)
(0.454191 -0.201305 4.15586e-17)
(0.636395 -0.0540537 -1.48289e-17)
(0.450194 -0.165042 2.99243e-17)
(0.631747 -0.0421061 1.83077e-18)
(0.446927 -0.128733 2.82986e-17)
(0.628232 -0.0301319 1.51875e-17)
(0.444429 -0.0923404 3.20162e-17)
(0.625873 -0.0181872 -1.01055e-17)
(0.442726 -0.0557737 3.97605e-17)
(0.624683 -0.00641464 -3.55011e-17)
(0.441847 -0.0186411 1.77741e-17)
(0.79647 -0.244951 7.83033e-17)
(0.562235 -0.584767 4.79615e-17)
(0.779453 -0.23199 8.11548e-17)
(0.539195 -0.56364 5.18045e-17)
(0.763857 -0.21843 9.35295e-17)
(0.526553 -0.541641 5.67958e-17)
(0.749409 -0.205217 1.14783e-16)
(0.517157 -0.518875 6.21575e-17)
(0.735947 -0.192032 8.98424e-17)
(0.509085 -0.496045 5.23505e-17)
(0.723382 -0.178797 8.59504e-17)
(0.501798 -0.473068 5.40867e-17)
(0.711675 -0.16555 6.79395e-17)
(0.495155 -0.449887 5.84219e-17)
(0.700809 -0.152335 3.64969e-17)
(0.489132 -0.426787 4.33221e-17)
(0.69077 -0.139125 4.82678e-17)
(0.483731 -0.403864 4.14413e-17)
(0.681566 -0.125543 3.31687e-17)
(0.478973 -0.378802 4.50856e-17)
(1.23322 -0.492601 1.14764e-17)
(1.23346 -0.525548 1.43958e-17)
(1.12364 -0.571224 6.12649e-18)
(0.672931 -0.289348 3.93323e-18)
(1.22292 -0.501041 1.24007e-17)
(1.2171 -0.537881 1.51183e-17)
(1.10267 -0.588058 7.08224e-18)
(0.639339 -0.30905 6.79745e-18)
(1.21192 -0.508575 1.29625e-17)
(1.2013 -0.548957 1.30295e-17)
(1.08617 -0.601365 1.27438e-17)
(0.615613 -0.324199 8.78932e-18)
(1.19999 -0.515496 1.36716e-17)
(1.18416 -0.559084 1.40235e-17)
(1.06886 -0.612701 1.4165e-17)
(0.59854 -0.338264 1.06243e-17)
(1.18731 -0.521696 1.44875e-17)
(1.16635 -0.568098 1.47161e-17)
(1.05185 -0.6222 1.49746e-17)
(0.586037 -0.352337 9.1006e-18)
(1.17392 -0.527116 1.54759e-17)
(1.14801 -0.57594 1.56542e-17)
(1.03549 -0.630011 1.62973e-17)
(0.577565 -0.367055 1.01897e-17)
(1.16908 -0.472599 1.43337e-17)
(1.1601 -0.531718 1.66018e-17)
(1.12938 -0.582619 1.81275e-17)
(1.01988 -0.636217 1.73443e-17)
(0.572975 -0.382879 1.32158e-17)
(1.1585 -0.476642 1.4747e-17)
(1.14646 -0.535448 1.86189e-17)
(1.11084 -0.588091 1.80982e-17)
(1.00401 -0.640893 1.83124e-17)
(0.572032 -0.400313 1.62396e-17)
(1.14795 -0.480106 1.56224e-17)
(1.13262 -0.538236 1.98194e-17)
(1.09247 -0.592099 1.91974e-17)
(0.985924 -0.64403 1.94767e-17)
(0.573555 -0.420071 1.86598e-17)
(1.13399 -0.482964 1.66031e-17)
(1.11544 -0.540096 2.11879e-17)
(1.07227 -0.59434 2.03588e-17)
(0.965623 -0.645446 2.08459e-17)
(0.578126 -0.442928 2.48107e-17)
(1.23468 -0.381688 1.17275e-17)
(0.949959 -0.295815 2.8823e-17)
(0.359393 -0.0676615 1.59681e-17)
(1.23675 -0.396172 1.157e-17)
(0.96191 -0.318667 2.2665e-17)
(0.369413 -0.0846688 1.38415e-17)
(1.2901 -0.424493 6.5928e-18)
(1.24234 -0.411255 1.19215e-17)
(0.980909 -0.341551 1.55754e-17)
(0.388032 -0.0993155 1.65433e-18)
(1.28619 -0.434644 6.69787e-18)
(1.24622 -0.426349 1.24464e-17)
(1.0002 -0.365757 8.88428e-18)
(0.412448 -0.114555 -4.66804e-18)
(1.28134 -0.444504 1.15843e-17)
(1.24901 -0.441393 7.72554e-18)
(1.01963 -0.391205 9.68901e-19)
(0.44071 -0.13154 -2.18153e-17)
(1.27546 -0.453986 1.17247e-17)
(1.25039 -0.456293 9.60293e-18)
(1.03896 -0.417895 2.38936e-18)
(0.472784 -0.150835 -7.47052e-18)
(1.26845 -0.463002 1.27442e-17)
(1.2502 -0.470927 1.04859e-17)
(1.05812 -0.445807 3.07108e-18)
(0.50881 -0.172743 -3.75585e-18)
(1.26015 -0.471478 9.70864e-18)
(1.24835 -0.485235 1.12567e-17)
(1.07787 -0.474936 4.12347e-18)
(0.551163 -0.197378 -3.4668e-18)
(1.25079 -0.479361 1.05176e-17)
(1.2449 -0.499333 1.20198e-17)
(1.09884 -0.505637 4.75586e-18)
(0.605425 -0.224974 -4.22444e-18)
(1.2414 -0.486585 1.11113e-17)
(1.24007 -0.513311 1.29809e-17)
(1.11736 -0.538719 5.58301e-18)
(0.665188 -0.256319 -5.30983e-18)
(1.15729 -0.263292 1.51392e-17)
(0.874911 -0.170547 5.28268e-18)
(0.400755 -0.026545 -8.45477e-18)
(0.0168277 0.0176643 -9.64315e-18)
(1.1757 -0.276702 1.08731e-17)
(0.912576 -0.188989 6.3086e-18)
(0.439795 -0.0422095 -9.92426e-18)
(0.0242612 0.0214049 1.17034e-18)
(1.19843 -0.291258 6.76422e-18)
(0.956833 -0.208018 9.09625e-19)
(0.487436 -0.060387 -1.22212e-17)
(0.039279 0.0228556 1.19109e-17)
(1.21861 -0.306051 7.65735e-18)
(1.00007 -0.228043 1.50177e-18)
(0.540068 -0.0813294 -5.18961e-18)
(0.0584809 0.0222404 8.10854e-18)
(1.2368 -0.320946 1.42923e-17)
(1.04155 -0.248828 2.57828e-18)
(0.595514 -0.105008 -4.37613e-18)
(0.0822981 0.0194166 7.93175e-18)
(1.2527 -0.335796 1.55207e-17)
(1.08095 -0.270235 1.08386e-17)
(0.65339 -0.131335 4.72233e-18)
(0.111778 0.0139987 -6.64817e-18)
(1.26609 -0.350436 5.3992e-18)
(1.11791 -0.292121 1.19912e-17)
(0.713289 -0.160129 8.10297e-18)
(0.147676 0.0055019 -2.0324e-18)
(1.27678 -0.364713 6.21784e-18)
(1.15221 -0.314368 6.09112e-18)
(0.775269 -0.191144 2.0417e-17)
(0.191746 -0.00652836 1.80359e-17)
(1.18379 -0.33696 1.22859e-17)
(0.839317 -0.224249 2.41138e-17)
(0.247847 -0.0224908 1.88253e-17)
(1.21194 -0.359792 1.19137e-17)
(0.901159 -0.259525 2.65205e-17)
(0.313873 -0.04293 2.36847e-17)
(0.898273 -0.215933 -3.09145e-17)
(0.967248 -0.223907 2.50619e-17)
(0.980781 -0.502262 2.09303e-17)
(0.861147 -0.209865 -3.12889e-17)
(0.947629 -0.236043 9.04365e-17)
(0.942491 -0.549747 3.53366e-17)
(0.824585 -0.201135 -3.16523e-17)
(0.924757 -0.246777 8.3085e-17)
(0.889799 -0.601951 3.11088e-17)
(0.79371 -0.189369 -3.38945e-17)
(0.892143 -0.25604 3.43929e-17)
(0.823552 -0.646893 3.11284e-17)
(0.772876 -0.174659 -2.69377e-17)
(0.844065 -0.263804 1.10183e-16)
(0.693206 -0.662589 4.65805e-17)
)
;

boundaryField
{
    inlet
    {
        type            uniformFixedValue;
        uniformValue    constant (1 0 0);
        value           nonuniform 0();
    }
    outlet
    {
        type            pressureInletOutletVelocity;
        value           nonuniform 0();
    }
    polygon
    {
        type            fixedValue;
        value           uniform (0 0 0);
    }
    top
    {
        type            symmetryPlane;
    }
    bottom
    {
        type            symmetryPlane;
    }
    outside
    {
        type            zeroGradient;
    }
    procBoundary25to8
    {
        type            processor;
        value           nonuniform List<vector> 5((0.97908 -0.109014 -5.55601e-17) (0.974479 -0.1077 4.80232e-19) (0.966051 -0.103375 -9.68544e-18) (0.951856 -0.0958932 -6.96424e-17) (0.931758 -0.0868779 -1.54024e-17));
    }
    procBoundary25to16
    {
        type            processor;
        value           nonuniform List<vector> 
11
(
(0.767495 -0.163479 -1.87631e-17)
(0.767495 -0.163479 -1.87631e-17)
(0.766218 -0.156356 -1.50979e-17)
(0.765629 -0.149176 -1.08518e-17)
(0.765597 -0.142058 -2.66764e-17)
(0.766025 -0.134737 -3.99257e-17)
(0.766841 -0.127228 -3.14641e-17)
(0.767987 -0.119561 -2.71104e-17)
(0.769409 -0.111779 -2.60362e-17)
(0.771059 -0.103984 -2.78437e-17)
(0.772897 -0.0958588 -3.31888e-17)
)
;
    }
    procBoundary25to17
    {
        type            processor;
        value           nonuniform List<vector> 
36
(
(1.22849 -0.438645 9.22053e-18)
(1.21984 -0.445379 1.15503e-17)
(1.21073 -0.451563 1.21459e-17)
(1.20103 -0.457446 1.14409e-17)
(1.19081 -0.462949 1.21312e-17)
(1.18006 -0.468018 1.29415e-17)
(1.18006 -0.468018 1.29415e-17)
(1.17393 -0.429604 1.21596e-17)
(1.16566 -0.432758 1.29178e-17)
(1.15727 -0.435588 1.37145e-17)
(1.14549 -0.438103 1.45521e-17)
(1.29587 -0.403702 7.03655e-18)
(1.29276 -0.414088 6.62707e-18)
(1.29276 -0.414088 6.62707e-18)
(1.29014 -0.396381 3.54729e-18)
(1.28413 -0.402722 3.62485e-18)
(1.27752 -0.408858 3.54272e-18)
(1.2703 -0.414746 3.41855e-18)
(1.26239 -0.420342 6.33604e-18)
(1.25372 -0.425597 6.20154e-18)
(1.24454 -0.430453 6.40606e-18)
(1.23582 -0.434869 9.01243e-18)
(1.27609 -0.304796 7.69574e-18)
(1.28273 -0.313503 7.00733e-18)
(1.29095 -0.322765 7.77863e-18)
(1.29708 -0.33173 8.71596e-18)
(1.30175 -0.340427 9.0722e-18)
(1.30483 -0.348785 4.68104e-18)
(1.30628 -0.356738 2.75606e-19)
(1.30606 -0.364215 4.97033e-18)
(1.2849 -0.378512 6.95922e-18)
(1.2849 -0.378512 6.95922e-18)
(1.29118 -0.391671 6.82946e-18)
(0.932448 -0.218961 -2.75289e-17)
(0.986218 -0.212937 5.49515e-17)
(1.01117 -0.456209 2.21073e-17)
)
;
    }
    procBoundary25to18
    {
        type            processor;
        value           nonuniform List<vector> 4((1.11814 -0.243518 1.45094e-17) (0.8082 -0.144605 9.80263e-18) (0.339098 -0.0114879 -7.08539e-18) (-0.00149328 0.0122004 -7.78965e-18));
    }
    procBoundary25to24
    {
        type            processor;
        value           nonuniform List<vector> 10((0.774904 -0.086511 2.22701e-18) (0.776684 -0.0781711 3.37558e-17) (0.778271 -0.0695758 6.23991e-17) (0.779719 -0.0606903 7.06259e-17) (0.781045 -0.0516521 5.99971e-17) (0.782243 -0.0424912 5.90043e-17) (0.783295 -0.0332236 6.64734e-17) (0.78417 -0.0238663 5.67686e-17) (0.784821 -0.0144628 3.26504e-17) (0.785188 -0.00510884 1.32989e-17));
    }
    procBoundary25to33
    {
        type            processor;
        value           nonuniform List<vector> 2((0.624683 0.00641462 -6.63144e-17) (0.441847 0.0186411 9.73779e-19));
    }
}


// ************************************************************************* //
