/*--------------------------------*- C++ -*----------------------------------*\
  =========                 |
  \\      /  F ield         | OpenFOAM: The Open Source CFD Toolbox
   \\    /   O peration     | Website:  https://openfoam.org
    \\  /    A nd           | Version:  7
     \\/     M anipulation  |
\*---------------------------------------------------------------------------*/
FoamFile
{
    version     2.0;
    format      ascii;
    class       surfaceScalarField;
    location    "66";
    object      phi;
}
// * * * * * * * * * * * * * * * * * * * * * * * * * * * * * * * * * * * * * //

dimensions      [0 3 -1 0 0 0 0];

internalField   nonuniform List<scalar> 
463
(
-0.000715254
-0.0108664
-0.000488066
-0.0107981
-0.00026612
-0.0107133
-5.42854e-05
-0.0106193
0.000149303
-0.010527
0.000339969
-0.0104202
0.000517719
-0.0103128
0.000678267
-0.0101873
0.000818993
-0.0100516
0.000934518
-0.00988957
-0.00069148
-0.0110978
-0.000468055
-0.0110215
-0.000249741
-0.0109316
-4.20955e-05
-0.0108269
0.00015707
-0.0107261
0.000342727
-0.0106059
0.000514896
-0.0104849
0.000669107
-0.0103415
0.000802535
-0.0101851
-0.00999702
-0.000667351
-0.0113261
-0.000447456
-0.0112414
-0.000232503
-0.0111466
-2.86981e-05
-0.0110307
0.000166447
-0.0109213
0.000347644
-0.0107871
0.000515034
-0.0106523
0.000664105
-0.0104906
0.000791981
-0.0103129
-0.0100987
-0.000642686
-0.0115517
-0.000425987
-0.0114581
-0.00021397
-0.0113586
-1.35509e-05
-0.0112312
0.000178002
-0.0111128
0.00035533
-0.0109644
0.000518687
-0.0108157
0.000663641
-0.0106355
0.00078748
-0.0104368
-0.0101969
-0.000617956
-0.011774
-0.000403568
-0.0116725
-0.000194142
-0.011568
3.47768e-06
-0.0114288
0.000192067
-0.0113014
0.000366327
-0.0111387
0.000526611
-0.010976
0.000668552
-0.0107775
0.000789231
-0.0105575
-0.00453429
-0.0113782
-0.00493196
-0.0112748
-0.00533771
-0.0111623
-0.00573736
-0.0110291
-0.00614895
-0.0108898
-0.0065526
-0.010735
-0.00696065
-0.0105679
-0.00735375
-0.0103844
-0.0101839
-0.00350723
-0.0110697
-0.00380074
-0.0109813
-0.00408299
-0.01088
-0.00435283
-0.0107593
-0.00461394
-0.0106287
-0.00486175
-0.0104872
-0.00509677
-0.0103329
-0.00531561
-0.0101655
-0.00551609
-0.0099834
-0.00978632
-0.00288273
-0.0108022
-0.00313762
-0.0107264
-0.00337504
-0.0106426
-0.00359128
-0.0105431
-0.00378108
-0.0104389
-0.00394232
-0.0103259
-0.00407042
-0.0102048
-0.00416083
-0.0100751
-0.00420711
-0.00993712
-0.0097903
-0.00208044
-0.0106007
-0.00226793
-0.0105389
-0.00244016
-0.0104704
-0.00259562
-0.0103876
-0.00273455
-0.0103
-0.00285454
-0.0102059
-0.00295272
-0.0101066
-0.00302522
-0.0100026
-0.00306778
-0.00989456
-0.00978351
-0.00167617
-0.0104444
-0.00181651
-0.0103986
-0.00193974
-0.0103471
-0.00204236
-0.010285
-0.00212287
-0.0102195
-0.00217945
-0.0101494
-0.00221039
-0.0100757
-0.00221422
-0.00999878
-0.00218965
-0.00991913
-0.00983729
-0.00116642
-0.0103244
-0.00127789
-0.0102871
-0.0013784
-0.0102466
-0.00146603
-0.0101974
-0.00153958
-0.0101459
-0.0015975
-0.0100915
-0.0016381
-0.0100351
-0.00165946
-0.00997741
-0.00165948
-0.00991911
-0.00986088
-0.000922962
-0.0102392
-0.000996381
-0.0102137
-0.00105848
-0.0101845
-0.0011067
-0.0101491
-0.00114073
-0.0101119
-0.00115983
-0.0100724
-0.0011637
-0.0100312
-0.00115226
-0.00998885
-0.00112568
-0.00994569
-0.00990221
-0.000637835
-0.0101712
-0.00070127
-0.0101503
-0.000757896
-0.0101279
-0.000806414
-0.0101006
-0.000845846
-0.0100725
-0.000875267
-0.0100429
-0.000893725
-0.0100128
-0.000900266
-0.00998231
-0.000893962
-0.00995199
-0.00992219
-0.000491065
-0.0101261
-0.000528804
-0.0101125
-0.00055982
-0.0100969
-0.000582557
-0.0100779
-0.000597132
-0.0100579
-0.00060333
-0.0100367
-0.000601269
-0.0100148
-0.000591194
-0.00999238
-0.000573476
-0.00996971
-0.00994709
-0.000345678
-0.0100886
-0.000380908
-0.0100773
-0.000412349
-0.0100654
-0.000439229
-0.010051
-0.000460865
-0.0100363
-0.00047669
-0.0100209
-0.000486142
-0.0100054
-0.000488705
-0.00998982
-0.000483926
-0.00997449
-0.00995955
-0.000253942
-0.0100651
-0.000273144
-0.0100581
-0.000288526
-0.0100501
-0.00029923
-0.0100403
-0.000305449
-0.01003
-0.000307179
-0.0100192
-0.000304608
-0.0100079
-0.00029799
-0.00999644
-0.000287629
-0.00998485
-0.00997333
-0.00018698
-0.0100446
-0.000206433
-0.0100386
-0.0002239
-0.0100326
-0.000238932
-0.0100253
-0.000251093
-0.0100179
-0.000260018
-0.0100103
-0.000265363
-0.0100026
-0.000266817
-0.00999499
-0.000264126
-0.00998754
-0.00998033
-0.00012656
-0.0100324
-0.000136242
-0.0100289
-0.000143785
-0.010025
-0.000148749
-0.0100203
-0.0001513
-0.0100153
-0.000151508
-0.01001
-0.000149539
-0.0100046
-0.000145589
-0.00999894
-0.000139875
-0.00999325
-0.0099876
-0.000100863
-0.0100211
-0.000111648
-0.0100182
-0.000121436
-0.0100153
-0.00012996
-0.0100118
-0.00013696
-0.0100083
-0.00014219
-0.0100048
-0.000145434
-0.0100013
-0.000146494
-0.00999788
-0.000145211
-0.00999453
-0.00999132
-5.86826e-05
-0.0100149
-6.35045e-05
-0.0100133
-6.7123e-05
-0.0100116
-6.93438e-05
-0.0100096
-7.02818e-05
-0.0100074
-7.00329e-05
-0.0100051
-6.87212e-05
-0.0100026
-6.64909e-05
-0.0100001
-6.34874e-05
-0.00999754
-0.00999497
-5.34122e-05
-0.0100087
-5.94149e-05
-0.0100073
-6.49445e-05
-0.0100061
-6.98313e-05
-0.0100047
-7.39362e-05
-0.0100033
-7.70858e-05
-0.0100019
-7.91496e-05
-0.0100006
-7.99937e-05
-0.00999926
-7.95164e-05
-0.00999802
-0.00999683
-2.23751e-05
-0.0100057
-2.46593e-05
-0.0100051
-2.62513e-05
-0.0100045
-2.71158e-05
-0.0100038
-2.73134e-05
-0.0100031
-2.69551e-05
-0.0100023
-2.61219e-05
-0.0100014
-2.49243e-05
-0.0100005
-2.34593e-05
-0.00999948
-0.00999848
-2.61868e-05
-0.0100023
-2.93858e-05
-0.0100019
-3.24093e-05
-0.0100015
-3.51212e-05
-0.0100011
-3.74853e-05
-0.0100007
-3.9359e-05
-0.0100004
-4.06808e-05
-0.0100001
-4.1351e-05
-0.00999979
-4.13078e-05
-0.00999952
-0.00999928
-2.28496e-06
-0.0100013
-2.98587e-06
-0.0100012
-3.29864e-06
-0.0100012
-3.32425e-06
-0.0100011
-3.03405e-06
-0.010001
-2.58472e-06
-0.0100008
-1.99513e-06
-0.0100007
-1.37285e-06
-0.0100004
-7.71536e-07
-0.0100001
-0.0099998
-9.80533e-06
-1.09619e-05
-1.21433e-05
-1.32182e-05
-1.42343e-05
-1.50819e-05
-1.57459e-05
-1.61575e-05
-1.62821e-05
)
;

boundaryField
{
    inlet
    {
        type            calculated;
        value           nonuniform List<scalar> 10(-0.01 -0.01 -0.01 -0.01 -0.01 -0.01 -0.01 -0.01 -0.01 -0.01);
    }
    outlet
    {
        type            calculated;
        value           nonuniform 0();
    }
    polygon
    {
        type            calculated;
        value           nonuniform 0();
    }
    top
    {
        type            symmetryPlane;
        value           uniform 0;
    }
    bottom
    {
        type            symmetryPlane;
        value           uniform 0;
    }
    outside
    {
        type            calculated;
        value           nonuniform List<scalar> 
25
(
0.000949956
0.000922868
0.000895659
0.00086821
0.000840335
0.00413846
0.00319877
0.00261521
0.00187893
0.0015199
0.0010464
0.000837773
0.000569841
0.000445975
0.000308151
0.000230421
0.000166449
0.000114406
8.96068e-05
5.24674e-05
4.7207e-05
1.93041e-05
2.28664e-05
1.2301e-06
8.52666e-06
)
;
    }
    procBoundary0to1
    {
        type            processor;
        value           nonuniform List<scalar> 
11
(
0.0106317
0.0105709
0.0104914
0.0104075
0.0103234
0.0102295
0.010135
0.0100267
0.00991091
0.00977404
0.0096198
)
;
    }
    procBoundary0to4
    {
        type            processor;
        value           nonuniform List<scalar> 
28
(
0.00101966
-0.00970493
0.000909983
0.000893623
0.000885681
0.000884418
-0.010292
-0.00772733
0.00995658
-0.00568635
-0.00420313
-0.00307458
-0.00213587
-0.00163588
-0.00108435
-0.000873988
-0.00054857
-0.000471471
-0.000273849
-0.000257126
-0.000132603
-0.000141488
-5.98422e-05
-7.76532e-05
-2.18115e-05
-4.05052e-05
-2.52283e-07
-1.60846e-05
)
;
    }
}


// ************************************************************************* //
