/*--------------------------------*- C++ -*----------------------------------*\
  =========                 |
  \\      /  F ield         | OpenFOAM: The Open Source CFD Toolbox
   \\    /   O peration     | Website:  https://openfoam.org
    \\  /    A nd           | Version:  7
     \\/     M anipulation  |
\*---------------------------------------------------------------------------*/
FoamFile
{
    version     2.0;
    format      ascii;
    class       volVectorField;
    location    "66";
    object      U;
}
// * * * * * * * * * * * * * * * * * * * * * * * * * * * * * * * * * * * * * //

dimensions      [0 1 -1 0 0 0 0];

internalField   nonuniform List<vector> 
250
(
(1.21088 -0.191151 3.82336e-18)
(1.2035 -0.213672 2.22502e-17)
(1.19402 -0.222198 6.35724e-18)
(1.18388 -0.239796 -2.60082e-18)
(1.17385 -0.253154 -1.15684e-17)
(1.16249 -0.270243 -2.68405e-17)
(1.15108 -0.28653 -9.22194e-18)
(1.13788 -0.305416 -1.39327e-17)
(1.12369 -0.325426 -7.20095e-18)
(1.10684 -0.347422 -1.04062e-17)
(1.08757 -0.37229 -1.28573e-17)
(1.20326 -0.185734 3.65541e-18)
(1.19522 -0.208798 1.40666e-17)
(1.18541 -0.217394 7.28359e-18)
(1.17441 -0.235367 -4.42832e-18)
(1.16373 -0.248831 -2.81747e-18)
(1.1512 -0.266085 -8.56885e-18)
(1.13863 -0.282467 1.10126e-17)
(1.1238 -0.301345 -1.81482e-17)
(1.10768 -0.321162 -1.05367e-17)
(1.08837 -0.342841 5.69152e-18)
(1.1957 -0.180291 3.38448e-18)
(1.18695 -0.203814 2.22974e-17)
(1.17687 -0.212464 9.56431e-18)
(1.16495 -0.230729 -5.26352e-18)
(1.15362 -0.244244 -7.78676e-18)
(1.13993 -0.261546 -2.09261e-17)
(1.12622 -0.277921 -1.42851e-17)
(1.10983 -0.2966 -8.11045e-19)
(1.0919 -0.316 -1.27662e-17)
(1.07027 -0.337021 -2.47553e-17)
(1.18809 -0.174795 1.76094e-18)
(1.17862 -0.198671 2.60236e-17)
(1.16828 -0.207326 1.14668e-17)
(1.15535 -0.225765 -5.85489e-18)
(1.14337 -0.239251 -7.78986e-18)
(1.12842 -0.256446 -2.22801e-17)
(1.11353 -0.272683 -6.06539e-18)
(1.09552 -0.290932 -5.86273e-18)
(1.07576 -0.309673 -1.6795e-17)
(1.05195 -0.329654 -1.89008e-17)
(1.18039 -0.169293 1.49733e-17)
(1.17034 -0.193399 4.94822e-17)
(1.1597 -0.201993 -3.12663e-18)
(1.14592 -0.220493 1.21073e-17)
(1.13323 -0.233873 -9.79866e-18)
(1.11713 -0.250814 -2.97381e-17)
(1.10103 -0.266794 -1.04061e-17)
(1.08138 -0.284395 -2.88923e-17)
(1.05961 -0.302285 -4.84831e-17)
(1.03328 -0.320972 3.1104e-18)
(1.15538 -0.151647 -5.23296e-18)
(1.14426 -0.17601 1.51747e-17)
(1.13251 -0.184313 6.66046e-18)
(1.11808 -0.202688 3.21661e-18)
(1.10366 -0.215453 -1.75185e-17)
(1.0868 -0.231199 -5.04842e-17)
(1.06903 -0.245821 -5.857e-18)
(1.0485 -0.260512 -1.56622e-17)
(1.02559 -0.274628 -5.4135e-17)
(1.12153 -0.117275 -1.08346e-18)
(1.11227 -0.13609 -5.12801e-18)
(1.10175 -0.141614 5.29626e-18)
(1.08944 -0.15444 4.1438e-17)
(1.07614 -0.162729 -5.39725e-18)
(1.0617 -0.172555 -1.4887e-17)
(1.04587 -0.181224 -1.70649e-17)
(1.02884 -0.189523 -1.86619e-17)
(1.01036 -0.197193 -1.94512e-17)
(0.990603 -0.204043 -9.03073e-18)
(1.09177 -0.0959097 -3.45856e-18)
(1.0833 -0.112289 -3.52852e-18)
(1.07379 -0.116988 -1.09239e-17)
(1.06245 -0.12772 -2.12095e-17)
(1.05036 -0.133937 -2.26701e-17)
(1.03701 -0.140816 -7.65225e-17)
(1.02252 -0.146017 -3.84053e-17)
(1.00657 -0.150059 -4.99418e-17)
(0.989098 -0.152593 -1.0546e-16)
(0.969875 -0.153384 -3.47574e-17)
(1.06941 -0.0689528 -8.70238e-18)
(1.06273 -0.0812314 -6.29486e-18)
(1.05537 -0.0845491 -9.38451e-18)
(1.04657 -0.0923297 -8.19153e-18)
(1.03731 -0.0968073 -1.08239e-17)
(1.02752 -0.101871 -1.94352e-17)
(1.01737 -0.105781 -7.73819e-17)
(1.00703 -0.108908 -7.40212e-17)
(0.996576 -0.111041 -8.6721e-17)
(0.986156 -0.111989 -8.6658e-17)
(1.05119 -0.0557682 -2.37294e-17)
(1.04568 -0.0652435 -1.15869e-17)
(1.03951 -0.0675302 -3.00732e-17)
(1.03201 -0.0730783 -3.88415e-17)
(1.02399 -0.0757414 -3.91073e-17)
(1.01522 -0.0784946 -6.76307e-17)
(1.00573 -0.080038 5.68904e-18)
(0.995498 -0.0806761 3.47445e-17)
(0.984537 -0.0803058 -4.20715e-17)
(0.972914 -0.0788815 1.23666e-17)
(1.03797 -0.038422 -6.29092e-17)
(1.03391 -0.0457439 -1.49261e-17)
(1.02957 -0.0476917 -7.51716e-17)
(1.02437 -0.0522037 -9.52287e-17)
(1.01906 -0.0546307 -6.91225e-17)
(1.01359 -0.0572123 -3.95084e-18)
(1.00814 -0.0589714 -5.27792e-17)
(1.00281 -0.060114 7.39887e-17)
(0.997684 -0.0605217 5.24745e-18)
(0.992802 -0.0601117 -5.46718e-17)
(1.0275 -0.030747 2.11491e-17)
(1.02425 -0.0358741 8.40369e-18)
(1.0206 -0.0369638 1.03276e-17)
(1.01611 -0.0397544 -4.49515e-17)
(1.01127 -0.0408891 5.84104e-18)
(1.00597 -0.0419809 -1.35608e-17)
(1.00027 -0.0423688 1.93237e-17)
(0.994168 -0.042229 5.13481e-17)
(0.987725 -0.0415348 -1.05584e-17)
(0.981032 -0.0402943 2.26065e-17)
(1.02034 -0.0209292 -3.77415e-18)
(1.01812 -0.0250856 -7.27697e-18)
(1.01579 -0.0261957 -6.17793e-18)
(1.01304 -0.0287246 -1.16649e-17)
(1.01029 -0.0300433 -1.20295e-17)
(1.00754 -0.0313992 -6.5141e-17)
(1.0049 -0.0322521 -1.13857e-17)
(1.00242 -0.0327155 -2.96452e-18)
(1.00014 -0.0327279 -6.38806e-17)
(0.998062 -0.0322565 -8.25358e-18)
(1.01438 -0.0163703 1.42966e-17)
(1.01254 -0.0190712 -1.45831e-17)
(1.01047 -0.0195892 9.00032e-19)
(1.00788 -0.0209826 -6.29654e-17)
(1.00508 -0.0214688 1.16272e-17)
(1.002 -0.021908 2.03754e-17)
(0.99868 -0.0219656 1.31772e-17)
(0.99513 -0.021742 7.65635e-17)
(0.991396 -0.0212329 2.94762e-17)
(0.987552 -0.0204533 1.34227e-17)
(1.01076 -0.0113191 3.97115e-17)
(1.00962 -0.0136167 -6.23751e-17)
(1.00847 -0.0142392 4.15088e-17)
(1.00713 -0.0156401 8.2194e-18)
(1.00583 -0.0163692 4.88132e-17)
(1.00459 -0.0171074 -7.5601e-18)
(1.00345 -0.0175576 -1.98246e-17)
(1.00245 -0.0177809 -4.66897e-18)
(1.00158 -0.0177446 -8.74073e-18)
(1.00086 -0.0174335 -2.0483e-17)
(1.0073 -0.00845971 -6.8644e-17)
(1.00628 -0.00986502 -2.40336e-17)
(1.00512 -0.0101068 -6.91987e-17)
(1.00366 -0.0108013 -7.26513e-17)
(1.00207 -0.0110053 -6.24989e-17)
(1.0003 -0.0111816 -1.49444e-17)
(0.998376 -0.0111556 -4.674e-17)
(0.996312 -0.0109861 6.58701e-17)
(0.994138 -0.0106746 6.61528e-18)
(0.991905 -0.0102328 -4.16524e-17)
(1.00562 -0.00611428 8.58228e-17)
(1.00507 -0.00737324 -5.66903e-17)
(1.00455 -0.00772344 9.03349e-17)
(1.00396 -0.00850045 7.53124e-17)
(1.00344 -0.00891199 1.17963e-16)
(1.00297 -0.00932695 8.31125e-18)
(1.00259 -0.00958163 3.43962e-17)
(1.0023 -0.00970808 -1.93128e-18)
(1.00212 -0.00968777 7.90679e-18)
(1.00201 -0.00951263 3.79145e-17)
(1.00353 -0.00420186 -2.94243e-17)
(1.00297 -0.00492807 -6.06843e-17)
(1.00233 -0.00503605 -1.56736e-17)
(1.00151 -0.00538136 7.58865e-17)
(1.00061 -0.00546029 5.67932e-17)
(0.999594 -0.00552849 -6.44178e-17)
(0.998478 -0.00548933 6.65087e-17)
(0.997271 -0.00538003 3.36299e-17)
(0.995994 -0.00520245 1.51951e-17)
(0.994678 -0.00496456 7.84518e-17)
(1.00287 -0.00329177 3.25972e-17)
(1.00262 -0.00398348 5.3441e-18)
(1.00243 -0.00418172 1.41779e-17)
(1.00223 -0.00461734 5.98691e-17)
(1.00208 -0.00485386 5.75473e-17)
(1.002 -0.00509453 -3.63994e-17)
(1.00197 -0.00524596 3.09586e-17)
(1.00202 -0.00532598 6.26284e-17)
(1.00213 -0.00532326 2.8791e-18)
(1.00229 -0.00523285 2.97704e-17)
(1.00153 -0.00192863 5.90509e-17)
(1.00123 -0.00230182 -5.92561e-17)
(1.00088 -0.002345 -9.22531e-18)
(1.00043 -0.00251614 -8.88203e-18)
(0.999921 -0.00253955 -5.19372e-19)
(0.999339 -0.00256383 2.03922e-17)
(0.998689 -0.00253015 -8.46278e-17)
(0.997978 -0.00246456 -2.35063e-17)
(0.99722 -0.00236817 -1.8406e-17)
(0.996435 -0.00224623 -9.76755e-17)
(1.00138 -0.00173464 -1.31087e-17)
(1.00129 -0.00211715 1.57165e-17)
(1.00126 -0.00222879 1.29268e-17)
(1.00125 -0.00247639 3.08244e-17)
(1.00128 -0.00261328 4.04548e-17)
(1.00137 -0.00275683 7.6179e-17)
(1.0015 -0.00284971 -1.26514e-17)
(1.00168 -0.00290381 2.85863e-17)
(1.0019 -0.00291128 9.85269e-18)
(1.00215 -0.00286915 -2.23422e-17)
(1.00048 -0.000711378 3.80098e-18)
(1.00033 -0.000898514 -2.06878e-18)
(1.00014 -0.00090849 5.25402e-18)
(0.999899 -0.000990509 6.89967e-17)
(0.999613 -0.000988103 6.92802e-17)
(0.999279 -0.000993952 1.56464e-17)
(0.998899 -0.000967686 6.49361e-17)
(0.998477 -0.000930357 7.35487e-17)
(0.998022 -0.000880954 1.41833e-17)
(0.997548 -0.00082378 6.5325e-17)
(1.00058 -0.00084107 -2.89983e-18)
(1.00058 -0.00104591 -1.04423e-18)
(1.00062 -0.00110477 -4.32759e-18)
(1.00069 -0.00124219 -2.11434e-17)
(1.0008 -0.00131848 -1.29519e-17)
(1.00095 -0.00140346 5.17097e-17)
(1.00113 -0.00145979 -7.58532e-17)
(1.00134 -0.0014971 -1.11707e-17)
(1.00159 -0.00150882 -1.3839e-17)
(1.00184 -0.00149385 -8.51436e-17)
(0.999985 -4.65545e-05 -2.56832e-18)
(0.999918 -0.00011531 -1.45953e-18)
(0.999832 -0.000105727 -1.05993e-19)
(0.999705 -0.000130997 6.89833e-18)
(0.999549 -0.000113032 1.34287e-18)
(0.999357 -0.000106007 -1.03122e-17)
(0.999133 -8.28167e-05 2.78405e-17)
(0.998878 -6.16085e-05 7.87111e-17)
(0.998599 -3.8154e-05 1.91341e-17)
(0.998305 -1.76673e-05 3.40469e-17)
(1.00018 -0.000314648 -8.46392e-19)
(1.00022 -0.000390253 -9.72452e-19)
(1.00029 -0.000413257 -1.68173e-18)
(1.00039 -0.000465171 -9.66868e-19)
(1.00051 -0.000498977 -2.76362e-18)
(1.00066 -0.000534273 -5.75932e-19)
(1.00083 -0.000562279 -8.79295e-18)
(1.00102 -0.000581969 -1.74675e-17)
(1.00123 -0.00059225 -9.05711e-18)
(1.00145 -0.000591061 -1.23779e-17)
)
;

boundaryField
{
    inlet
    {
        type            uniformFixedValue;
        uniformValue    constant (1 0 0);
        value           uniform (1 0 0);
    }
    outlet
    {
        type            pressureInletOutletVelocity;
        value           nonuniform 0();
    }
    polygon
    {
        type            fixedValue;
        value           nonuniform 0();
    }
    top
    {
        type            symmetryPlane;
    }
    bottom
    {
        type            symmetryPlane;
    }
    outside
    {
        type            zeroGradient;
    }
    procBoundary0to1
    {
        type            processor;
        value           nonuniform List<vector> 
11
(
(1.21857 -0.196461 5.56325e-18)
(1.21183 -0.218321 1.78332e-17)
(1.20271 -0.226701 5.06946e-18)
(1.19345 -0.243783 -5.49922e-18)
(1.18412 -0.256897 -2.22447e-17)
(1.17393 -0.273611 -9.1692e-18)
(1.16373 -0.289587 -6.6527e-18)
(1.15221 -0.308149 -1.59979e-17)
(1.13997 -0.32799 -9.91165e-18)
(1.12581 -0.349788 -1.94221e-17)
(1.10959 -0.374984 1.18176e-18)
)
;
    }
    procBoundary0to4
    {
        type            processor;
        value           nonuniform List<vector> 
28
(
(1.06363 -0.398289 3.40043e-17)
(1.06612 -0.366801 -1.04761e-17)
(1.06612 -0.366801 -1.04761e-17)
(1.04523 -0.359707 -1.65414e-17)
(1.0244 -0.350638 -1.88141e-17)
(1.00259 -0.340056 1.25691e-17)
(0.999026 -0.287654 -8.48708e-18)
(0.999026 -0.287654 -8.48708e-18)
(0.999026 -0.287654 -8.48708e-18)
(0.969438 -0.209535 -3.68884e-18)
(0.948923 -0.152241 -2.4941e-17)
(0.975804 -0.111521 -6.63771e-17)
(0.960802 -0.0763834 4.8909e-17)
(0.98816 -0.0588022 8.16788e-17)
(0.974238 -0.0385264 6.19903e-17)
(0.996156 -0.0312748 8.33485e-18)
(0.9837 -0.0194212 7.82343e-17)
(1.00023 -0.0168389 -1.96928e-18)
(0.989679 -0.00967258 7.00063e-17)
(1.00196 -0.00917884 -1.71868e-18)
(0.993367 -0.0046737 3.39058e-17)
(1.00248 -0.00505262 6.11283e-17)
(0.995651 -0.00210315 -3.15444e-17)
(1.00242 -0.00277586 1.81809e-17)
(0.997072 -0.000761206 7.43652e-17)
(1.00211 -0.00145057 -2.07579e-17)
(0.998008 -5.60334e-07 8.3614e-17)
(1.00167 -0.000577904 -1.95705e-17)
)
;
    }
}


// ************************************************************************* //
