/*--------------------------------*- C++ -*----------------------------------*\
  =========                 |
  \\      /  F ield         | OpenFOAM: The Open Source CFD Toolbox
   \\    /   O peration     | Website:  https://openfoam.org
    \\  /    A nd           | Version:  7
     \\/     M anipulation  |
\*---------------------------------------------------------------------------*/
FoamFile
{
    version     2.0;
    format      ascii;
    class       volVectorField;
    location    "68";
    object      U;
}
// * * * * * * * * * * * * * * * * * * * * * * * * * * * * * * * * * * * * * //

dimensions      [0 1 -1 0 0 0 0];

internalField   nonuniform List<vector> 
250
(
(0.986394 0.015612 5.31655e-17)
(0.92188 0.0236367 4.64127e-18)
(0.822976 0.01888 -8.953e-18)
(0.710696 0.0179983 -8.08013e-17)
(0.601547 0.0108363 -6.25842e-17)
(0.499061 0.00656675 6.47922e-17)
(0.405124 -3.02014e-05 -5.54307e-17)
(0.316594 -0.00439446 -5.92103e-18)
(0.230951 -0.00927732 -2.28607e-18)
(0.145709 -0.012693 -7.21006e-17)
(0.994524 0.00104218 -1.88112e-17)
(0.923777 0.00919814 -3.39611e-18)
(0.818389 0.00427265 3.54844e-19)
(0.702842 0.00435364 -2.62064e-17)
(0.591392 -0.00264119 2.01671e-17)
(0.48884 -0.00585609 6.50406e-17)
(0.395167 -0.0123278 1.90176e-17)
(0.307945 -0.0161501 1.61089e-17)
(0.223578 -0.0206834 7.4369e-17)
(0.139789 -0.0236816 1.19425e-17)
(1.00375 -0.0155068 7.50901e-18)
(0.926765 -0.00619283 2.79059e-18)
(0.815191 -0.0105305 6.83406e-18)
(0.696599 -0.00908492 5.62644e-17)
(0.582715 -0.0152375 6.18913e-18)
(0.479712 -0.0176882 6.08776e-18)
(0.386144 -0.0235245 1.17266e-18)
(0.299968 -0.0270484 2.59017e-18)
(0.216962 -0.0311507 6.12923e-18)
(0.134716 -0.0338531 1.36686e-18)
(1.01495 -0.0321305 -2.5471e-18)
(0.931352 -0.0213847 -8.89143e-19)
(0.814409 -0.0248371 -7.17208e-18)
(0.692398 -0.0220181 -5.41323e-17)
(0.57611 -0.0268803 3.87727e-18)
(0.471848 -0.0285526 6.4309e-17)
(0.378111 -0.0336098 8.96534e-18)
(0.292639 -0.0368827 1.23375e-17)
(0.210981 -0.0405733 6.9038e-17)
(0.130364 -0.043046 8.10611e-18)
(1.02789 -0.0491743 1.51639e-18)
(0.937894 -0.0368306 2.85408e-18)
(0.816346 -0.0390144 1.27569e-17)
(0.690803 -0.0344924 7.18738e-17)
(0.57178 -0.0377415 5.26942e-18)
(0.465567 -0.0384257 -1.06307e-17)
(0.371132 -0.0425569 -5.89347e-18)
(0.285972 -0.0455103 -3.8573e-18)
(0.205537 -0.0488159 -4.92866e-18)
(0.126612 -0.0510863 -1.12978e-18)
(1.04289 -0.0660046 6.92404e-20)
(0.947116 -0.0520452 -1.30023e-18)
(0.821665 -0.0527553 -6.44186e-18)
(0.692558 -0.0463113 -1.7655e-17)
(0.570269 -0.0477116 -4.38534e-18)
(0.461307 -0.0471532 -4.38331e-18)
(0.365429 -0.050226 -1.35678e-17)
(0.280062 -0.0527368 -6.80048e-18)
(0.200591 -0.0556727 -1.17893e-17)
(0.123355 -0.0577579 -8.68546e-18)
(1.05968 -0.0831307 2.05092e-18)
(0.959081 -0.0674564 2.78706e-18)
(0.830557 -0.0664335 1.24684e-18)
(0.698042 -0.057765 6.36486e-19)
(0.571978 -0.0570113 -3.64218e-18)
(0.45948 -0.0548578 -1.3466e-17)
(0.361285 -0.0566353 -6.51981e-17)
(0.27505 -0.0584968 -2.26933e-17)
(0.196149 -0.0610065 -7.81552e-17)
(0.120495 -0.0628929 -7.34954e-17)
(1.07854 -0.100335 3.07235e-18)
(0.974379 -0.0829457 4.69574e-18)
(0.843704 -0.0800095 -3.40698e-18)
(0.707996 -0.0689144 -8.38313e-18)
(0.577658 -0.0657138 -5.91712e-18)
(0.460768 -0.0616085 -2.68846e-18)
(0.359232 -0.0617873 -4.6046e-18)
(0.271264 -0.0627371 -2.35372e-18)
(0.192343 -0.0646975 -6.34429e-18)
(0.11801 -0.0663398 -7.00825e-18)
(1.09919 -0.117891 4.94797e-18)
(0.992943 -0.098816 1.43991e-17)
(0.861218 -0.0937927 -4.52072e-18)
(0.72275 -0.0801081 -1.96496e-17)
(0.587852 -0.0741381 -1.7323e-17)
(0.465805 -0.0676948 -1.34943e-17)
(0.359859 -0.0658787 -5.75004e-17)
(0.269126 -0.0655698 -1.65278e-17)
(0.189396 -0.0667633 -6.28933e-17)
(0.115932 -0.0680534 -6.43879e-17)
(1.12174 -0.135559 5.02065e-18)
(1.01507 -0.114982 3.69867e-17)
(0.883507 -0.107794 -6.58419e-18)
(0.742856 -0.0915002 -5.27048e-17)
(0.603303 -0.0825031 -5.01198e-17)
(0.475422 -0.0733845 -5.16096e-19)
(0.363969 -0.0691497 8.34117e-18)
(0.269273 -0.0671822 1.34469e-17)
(0.187709 -0.0673121 5.79116e-17)
(0.114423 -0.0680727 8.47147e-18)
(1.1457 -0.153306 -4.39851e-18)
(1.04041 -0.131514 -1.16747e-17)
(0.910369 -0.122166 4.07734e-18)
(0.768388 -0.103358 1.47794e-17)
(0.62443 -0.0911494 1.06347e-17)
(0.490291 -0.0790754 9.93359e-19)
(0.372344 -0.0719961 -6.28323e-19)
(0.272428 -0.0679267 -1.58925e-18)
(0.187809 -0.0666185 -2.03494e-18)
(0.113759 -0.0665866 1.60385e-20)
(1.17086 -0.170783 1.78928e-18)
(1.06876 -0.14821 2.18559e-18)
(0.941689 -0.136837 -2.31262e-18)
(0.799439 -0.11577 -4.51769e-18)
(0.651632 -0.100305 -2.89217e-18)
(0.511078 -0.0851081 -4.55706e-19)
(0.385823 -0.0748394 2.87068e-20)
(0.27944 -0.0682371 5.84436e-20)
(0.190393 -0.0650647 4.47424e-21)
(0.11439 -0.0639067 -3.23184e-19)
(1.19653 -0.187757 -5.02024e-19)
(1.0994 -0.164919 -3.73124e-18)
(0.976801 -0.151773 1.34721e-19)
(0.835615 -0.128825 3.9925e-19)
(0.684903 -0.110203 -2.80044e-19)
(0.538151 -0.0918346 3.11561e-19)
(0.405071 -0.0781411 -5.05456e-19)
(0.291107 -0.0686259 -3.44063e-19)
(0.196225 -0.0631538 8.29544e-20)
(0.116892 -0.0604812 -1.7317e-19)
(1.22223 -0.203853 2.46026e-18)
(1.13166 -0.181332 -5.24032e-18)
(1.01503 -0.166784 -1.3187e-18)
(0.876425 -0.142457 -2.23745e-18)
(0.724075 -0.120944 -3.12632e-18)
(0.571697 -0.0994976 9.94314e-19)
(0.430601 -0.0822858 -1.91382e-18)
(0.308164 -0.0695773 -4.50852e-19)
(0.206108 -0.0614245 -2.50585e-19)
(0.121969 -0.0568335 -7.72541e-19)
(1.24719 -0.218809 6.29614e-18)
(1.16454 -0.197181 -1.29785e-17)
(1.05531 -0.181689 -9.23962e-19)
(0.920985 -0.15656 -3.77011e-18)
(0.768593 -0.132571 -8.75097e-18)
(0.611569 -0.108268 5.84053e-18)
(0.462632 -0.0875847 -9.08121e-18)
(0.331133 -0.0715202 -2.18346e-18)
(0.220743 -0.0603984 -2.38191e-18)
(0.130337 -0.0535179 -5.47494e-18)
(1.27091 -0.232345 2.17418e-17)
(1.19716 -0.212141 -2.94578e-17)
(1.09661 -0.196225 -6.85277e-19)
(0.968313 -0.170919 -5.83821e-18)
(0.817725 -0.145013 -3.03595e-17)
(0.657413 -0.118195 2.95892e-17)
(0.501169 -0.0942187 -3.95913e-17)
(0.360331 -0.0747585 -4.77859e-18)
(0.240689 -0.0604944 -9.64344e-18)
(0.142683 -0.0510318 -4.67959e-17)
(1.29275 -0.244305 -6.1132e-18)
(1.22851 -0.22596 1.0979e-17)
(1.1377 -0.210154 4.2517e-19)
(1.01719 -0.185293 2.94325e-18)
(0.870455 -0.158143 6.87372e-18)
(0.708602 -0.129262 -4.65441e-18)
(0.545968 -0.102272 6.21366e-18)
(0.395832 -0.0794824 1.1861e-18)
(0.266281 -0.062011 4.9421e-19)
(0.159533 -0.0497785 6.38332e-19)
(1.31238 -0.254578 1.23568e-18)
(1.25783 -0.238404 -4.61748e-18)
(1.17751 -0.223219 -1.02811e-18)
(1.06637 -0.199397 -2.1626e-18)
(0.925644 -0.171757 -2.04838e-18)
(0.764332 -0.141365 8.83377e-19)
(0.596632 -0.111725 -1.01235e-18)
(0.437555 -0.0857515 -1.30593e-19)
(0.297681 -0.0650831 -3.27582e-19)
(0.18127 -0.0499862 -2.16449e-19)
(1.32947 -0.263173 1.64874e-20)
(1.28439 -0.249342 7.58994e-19)
(1.21496 -0.23522 -8.29705e-19)
(1.11455 -0.212967 -2.14819e-19)
(0.981982 -0.185604 4.14832e-19)
(0.823583 -0.154346 -4.77977e-20)
(0.652582 -0.122521 -1.83314e-19)
(0.485269 -0.0935709 1.08348e-19)
(0.334869 -0.0697623 1.89003e-19)
(0.208036 -0.0517777 5.77497e-21)
(1.34394 -0.270146 2.45717e-19)
(1.30776 -0.258699 -2.09031e-18)
(1.24924 -0.245993 -1.62987e-18)
(1.16056 -0.225748 -2.14017e-18)
(1.03812 -0.199401 -8.09246e-19)
(0.885204 -0.167988 6.66106e-20)
(0.71313 -0.134539 -5.50743e-19)
(0.538717 -0.102877 -2.49028e-20)
(0.377835 -0.0759854 1.22322e-19)
(0.239975 -0.0550943 -5.46861e-20)
(1.35577 -0.275639 2.16568e-18)
(1.32765 -0.266498 -1.83527e-18)
(1.27968 -0.255451 -2.98655e-18)
(1.20328 -0.237537 -3.86627e-18)
(1.09267 -0.212872 -7.95165e-19)
(0.947864 -0.182064 2.8301e-19)
(0.77737 -0.147654 -1.80635e-18)
(0.597504 -0.113643 -3.75062e-19)
(0.42645 -0.0837547 -5.77344e-19)
(0.277009 -0.0599478 -5.05892e-19)
(1.36512 -0.279814 4.96756e-18)
(1.34401 -0.272818 -2.38712e-18)
(1.30589 -0.263555 -4.8851e-18)
(1.24187 -0.248173 -8.15353e-18)
(1.14436 -0.225744 -3.06712e-18)
(1.01017 -0.196294 1.73812e-18)
(0.844273 -0.161667 -4.56135e-18)
(0.66124 -0.125764 -1.12392e-18)
(0.480809 -0.0929573 -1.17517e-18)
(0.319445 -0.0661268 -1.82653e-18)
(1.37219 -0.28287 1.19318e-17)
(1.35694 -0.277803 -2.44908e-18)
(1.32767 -0.270339 -6.36532e-18)
(1.27566 -0.25758 -1.69595e-17)
(1.19201 -0.237808 -8.26246e-18)
(1.07062 -0.210426 7.5331e-18)
(0.912497 -0.176416 -1.26916e-17)
(0.729168 -0.139259 -1.68347e-18)
(0.540656 -0.103762 -3.71418e-18)
(0.36705 -0.0738702 -8.86519e-18)
(1.37724 -0.284993 2.62721e-17)
(1.3667 -0.281621 -1.01235e-18)
(1.34507 -0.275876 -5.27412e-18)
(1.30427 -0.265723 -3.28601e-17)
(1.23468 -0.248872 -2.40527e-17)
(1.12782 -0.22416 2.54619e-17)
(0.980672 -0.19159 -3.31242e-17)
(0.800614 -0.153901 -1.89819e-18)
(0.606313 -0.115945 -7.87797e-18)
(0.420872 -0.0827393 -4.12121e-17)
(1.38052 -0.286362 -9.76529e-18)
(1.37357 -0.284464 2.11736e-18)
(1.35828 -0.280297 5.43648e-18)
(1.32752 -0.272658 1.44999e-17)
(1.2716 -0.258866 6.49574e-18)
(1.18036 -0.237331 -6.52416e-18)
(1.047 -0.207071 1.06377e-17)
(0.873999 -0.169839 9.98472e-19)
(0.676767 -0.130093 2.72641e-18)
(0.479972 -0.0937217 5.73342e-18)
)
;

boundaryField
{
    inlet
    {
        type            uniformFixedValue;
        uniformValue    constant (1 0 0);
        value           nonuniform 0();
    }
    outlet
    {
        type            pressureInletOutletVelocity;
        value           nonuniform 0();
    }
    polygon
    {
        type            fixedValue;
        value           nonuniform 0();
    }
    top
    {
        type            symmetryPlane;
    }
    bottom
    {
        type            symmetryPlane;
    }
    outside
    {
        type            zeroGradient;
    }
    procBoundary2to1
    {
        type            processor;
        value           nonuniform List<vector> 9((1.38226 -0.287114 3.34399e-18) (1.37792 -0.286508 -1.60331e-18) (1.36765 -0.283735 -3.55396e-18) (1.34554 -0.278449 -6.14357e-18) (1.30238 -0.267689 -2.02122e-18) (1.22721 -0.249639 1.71928e-18) (1.11011 -0.222364 -3.70029e-18) (0.948425 -0.186451 -5.33024e-19) (0.75268 -0.145438 -6.28881e-19));
    }
    procBoundary2to3
    {
        type            processor;
        value           nonuniform List<vector> 10((0.977341 0.0293005 2.35146e-17) (0.919864 0.0378083 4.33183e-18) (0.827571 0.0334676 -4.78838e-18) (0.71954 0.0321698 -2.74748e-17) (0.612433 0.0249893 -1.9881e-17) (0.510262 0.0199576 1.11529e-17) (0.415813 0.0132518 -9.8702e-18) (0.326021 0.00818537 -2.72959e-18) (0.23916 0.00307107 -1.81165e-18) (0.152594 -0.000963223 -7.64574e-18));
    }
    procBoundary2to5
    {
        type            processor;
        value           uniform (0.546937 -0.105641 -8.19285e-19);
    }
    procBoundary2to6
    {
        type            processor;
        value           nonuniform List<vector> 
25
(
(0.0595503 -0.0158257 -1.08927e-17)
(0.0550163 -0.0262596 7.96595e-19)
(0.0515448 -0.0359256 1.44381e-18)
(0.0489993 -0.0446994 1.10999e-18)
(0.047236 -0.0524081 -4.19923e-20)
(0.0461095 -0.0588319 -2.95213e-18)
(0.0454639 -0.0637811 -2.12455e-17)
(0.0451734 -0.0670817 -4.16776e-18)
(0.0451295 -0.0686471 -1.79939e-17)
(0.0453023 -0.068467 1.14667e-17)
(0.0457382 -0.06666 1.02539e-18)
(0.0466233 -0.0634595 1.72693e-19)
(0.0482784 -0.0592339 2.07016e-19)
(0.0511877 -0.0544466 -6.52098e-20)
(0.0559331 -0.0496253 -2.21518e-18)
(0.0631778 -0.045289 -1.41836e-17)
(0.0735268 -0.0419068 -5.64551e-19)
(0.0875242 -0.0397935 -5.40794e-19)
(0.105461 -0.0391627 -1.38654e-19)
(0.127652 -0.0399925 -6.56329e-20)
(0.154017 -0.042341 -4.50015e-19)
(0.185016 -0.0458982 -5.76519e-19)
(0.220107 -0.0509762 -1.8532e-18)
(0.260788 -0.0567939 -3.87599e-18)
(0.305406 -0.0646501 5.55656e-19)
)
;
    }
}


// ************************************************************************* //
