/*--------------------------------*- C++ -*----------------------------------*\
  =========                 |
  \\      /  F ield         | OpenFOAM: The Open Source CFD Toolbox
   \\    /   O peration     | Website:  https://openfoam.org
    \\  /    A nd           | Version:  7
     \\/     M anipulation  |
\*---------------------------------------------------------------------------*/
FoamFile
{
    version     2.0;
    format      ascii;
    class       volVectorField;
    location    "62";
    object      U;
}
// * * * * * * * * * * * * * * * * * * * * * * * * * * * * * * * * * * * * * //

dimensions      [0 1 -1 0 0 0 0];

internalField   nonuniform List<vector> 
175
(
(-0.209336 -0.000165866 -7.00404e-19)
(-0.20881 -0.000233725 2.08506e-19)
(-0.208224 -0.000320844 -5.92963e-19)
(-0.207565 -0.000428472 -3.85739e-19)
(-0.206824 -0.000558032 -3.48416e-19)
(-0.205986 -0.000711724 -7.82222e-20)
(-0.205039 -0.000892444 -9.70144e-20)
(-0.203966 -0.00110422 -2.4064e-19)
(-0.202751 -0.00135142 -1.7105e-19)
(-0.201373 -0.00164063 -3.29372e-20)
(-0.199808 -0.00197809 2.62024e-20)
(-0.198033 -0.0023748 1.73726e-20)
(-0.196009 -0.00283897 -1.80833e-19)
(-0.193712 -0.00339033 -2.48247e-19)
(-0.191077 -0.00403807 2.49946e-20)
(-0.188089 -0.00482057 2.22056e-19)
(-0.184622 -0.00574293 2.39181e-19)
(-0.180709 -0.00688616 -2.69124e-19)
(-0.205967 -0.000250228 -4.86037e-20)
(-0.205323 -0.000328256 2.40513e-20)
(-0.204612 -0.000427029 -4.3702e-19)
(-0.203823 -0.000547927 2.81821e-20)
(-0.202945 -0.000692574 -1.93642e-19)
(-0.201966 -0.000863434 -7.41683e-20)
(-0.200872 -0.00106368 3.51608e-20)
(-0.199648 -0.0012977 -1.21292e-19)
(-0.198276 -0.00157028 -2.64765e-19)
(-0.196737 -0.00188852 -1.7236e-20)
(-0.195007 -0.00225924 6.18066e-20)
(-0.193064 -0.0026943 2.82761e-20)
(-0.19087 -0.00320271 -1.74233e-19)
(-0.188403 -0.00380557 -2.4624e-19)
(-0.1856 -0.00451321 -2.42622e-20)
(-0.182448 -0.00536644 8.69715e-20)
(-0.178829 -0.0063718 2.90884e-19)
(-0.174774 -0.007615 -2.01794e-19)
(-0.202311 -0.000346404 4.87175e-19)
(-0.201537 -0.000435314 -1.31452e-19)
(-0.20069 -0.000546563 -3.79218e-19)
(-0.199759 -0.000681606 1.67675e-19)
(-0.198733 -0.000842241 -7.9809e-20)
(-0.1976 -0.00103117 -7.6521e-20)
(-0.196346 -0.00125183 -4.66466e-20)
(-0.194957 -0.00150894 -4.21621e-20)
(-0.193414 -0.00180767 -2.54484e-19)
(-0.191699 -0.00215564 2.76242e-21)
(-0.189789 -0.00256022 5.3706e-20)
(-0.187663 -0.00303402 4.3015e-20)
(-0.185284 -0.00358687 -1.75478e-19)
(-0.182631 -0.00424107 -1.94462e-19)
(-0.179645 -0.00500809 -6.78386e-20)
(-0.176314 -0.0059308 1.29814e-19)
(-0.172528 -0.00701729 3.80169e-19)
(-0.168317 -0.00835718 -1.78362e-19)
(-0.19836 -0.000462785 5.83466e-19)
(-0.197446 -0.000563314 9.74285e-20)
(-0.196451 -0.000687748 -3.71854e-19)
(-0.195366 -0.000837649 3.45175e-19)
(-0.19418 -0.001015 -4.82712e-20)
(-0.19288 -0.00122274 -6.7331e-20)
(-0.191452 -0.00146455 8.37682e-20)
(-0.189883 -0.0017455 3.88374e-20)
(-0.188154 -0.00207113 -3.35398e-19)
(-0.186249 -0.00244952 2.03962e-20)
(-0.184144 -0.00288861 4.45731e-20)
(-0.181818 -0.0034017 6.14868e-20)
(-0.179239 -0.00399942 -1.31797e-19)
(-0.176383 -0.00470517 -1.5113e-19)
(-0.173199 -0.00553152 -1.19464e-19)
(-0.169672 -0.00652323 1.95888e-19)
(-0.165704 -0.00768985 3.18791e-19)
(-0.161323 -0.00912441 3.55007e-20)
(-0.194107 -0.000599946 7.12823e-19)
(-0.193041 -0.000713245 -9.02693e-20)
(-0.191887 -0.00085201 -4.58625e-19)
(-0.190636 -0.00101792 2.67339e-19)
(-0.189275 -0.00121312 -5.15599e-20)
(-0.187795 -0.00144081 -7.89707e-20)
(-0.18618 -0.00170491 2.43589e-19)
(-0.184416 -0.00201081 1.13705e-19)
(-0.182487 -0.0023644 -3.71494e-19)
(-0.180376 -0.00277425 6.35908e-20)
(-0.178059 -0.00324881 3.21961e-20)
(-0.175518 -0.00380206 9.26654e-20)
(-0.172721 -0.00444535 -9.2176e-20)
(-0.169647 -0.00520314 -1.75377e-19)
(-0.166246 -0.00608903 -6.2998e-20)
(-0.162507 -0.00714945 3.00727e-19)
(-0.158342 -0.00839538 3.00313e-19)
(-0.153776 -0.00992276 -1.82253e-20)
(-0.189545 -0.000759375 8.90737e-19)
(-0.188315 -0.000886571 -3.20169e-19)
(-0.186989 -0.00104081 -6.612e-19)
(-0.185558 -0.00122388 -8.25061e-20)
(-0.184011 -0.00143812 -4.17188e-20)
(-0.182336 -0.00168694 -3.71247e-19)
(-0.180519 -0.00197452 2.24912e-19)
(-0.178546 -0.00230655 2.05558e-19)
(-0.176401 -0.00268928 -3.91421e-19)
(-0.174067 -0.00313171 2.03008e-20)
(-0.171523 -0.00364279 5.67591e-20)
(-0.16875 -0.00423712 1.2887e-19)
(-0.165717 -0.00492675 -2.00491e-20)
(-0.162407 -0.00573706 -1.38458e-19)
(-0.158773 -0.00668267 8.7704e-22)
(-0.154805 -0.00781142 4.63374e-19)
(-0.150424 -0.00913564 3.0817e-19)
(-0.145656 -0.0107536 1.63638e-19)
(-0.184666 -0.000943188 7.50822e-19)
(-0.183259 -0.00108553 -6.6971e-19)
(-0.181749 -0.0012565 -1.32127e-18)
(-0.180125 -0.001458 -9.48054e-20)
(-0.178377 -0.00169256 -5.89069e-20)
(-0.176493 -0.00196379 -4.8302e-19)
(-0.174459 -0.00227613 2.81463e-19)
(-0.172261 -0.00263555 1.49396e-19)
(-0.169884 -0.00304865 -3.90739e-19)
(-0.167311 -0.00352483 -1.36806e-20)
(-0.164522 -0.00407349 1.17193e-19)
(-0.161498 -0.00470983 1.67043e-19)
(-0.158213 -0.00544652 5.57852e-20)
(-0.154647 -0.00630978 -1.07717e-19)
(-0.150761 -0.00731512 1.91801e-19)
(-0.146546 -0.00851157 5.01154e-19)
(-0.141931 -0.00991268 3.46442e-19)
(-0.136946 -0.0116186 3.36659e-19)
(-0.17946 -0.00115313 3.23327e-19)
(-0.177864 -0.00131185 -7.33937e-19)
(-0.176157 -0.00150076 -1.51374e-18)
(-0.174327 -0.00172191 -3.65014e-19)
(-0.172363 -0.00197798 -3.22834e-19)
(-0.170254 -0.00227281 -7.30677e-19)
(-0.167988 -0.00261108 1.91143e-19)
(-0.165549 -0.00299901 1.36147e-19)
(-0.162923 -0.00344354 -2.57309e-19)
(-0.160093 -0.00395443 -6.4795e-20)
(-0.157041 -0.00454155 1.32265e-19)
(-0.153749 -0.00522058 2.13213e-19)
(-0.150192 -0.0060048 1.78244e-19)
(-0.146353 -0.00692116 7.70985e-20)
(-0.142195 -0.00798597 4.21692e-19)
(-0.137712 -0.00924927 4.47505e-19)
(-0.132844 -0.0107257 4.00502e-19)
(-0.127621 -0.0125167 5.52193e-19)
(-0.17392 -0.00138526 -4.92093e-19)
(-0.172122 -0.00156133 -9.52857e-19)
(-0.170203 -0.00176916 -1.5941e-18)
(-0.168152 -0.00201089 -6.73966e-19)
(-0.165958 -0.00228943 -6.54671e-19)
(-0.163609 -0.00260882 -8.62272e-19)
(-0.161094 -0.00297395 1.71545e-19)
(-0.158397 -0.00339134 -4.03824e-20)
(-0.155505 -0.00386822 -2.23337e-19)
(-0.152401 -0.00441474 -6.28537e-20)
(-0.149067 -0.00504118 1.45141e-19)
(-0.145487 -0.00576371 2.66484e-19)
(-0.141638 -0.00659619 2.68669e-19)
(-0.137504 -0.00756621 2.73822e-19)
(-0.133054 -0.00869086 5.72827e-19)
(-0.128283 -0.010021 4.26574e-19)
(-0.123141 -0.0115723 4.75917e-19)
(-0.117659 -0.0134472 8.21921e-19)
(-0.168035 -0.00164952 -1.34917e-18)
(-0.166021 -0.00184505 -1.33728e-18)
(-0.163876 -0.00207398 -1.96627e-18)
(-0.161589 -0.00233861 -1.03055e-18)
(-0.15915 -0.00264201 -1.09118e-18)
(-0.156546 -0.00298843 -1.15545e-18)
(-0.153764 -0.003383 -2.07771e-19)
(-0.200753 -0.00253036 -2.12274e-19)
(-0.198605 -0.00303117 -3.16472e-19)
(-0.196116 -0.00361949 -1.69829e-20)
(-0.193271 -0.00433128 3.69613e-19)
(-0.189934 -0.00516984 3.61887e-20)
(-0.186144 -0.00621167 -1.4296e-19)
)
;

boundaryField
{
    inlet
    {
        type            uniformFixedValue;
        uniformValue    constant (1 0 0);
        value           nonuniform 0();
    }
    outlet
    {
        type            pressureInletOutletVelocity;
        value           nonuniform 0();
    }
    polygon
    {
        type            fixedValue;
        value           nonuniform 0();
    }
    top
    {
        type            symmetryPlane;
    }
    bottom
    {
        type            symmetryPlane;
    }
    outside
    {
        type            zeroGradient;
    }
    procBoundary19to11
    {
        type            processor;
        value           nonuniform List<vector> 
18
(
(-0.150792 -0.0038325 -2.41503e-19)
(-0.147615 -0.00434447 -2.64929e-19)
(-0.144218 -0.00492937 -1.1672e-19)
(-0.140583 -0.0055979 1.56481e-19)
(-0.136695 -0.00636661 3.27014e-19)
(-0.132533 -0.00724991 3.68572e-19)
(-0.128084 -0.00827584 4.94163e-19)
(-0.12332 -0.00946224 7.74217e-19)
(-0.118238 -0.0108603 4.29499e-19)
(-0.112798 -0.0124867 8.02237e-19)
(-0.150843 -0.00260426 -3.11385e-18)
(-0.148241 -0.00286161 -2.94373e-18)
(-0.145482 -0.00315678 -2.82688e-18)
(-0.142555 -0.00349235 -2.33812e-18)
(-0.139451 -0.00387177 -2.03434e-18)
(-0.136157 -0.00429965 -1.79238e-18)
(-0.150792 -0.0038325 -2.41503e-19)
(-0.132661 -0.00478154 -1.26774e-18)
)
;
    }
    procBoundary19to18
    {
        type            processor;
        value           nonuniform List<vector> 5((-0.14034 -0.0126572 3.7622e-19) (-0.131448 -0.0136223 7.1815e-19) (-0.121924 -0.0146163 8.91272e-19) (-0.111742 -0.0156406 1.16907e-18) (-0.107035 -0.0144436 1.18917e-18));
    }
    procBoundary19to20
    {
        type            processor;
        value           nonuniform List<vector> 10((-0.20981 -0.000116779 1.7125e-18) (-0.206554 -0.000192301 1.91039e-18) (-0.203022 -0.000279138 1.91049e-18) (-0.199205 -0.000385368 1.75133e-18) (-0.195097 -0.000511231 1.36975e-18) (-0.190691 -0.000658237 7.39094e-19) (-0.185979 -0.000828376 2.13173e-19) (-0.180954 -0.00102339 -2.99332e-19) (-0.175606 -0.00123961 -9.24828e-19) (-0.169927 -0.00148591 -1.25371e-18));
    }
    procBoundary19to26
    {
        type            processor;
        value           nonuniform List<vector> 6((-0.176075 -0.00823508 -3.24494e-19) (-0.170028 -0.009082 -3.94819e-19) (-0.163449 -0.00993784 -5.20483e-19) (-0.15632 -0.0108158 -4.4133e-19) (-0.148623 -0.0117219 9.09854e-20) (-0.1816 -0.00743935 -2.66679e-19));
    }
    procBoundary19to27
    {
        type            processor;
        value           nonuniform List<vector> 
19
(
(-0.212506 -0.000111601 -1.58789e-18)
(-0.212088 -0.000171971 1.10134e-20)
(-0.211613 -0.000249986 -5.26355e-19)
(-0.211071 -0.000346807 -5.289e-19)
(-0.210451 -0.000463652 -2.14067e-19)
(-0.209739 -0.000602457 -6.43952e-20)
(-0.208923 -0.000765844 -2.72277e-20)
(-0.207985 -0.000957481 -4.17932e-19)
(-0.206909 -0.00118132 -1.39598e-19)
(-0.205674 -0.00144338 -5.53947e-20)
(-0.204255 -0.00174928 6.54728e-20)
(-0.202628 -0.00210917 2.11982e-20)
(-0.205147 -0.00220054 -2.15833e-19)
(-0.203133 -0.00264938 -2.83234e-19)
(-0.200773 -0.00317726 -4.41745e-20)
(-0.198055 -0.00381702 3.03856e-19)
(-0.194833 -0.0045715 -1.91603e-19)
(-0.19115 -0.00551064 -4.92836e-20)
(-0.202628 -0.00210917 2.11982e-20)
)
;
    }
}


// ************************************************************************* //
