/*--------------------------------*- C++ -*----------------------------------*\
  =========                 |
  \\      /  F ield         | OpenFOAM: The Open Source CFD Toolbox
   \\    /   O peration     | Website:  https://openfoam.org
    \\  /    A nd           | Version:  7
     \\/     M anipulation  |
\*---------------------------------------------------------------------------*/
FoamFile
{
    version     2.0;
    format      ascii;
    class       volVectorField;
    location    "20";
    object      U;
}
// * * * * * * * * * * * * * * * * * * * * * * * * * * * * * * * * * * * * * //

dimensions      [0 1 -1 0 0 0 0];

internalField   nonuniform List<vector> 
125
(
(0.00326406 0.202046 -1.10407e-17)
(-0.00472594 0.164503 -3.89166e-17)
(-0.00869801 0.12693 6.5833e-19)
(-0.00903457 0.0901294 -1.15072e-17)
(-0.00605495 0.0546379 4.19596e-17)
(-8.04103e-05 0.0207911 -1.3515e-17)
(0.00864768 -0.0112055 2.08219e-17)
(0.0198501 -0.041231 -3.50286e-17)
(0.0332792 -0.0691443 -1.08686e-17)
(0.0487171 -0.0948083 -3.31289e-18)
(0.0659162 -0.118075 -1.71116e-18)
(0.0846057 -0.138785 -2.05035e-18)
(0.195969 0.364462 4.79058e-18)
(0.17367 0.343957 9.63242e-18)
(0.154493 0.316656 1.4531e-17)
(0.13895 0.283771 -1.43147e-17)
(0.127324 0.246858 -1.18128e-16)
(0.119663 0.20752 -2.40369e-17)
(0.115833 0.167236 -1.47775e-16)
(0.11556 0.127122 -2.20268e-17)
(0.118501 0.0880239 -1.341e-16)
(0.124337 0.0504657 1.7082e-16)
(0.132774 0.0147452 2.94695e-17)
(0.14357 -0.0189409 1.72823e-16)
(0.156436 -0.0504862 -4.99847e-18)
(0.17112 -0.0797568 -3.42826e-18)
(0.187386 -0.106607 5.78471e-21)
(0.204973 -0.130873 1.77918e-18)
(0.223599 -0.15238 7.15578e-19)
(0.28719 0.378852 5.8753e-18)
(0.271081 0.356459 1.92322e-17)
(0.257704 0.326876 4.08106e-17)
(0.247502 0.291455 9.17387e-18)
(0.240721 0.251906 1.78711e-17)
(0.237415 0.209977 3.54711e-18)
(0.237474 0.167237 4.06664e-18)
(0.240669 0.124889 -3.19042e-18)
(0.246706 0.0837796 -5.77602e-18)
(0.255289 0.0444225 1.6641e-17)
(0.266138 0.00710418 1.0308e-17)
(0.278981 -0.0280001 2.84096e-17)
(0.293517 -0.060792 -1.46685e-18)
(0.309464 -0.09113 -5.53751e-19)
(0.326552 -0.118857 2.90273e-18)
(0.344489 -0.143796 4.37832e-18)
(0.362975 -0.165764 7.85239e-18)
(0.378755 0.388724 8.87091e-18)
(0.368899 0.36471 3.14065e-17)
(0.361288 0.333176 9.67557e-17)
(0.356295 0.295589 1.49755e-17)
(0.354152 0.253776 4.48008e-17)
(0.354949 0.209603 1.52119e-17)
(0.358651 0.164722 4.13189e-17)
(0.365101 0.120408 -3.61799e-19)
(0.374064 0.0775248 4.87442e-18)
(0.385273 0.0365933 -4.07912e-17)
(0.398446 -0.00209832 -4.01725e-18)
(0.41327 -0.0383801 -1.55614e-17)
(0.429407 -0.0721442 6.34887e-18)
(0.446539 -0.10324 -3.24153e-19)
(0.464344 -0.131505 3.43245e-18)
(0.482497 -0.156761 7.17525e-18)
(0.500681 -0.178822 9.29015e-18)
(0.469198 0.394018 7.13918e-18)
(0.465648 0.368703 9.11956e-18)
(0.463796 0.335614 5.84467e-18)
(0.463935 0.296284 3.69328e-17)
(0.466292 0.252618 1.22422e-16)
(0.471019 0.20656 2.76977e-17)
(0.47818 0.159839 1.40202e-16)
(0.487711 0.113805 3.98017e-18)
(0.499442 0.0693613 8.3902e-17)
(0.513132 0.0270595 -1.96952e-16)
(0.528486 -0.012781 -2.19446e-17)
(0.545145 -0.0499934 -1.56944e-16)
(0.562731 -0.0844373 3.07289e-17)
(0.580875 -0.115961 -4.85199e-18)
(0.599213 -0.144407 3.08642e-18)
(0.617399 -0.169605 3.45302e-18)
(0.635132 -0.19139 5.66009e-18)
(0.557075 0.394688 1.29028e-17)
(0.559906 0.368416 2.23725e-17)
(0.56387 0.334201 5.25905e-18)
(0.569168 0.293586 -2.28715e-18)
(0.576013 0.248506 -7.13657e-18)
(0.584621 0.200942 -9.68637e-19)
(0.595164 0.152692 7.2488e-19)
(0.607678 0.105187 -6.04148e-18)
(0.622056 0.059398 -9.56283e-18)
(0.63809 0.0159393 -3.78912e-17)
(0.655461 -0.0248141 -7.24568e-18)
(0.673777 -0.0626864 -2.97317e-17)
(0.69263 -0.0975052 1.2735e-17)
(0.711619 -0.129127 -4.28499e-18)
(0.730369 -0.157412 8.3425e-19)
(0.748567 -0.182223 -6.3395e-19)
(0.765992 -0.203446 -3.33439e-18)
(0.640955 0.390695 1.35585e-17)
(0.650253 0.363797 5.66982e-17)
(0.660166 0.328882 2.53051e-17)
(0.670776 0.287455 1.29911e-17)
(0.68225 0.241421 -1.36206e-17)
(0.694852 0.192752 -6.72685e-18)
(0.70886 0.143301 -1.43433e-17)
(0.724398 0.0945985 -1.91177e-17)
(0.741424 0.047712 -3.12625e-17)
(0.759765 0.00334967 -3.42811e-17)
(0.77909 -0.0380827 -1.24515e-17)
(0.798993 -0.0763418 -2.68072e-17)
(0.819082 -0.111253 -3.19785e-18)
(0.838965 -0.142692 -1.89163e-17)
(0.85832 -0.170566 -1.1129e-18)
(0.876936 -0.194808 -7.26958e-18)
(0.894743 -0.215403 -5.50612e-18)
(0.719404 0.382014 -1.71556e-17)
(0.735236 0.354761 1.2239e-16)
(0.751271 0.319533 8.83695e-17)
(0.767438 0.277744 6.4887e-17)
(0.78382 0.231214 -1.91727e-17)
(0.800703 0.181851 -4.8061e-18)
(0.818459 0.131544 -2.14145e-17)
(0.837286 0.0819489 -4.23577e-17)
(0.857193 0.0342482 -7.68589e-17)
(0.878025 -0.0107643 -1.63118e-16)
(0.89948 -0.0526223 -4.55794e-17)
)
;

boundaryField
{
    inlet
    {
        type            uniformFixedValue;
        uniformValue    constant (1 0 0);
        value           nonuniform 0();
    }
    outlet
    {
        type            pressureInletOutletVelocity;
        value           nonuniform 0();
    }
    polygon
    {
        type            fixedValue;
        value           nonuniform 0();
    }
    top
    {
        type            symmetryPlane;
    }
    bottom
    {
        type            symmetryPlane;
    }
    outside
    {
        type            zeroGradient;
    }
    procBoundary12to4
    {
        type            processor;
        value           nonuniform List<vector> 
18
(
(0.921189 -0.0910304 -1.79786e-16)
(0.942799 -0.125823 -5.39792e-17)
(0.963987 -0.156916 -2.05427e-16)
(0.984527 -0.184295 -1.01846e-16)
(1.00434 -0.207997 -5.01815e-17)
(1.02349 -0.22813 -1.45391e-16)
(0.791005 0.36867 5.19609e-18)
(0.813346 0.341226 4.43112e-18)
(0.835635 0.305982 9.55439e-18)
(0.857618 0.264224 -1.07707e-17)
(0.87925 0.217641 -1.27382e-19)
(0.900813 0.168004 -4.40596e-18)
(0.922774 0.117206 -6.09998e-18)
(0.94538 0.0670459 -1.70041e-17)
(0.968639 0.0187976 -2.58714e-17)
(0.992426 -0.0266501 -3.71558e-17)
(0.921189 -0.0910304 -1.79786e-16)
(1.01647 -0.0687207 -2.57746e-17)
)
;
    }
    procBoundary12to5
    {
        type            processor;
        value           uniform (0.704017 0.400632 5.6242e-18);
    }
    procBoundary12to11
    {
        type            processor;
        value           nonuniform List<vector> 7((0.104482 -0.15679 2.8997e-18) (0.242963 -0.170963 3.75466e-18) (0.381706 -0.184588 1.72378e-17) (0.518599 -0.197522 2.07682e-17) (0.652167 -0.209624 4.20242e-18) (0.78254 -0.221018 -7.91145e-18) (0.911834 -0.232407 -6.57982e-18));
    }
    procBoundary12to13
    {
        type            processor;
        value           nonuniform List<vector> 6((0.220661 0.377537 2.76968e-18) (0.305427 0.393311 5.16724e-18) (0.390385 0.404404 4.64513e-18) (0.474121 0.410715 4.56532e-18) (0.555226 0.412188 7.71931e-18) (0.632309 0.408812 9.8954e-18));
    }
    procBoundary12to20
    {
        type            processor;
        value           nonuniform List<vector> 
18
(
(-0.109842 0.193358 1.4743e-16)
(-0.122229 0.158884 1.52778e-16)
(-0.130148 0.124183 1.7635e-16)
(-0.133941 0.0900044 1.8331e-16)
(-0.133949 0.0568887 3.73041e-17)
(-0.130503 0.025201 -1.63471e-16)
(-0.12384 -0.00485557 -2.74098e-17)
(-0.114263 -0.0330385 -1.83731e-16)
(-0.10204 -0.059282 -3.08646e-17)
(-0.0873828 -0.0834538 -8.11976e-18)
(-0.0705435 -0.105417 -3.03252e-18)
(-0.0517985 -0.12503 -3.38962e-18)
(0.106567 0.345646 2.43285e-18)
(0.0782069 0.327235 4.6557e-18)
(0.0532366 0.302474 4.9863e-18)
(0.0322333 0.272422 -1.11652e-17)
(0.0155502 0.238465 -4.15196e-17)
(0.0155502 0.238465 -4.15196e-17)
)
;
    }
}


// ************************************************************************* //
