/*--------------------------------*- C++ -*----------------------------------*\
  =========                 |
  \\      /  F ield         | OpenFOAM: The Open Source CFD Toolbox
   \\    /   O peration     | Website:  https://openfoam.org
    \\  /    A nd           | Version:  7
     \\/     M anipulation  |
\*---------------------------------------------------------------------------*/
FoamFile
{
    version     2.0;
    format      ascii;
    class       volVectorField;
    location    "28";
    object      U;
}
// * * * * * * * * * * * * * * * * * * * * * * * * * * * * * * * * * * * * * //

dimensions      [0 1 -1 0 0 0 0];

internalField   nonuniform List<vector> 
115
(
(0.77132 0.189901 -5.12537e-18)
(0.743662 0.195906 -5.82193e-18)
(0.726742 0.201516 -1.49258e-18)
(0.701785 0.209169 1.42377e-17)
(0.680791 0.217006 7.36901e-18)
(0.656054 0.226243 1.58591e-17)
(0.632346 0.235964 8.60843e-18)
(0.606665 0.246718 1.47456e-17)
(0.580809 0.258082 -1.76462e-18)
(0.55367 0.270279 -1.39022e-17)
(0.525886 0.283112 7.13867e-18)
(0.497068 0.29665 2.21e-17)
(0.467419 0.310776 2.46424e-17)
(0.436801 0.325453 1.8805e-17)
(0.810185 0.196076 5.83236e-18)
(0.776715 0.20074 9.41346e-18)
(0.767289 0.203959 1.15566e-17)
(0.741223 0.210436 1.01256e-17)
(0.725105 0.216455 7.10403e-18)
(0.701547 0.224614 -9.66399e-18)
(0.681638 0.232949 1.38052e-17)
(0.658304 0.242726 -1.18901e-17)
(0.635937 0.25299 1.87889e-17)
(0.611813 0.264303 -1.2879e-17)
(0.587593 0.276224 1.99626e-17)
(0.562295 0.288979 1.94139e-17)
(0.536526 0.302366 -7.7316e-18)
(0.509964 0.316457 -2.8795e-17)
(0.482823 0.331136 -6.88452e-18)
(0.45501 0.34637 -2.42677e-17)
(0.803221 0.208603 4.14312e-18)
(0.771838 0.21376 5.26794e-18)
(0.762837 0.217229 8.72331e-18)
(0.738371 0.224167 4.62162e-18)
(0.723067 0.230572 9.01445e-18)
(0.700909 0.239204 -1.63785e-18)
(0.682088 0.247991 2.23165e-18)
(0.660154 0.25825 2.51455e-18)
(0.639124 0.268982 5.76904e-18)
(0.616549 0.280763 1.21963e-17)
(0.593954 0.293131 2.53486e-17)
(0.570487 0.306315 7.89433e-18)
(0.546723 0.320104 1.78596e-17)
(0.522414 0.334571 -7.64528e-18)
(0.497788 0.349601 -6.47237e-18)
(0.472803 0.365165 -6.24865e-19)
(0.795971 0.22033 3.12465e-18)
(0.766668 0.225991 6.1419e-18)
(0.758098 0.229708 4.35736e-18)
(0.73522 0.237097 7.71583e-18)
(0.720728 0.24387 5.85061e-19)
(0.699951 0.252944 -7.00879e-19)
(0.682205 0.262139 1.60809e-18)
(0.661646 0.272824 2.04883e-18)
(0.641927 0.283952 4.6303e-18)
(0.620869 0.296114 8.10957e-18)
(0.599864 0.308821 1.31874e-17)
(0.578187 0.322306 1.81059e-17)
(0.556385 0.336343 4.34977e-19)
(0.534284 0.351008 -9.83697e-18)
(0.512131 0.36618 -1.94389e-17)
(0.48994 0.381837 -3.1728e-18)
(0.788577 0.231263 3.0402e-18)
(0.76133 0.237439 3.49504e-18)
(0.75319 0.241404 7.38111e-18)
(0.73187 0.249237 2.38246e-18)
(0.718173 0.25636 9.01069e-18)
(0.698744 0.26585 -3.72563e-18)
(0.682041 0.275413 1.17073e-18)
(0.662816 0.286472 2.05335e-18)
(0.644364 0.297929 4.43371e-18)
(0.624769 0.310388 1.16387e-17)
(0.605294 0.323332 2.21638e-17)
(0.585337 0.336993 3.05595e-18)
(0.56542 0.351128 2.10683e-17)
(0.545443 0.365811 -7.63444e-18)
(0.525675 0.380917 -2.80595e-20)
(0.506189 0.396424 -1.33838e-18)
(0.781169 0.241413 2.21578e-18)
(0.755939 0.248116 2.40284e-18)
(0.748221 0.252331 5.48494e-18)
(0.728413 0.260608 1.16875e-18)
(0.715484 0.268065 5.81808e-18)
(0.697353 0.277949 -4.77503e-18)
(0.681644 0.287842 -2.18776e-18)
(0.663696 0.299229 5.19669e-19)
(0.646445 0.310951 1.6519e-19)
(0.628242 0.32363 9.35486e-18)
(0.610214 0.336716 1.60644e-17)
(0.591886 0.350435 1.89669e-18)
(0.573748 0.364528 1.32356e-17)
(0.555776 0.379058 -8.90145e-18)
(0.538262 0.393894 -7.05814e-18)
(0.521341 0.409013 -2.56667e-18)
(0.773862 0.250795 1.12826e-18)
(0.750605 0.258041 1.43047e-18)
(0.743289 0.262509 1.71433e-18)
(0.724943 0.271239 -1.3164e-20)
(0.712734 0.279018 -3.63622e-19)
(0.695841 0.289284 -5.99147e-18)
(0.681062 0.299473 -1.00493e-17)
(0.664315 0.311147 -1.1178e-18)
(0.648186 0.323077 -8.69299e-18)
(0.631283 0.335906 7.69809e-18)
(0.614601 0.349046 5.05776e-18)
(0.597785 0.362718 8.75901e-19)
(0.581297 0.376638 2.41275e-18)
(0.565179 0.390856 -9.13839e-18)
(0.549751 0.405229 -1.64579e-17)
(0.535206 0.41973 -2.73303e-18)
(0.521816 0.434223 -1.58327e-17)
(0.766763 0.259426 2.20659e-18)
(0.745439 0.267246 2.68926e-18)
(0.738492 0.271975 5.81578e-18)
(0.721552 0.281178 1.86239e-18)
)
;

boundaryField
{
    inlet
    {
        type            uniformFixedValue;
        uniformValue    constant (1 0 0);
        value           nonuniform 0();
    }
    outlet
    {
        type            pressureInletOutletVelocity;
        value           nonuniform List<vector> 7((0.810185 0.196076 5.83236e-18) (0.803221 0.208603 4.14312e-18) (0.795971 0.22033 3.12465e-18) (0.788577 0.231263 3.0402e-18) (0.781169 0.241413 2.21578e-18) (0.773862 0.250795 1.12826e-18) (0.766763 0.259426 2.20659e-18));
    }
    polygon
    {
        type            fixedValue;
        value           nonuniform 0();
    }
    top
    {
        type            symmetryPlane;
    }
    bottom
    {
        type            symmetryPlane;
    }
    outside
    {
        type            zeroGradient;
    }
    procBoundary15to7
    {
        type            processor;
        value           nonuniform List<vector> 
18
(
(0.71 0.289269 6.71353e-18)
(0.694273 0.299913 -4.08531e-18)
(0.680342 0.310371 -1.50997e-18)
(0.664708 0.322298 8.04938e-19)
(0.649603 0.334388 1.54309e-18)
(0.63389 0.347303 9.89482e-18)
(0.618438 0.360421 1.80758e-17)
(0.602996 0.373949 3.14299e-18)
(0.588005 0.387578 1.66532e-17)
(0.573565 0.401336 -6.87946e-18)
(0.56002 0.415066 -2.997e-18)
(0.547621 0.42873 -7.41097e-19)
(0.53669 0.442191 -2.70248e-18)
(0.759975 0.267326 1.4947e-18)
(0.740558 0.275771 1.71326e-18)
(0.733928 0.280767 4.3125e-18)
(0.71 0.289269 6.71353e-18)
(0.718338 0.29048 1.19529e-18)
)
;
    }
    procBoundary15to14
    {
        type            processor;
        value           nonuniform List<vector> 8((0.405258 0.340542 2.09858e-17) (0.426594 0.362021 -6.91871e-19) (0.447561 0.381126 -7.03316e-18) (0.467849 0.397839 -1.74865e-17) (0.487165 0.412195 -1.38372e-18) (0.505236 0.424278 -7.17447e-18) (0.505236 0.424278 -7.17447e-18) (0.509811 0.448534 -5.26538e-18));
    }
    procBoundary15to23
    {
        type            processor;
        value           nonuniform List<vector> 
17
(
(0.774773 0.175067 5.45792e-18)
(0.745557 0.18059 -1.125e-18)
(0.727857 0.185764 5.29668e-18)
(0.701528 0.192878 -1.4393e-17)
(0.67947 0.200167 -1.55915e-18)
(0.65335 0.208803 -1.55377e-17)
(0.628319 0.217906 -9.96521e-19)
(0.601099 0.228011 -1.79298e-17)
(0.573626 0.238709 1.04227e-18)
(0.544669 0.25022 -5.78873e-18)
(0.5149 0.262351 -1.40568e-18)
(0.483867 0.275167 -1.53759e-17)
(0.451767 0.288549 7.13401e-18)
(0.418422 0.302459 -1.53588e-17)
(0.816697 0.18275 -1.38787e-18)
(0.781159 0.186936 -3.48435e-18)
(0.781159 0.186936 -3.48435e-18)
)
;
    }
}


// ************************************************************************* //
