/*--------------------------------*- C++ -*----------------------------------*\
  =========                 |
  \\      /  F ield         | OpenFOAM: The Open Source CFD Toolbox
   \\    /   O peration     | Website:  https://openfoam.org
    \\  /    A nd           | Version:  7
     \\/     M anipulation  |
\*---------------------------------------------------------------------------*/
FoamFile
{
    version     2.0;
    format      ascii;
    class       volVectorField;
    location    "100";
    object      U;
}
// * * * * * * * * * * * * * * * * * * * * * * * * * * * * * * * * * * * * * //

dimensions      [0 1 -1 0 0 0 0];

internalField   nonuniform List<vector> 
175
(
(1.24416 -0.153205 5.24746e-18)
(1.23975 -0.170595 -6.76697e-18)
(1.23489 -0.178299 -1.13098e-17)
(1.22949 -0.191735 4.18492e-18)
(1.22493 -0.203379 1.26413e-17)
(1.24199 -0.151742 5.98352e-18)
(1.23726 -0.169429 -6.99295e-18)
(1.23241 -0.177315 -1.2809e-17)
(1.22676 -0.190947 4.37961e-18)
(1.2221 -0.202838 1.3498e-17)
(1.2398 -0.150253 6.7043e-18)
(1.23474 -0.16824 -7.80727e-18)
(1.2299 -0.176317 -1.3963e-17)
(1.22401 -0.190136 4.84311e-18)
(1.21926 -0.202276 1.74413e-17)
(1.23757 -0.148739 7.36778e-18)
(1.23219 -0.167029 -8.11188e-18)
(1.22737 -0.175306 -9.86566e-18)
(1.22123 -0.1893 5.15816e-18)
(1.21637 -0.201691 1.87987e-17)
(1.23532 -0.147203 8.20771e-18)
(1.22961 -0.165795 -1.12549e-17)
(1.2248 -0.174281 -1.64891e-17)
(1.21842 -0.188439 5.65006e-18)
(1.21344 -0.201082 2.0068e-17)
(1.23306 -0.145644 9.36143e-18)
(1.227 -0.164538 -1.16714e-17)
(1.22221 -0.173243 -1.79279e-17)
(1.21559 -0.187552 2.9159e-18)
(1.21049 -0.200447 1.86466e-17)
(1.23082 -0.144063 1.05729e-17)
(1.22438 -0.163259 -1.24602e-17)
(1.21964 -0.172194 -1.95766e-17)
(1.21278 -0.186638 3.12868e-18)
(1.20756 -0.199787 1.71562e-17)
(1.22859 -0.142458 9.03701e-18)
(1.22174 -0.161956 -1.33824e-17)
(1.21706 -0.171137 -2.12932e-17)
(1.20997 -0.1857 7.69164e-20)
(1.20463 -0.199105 2.14952e-17)
(1.22617 -0.14083 1.01001e-17)
(1.21899 -0.16063 -1.4086e-17)
(1.21431 -0.170072 -2.29962e-17)
(1.20698 -0.184738 -1.59523e-19)
(1.2015 -0.198402 2.31508e-17)
(1.22329 -0.139194 1.41052e-17)
(1.21598 -0.159281 -1.77629e-17)
(1.21111 -0.168989 -2.4969e-17)
(1.20358 -0.183748 2.94918e-18)
(1.19784 -0.197666 2.47928e-17)
(1.26829 -0.169136 1.60767e-18)
(1.26557 -0.183584 -2.54683e-18)
(1.26156 -0.189884 1.63533e-18)
(1.25794 -0.201405 -2.40803e-19)
(1.25487 -0.210985 -1.30788e-18)
(1.25245 -0.222439 4.87681e-18)
(1.26602 -0.167664 1.55508e-18)
(1.26317 -0.182413 -4.88322e-18)
(1.25905 -0.188863 -3.08574e-19)
(1.25527 -0.20061 -2.37954e-19)
(1.25205 -0.210403 4.12284e-19)
(1.24948 -0.222089 4.9806e-18)
(1.26372 -0.166159 1.97431e-18)
(1.26074 -0.181206 -5.19944e-18)
(1.2565 -0.1878 -2.12443e-18)
(1.25257 -0.199762 1.64926e-18)
(1.2492 -0.209762 2.0182e-18)
(1.24646 -0.221669 5.15741e-18)
(1.26138 -0.164626 2.38108e-18)
(1.25825 -0.179969 -5.58141e-18)
(1.25392 -0.186706 -2.19987e-18)
(1.24982 -0.19888 1.7205e-18)
(1.2463 -0.209087 1.99354e-18)
(1.2434 -0.221212 5.21961e-18)
(1.259 -0.163063 4.78109e-18)
(1.25572 -0.178703 -6.09641e-18)
(1.25129 -0.185582 -2.64155e-18)
(1.24702 -0.197961 1.85781e-18)
(1.24336 -0.208375 2.39628e-18)
(1.24028 -0.220713 5.32485e-18)
(1.25658 -0.161471 5.40429e-18)
(1.25315 -0.177407 -6.71543e-18)
(1.24862 -0.184427 -3.01878e-18)
(1.24418 -0.197006 -4.49727e-19)
(1.24036 -0.207626 4.83996e-18)
(1.25412 -0.159849 6.36171e-18)
(1.25053 -0.176081 -5.37829e-18)
(1.24591 -0.183242 -8.01853e-18)
(1.24129 -0.196012 -6.16349e-19)
(1.23732 -0.206839 4.89272e-18)
(1.25163 -0.158199 5.05833e-18)
(1.24788 -0.174726 -5.88059e-18)
(1.24316 -0.182026 -8.43821e-18)
(1.23837 -0.194981 1.72146e-18)
(1.23423 -0.206014 5.57116e-18)
(1.24909 -0.156522 5.9773e-18)
(1.24518 -0.173342 -6.10317e-18)
(1.24038 -0.18078 -9.45494e-18)
(1.23542 -0.19391 1.69927e-18)
(1.2311 -0.20515 5.94814e-18)
(1.24653 -0.154816 4.28685e-18)
(1.24241 -0.17193 -6.46487e-18)
(1.23756 -0.179505 -7.70355e-18)
(1.23239 -0.1928 1.79997e-18)
(1.22792 -0.204247 9.24615e-18)
(1.2884 -0.182452 -3.40416e-19)
(1.28655 -0.194278 1.4682e-19)
(1.28372 -0.199461 6.83023e-19)
(1.28138 -0.209287 -2.11633e-19)
(1.27965 -0.217295 1.99744e-18)
(1.28658 -0.181266 5.82283e-19)
(1.28467 -0.193364 7.11506e-20)
(1.28169 -0.198676 1.9463e-18)
(1.27924 -0.208681 -2.24204e-19)
(1.27738 -0.21686 1.93878e-18)
(1.28473 -0.180047 4.26287e-19)
(1.28275 -0.192408 -4.72352e-21)
(1.27963 -0.197841 7.72451e-19)
(1.27706 -0.208018 -4.35329e-19)
(1.27506 -0.21636 3.11042e-18)
(1.28283 -0.178798 5.43938e-19)
(1.28077 -0.19142 -1.2773e-18)
(1.27752 -0.196972 9.62397e-19)
(1.27483 -0.207323 -6.53256e-19)
(1.2727 -0.215826 4.39259e-18)
(1.28089 -0.177518 7.41324e-19)
(1.27875 -0.190399 1.02906e-19)
(1.27538 -0.196066 1.01611e-18)
(1.27256 -0.206591 5.18505e-19)
(1.2703 -0.215254 4.41706e-18)
(1.27891 -0.176205 -5.17065e-19)
(1.27667 -0.189344 -1.64942e-18)
(1.27319 -0.195125 -2.59533e-19)
(1.27025 -0.205822 1.21307e-19)
(1.26784 -0.214643 4.59576e-18)
(1.26617 -0.225301 8.31813e-18)
(1.27688 -0.174859 -4.68184e-19)
(1.27456 -0.188256 -1.73607e-18)
(1.27096 -0.194148 -1.36975e-19)
(1.26789 -0.205015 1.64461e-18)
(1.26535 -0.213993 2.92963e-18)
(1.26353 -0.224818 7.12082e-18)
(1.27481 -0.17348 -3.72214e-19)
(1.27239 -0.187136 -2.01147e-18)
(1.26869 -0.193135 -1.83956e-18)
(1.26549 -0.204171 -1.67743e-19)
(1.26281 -0.213302 3.02199e-18)
(1.26084 -0.224291 7.66418e-18)
(1.27269 -0.172067 -3.43452e-19)
(1.27019 -0.185984 -2.08996e-18)
(1.26637 -0.192087 1.54773e-20)
(1.26304 -0.203288 -1.67436e-19)
(1.26023 -0.21257 1.03647e-18)
(1.2581 -0.223718 6.25747e-18)
(1.27052 -0.17062 -2.43412e-19)
(1.26792 -0.184801 -2.46755e-18)
(1.264 -0.191004 -2.64785e-19)
(1.26053 -0.202366 -1.5352e-19)
(1.25758 -0.211797 8.85002e-19)
(1.2553 -0.2231 4.66867e-18)
(1.11382 -0.0849715 -2.51888e-17)
(1.15541 -0.095664 3.4735e-17)
(1.19366 -0.124337 4.52128e-18)
(1.10853 -0.102156 8.01394e-18)
(1.15134 -0.110445 -1.7864e-17)
(1.18643 -0.146702 -2.01091e-19)
(1.1016 -0.111422 2.76204e-17)
(1.14552 -0.118059 -8.3289e-17)
(1.17889 -0.158673 -1.47004e-17)
(1.0937 -0.12325 7.62657e-18)
(1.13886 -0.12739 1.13598e-18)
(1.16978 -0.174286 3.37635e-18)
(1.08519 -0.134703 -5.8063e-18)
(1.13128 -0.136065 2.5402e-17)
(1.16067 -0.190322 1.20692e-17)
)
;

boundaryField
{
    inlet
    {
        type            uniformFixedValue;
        uniformValue    constant (1 0 0);
        value           nonuniform 0();
    }
    outlet
    {
        type            pressureInletOutletVelocity;
        value           nonuniform 0();
    }
    polygon
    {
        type            fixedValue;
        value           nonuniform 0();
    }
    top
    {
        type            symmetryPlane;
    }
    bottom
    {
        type            symmetryPlane;
    }
    outside
    {
        type            zeroGradient;
    }
    procBoundary1to0
    {
        type            processor;
        value           nonuniform List<vector> 5((1.08759 -0.0505354 -5.06157e-17) (1.08397 -0.0601915 -4.10878e-18) (1.07915 -0.0649462 5.12437e-18) (1.07331 -0.0704781 2.45943e-17) (1.06662 -0.0754479 1.71173e-17));
    }
    procBoundary1to2
    {
        type            processor;
        value           nonuniform List<vector> 5((1.29002 -0.183556 -3.16709e-19) (1.28825 -0.195157 -7.17076e-19) (1.28554 -0.200271 6.56196e-19) (1.28329 -0.209998 -4.34972e-20) (1.28168 -0.217906 2.12482e-18));
    }
    procBoundary1to9
    {
        type            processor;
        value           nonuniform List<vector> 
35
(
(1.22077 -0.216859 8.61513e-18)
(1.21771 -0.216546 8.87683e-18)
(1.21464 -0.216202 9.11137e-18)
(1.21151 -0.215826 9.35219e-18)
(1.20835 -0.215415 9.57229e-18)
(1.20517 -0.21497 1.01508e-17)
(1.20202 -0.21449 1.06042e-17)
(1.19889 -0.213978 1.11183e-17)
(1.19552 -0.213437 1.141e-17)
(1.1915 -0.212853 8.20994e-18)
(1.25077 -0.233878 9.40018e-18)
(1.24763 -0.23378 1.02174e-17)
(1.24444 -0.233601 1.1111e-17)
(1.24119 -0.233382 1.19093e-17)
(1.23788 -0.233115 1.26723e-17)
(1.23711 -0.220172 5.50752e-18)
(1.23711 -0.220172 5.50752e-18)
(1.23389 -0.219588 5.63517e-18)
(1.23062 -0.218958 5.54828e-18)
(1.22732 -0.218284 5.44638e-18)
(1.22397 -0.217565 5.66723e-18)
(1.27865 -0.227075 5.67747e-18)
(1.27625 -0.226824 6.03984e-18)
(1.2738 -0.226499 6.57526e-18)
(1.27131 -0.22614 7.07872e-18)
(1.26877 -0.225741 7.6969e-18)
(1.26877 -0.225741 7.6969e-18)
(1.2653 -0.235846 7.84365e-18)
(1.26249 -0.235551 6.96425e-18)
(1.25963 -0.235208 7.63205e-18)
(1.25672 -0.234813 8.14549e-18)
(1.25377 -0.234368 8.82052e-18)
(1.07605 -0.146063 -1.69392e-17)
(1.12305 -0.144474 9.55659e-17)
(1.15054 -0.206767 4.02076e-17)
)
;
    }
}


// ************************************************************************* //
