/*--------------------------------*- C++ -*----------------------------------*\
  =========                 |
  \\      /  F ield         | OpenFOAM: The Open Source CFD Toolbox
   \\    /   O peration     | Website:  https://openfoam.org
    \\  /    A nd           | Version:  7
     \\/     M anipulation  |
\*---------------------------------------------------------------------------*/
FoamFile
{
    version     2.0;
    format      ascii;
    class       volVectorField;
    location    "104";
    object      U;
}
// * * * * * * * * * * * * * * * * * * * * * * * * * * * * * * * * * * * * * //

dimensions      [0 1 -1 0 0 0 0];

internalField   nonuniform List<vector> 
115
(
(1.2743 -0.174677 -7.83329e-19)
(1.28864 -0.177781 -5.22495e-19)
(1.30169 -0.180782 -7.79903e-19)
(1.10661 -0.143593 -2.22649e-18)
(1.12754 -0.14723 -5.874e-19)
(1.14794 -0.150794 -1.55831e-18)
(1.16774 -0.154278 8.74513e-19)
(1.18685 -0.157674 -9.54436e-19)
(1.20519 -0.160972 4.18965e-20)
(1.22271 -0.164165 -3.8283e-19)
(1.23933 -0.167248 -2.5306e-19)
(1.255 -0.170214 -4.09974e-19)
(1.26967 -0.173059 -4.20583e-20)
(1.2833 -0.175779 6.02637e-20)
(1.29585 -0.178374 3.29246e-19)
(1.3073 -0.180845 -1.47389e-19)
(1.31764 -0.183193 -2.45996e-19)
(1.32687 -0.185424 -3.33066e-19)
(1.33498 -0.187546 -4.07036e-19)
(1.18865 -0.157271 -3.69169e-19)
(1.20561 -0.160464 -2.21615e-19)
(1.22185 -0.163535 -1.60532e-19)
(1.23732 -0.166477 2.95953e-19)
(1.25195 -0.169287 -4.8056e-19)
(1.26573 -0.171961 2.79256e-20)
(1.27861 -0.174497 -1.35422e-19)
(1.29057 -0.176895 1.19649e-20)
(1.3016 -0.179154 1.51697e-19)
(1.31168 -0.181276 -2.4373e-19)
(1.32082 -0.183266 -5.66222e-20)
(1.32903 -0.185128 1.48552e-19)
(1.33632 -0.18687 4.9973e-20)
(1.34271 -0.1885 2.09995e-19)
(1.34824 -0.190028 -1.46908e-20)
(1.35292 -0.191467 -2.7826e-19)
(1.24954 -0.168045 2.70128e-20)
(1.26244 -0.1707 -2.53706e-19)
(1.27456 -0.173204 -1.39402e-19)
(1.2859 -0.175557 -1.33839e-19)
(1.29642 -0.177759 -1.90517e-19)
(1.30614 -0.179814 -1.53433e-19)
(1.31504 -0.181725 -2.36512e-21)
(1.32314 -0.183496 8.53599e-20)
(1.33045 -0.185134 -2.06939e-19)
(1.337 -0.186646 -2.50852e-19)
(1.34279 -0.188039 -9.46331e-20)
(1.34788 -0.189324 -3.18334e-19)
(1.35229 -0.190511 -3.41938e-20)
(1.35605 -0.19161 -2.01737e-19)
(1.3592 -0.192634 2.05831e-19)
(1.36177 -0.193596 -1.4772e-19)
(1.29182 -0.176033 -1.06205e-18)
(1.3011 -0.178155 -1.99458e-18)
(1.30968 -0.180118 -3.42281e-18)
(1.31755 -0.18193 -5.9644e-18)
(1.32475 -0.183595 2.40813e-18)
(1.33127 -0.185121 -1.28947e-18)
(1.33714 -0.186515 4.12356e-19)
(1.34239 -0.187787 -4.98871e-19)
(1.34705 -0.188945 -4.55995e-19)
(1.35114 -0.189999 -1.02256e-18)
(1.35471 -0.190959 -1.38509e-18)
(1.35779 -0.191835 -2.3691e-18)
(1.3604 -0.192639 -3.99046e-18)
(1.36258 -0.19338 -6.90595e-18)
(1.36436 -0.19407 3.19093e-18)
(1.36577 -0.194717 -1.62533e-18)
(1.31934 -0.181652 -8.56701e-19)
(1.32573 -0.183314 -1.1013e-18)
(1.33156 -0.184828 -8.79805e-19)
(1.33684 -0.186201 -7.75525e-19)
(1.34159 -0.187445 5.85317e-19)
(1.34585 -0.188568 -7.50237e-19)
(1.34963 -0.189581 2.73303e-19)
(1.35298 -0.190493 -4.97742e-19)
(1.35593 -0.191315 -3.64639e-19)
(1.35849 -0.192056 -4.88203e-19)
(1.36071 -0.192726 -9.70962e-19)
(1.36261 -0.193334 -1.151e-18)
(1.36421 -0.193889 -7.27379e-19)
(1.36554 -0.194399 -9.52511e-19)
(1.3666 -0.194871 9.90991e-19)
(1.36742 -0.195311 -9.03507e-19)
(1.33611 -0.185439 -1.31665e-18)
(1.34042 -0.186753 -6.34662e-18)
(1.34432 -0.187934 2.47402e-18)
(1.34781 -0.188993 -1.26866e-18)
(1.35094 -0.189941 4.97238e-19)
(1.35373 -0.190788 -4.38505e-19)
(1.35621 -0.191546 2.81801e-19)
(1.3584 -0.192224 -2.74642e-19)
(1.36033 -0.192832 -1.78947e-19)
(1.36202 -0.193378 -2.42043e-19)
(1.3635 -0.193871 -1.84127e-19)
(1.36477 -0.194316 -4.90508e-19)
(1.36585 -0.194721 -4.14532e-19)
(1.36675 -0.195089 7.86366e-20)
(1.36748 -0.195425 -9.21703e-20)
(1.36803 -0.195732 -4.55691e-19)
(1.34535 -0.188619 -1.88725e-19)
(1.34835 -0.189609 -1.08832e-18)
(1.35105 -0.190491 1.07367e-18)
(1.35347 -0.191278 -6.64955e-19)
(1.35564 -0.191977 3.13483e-19)
(1.35759 -0.1926 -2.82737e-19)
(1.35933 -0.193155 3.51194e-20)
(1.36089 -0.193648 -2.35502e-19)
(1.36229 -0.194088 -6.7837e-20)
(1.36353 -0.194478 -1.36751e-19)
(1.36463 -0.194824 7.86103e-20)
(1.36559 -0.19513 -3.74403e-19)
(1.36643 -0.195396 -1.01006e-19)
(1.36714 -0.195624 -1.84208e-19)
(1.36772 -0.195813 -1.43978e-21)
(1.36816 -0.195962 -2.7035e-19)
)
;

boundaryField
{
    inlet
    {
        type            uniformFixedValue;
        uniformValue    constant (1 0 0);
        value           nonuniform 0();
    }
    outlet
    {
        type            pressureInletOutletVelocity;
        value           nonuniform 0();
    }
    polygon
    {
        type            fixedValue;
        value           nonuniform 0();
    }
    top
    {
        type            symmetryPlane;
    }
    bottom
    {
        type            symmetryPlane;
    }
    outside
    {
        type            zeroGradient;
    }
    procBoundary3to2
    {
        type            processor;
        value           nonuniform List<vector> 6((1.35681 -0.192831 -1.89843e-19) (1.3638 -0.194508 -1.39816e-22) (1.36681 -0.195333 9.28295e-19) (1.36799 -0.195724 4.16889e-19) (1.3684 -0.19601 -1.10648e-19) (1.36844 -0.196067 -2.12007e-19));
    }
    procBoundary3to4
    {
        type            processor;
        value           nonuniform List<vector> 7((1.08524 -0.139893 -1.5872e-18) (1.17103 -0.15396 -6.26519e-19) (1.2359 -0.16524 -3.65773e-19) (1.28184 -0.17375 -8.22571e-19) (1.31235 -0.179833 -8.37749e-19) (1.33135 -0.18398 -6.68057e-18) (1.34203 -0.187511 -1.63524e-18));
    }
    procBoundary3to10
    {
        type            processor;
        value           nonuniform List<vector> 2((1.31342 -0.183682 -7.56362e-19) (1.342 -0.189568 -1.66751e-19));
    }
    procBoundary3to11
    {
        type            processor;
        value           nonuniform List<vector> 
17
(
(1.2056 -0.162048 -1.81064e-18)
(1.22607 -0.166068 -1.66121e-18)
(1.24531 -0.17004 -1.66935e-18)
(1.00336 -0.127366 -9.24581e-18)
(1.02745 -0.131246 -1.55804e-18)
(1.05135 -0.135119 -8.04715e-18)
(1.07496 -0.138976 2.46324e-18)
(1.09819 -0.142809 -1.62263e-18)
(1.12093 -0.146608 -9.26382e-20)
(1.1431 -0.150364 -6.49716e-19)
(1.16459 -0.154067 -5.24682e-19)
(1.18532 -0.157707 -7.43333e-19)
(1.20518 -0.161276 -6.01642e-19)
(1.22408 -0.164765 -8.71818e-19)
(1.24196 -0.168165 -3.62077e-19)
(1.25872 -0.171471 -6.79084e-19)
(1.25872 -0.171471 -6.79084e-19)
)
;
    }
}


// ************************************************************************* //
