/*--------------------------------*- C++ -*----------------------------------*\
  =========                 |
  \\      /  F ield         | OpenFOAM: The Open Source CFD Toolbox
   \\    /   O peration     | Website:  https://openfoam.org
    \\  /    A nd           | Version:  7
     \\/     M anipulation  |
\*---------------------------------------------------------------------------*/
FoamFile
{
    version     2.0;
    format      ascii;
    class       volVectorField;
    location    "88";
    object      U;
}
// * * * * * * * * * * * * * * * * * * * * * * * * * * * * * * * * * * * * * //

dimensions      [0 1 -1 0 0 0 0];

internalField   nonuniform List<vector> 
115
(
(1.30728 0.180872 -2.24444e-19)
(1.31762 0.183215 3.67168e-21)
(1.32685 0.185441 8.7276e-20)
(1.33496 0.187558 2.03908e-19)
(0.979158 0.123525 1.17713e-17)
(1.00336 0.12741 1.01189e-17)
(1.02745 0.131294 8.49494e-18)
(1.05135 0.135171 4.77179e-18)
(1.07495 0.13903 -1.92355e-18)
(1.09818 0.142864 8.09435e-19)
(1.12092 0.146663 -3.95374e-19)
(1.14308 0.150418 2.57282e-19)
(1.16457 0.154118 1.64333e-19)
(1.18529 0.157756 8.28571e-20)
(1.20515 0.16132 6.60043e-20)
(1.22406 0.164804 2.08826e-19)
(1.24193 0.168199 -2.66329e-19)
(1.25869 0.171499 -1.57562e-19)
(1.27427 0.1747 3.22113e-19)
(1.28861 0.177798 -2.02267e-19)
(1.30167 0.180793 -3.39143e-19)
(0.856481 0.105691 4.69333e-18)
(0.88205 0.109493 3.11327e-18)
(0.907876 0.113353 2.2408e-18)
(0.933889 0.117266 5.19794e-19)
(0.96001 0.121229 -6.90074e-19)
(0.986157 0.125235 4.95858e-19)
(1.01224 0.12928 -1.48046e-19)
(1.03815 0.133357 -6.94814e-21)
(1.0638 0.137458 2.79522e-20)
(1.08907 0.141574 1.3036e-19)
(1.11384 0.145698 1.99064e-19)
(1.13801 0.149819 -3.6244e-20)
(1.16143 0.153927 -1.4512e-19)
(1.18399 0.158014 1.94885e-19)
(1.20557 0.16207 4.16627e-19)
(1.22604 0.166084 -2.09627e-19)
(1.24528 0.170051 9.2755e-21)
(0.723602 0.087603 1.25621e-17)
(0.748858 0.09108 1.14707e-17)
(0.774673 0.0946519 9.83845e-18)
(0.801008 0.0983199 5.88442e-18)
(0.827818 0.102085 -1.85911e-18)
(0.855052 0.105948 6.59907e-19)
(0.88265 0.10991 -1.04685e-19)
(0.910545 0.11397 2.63941e-20)
(0.938658 0.118127 -1.50018e-21)
(0.9669 0.122381 4.41066e-20)
(0.995172 0.126729 8.70197e-20)
(1.02336 0.131167 1.85675e-20)
(1.05135 0.135692 -3.51354e-20)
(1.079 0.140298 7.01961e-21)
(1.10616 0.144978 2.20042e-19)
(1.13269 0.149726 -1.22073e-19)
(1.15841 0.154533 1.21186e-19)
(0.588053 0.0704038 5.01665e-18)
(0.611526 0.0733941 4.39446e-18)
(0.635729 0.0764921 3.1828e-18)
(0.660655 0.0797025 1.38548e-18)
(0.686294 0.0830302 -8.19134e-19)
(0.712633 0.0864805 1.16192e-19)
(0.739653 0.0900592 -3.82267e-20)
(0.76733 0.0937726 -5.97984e-20)
(0.795634 0.0976273 -1.98538e-19)
(0.824524 0.10163 7.47677e-20)
(0.853951 0.105789 -2.39664e-19)
(0.883855 0.110109 -3.87058e-20)
(0.91416 0.1146 -2.11078e-19)
(0.944776 0.119267 1.64675e-19)
(0.975595 0.124116 -4.60924e-20)
(1.00649 0.129153 -1.5627e-19)
(1.03731 0.13438 -5.07035e-20)
(0.456783 0.0549396 1.22797e-17)
(0.47749 0.0573816 1.18925e-17)
(0.498967 0.0599266 1.06578e-17)
(0.521225 0.0625797 7.56421e-18)
(0.544279 0.0653468 -1.36385e-18)
(0.56814 0.0682348 2.4957e-19)
(0.59282 0.0712513 -5.5495e-20)
(0.618332 0.0744051 -3.66288e-20)
(0.644684 0.0777062 3.38797e-20)
(0.671885 0.0811661 -2.55768e-19)
(0.699938 0.0847976 -1.17087e-19)
(0.728845 0.0886155 -3.53062e-19)
(0.758597 0.092636 -3.76189e-19)
(0.789179 0.0968773 9.72377e-20)
(0.820566 0.101359 2.56746e-19)
(0.852715 0.106104 1.29821e-19)
(0.885565 0.111133 1.54087e-19)
(0.334971 0.0416663 2.16508e-18)
(0.352466 0.0435775 1.94282e-18)
(0.370677 0.0455788 1.55862e-18)
(0.389623 0.0476746 8.35943e-19)
(0.409326 0.0498697 -1.9556e-19)
(0.429809 0.0521701 5.99541e-20)
(0.451097 0.0545826 3.10653e-20)
(0.473216 0.0571149 -6.56355e-20)
(0.496196 0.0597764 3.77847e-20)
(0.520067 0.0625779 -2.20536e-19)
(0.544863 0.0655319 1.26367e-19)
(0.57062 0.0686534 -1.13884e-20)
(0.597377 0.07196 -3.15828e-20)
(0.625175 0.0754723 9.63415e-20)
(0.654055 0.0792147 3.35869e-19)
(0.68406 0.0832158 -8.15957e-20)
(0.715229 0.087509 2.31452e-19)
(0.225715 0.0307013 4.38411e-19)
(0.239972 0.0321439 3.85244e-19)
(0.254845 0.0336625 3.12025e-19)
(0.270353 0.0352603 -1.83475e-20)
(0.286518 0.0369409 -5.80231e-20)
(0.303361 0.0387087 -1.48084e-19)
(0.320908 0.0405686 1.07859e-19)
(0.339185 0.0425267 1.15224e-19)
(0.358223 0.0445897 -4.56926e-20)
)
;

boundaryField
{
    inlet
    {
        type            uniformFixedValue;
        uniformValue    constant (1 0 0);
        value           nonuniform 0();
    }
    outlet
    {
        type            pressureInletOutletVelocity;
        value           nonuniform 0();
    }
    polygon
    {
        type            fixedValue;
        value           nonuniform 0();
    }
    top
    {
        type            symmetryPlane;
    }
    bottom
    {
        type            symmetryPlane;
    }
    outside
    {
        type            zeroGradient;
    }
    procBoundary51to43
    {
        type            processor;
        value           nonuniform List<vector> 
18
(
(0.378054 0.0467657 -1.3985e-19)
(0.398716 0.0490641 -1.58261e-20)
(0.420249 0.0514961 3.29325e-22)
(0.442702 0.054075 1.09228e-19)
(0.466127 0.0568165 8.85954e-20)
(0.490586 0.0597398 4.35109e-19)
(0.51615 0.0628678 -2.02017e-19)
(0.542901 0.0662285 9.93116e-20)
(0.130322 0.0219347 2.64467e-19)
(0.14158 0.0229872 2.43611e-19)
(0.153341 0.0241035 1.43667e-19)
(0.165622 0.0252859 -2.03492e-20)
(0.178439 0.026537 7.4023e-21)
(0.191811 0.0278599 -5.73085e-20)
(0.205758 0.0292584 -2.25137e-20)
(0.2203 0.0307366 -3.91423e-20)
(0.378054 0.0467657 -1.3985e-19)
(0.235462 0.0322995 -1.47136e-19)
)
;
    }
    procBoundary51to50
    {
        type            processor;
        value           nonuniform List<vector> 5((1.26319 0.173962 -1.33691e-19) (1.18314 0.159389 -4.90876e-20) (1.06788 0.139799 -2.70368e-19) (0.919032 0.116471 -1.21862e-19) (0.747597 0.092133 3.93455e-20));
    }
    procBoundary51to52
    {
        type            processor;
        value           nonuniform List<vector> 7((0.954929 0.119647 1.07306e-17) (0.831233 0.101949 3.31702e-18) (0.698937 0.0842194 1.15472e-17) (0.565315 0.0675174 4.36255e-18) (0.436833 0.0525962 1.18292e-17) (0.318174 0.0398415 2.24296e-18) (0.212057 0.0293321 4.38479e-19));
    }
    procBoundary51to58
    {
        type            processor;
        value           nonuniform List<vector> 2((1.34198 0.189575 -1.20185e-19) (1.31339 0.183688 2.98528e-19));
    }
    procBoundary51to59
    {
        type            processor;
        value           nonuniform List<vector> 
18
(
(1.33631 0.186895 1.68525e-19)
(1.3427 0.18852 -8.17209e-20)
(1.34822 0.190044 6.23457e-20)
(1.35291 0.191479 7.36458e-20)
(1.08526 0.139928 3.61999e-18)
(1.10663 0.143634 2.02287e-18)
(1.12756 0.147275 1.49338e-18)
(1.14796 0.150844 1.32725e-19)
(1.16775 0.15433 -5.48525e-19)
(1.18685 0.157726 3.16866e-19)
(1.2052 0.161025 -6.85097e-20)
(1.22271 0.164217 1.41125e-19)
(1.23933 0.167298 7.32981e-21)
(1.255 0.17026 6.84944e-20)
(1.26966 0.173101 -5.16297e-21)
(1.28329 0.175817 1.82041e-21)
(1.29583 0.178407 -1.22481e-20)
(1.29583 0.178407 -1.22481e-20)
)
;
    }
}


// ************************************************************************* //
