/*--------------------------------*- C++ -*----------------------------------*\
  =========                 |
  \\      /  F ield         | OpenFOAM: The Open Source CFD Toolbox
   \\    /   O peration     | Website:  https://openfoam.org
    \\  /    A nd           | Version:  7
     \\/     M anipulation  |
\*---------------------------------------------------------------------------*/
FoamFile
{
    version     2.0;
    format      ascii;
    class       volVectorField;
    location    "40";
    object      U;
}
// * * * * * * * * * * * * * * * * * * * * * * * * * * * * * * * * * * * * * //

dimensions      [0 1 -1 0 0 0 0];

internalField   nonuniform List<vector> 
250
(
(1.24926 -0.216703 2.48451e-17)
(1.24484 -0.235163 1.87778e-17)
(1.23726 -0.242399 4.8123e-18)
(1.23116 -0.256363 1.05297e-17)
(1.22439 -0.267463 1.64757e-18)
(1.21853 -0.281181 -8.50356e-18)
(1.21244 -0.294438 6.28175e-18)
(1.20681 -0.309454 -3.66665e-18)
(1.20092 -0.325933 -1.38956e-17)
(1.19582 -0.343162 -2.31179e-17)
(1.18976 -0.364517 -9.53354e-19)
(1.18587 -0.384862 9.06002e-18)
(1.2417 -0.212091 1.42661e-17)
(1.23661 -0.231695 1.43273e-17)
(1.22859 -0.239604 9.11553e-18)
(1.22166 -0.254872 1.73653e-17)
(1.21419 -0.267001 -2.57228e-19)
(1.20724 -0.282148 -6.98877e-18)
(1.20015 -0.29679 5.40607e-18)
(1.19314 -0.313635 8.00828e-19)
(1.18583 -0.331978 -1.96856e-17)
(1.17831 -0.351889 -2.78836e-17)
(1.1699 -0.375938 8.89359e-18)
(1.16132 -0.400513 3.47348e-18)
(1.234 -0.206849 2.32459e-17)
(1.22845 -0.227153 2.08828e-17)
(1.22011 -0.235114 7.99188e-18)
(1.2125 -0.250888 2.11931e-17)
(1.2045 -0.263247 -2.78202e-17)
(1.19658 -0.278801 -1.08798e-17)
(1.18863 -0.29375 9.27394e-18)
(1.18036 -0.310991 7.1862e-19)
(1.1718 -0.329642 -2.5602e-17)
(1.16259 -0.349949 -3.57844e-17)
(1.15206 -0.374339 1.32372e-17)
(1.2263 -0.201782 1.4758e-18)
(1.22015 -0.222952 2.44483e-17)
(1.2114 -0.231216 7.44042e-18)
(1.20296 -0.247775 4.7453e-18)
(1.19427 -0.260651 -2.78413e-17)
(1.18521 -0.27697 -1.13584e-17)
(1.17613 -0.292637 -1.65647e-17)
(1.16621 -0.310834 2.755e-18)
(1.15585 -0.33039 -1.70474e-18)
(1.14419 -0.351881 -4.6482e-17)
(1.13089 -0.377154 2.39702e-17)
(1.21858 -0.196466 9.3947e-18)
(1.21183 -0.218327 3.14678e-17)
(1.20272 -0.226708 8.72581e-18)
(1.19346 -0.243791 -1.02819e-17)
(1.18412 -0.256905 -3.97266e-17)
(1.17393 -0.273619 -1.24276e-17)
(1.16373 -0.289596 -9.8464e-18)
(1.15221 -0.308158 -2.4698e-17)
(1.13997 -0.327999 -1.41928e-17)
(1.1258 -0.349796 -2.97276e-17)
(1.10958 -0.374992 4.26753e-18)
(1.31118 -0.258412 1.71599e-18)
(1.3072 -0.275078 -7.05598e-18)
(1.3029 -0.283131 4.67933e-19)
(1.3003 -0.29746 3.01823e-18)
(1.29804 -0.309539 2.16776e-18)
(1.29751 -0.32424 6.007e-19)
(1.29757 -0.338075 -6.45703e-20)
(1.2973 -0.351616 7.61928e-19)
(1.2903 -0.360427 -4.30314e-18)
(1.30616 -0.255333 3.16557e-18)
(1.30191 -0.272203 -9.12941e-19)
(1.29734 -0.280276 -2.67231e-19)
(1.29425 -0.294602 3.18584e-18)
(1.29156 -0.306814 -4.94236e-18)
(1.29044 -0.321911 1.10176e-18)
(1.29037 -0.336943 -7.52583e-18)
(1.2918 -0.35348 1.92807e-18)
(1.29212 -0.369011 -5.5668e-18)
(1.3009 -0.252061 3.74519e-18)
(1.29641 -0.269202 -4.60975e-18)
(1.29146 -0.27748 -5.74762e-19)
(1.2879 -0.291961 5.28248e-18)
(1.28471 -0.304311 -2.72359e-18)
(1.28291 -0.319491 2.82167e-18)
(1.28193 -0.33444 2.09683e-18)
(1.28221 -0.350663 -5.60455e-18)
(1.28196 -0.366177 -6.02771e-18)
(1.27644 -0.379063 3.60747e-18)
(1.29539 -0.248515 5.51188e-18)
(1.29073 -0.265827 -4.14527e-18)
(1.28541 -0.274156 -1.89046e-18)
(1.28144 -0.28866 6.61839e-18)
(1.27775 -0.301098 -4.71772e-18)
(1.27542 -0.316526 1.82803e-18)
(1.27397 -0.332235 7.37154e-20)
(1.2745 -0.350145 -1.81506e-18)
(1.27673 -0.368921 -1.04519e-17)
(1.27885 -0.387365 1.80313e-18)
(1.28964 -0.244747 -3.25857e-18)
(1.28484 -0.262232 -1.73706e-17)
(1.27914 -0.270635 8.52895e-18)
(1.27477 -0.285161 -3.06275e-18)
(1.27054 -0.297571 -4.99162e-18)
(1.26751 -0.31282 2.27209e-18)
(1.26489 -0.32816 2.53481e-18)
(1.2635 -0.345525 9.86149e-18)
(1.26319 -0.364045 -3.24985e-18)
(1.26421 -0.384138 -7.79334e-18)
(1.28366 -0.240715 3.43084e-18)
(1.27876 -0.258319 -6.17247e-18)
(1.27271 -0.266719 6.48001e-18)
(1.26799 -0.281222 2.75932e-18)
(1.26327 -0.293615 -7.35094e-18)
(1.25974 -0.308902 1.30783e-18)
(1.25668 -0.324483 -2.63998e-19)
(1.25501 -0.342403 8.5248e-18)
(1.25456 -0.361796 -3.19041e-18)
(1.25601 -0.383042 -8.48496e-18)
(1.27746 -0.236438 2.59861e-18)
(1.27255 -0.254149 -1.62819e-17)
(1.26614 -0.262507 9.35776e-18)
(1.26111 -0.276943 3.34729e-18)
(1.25586 -0.289166 -9.5761e-18)
(1.25168 -0.304163 1.41171e-18)
(1.24761 -0.31926 -1.79017e-18)
(1.24441 -0.336523 -1.2789e-18)
(1.2417 -0.355456 5.77253e-19)
(1.24067 -0.376896 -2.34742e-18)
(1.24154 -0.401473 2.86145e-19)
(1.27104 -0.231904 6.97342e-18)
(1.26625 -0.24971 -4.03958e-18)
(1.25953 -0.257957 1.03665e-17)
(1.25427 -0.272315 7.60964e-18)
(1.24859 -0.284374 -1.28145e-17)
(1.244 -0.29922 1.36939e-18)
(1.23943 -0.314157 -1.08375e-18)
(1.23576 -0.331185 1.60147e-18)
(1.23242 -0.349728 -6.91593e-20)
(1.23002 -0.370406 -6.20699e-18)
(1.2283 -0.394572 -2.40372e-18)
(1.2643 -0.227138 8.12402e-18)
(1.25976 -0.245072 3.06194e-18)
(1.25275 -0.253113 1.25328e-17)
(1.24732 -0.26734 1.27682e-17)
(1.2412 -0.279087 3.8206e-18)
(1.23612 -0.293536 7.27836e-19)
(1.23069 -0.307921 -2.73215e-18)
(1.22592 -0.324324 -8.07316e-19)
(1.22119 -0.342237 -1.68304e-17)
(1.2172 -0.362004 -3.86838e-18)
(1.21324 -0.385504 6.25669e-18)
(1.25702 -0.222124 1.01717e-17)
(1.25268 -0.240265 -2.12959e-18)
(1.24535 -0.247977 1.40812e-17)
(1.23966 -0.262075 1.51253e-17)
(1.23317 -0.273511 -1.64318e-18)
(1.22776 -0.287611 2.7969e-18)
(1.22192 -0.301473 -3.05417e-18)
(1.21663 -0.317229 5.5223e-18)
(1.2111 -0.334366 -1.40368e-17)
(1.20612 -0.352788 -1.39321e-17)
(1.20046 -0.374931 8.22104e-18)
(1.19611 -0.397747 -9.63686e-18)
(1.38273 -0.287332 7.05021e-19)
(1.3783 -0.286864 -3.56899e-19)
(1.36791 -0.284158 -8.00721e-19)
(1.34566 -0.278909 -1.2265e-18)
(1.30235 -0.268145 -4.17117e-19)
(1.22701 -0.250048 2.27901e-19)
(1.10975 -0.222685 -8.7921e-19)
(0.947953 -0.18665 -1.31621e-19)
(0.752142 -0.145496 -1.69315e-19)
(1.3829 -0.287504 -2.74018e-19)
(1.3803 -0.288174 2.42723e-19)
(1.3737 -0.28665 4.86049e-19)
(1.3586 -0.283567 4.51025e-19)
(1.32672 -0.275753 2.45563e-19)
(1.2671 -0.26142 -9.70566e-20)
(1.1676 -0.237837 2.68489e-19)
(1.02068 -0.204446 7.40982e-20)
(0.830628 -0.163485 2.63564e-20)
(1.38185 -0.287261 1.07274e-19)
(1.38039 -0.289058 -1.56821e-19)
(1.37646 -0.288512 -2.18041e-19)
(1.36693 -0.287386 -2.10659e-19)
(1.34484 -0.282273 -5.76082e-20)
(1.30003 -0.271648 -3.64164e-21)
(1.21928 -0.252121 -1.64415e-19)
(1.09108 -0.22201 -1.14666e-19)
(0.912984 -0.181919 -9.46156e-20)
(1.37949 -0.286575 -1.09759e-20)
(1.37865 -0.289604 1.02437e-19)
(1.3764 -0.289947 1.83261e-19)
(1.37091 -0.290687 1.24414e-19)
(1.35662 -0.288141 -7.83335e-20)
(1.32478 -0.281334 -1.74785e-20)
(1.26213 -0.266507 3.23458e-20)
(1.15424 -0.241142 3.93906e-20)
(0.99214 -0.204127 -3.55353e-20)
(1.37564 -0.285353 -4.24961e-20)
(1.3751 -0.289749 -4.96957e-20)
(1.3738 -0.290878 2.33015e-20)
(1.37114 -0.293321 3.55864e-20)
(1.3629 -0.292956 3.41585e-20)
(1.34228 -0.289544 -3.08303e-20)
(1.29716 -0.279084 -1.01273e-19)
(1.212 -0.258438 -3.32803e-20)
(1.0725 -0.224844 -2.47558e-20)
(1.36998 -0.28356 -1.17999e-19)
(1.36946 -0.289639 -3.72228e-20)
(1.36851 -0.291626 2.06004e-19)
(1.36747 -0.295903 1.25816e-19)
(1.36326 -0.297759 2.2423e-20)
(1.35107 -0.297963 -3.80354e-20)
(1.32056 -0.292628 -9.90703e-20)
(1.25639 -0.278463 -1.90902e-19)
(1.14057 -0.251281 -1.13264e-19)
(1.36231 -0.280857 -2.16072e-19)
(1.36164 -0.288864 -2.34553e-19)
(1.36064 -0.291688 3.04318e-19)
(1.3605 -0.297695 2.37713e-19)
(1.35908 -0.301285 8.59795e-20)
(1.35366 -0.304217 -3.13621e-20)
(1.33644 -0.302746 -1.06206e-19)
(1.29415 -0.293806 -1.74534e-19)
(1.20757 -0.272267 -2.17382e-19)
(1.35219 -0.277135 -3.28331e-19)
(1.35115 -0.287457 -6.63267e-19)
(1.34964 -0.291422 4.87211e-19)
(1.34945 -0.299746 4.98785e-19)
(1.34882 -0.305875 2.18045e-19)
(1.34669 -0.312625 -3.43002e-20)
(1.33753 -0.316575 -1.53206e-19)
(1.31097 -0.315326 -2.89141e-19)
(1.24862 -0.303258 -4.67949e-19)
(1.33923 -0.271848 -3.39934e-19)
(1.33776 -0.284512 -1.77182e-18)
(1.33582 -0.289372 6.75646e-19)
(1.33579 -0.299406 1.02397e-18)
(1.33609 -0.306911 5.04181e-19)
(1.33718 -0.315625 3.02194e-20)
(1.3358 -0.322379 -1.35261e-19)
(1.32562 -0.325826 -3.5972e-19)
(1.29176 -0.320506 -1.09221e-18)
(1.32266 -0.265111 1.98907e-19)
(1.31972 -0.280873 -4.00434e-18)
(1.31627 -0.287889 8.54608e-19)
(1.31485 -0.301222 1.96271e-18)
(1.31364 -0.312326 1.24089e-18)
(1.31403 -0.325808 1.94765e-19)
(1.31379 -0.338614 -6.5055e-20)
(1.30983 -0.350746 -1.27622e-19)
(1.29121 -0.357548 -2.37818e-18)
)
;

boundaryField
{
    inlet
    {
        type            uniformFixedValue;
        uniformValue    constant (1 0 0);
        value           nonuniform 0();
    }
    outlet
    {
        type            pressureInletOutletVelocity;
        value           nonuniform 0();
    }
    polygon
    {
        type            fixedValue;
        value           nonuniform 0();
    }
    top
    {
        type            symmetryPlane;
    }
    bottom
    {
        type            symmetryPlane;
    }
    outside
    {
        type            zeroGradient;
    }
    procBoundary1to0
    {
        type            processor;
        value           nonuniform List<vector> 
11
(
(1.21089 -0.191156 4.6598e-18)
(1.2035 -0.213679 3.89674e-17)
(1.19402 -0.222205 1.09028e-17)
(1.18389 -0.239804 -4.23792e-18)
(1.17386 -0.253162 -1.8817e-17)
(1.16249 -0.270251 -4.39634e-17)
(1.15108 -0.286538 -1.41014e-17)
(1.13788 -0.305424 -1.97443e-17)
(1.12369 -0.325434 -8.22879e-18)
(1.10684 -0.34743 -1.32296e-17)
(1.08757 -0.372297 -1.72143e-17)
)
;
    }
    procBoundary1to2
    {
        type            processor;
        value           nonuniform List<vector> 9((1.38127 -0.286727 -2.03052e-18) (1.37415 -0.285053 4.67371e-19) (1.35868 -0.280983 1.28034e-18) (1.32769 -0.273402 3.12554e-18) (1.27151 -0.259604 1.52384e-18) (1.18 -0.237997 -1.38541e-18) (1.0464 -0.207601 2.3494e-18) (0.873207 -0.170184 2.19803e-19) (0.67587 -0.130223 6.70212e-19));
    }
    procBoundary1to5
    {
        type            processor;
        value           nonuniform List<vector> 
29
(
(1.17772 -0.414923 -1.22461e-17)
(1.14958 -0.434254 -3.55204e-17)
(1.14059 -0.399207 8.04408e-18)
(1.14059 -0.399207 8.04408e-18)
(1.11509 -0.403526 4.88108e-18)
(1.08994 -0.401196 5.6409e-18)
(1.26212 -0.358338 1.12356e-18)
(1.28312 -0.379491 -1.33911e-18)
(1.28312 -0.379491 -1.33911e-18)
(1.25216 -0.383035 -1.48153e-18)
(1.27177 -0.400097 1.42408e-18)
(1.2632 -0.403701 4.76289e-18)
(1.25795 -0.405541 7.47306e-18)
(1.25795 -0.405541 7.47306e-18)
(1.24415 -0.426953 -1.77766e-17)
(1.22911 -0.421062 -1.94096e-17)
(1.21113 -0.41098 -7.39063e-18)
(1.21113 -0.41098 -7.39063e-18)
(1.18971 -0.42918 -1.29241e-17)
(0.546378 -0.105542 -1.74886e-19)
(0.618189 -0.121018 5.55349e-20)
(0.699803 -0.136936 2.23741e-22)
(0.782516 -0.158814 2.03875e-20)
(0.876291 -0.179535 -1.32006e-20)
(0.961907 -0.209834 -1.9408e-20)
(1.05858 -0.234758 -1.39618e-19)
(1.12812 -0.275034 -1.00775e-19)
(1.21174 -0.300182 -6.68136e-20)
(1.23803 -0.352768 3.18048e-19)
)
;
    }
}


// ************************************************************************* //
