/*--------------------------------*- C++ -*----------------------------------*\
  =========                 |
  \\      /  F ield         | OpenFOAM: The Open Source CFD Toolbox
   \\    /   O peration     | Website:  https://openfoam.org
    \\  /    A nd           | Version:  7
     \\/     M anipulation  |
\*---------------------------------------------------------------------------*/
FoamFile
{
    version     2.0;
    format      ascii;
    class       surfaceScalarField;
    location    "16";
    object      phi;
}
// * * * * * * * * * * * * * * * * * * * * * * * * * * * * * * * * * * * * * //

dimensions      [0 3 -1 0 0 0 0];

internalField   nonuniform List<scalar> 
319
(
-0.000409938
-0.0107464
0.0108285
-0.000494327
-0.0107352
0.0108196
-0.00057815
-0.0107047
0.0107885
-0.000662987
-0.0106836
0.0107684
-0.000747741
-0.0106625
0.0107472
-0.000833068
-0.0106491
0.0107344
-0.000918594
-0.0106411
0.0107266
-0.0106416
0.0107276
-0.000408571
-0.0106642
-0.000492792
-0.0106509
-0.000576638
-0.0106209
-0.000661409
-0.0105988
-0.000746181
-0.0105777
-0.000831515
-0.0105638
-0.000917113
-0.0105555
-0.0105555
-0.00040713
-0.0105818
-0.00049124
-0.0105668
-0.000575102
-0.010537
-0.000659827
-0.0105141
-0.00074462
-0.0104929
-0.000829972
-0.0104784
-0.000915645
-0.0104698
-0.0104693
-0.000405622
-0.0104994
-0.000489649
-0.0104828
-0.000573524
-0.0104531
-0.000658209
-0.0104294
-0.000743018
-0.0104081
-0.000828387
-0.010393
-0.000914126
-0.0103841
-0.0103829
-0.000404048
-0.0104168
-0.000488018
-0.0103988
-0.000571904
-0.0103693
-0.000656554
-0.0103447
-0.000741375
-0.0103233
-0.000826758
-0.0103077
-0.000912557
-0.0102983
-0.0102965
-0.000402412
-0.0103341
-0.000486345
-0.0103149
-0.000570242
-0.0102854
-0.00065486
-0.0102601
-0.000739689
-0.0102385
-0.000825084
-0.0102223
-0.000910935
-0.0102124
-0.0102099
-0.000400716
-0.0102513
-0.000484629
-0.010231
-0.000568537
-0.0102014
-0.000653126
-0.0101755
-0.000737961
-0.0101536
-0.000823363
-0.0101369
-0.000909258
-0.0101265
-0.0101233
-0.000398963
-0.0101684
-0.00048287
-0.0101471
-0.00056679
-0.0101175
-0.000651351
-0.010091
-0.000736186
-0.0100688
-0.00082159
-0.0100515
-0.00090752
-0.0100406
-0.0100366
-0.000397149
-0.0100854
-0.000481069
-0.0100632
-0.000564994
-0.0100336
-0.000649528
-0.0100064
-0.000734358
-0.00998397
-0.000819759
-0.00996605
-0.000905716
-0.00995462
-0.00994987
-0.000395333
-0.000479174
-0.000563143
-0.000647609
-0.000732435
-0.000817813
-0.000903792
-0.0109827
0.00307269
-0.0109105
0.00305703
-0.0108264
0.00305061
0.00305183
-0.0115205
0.003534
-0.0114705
0.00346038
-0.0114171
0.00338478
-0.0113617
0.00331062
-0.0113053
0.00324065
-0.0112477
0.00317692
-0.0111887
0.00312076
-0.0111273
0.00307285
-0.0110623
0.00303345
-0.0109921
0.00300249
-0.0109145
0.00297942
-0.0108271
0.00296317
0.00295134
-0.0116385
0.00345997
-0.0115644
0.00338626
-0.0114916
0.00331194
-0.0114207
0.00323972
-0.0113517
0.00317171
-0.0112842
0.00310941
-0.0112172
0.00305371
-0.0111493
0.00300499
-0.0110791
0.00296324
-0.0110047
0.00292812
-0.0109241
0.00289884
-0.0108349
0.00287397
0.00285083
-0.0117084
0.00337175
-0.0116229
0.00330077
-0.0115409
0.00322992
-0.0114624
0.00316129
-0.0113872
0.00309644
-0.0113142
0.00303647
-0.0112425
0.00298195
-0.0111705
0.00293301
-0.0110967
0.00288945
-0.0110193
0.00285076
-0.0109367
0.00281617
-0.0108469
0.00278421
0.00275116
-0.0117558
0.00327772
-0.0116656
0.0032105
-0.0115794
0.00314378
-0.0114973
0.00307914
-0.0114186
0.00301774
-0.0113424
0.00296033
-0.0112678
0.00290726
-0.0111932
0.00285846
-0.0111173
0.00281356
-0.0110385
0.00277195
-0.0109552
0.00273283
-0.0108655
0.00269456
0.00265405
-0.0117932
0.00318171
-0.0117009
0.00311826
-0.0116127
0.00305555
-0.0115283
0.00299476
-0.0114472
0.00293668
-0.0113687
0.00288177
-0.0112916
0.00283015
-0.0112147
0.0027816
-0.0111368
0.0027356
-0.0110562
0.00269144
-0.0109719
0.00264849
-0.0108832
0.00260587
0.00255939
-0.0118256
0.00308519
-0.0117325
0.00302514
-0.011643
0.0029661
-0.0115572
0.00290891
-0.0114745
0.00285401
-0.0113943
0.00280161
-0.0113158
0.00275161
-0.0112379
0.00270367
-0.0111595
0.00265722
-0.0110795
0.00261144
-0.0109964
0.00256542
-0.0109091
0.00251858
0.00246982
-0.0118546
-0.0117603
-0.0116692
-0.0115814
-0.0114966
-0.0114141
-0.0113333
-0.0112531
-0.0111723
-0.01109
-0.0110053
-0.0109179
)
;

boundaryField
{
    inlet
    {
        type            calculated;
        value           nonuniform 0();
    }
    outlet
    {
        type            calculated;
        value           nonuniform 0();
    }
    polygon
    {
        type            calculated;
        value           nonuniform 0();
    }
    top
    {
        type            symmetryPlane;
        value           uniform 0;
    }
    bottom
    {
        type            symmetryPlane;
        value           uniform 0;
    }
    outside
    {
        type            calculated;
        value           nonuniform List<scalar> 
23
(
0.000327828
0.000326323
0.000324769
0.000323149
0.000321466
0.000319722
0.000317918
0.000316055
0.000314136
0.000312094
0.00298799
0.00293082
0.00287503
0.0028211
0.00276919
0.00271918
0.00267078
0.00262343
0.00257646
0.00252909
0.00248077
0.00243122
0.00238042
)
;
    }
    procBoundary2to1
    {
        type            processor;
        value           nonuniform List<scalar> 5(-0.0100021 -0.00997933 -0.00994963 -0.00992197 -0.00989914);
    }
    procBoundary2to3
    {
        type            processor;
        value           nonuniform List<scalar> 7(0.0115649 0.0117125 0.0117966 0.0118499 0.0118892 0.0119221 0.0119518);
    }
    procBoundary2to9
    {
        type            processor;
        value           nonuniform List<scalar> 3(-0.00988067 -0.00986865 -0.00986308);
    }
    procBoundary2to10
    {
        type            processor;
        value           nonuniform List<scalar> 
24
(
-0.00100459
-0.00100323
-0.00100189
-0.00100048
-0.000999012
-0.000997481
-0.000995882
-0.000994208
-0.00099246
-0.000990584
-0.00313553
-0.00312926
-0.00313473
-0.00315057
-0.00357845
-0.00351039
-0.00343817
-0.00336594
-0.00329713
-0.00323445
-0.0031798
-0.00313425
0.0110456
-0.00309841
)
;
    }
}


// ************************************************************************* //
