/*--------------------------------*- C++ -*----------------------------------*\
  =========                 |
  \\      /  F ield         | OpenFOAM: The Open Source CFD Toolbox
   \\    /   O peration     | Website:  https://openfoam.org
    \\  /    A nd           | Version:  7
     \\/     M anipulation  |
\*---------------------------------------------------------------------------*/
FoamFile
{
    version     2.0;
    format      ascii;
    class       faceList;
    location    "constant/polyMesh";
    object      faces;
}
// * * * * * * * * * * * * * * * * * * * * * * * * * * * * * * * * * * * * * //


728
(
4(1 20 224 205)
4(19 223 224 20)
4(2 21 225 206)
4(20 224 225 21)
4(3 22 226 207)
4(21 225 226 22)
4(4 23 227 208)
4(22 226 227 23)
4(5 24 228 209)
4(23 227 228 24)
4(6 25 229 210)
4(24 228 229 25)
4(7 26 230 211)
4(25 229 230 26)
4(8 27 231 212)
4(26 230 231 27)
4(9 28 232 213)
4(27 231 232 28)
4(10 29 233 214)
4(28 232 233 29)
4(11 30 234 215)
4(29 233 234 30)
4(12 31 235 216)
4(30 234 235 31)
4(31 235 236 32)
4(15 34 238 219)
4(33 237 238 34)
4(16 35 239 220)
4(34 238 239 35)
4(17 36 240 221)
4(35 239 240 36)
4(18 37 241 222)
4(36 240 241 37)
4(19 38 242 223)
4(37 241 242 38)
4(20 39 243 224)
4(38 242 243 39)
4(21 40 244 225)
4(39 243 244 40)
4(22 41 245 226)
4(40 244 245 41)
4(23 42 246 227)
4(41 245 246 42)
4(24 43 247 228)
4(42 246 247 43)
4(25 44 248 229)
4(43 247 248 44)
4(26 45 249 230)
4(44 248 249 45)
4(27 46 250 231)
4(45 249 250 46)
4(28 47 251 232)
4(46 250 251 47)
4(29 48 252 233)
4(47 251 252 48)
4(30 49 253 234)
4(48 252 253 49)
4(31 50 254 235)
4(49 253 254 50)
4(50 254 255 51)
4(34 53 257 238)
4(52 256 257 53)
4(35 54 258 239)
4(53 257 258 54)
4(36 55 259 240)
4(54 258 259 55)
4(37 56 260 241)
4(55 259 260 56)
4(38 57 261 242)
4(56 260 261 57)
4(39 58 262 243)
4(57 261 262 58)
4(40 59 263 244)
4(58 262 263 59)
4(41 60 264 245)
4(59 263 264 60)
4(42 61 265 246)
4(60 264 265 61)
4(43 62 266 247)
4(61 265 266 62)
4(44 63 267 248)
4(62 266 267 63)
4(45 64 268 249)
4(63 267 268 64)
4(46 65 269 250)
4(64 268 269 65)
4(47 66 270 251)
4(65 269 270 66)
4(48 67 271 252)
4(66 270 271 67)
4(49 68 272 253)
4(67 271 272 68)
4(50 69 273 254)
4(68 272 273 69)
4(69 273 274 70)
4(53 72 276 257)
4(71 275 276 72)
4(54 73 277 258)
4(72 276 277 73)
4(55 74 278 259)
4(73 277 278 74)
4(56 75 279 260)
4(74 278 279 75)
4(57 76 280 261)
4(75 279 280 76)
4(58 77 281 262)
4(76 280 281 77)
4(59 78 282 263)
4(77 281 282 78)
4(60 79 283 264)
4(78 282 283 79)
4(61 80 284 265)
4(79 283 284 80)
4(62 81 285 266)
4(80 284 285 81)
4(63 82 286 267)
4(81 285 286 82)
4(64 83 287 268)
4(82 286 287 83)
4(65 84 288 269)
4(83 287 288 84)
4(66 85 289 270)
4(84 288 289 85)
4(67 86 290 271)
4(85 289 290 86)
4(68 87 291 272)
4(86 290 291 87)
4(69 88 292 273)
4(87 291 292 88)
4(88 292 293 89)
4(72 91 295 276)
4(90 294 295 91)
4(73 92 296 277)
4(91 295 296 92)
4(74 93 297 278)
4(92 296 297 93)
4(75 94 298 279)
4(93 297 298 94)
4(76 95 299 280)
4(94 298 299 95)
4(77 96 300 281)
4(95 299 300 96)
4(78 97 301 282)
4(96 300 301 97)
4(79 98 302 283)
4(97 301 302 98)
4(80 99 303 284)
4(98 302 303 99)
4(81 100 304 285)
4(99 303 304 100)
4(82 101 305 286)
4(100 304 305 101)
4(83 102 306 287)
4(101 305 306 102)
4(84 103 307 288)
4(102 306 307 103)
4(85 104 308 289)
4(103 307 308 104)
4(86 105 309 290)
4(104 308 309 105)
4(87 106 310 291)
4(105 309 310 106)
4(88 107 311 292)
4(106 310 311 107)
4(107 311 312 108)
4(91 110 314 295)
4(109 313 314 110)
4(92 111 315 296)
4(110 314 315 111)
4(93 112 316 297)
4(111 315 316 112)
4(94 113 317 298)
4(112 316 317 113)
4(95 114 318 299)
4(113 317 318 114)
4(96 115 319 300)
4(114 318 319 115)
4(97 116 320 301)
4(115 319 320 116)
4(98 117 321 302)
4(116 320 321 117)
4(99 118 322 303)
4(117 321 322 118)
4(100 119 323 304)
4(118 322 323 119)
4(101 120 324 305)
4(119 323 324 120)
4(102 121 325 306)
4(120 324 325 121)
4(103 122 326 307)
4(121 325 326 122)
4(104 123 327 308)
4(122 326 327 123)
4(105 124 328 309)
4(123 327 328 124)
4(106 125 329 310)
4(124 328 329 125)
4(107 126 330 311)
4(125 329 330 126)
4(126 330 331 127)
4(110 129 333 314)
4(128 332 333 129)
4(111 130 334 315)
4(129 333 334 130)
4(112 131 335 316)
4(130 334 335 131)
4(113 132 336 317)
4(131 335 336 132)
4(114 133 337 318)
4(132 336 337 133)
4(115 134 338 319)
4(133 337 338 134)
4(116 135 339 320)
4(134 338 339 135)
4(117 136 340 321)
4(135 339 340 136)
4(118 137 341 322)
4(136 340 341 137)
4(119 138 342 323)
4(137 341 342 138)
4(120 139 343 324)
4(138 342 343 139)
4(121 140 344 325)
4(139 343 344 140)
4(122 141 345 326)
4(140 344 345 141)
4(123 142 346 327)
4(141 345 346 142)
4(124 143 347 328)
4(142 346 347 143)
4(125 144 348 329)
4(143 347 348 144)
4(126 145 349 330)
4(144 348 349 145)
4(145 349 350 146)
4(129 148 352 333)
4(147 351 352 148)
4(130 149 353 334)
4(148 352 353 149)
4(131 150 354 335)
4(149 353 354 150)
4(132 151 355 336)
4(150 354 355 151)
4(133 152 356 337)
4(151 355 356 152)
4(134 153 357 338)
4(152 356 357 153)
4(135 154 358 339)
4(153 357 358 154)
4(136 155 359 340)
4(154 358 359 155)
4(137 156 360 341)
4(155 359 360 156)
4(138 157 361 342)
4(156 360 361 157)
4(139 158 362 343)
4(157 361 362 158)
4(140 159 363 344)
4(158 362 363 159)
4(141 160 364 345)
4(159 363 364 160)
4(142 161 365 346)
4(160 364 365 161)
4(143 162 366 347)
4(161 365 366 162)
4(144 163 367 348)
4(162 366 367 163)
4(145 164 368 349)
4(163 367 368 164)
4(164 368 369 165)
4(148 167 371 352)
4(166 370 371 167)
4(149 168 372 353)
4(167 371 372 168)
4(150 169 373 354)
4(168 372 373 169)
4(151 170 374 355)
4(169 373 374 170)
4(152 171 375 356)
4(170 374 375 171)
4(153 172 376 357)
4(171 375 376 172)
4(154 173 377 358)
4(172 376 377 173)
4(155 174 378 359)
4(173 377 378 174)
4(156 175 379 360)
4(174 378 379 175)
4(157 176 380 361)
4(175 379 380 176)
4(158 177 381 362)
4(176 380 381 177)
4(159 178 382 363)
4(177 381 382 178)
4(160 179 383 364)
4(178 382 383 179)
4(161 180 384 365)
4(179 383 384 180)
4(162 181 385 366)
4(180 384 385 181)
4(163 182 386 367)
4(181 385 386 182)
4(164 183 387 368)
4(182 386 387 183)
4(183 387 388 184)
4(167 186 390 371)
4(168 187 391 372)
4(169 188 392 373)
4(170 189 393 374)
4(171 190 394 375)
4(172 191 395 376)
4(173 192 396 377)
4(174 193 397 378)
4(175 194 398 379)
4(176 195 399 380)
4(177 196 400 381)
4(178 197 401 382)
4(179 198 402 383)
4(180 199 403 384)
4(181 200 404 385)
4(182 201 405 386)
4(183 202 406 387)
4(218 219 238 237)
4(237 238 257 256)
4(256 257 276 275)
4(275 276 295 294)
4(294 295 314 313)
4(313 314 333 332)
4(332 333 352 351)
4(351 352 371 370)
4(370 371 390 389)
4(219 220 239 238)
4(238 239 258 257)
4(257 258 277 276)
4(276 277 296 295)
4(295 296 315 314)
4(314 315 334 333)
4(333 334 353 352)
4(352 353 372 371)
4(371 372 391 390)
4(220 221 240 239)
4(239 240 259 258)
4(258 259 278 277)
4(277 278 297 296)
4(296 297 316 315)
4(315 316 335 334)
4(334 335 354 353)
4(353 354 373 372)
4(372 373 392 391)
4(221 222 241 240)
4(240 241 260 259)
4(259 260 279 278)
4(278 279 298 297)
4(297 298 317 316)
4(316 317 336 335)
4(335 336 355 354)
4(354 355 374 373)
4(373 374 393 392)
4(222 223 242 241)
4(241 242 261 260)
4(260 261 280 279)
4(279 280 299 298)
4(298 299 318 317)
4(317 318 337 336)
4(336 337 356 355)
4(355 356 375 374)
4(374 375 394 393)
4(204 205 224 223)
4(223 224 243 242)
4(242 243 262 261)
4(261 262 281 280)
4(280 281 300 299)
4(299 300 319 318)
4(318 319 338 337)
4(337 338 357 356)
4(356 357 376 375)
4(375 376 395 394)
4(205 206 225 224)
4(224 225 244 243)
4(243 244 263 262)
4(262 263 282 281)
4(281 282 301 300)
4(300 301 320 319)
4(319 320 339 338)
4(338 339 358 357)
4(357 358 377 376)
4(376 377 396 395)
4(206 207 226 225)
4(225 226 245 244)
4(244 245 264 263)
4(263 264 283 282)
4(282 283 302 301)
4(301 302 321 320)
4(320 321 340 339)
4(339 340 359 358)
4(358 359 378 377)
4(377 378 397 396)
4(207 208 227 226)
4(226 227 246 245)
4(245 246 265 264)
4(264 265 284 283)
4(283 284 303 302)
4(302 303 322 321)
4(321 322 341 340)
4(340 341 360 359)
4(359 360 379 378)
4(378 379 398 397)
4(208 209 228 227)
4(227 228 247 246)
4(246 247 266 265)
4(265 266 285 284)
4(284 285 304 303)
4(303 304 323 322)
4(322 323 342 341)
4(341 342 361 360)
4(360 361 380 379)
4(379 380 399 398)
4(209 210 229 228)
4(228 229 248 247)
4(247 248 267 266)
4(266 267 286 285)
4(285 286 305 304)
4(304 305 324 323)
4(323 324 343 342)
4(342 343 362 361)
4(361 362 381 380)
4(380 381 400 399)
4(210 211 230 229)
4(229 230 249 248)
4(248 249 268 267)
4(267 268 287 286)
4(286 287 306 305)
4(305 306 325 324)
4(324 325 344 343)
4(343 344 363 362)
4(362 363 382 381)
4(381 382 401 400)
4(211 212 231 230)
4(230 231 250 249)
4(249 250 269 268)
4(268 269 288 287)
4(287 288 307 306)
4(306 307 326 325)
4(325 326 345 344)
4(344 345 364 363)
4(363 364 383 382)
4(382 383 402 401)
4(212 213 232 231)
4(231 232 251 250)
4(250 251 270 269)
4(269 270 289 288)
4(288 289 308 307)
4(307 308 327 326)
4(326 327 346 345)
4(345 346 365 364)
4(364 365 384 383)
4(383 384 403 402)
4(213 214 233 232)
4(232 233 252 251)
4(251 252 271 270)
4(270 271 290 289)
4(289 290 309 308)
4(308 309 328 327)
4(327 328 347 346)
4(346 347 366 365)
4(365 366 385 384)
4(384 385 404 403)
4(214 215 234 233)
4(233 234 253 252)
4(252 253 272 271)
4(271 272 291 290)
4(290 291 310 309)
4(309 310 329 328)
4(328 329 348 347)
4(347 348 367 366)
4(366 367 386 385)
4(385 386 405 404)
4(215 216 235 234)
4(234 235 254 253)
4(253 254 273 272)
4(272 273 292 291)
4(291 292 311 310)
4(310 311 330 329)
4(329 330 349 348)
4(348 349 368 367)
4(367 368 387 386)
4(386 387 406 405)
4(216 217 236 235)
4(235 236 255 254)
4(254 255 274 273)
4(273 274 293 292)
4(292 293 312 311)
4(311 312 331 330)
4(330 331 350 349)
4(349 350 369 368)
4(368 369 388 387)
4(387 388 407 406)
4(14 33 34 15)
4(33 52 53 34)
4(52 71 72 53)
4(71 90 91 72)
4(90 109 110 91)
4(109 128 129 110)
4(128 147 148 129)
4(147 166 167 148)
4(166 185 186 167)
4(15 34 35 16)
4(34 53 54 35)
4(53 72 73 54)
4(72 91 92 73)
4(91 110 111 92)
4(110 129 130 111)
4(129 148 149 130)
4(148 167 168 149)
4(167 186 187 168)
4(16 35 36 17)
4(35 54 55 36)
4(54 73 74 55)
4(73 92 93 74)
4(92 111 112 93)
4(111 130 131 112)
4(130 149 150 131)
4(149 168 169 150)
4(168 187 188 169)
4(17 36 37 18)
4(36 55 56 37)
4(55 74 75 56)
4(74 93 94 75)
4(93 112 113 94)
4(112 131 132 113)
4(131 150 151 132)
4(150 169 170 151)
4(169 188 189 170)
4(18 37 38 19)
4(37 56 57 38)
4(56 75 76 57)
4(75 94 95 76)
4(94 113 114 95)
4(113 132 133 114)
4(132 151 152 133)
4(151 170 171 152)
4(170 189 190 171)
4(0 19 20 1)
4(19 38 39 20)
4(38 57 58 39)
4(57 76 77 58)
4(76 95 96 77)
4(95 114 115 96)
4(114 133 134 115)
4(133 152 153 134)
4(152 171 172 153)
4(171 190 191 172)
4(1 20 21 2)
4(20 39 40 21)
4(39 58 59 40)
4(58 77 78 59)
4(77 96 97 78)
4(96 115 116 97)
4(115 134 135 116)
4(134 153 154 135)
4(153 172 173 154)
4(172 191 192 173)
4(2 21 22 3)
4(21 40 41 22)
4(40 59 60 41)
4(59 78 79 60)
4(78 97 98 79)
4(97 116 117 98)
4(116 135 136 117)
4(135 154 155 136)
4(154 173 174 155)
4(173 192 193 174)
4(3 22 23 4)
4(22 41 42 23)
4(41 60 61 42)
4(60 79 80 61)
4(79 98 99 80)
4(98 117 118 99)
4(117 136 137 118)
4(136 155 156 137)
4(155 174 175 156)
4(174 193 194 175)
4(4 23 24 5)
4(23 42 43 24)
4(42 61 62 43)
4(61 80 81 62)
4(80 99 100 81)
4(99 118 119 100)
4(118 137 138 119)
4(137 156 157 138)
4(156 175 176 157)
4(175 194 195 176)
4(5 24 25 6)
4(24 43 44 25)
4(43 62 63 44)
4(62 81 82 63)
4(81 100 101 82)
4(100 119 120 101)
4(119 138 139 120)
4(138 157 158 139)
4(157 176 177 158)
4(176 195 196 177)
4(6 25 26 7)
4(25 44 45 26)
4(44 63 64 45)
4(63 82 83 64)
4(82 101 102 83)
4(101 120 121 102)
4(120 139 140 121)
4(139 158 159 140)
4(158 177 178 159)
4(177 196 197 178)
4(7 26 27 8)
4(26 45 46 27)
4(45 64 65 46)
4(64 83 84 65)
4(83 102 103 84)
4(102 121 122 103)
4(121 140 141 122)
4(140 159 160 141)
4(159 178 179 160)
4(178 197 198 179)
4(8 27 28 9)
4(27 46 47 28)
4(46 65 66 47)
4(65 84 85 66)
4(84 103 104 85)
4(103 122 123 104)
4(122 141 142 123)
4(141 160 161 142)
4(160 179 180 161)
4(179 198 199 180)
4(9 28 29 10)
4(28 47 48 29)
4(47 66 67 48)
4(66 85 86 67)
4(85 104 105 86)
4(104 123 124 105)
4(123 142 143 124)
4(142 161 162 143)
4(161 180 181 162)
4(180 199 200 181)
4(10 29 30 11)
4(29 48 49 30)
4(48 67 68 49)
4(67 86 87 68)
4(86 105 106 87)
4(105 124 125 106)
4(124 143 144 125)
4(143 162 163 144)
4(162 181 182 163)
4(181 200 201 182)
4(11 30 31 12)
4(30 49 50 31)
4(49 68 69 50)
4(68 87 88 69)
4(87 106 107 88)
4(106 125 126 107)
4(125 144 145 126)
4(144 163 164 145)
4(163 182 183 164)
4(182 201 202 183)
4(12 31 32 13)
4(31 50 51 32)
4(50 69 70 51)
4(69 88 89 70)
4(88 107 108 89)
4(107 126 127 108)
4(126 145 146 127)
4(145 164 165 146)
4(164 183 184 165)
4(183 202 203 184)
4(185 389 390 186)
4(186 390 391 187)
4(187 391 392 188)
4(188 392 393 189)
4(189 393 394 190)
4(190 394 395 191)
4(191 395 396 192)
4(192 396 397 193)
4(193 397 398 194)
4(194 398 399 195)
4(195 399 400 196)
4(196 400 401 197)
4(197 401 402 198)
4(198 402 403 199)
4(199 403 404 200)
4(200 404 405 201)
4(201 405 406 202)
4(202 406 407 203)
4(13 32 236 217)
4(32 51 255 236)
4(51 70 274 255)
4(70 89 293 274)
4(89 108 312 293)
4(108 127 331 312)
4(127 146 350 331)
4(146 165 369 350)
4(165 184 388 369)
4(184 203 407 388)
4(14 218 237 33)
4(33 237 256 52)
4(52 256 275 71)
4(71 275 294 90)
4(90 294 313 109)
4(109 313 332 128)
4(128 332 351 147)
4(147 351 370 166)
4(166 370 389 185)
4(0 1 205 204)
4(1 2 206 205)
4(2 3 207 206)
4(3 4 208 207)
4(4 5 209 208)
4(5 6 210 209)
4(6 7 211 210)
4(7 8 212 211)
4(8 9 213 212)
4(9 10 214 213)
4(10 11 215 214)
4(11 12 216 215)
4(12 13 217 216)
4(14 15 219 218)
4(15 16 220 219)
4(16 17 221 220)
4(17 18 222 221)
4(0 204 223 19)
4(18 19 223 222)
)


// ************************************************************************* //
