/*--------------------------------*- C++ -*----------------------------------*\
  =========                 |
  \\      /  F ield         | OpenFOAM: The Open Source CFD Toolbox
   \\    /   O peration     | Website:  https://openfoam.org
    \\  /    A nd           | Version:  7
     \\/     M anipulation  |
\*---------------------------------------------------------------------------*/
FoamFile
{
    version     2.0;
    format      ascii;
    class       volScalarField;
    location    "44";
    object      p;
}
// * * * * * * * * * * * * * * * * * * * * * * * * * * * * * * * * * * * * * //

dimensions      [0 2 -2 0 0 0 0];

internalField   nonuniform List<scalar> 
8000
(
0.0170084
-0.0247948
-0.02705
-0.0626832
-0.0847838
-0.114238
-0.140502
-0.165823
-0.189253
-0.210436
-0.229271
-0.245674
-0.25961
-0.27108
-0.28011
-0.286748
-0.291057
-0.293131
-0.2931
-0.291038
-0.28713
-0.281553
-0.274497
-0.266173
-0.256803
-0.246616
-0.235845
-0.224718
-0.213457
-0.202266
-0.191334
-0.180825
-0.170875
-0.161596
-0.153068
-0.145343
-0.138448
-0.132384
-0.127135
-0.122665
-0.118928
-0.115868
-0.113425
-0.111537
-0.110141
-0.109176
-0.108585
-0.108314
-0.108316
-0.10855
-0.108974
-0.109551
-0.11025
-0.111047
-0.111919
-0.112846
-0.113816
-0.114816
-0.115837
-0.116875
-0.117925
-0.118983
-0.12005
-0.121128
-0.122216
-0.123319
-0.124437
-0.125571
-0.126726
-0.127901
-0.1291
-0.130323
-0.131572
-0.132846
-0.134145
-0.135469
-0.136816
-0.138184
-0.139569
-0.140969
-0.142378
-0.14379
-0.145198
-0.146593
-0.147964
-0.1493
-0.150584
-0.1518
-0.152928
-0.153942
-0.154822
-0.155526
-0.156066
-0.156316
-0.156574
-0.156073
-0.157275
-0.155204
-0.162726
-0.15911
0.0138161
-0.0216776
-0.0238817
-0.0581243
-0.0803345
-0.11006
-0.136665
-0.162383
-0.186151
-0.207635
-0.226733
-0.243362
-0.257492
-0.269134
-0.278317
-0.285095
-0.289538
-0.291738
-0.291809
-0.289868
-0.286083
-0.280626
-0.273692
-0.265489
-0.256239
-0.24617
-0.235514
-0.224497
-0.21334
-0.202246
-0.191402
-0.180971
-0.171089
-0.161867
-0.153385
-0.145694
-0.138822
-0.132772
-0.127525
-0.12305
-0.119299
-0.11622
-0.113752
-0.111835
-0.110407
-0.109409
-0.108785
-0.108482
-0.108452
-0.108652
-0.109044
-0.10959
-0.110264
-0.111037
-0.111888
-0.112799
-0.113755
-0.114745
-0.115758
-0.116788
-0.117832
-0.118888
-0.119957
-0.121037
-0.122127
-0.123228
-0.124344
-0.125479
-0.126632
-0.127806
-0.129003
-0.130225
-0.131471
-0.132742
-0.134038
-0.135359
-0.136703
-0.138067
-0.13945
-0.140846
-0.142251
-0.14366
-0.145065
-0.146456
-0.147824
-0.149156
-0.150437
-0.151647
-0.152768
-0.153772
-0.154637
-0.155315
-0.155821
-0.156012
-0.156208
-0.155585
-0.156516
-0.154307
-0.160055
-0.157516
0.0109815
-0.0187308
-0.0206941
-0.0535127
-0.0759479
-0.105907
-0.132922
-0.159037
-0.183151
-0.204941
-0.2243
-0.241151
-0.255475
-0.267284
-0.276618
-0.283532
-0.288102
-0.290421
-0.290607
-0.288784
-0.285113
-0.279771
-0.272951
-0.264862
-0.255724
-0.245766
-0.235217
-0.224303
-0.213242
-0.202239
-0.191477
-0.181119
-0.171301
-0.162132
-0.153692
-0.146033
-0.139182
-0.133143
-0.127898
-0.123416
-0.119652
-0.116553
-0.114061
-0.112115
-0.110656
-0.109625
-0.108968
-0.108632
-0.10857
-0.10874
-0.109103
-0.109626
-0.110278
-0.111033
-0.11187
-0.11277
-0.113717
-0.114699
-0.115706
-0.116739
-0.117789
-0.118839
-0.119899
-0.120969
-0.122053
-0.123155
-0.124272
-0.125403
-0.126554
-0.127726
-0.12892
-0.130137
-0.13138
-0.132647
-0.133939
-0.135255
-0.136593
-0.137952
-0.139329
-0.140719
-0.142118
-0.143521
-0.144919
-0.146304
-0.147665
-0.14899
-0.150263
-0.151465
-0.152577
-0.15357
-0.154422
-0.15508
-0.155563
-0.155702
-0.155835
-0.155099
-0.155757
-0.153463
-0.157711
-0.155803
0.00873541
-0.0159285
-0.0175348
-0.049037
-0.0717135
-0.101925
-0.129368
-0.155879
-0.180338
-0.202423
-0.222033
-0.239096
-0.253601
-0.265568
-0.275041
-0.282082
-0.286769
-0.2892
-0.289495
-0.287779
-0.284215
-0.27898
-0.272266
-0.264284
-0.255251
-0.245396
-0.234947
-0.224129
-0.213159
-0.202239
-0.191554
-0.181263
-0.171504
-0.162383
-0.153981
-0.146351
-0.13952
-0.13349
-0.128247
-0.123759
-0.119983
-0.116865
-0.11435
-0.112378
-0.11089
-0.109828
-0.10914
-0.108773
-0.108682
-0.108824
-0.109161
-0.109661
-0.110292
-0.111028
-0.111849
-0.112734
-0.113669
-0.114641
-0.115643
-0.116656
-0.117685
-0.118741
-0.119809
-0.12089
-0.12198
-0.123074
-0.124182
-0.125315
-0.126466
-0.127635
-0.128827
-0.130043
-0.131282
-0.132546
-0.133835
-0.135147
-0.136481
-0.137835
-0.139207
-0.140593
-0.141987
-0.143384
-0.144776
-0.146155
-0.14751
-0.148828
-0.150093
-0.151287
-0.152389
-0.153368
-0.154204
-0.154837
-0.155291
-0.155377
-0.155436
-0.154594
-0.154974
-0.152641
-0.155673
-0.154002
0.00714656
-0.0132689
-0.0144487
-0.0448123
-0.0677191
-0.0981995
-0.126064
-0.152958
-0.17775
-0.200115
-0.219959
-0.237219
-0.251891
-0.264004
-0.273607
-0.280766
-0.285563
-0.2881
-0.288496
-0.286881
-0.283418
-0.278284
-0.271671
-0.263788
-0.254854
-0.245095
-0.234739
-0.224009
-0.213122
-0.202278
-0.19166
-0.18143
-0.171721
-0.162642
-0.154273
-0.146667
-0.139849
-0.133826
-0.128582
-0.124086
-0.120295
-0.117158
-0.11462
-0.112622
-0.111106
-0.110016
-0.109298
-0.108903
-0.108784
-0.108899
-0.109212
-0.109689
-0.1103
-0.111019
-0.111825
-0.112698
-0.113624
-0.114589
-0.11558
-0.116601
-0.117638
-0.118685
-0.119741
-0.120807
-0.121889
-0.122995
-0.124117
-0.125239
-0.126383
-0.127551
-0.128739
-0.129951
-0.131186
-0.132446
-0.13373
-0.135037
-0.136367
-0.137716
-0.139083
-0.140463
-0.141852
-0.143244
-0.144631
-0.146004
-0.147353
-0.148665
-0.149925
-0.151111
-0.152205
-0.153173
-0.153995
-0.154606
-0.155032
-0.155067
-0.155056
-0.154121
-0.154239
-0.151873
-0.153925
-0.152254
0.00615288
-0.0107872
-0.0115241
-0.0409615
-0.0640823
-0.0948283
-0.12309
-0.15034
-0.175437
-0.198057
-0.218113
-0.235551
-0.250374
-0.262619
-0.27234
-0.279607
-0.284506
-0.287141
-0.28763
-0.286109
-0.282741
-0.2777
-0.27118
-0.263389
-0.254546
-0.244875
-0.234602
-0.223951
-0.213137
-0.20236
-0.191802
-0.181623
-0.171957
-0.162912
-0.154569
-0.146979
-0.140171
-0.13415
-0.1289
-0.124393
-0.120587
-0.11743
-0.114869
-0.112846
-0.111303
-0.110185
-0.10944
-0.109017
-0.108872
-0.108963
-0.109253
-0.109709
-0.110302
-0.111005
-0.111796
-0.112657
-0.113571
-0.114526
-0.115514
-0.116524
-0.117552
-0.118597
-0.119656
-0.120728
-0.121811
-0.1229
-0.124002
-0.125139
-0.126286
-0.127446
-0.128634
-0.129845
-0.131078
-0.132335
-0.133616
-0.13492
-0.136246
-0.137591
-0.138954
-0.14033
-0.141714
-0.143102
-0.144484
-0.145853
-0.147198
-0.148505
-0.14976
-0.150941
-0.152029
-0.152989
-0.153802
-0.154396
-0.1548
-0.154796
-0.154725
-0.153717
-0.153602
-0.151204
-0.152474
-0.150605
0.00573247
-0.00856678
-0.0088854
-0.0376248
-0.0609328
-0.09192
-0.120532
-0.148092
-0.173455
-0.196295
-0.216533
-0.234124
-0.249079
-0.261438
-0.271263
-0.278626
-0.283617
-0.28634
-0.286915
-0.28548
-0.282197
-0.277242
-0.270808
-0.2631
-0.254338
-0.244745
-0.234547
-0.223965
-0.213214
-0.202494
-0.191985
-0.181847
-0.172215
-0.163196
-0.15487
-0.14729
-0.140485
-0.134461
-0.129202
-0.124682
-0.120857
-0.11768
-0.115095
-0.113046
-0.111478
-0.110334
-0.109563
-0.109115
-0.108947
-0.109014
-0.109284
-0.109721
-0.110297
-0.110986
-0.111765
-0.112617
-0.113526
-0.114478
-0.115459
-0.116465
-0.117491
-0.118533
-0.119587
-0.120653
-0.121733
-0.12283
-0.123942
-0.125063
-0.126207
-0.127377
-0.128556
-0.12976
-0.130987
-0.132239
-0.133515
-0.134813
-0.136134
-0.137474
-0.138832
-0.140202
-0.141582
-0.142964
-0.144342
-0.145707
-0.147047
-0.148351
-0.149602
-0.15078
-0.151864
-0.15282
-0.153628
-0.154212
-0.154605
-0.154576
-0.154461
-0.153403
-0.153097
-0.150667
-0.151327
-0.149108
0.00577944
-0.00672305
-0.00667741
-0.034941
-0.0583956
-0.0895784
-0.118472
-0.14628
-0.171855
-0.194871
-0.215255
-0.232968
-0.248029
-0.260484
-0.270395
-0.27784
-0.28291
-0.285714
-0.286365
-0.285006
-0.281801
-0.276923
-0.270564
-0.262931
-0.25424
-0.244715
-0.234581
-0.224058
-0.213359
-0.202684
-0.192213
-0.182107
-0.172498
-0.163494
-0.155177
-0.1476
-0.140792
-0.134758
-0.129486
-0.124948
-0.121104
-0.117904
-0.115295
-0.113222
-0.111629
-0.11046
-0.109665
-0.109195
-0.109005
-0.109053
-0.109303
-0.109723
-0.110283
-0.110958
-0.111724
-0.112564
-0.113459
-0.114397
-0.115376
-0.116379
-0.117401
-0.118439
-0.119492
-0.120557
-0.121634
-0.122722
-0.123825
-0.124948
-0.126085
-0.127239
-0.128424
-0.129628
-0.130855
-0.132106
-0.133379
-0.134676
-0.135994
-0.137331
-0.138686
-0.140054
-0.141431
-0.142811
-0.144187
-0.14555
-0.14689
-0.148194
-0.149445
-0.150624
-0.151711
-0.152668
-0.15348
-0.154064
-0.154457
-0.154418
-0.154283
-0.153198
-0.152758
-0.150298
-0.1505
-0.147843
0.0068294
-0.00537396
-0.00505795
-0.0330319
-0.0565766
-0.0878864
-0.116973
-0.144951
-0.170675
-0.193816
-0.214306
-0.232111
-0.247254
-0.259783
-0.269765
-0.277278
-0.282416
-0.285281
-0.285994
-0.284702
-0.281563
-0.276749
-0.270454
-0.262882
-0.25425
-0.244781
-0.234697
-0.224219
-0.21356
-0.202919
-0.192475
-0.182389
-0.172794
-0.163798
-0.155482
-0.147901
-0.141083
-0.135037
-0.129748
-0.125191
-0.121325
-0.118103
-0.115471
-0.113374
-0.111757
-0.110565
-0.109748
-0.109256
-0.109046
-0.109075
-0.10931
-0.109717
-0.110266
-0.110932
-0.111693
-0.112528
-0.113423
-0.114366
-0.115336
-0.116333
-0.117352
-0.118388
-0.119438
-0.120501
-0.121577
-0.122668
-0.123774
-0.124894
-0.126034
-0.127195
-0.128372
-0.129571
-0.130792
-0.132037
-0.133305
-0.134596
-0.135909
-0.137241
-0.138591
-0.139954
-0.141327
-0.142702
-0.144075
-0.145434
-0.146771
-0.148072
-0.149323
-0.150502
-0.15159
-0.15255
-0.153367
-0.153956
-0.154357
-0.154325
-0.154208
-0.153126
-0.152628
-0.15014
-0.150053
-0.146898
0.00786576
-0.00465557
-0.0041912
-0.0320157
-0.0555817
-0.0869232
-0.116085
-0.144127
-0.169914
-0.193109
-0.21365
-0.231506
-0.246699
-0.25928
-0.269317
-0.276887
-0.282086
-0.285027
-0.285807
-0.28458
-0.281511
-0.276768
-0.270541
-0.263035
-0.254464
-0.24505
-0.235014
-0.224577
-0.21395
-0.203332
-0.192903
-0.182821
-0.173223
-0.164217
-0.155885
-0.148281
-0.141436
-0.13536
-0.13004
-0.125449
-0.12155
-0.118295
-0.115632
-0.113505
-0.11186
-0.110643
-0.109802
-0.10929
-0.109062
-0.109077
-0.109294
-0.109684
-0.110218
-0.110869
-0.111616
-0.112439
-0.113321
-0.114249
-0.115219
-0.116214
-0.117229
-0.118261
-0.119307
-0.120367
-0.121438
-0.122523
-0.123622
-0.124738
-0.12587
-0.127021
-0.128193
-0.129389
-0.130607
-0.131849
-0.133113
-0.134401
-0.13571
-0.137039
-0.138385
-0.139746
-0.141116
-0.14249
-0.143862
-0.145222
-0.146561
-0.147867
-0.149124
-0.150312
-0.151412
-0.152388
-0.153225
-0.153838
-0.15427
-0.154255
-0.154157
-0.153081
-0.152573
-0.150028
-0.149754
-0.14604
-0.0042528
0.00145233
0.00353179
0.00589817
0.00685979
0.00697047
0.00588406
0.00355923
-0.000245547
-0.00574464
-0.0133659
-0.0234709
-0.0368883
-0.0542286
-0.0774178
-0.107819
-0.151334
-0.208571
-0.294023
-0.396377
-0.00997089
-0.00449587
-0.00256249
-0.000435058
0.000308759
0.000187892
-0.00112884
-0.0036897
-0.00772831
-0.0134608
-0.02129
-0.0316481
-0.0452632
-0.0629401
-0.0866703
-0.118324
-0.164101
-0.223145
-0.288861
-0.337228
-0.0154461
-0.0101508
-0.00837087
-0.00647855
-0.00600012
-0.00641997
-0.00808296
-0.0110434
-0.0155484
-0.0218342
-0.0303154
-0.0414744
-0.056104
-0.0751659
-0.100706
-0.134218
-0.18006
-0.234279
-0.278148
-0.329249
-0.0207307
-0.0156256
-0.0140073
-0.0123441
-0.0121312
-0.0128576
-0.0148813
-0.0182612
-0.0232562
-0.0301201
-0.0392775
-0.0512422
-0.0668443
-0.0870697
-0.113813
-0.148052
-0.191497
-0.23946
-0.269096
-0.311462
-0.0258543
-0.020963
-0.0195165
-0.018077
-0.018113
-0.0191226
-0.0214705
-0.0252169
-0.0306253
-0.0379558
-0.0476294
-0.0601689
-0.0763865
-0.0971788
-0.124141
-0.157898
-0.197412
-0.236634
-0.26021
-0.290356
-0.0308163
-0.0261556
-0.0248879
-0.0236682
-0.0239387
-0.0252082
-0.0278435
-0.0319046
-0.0376548
-0.045354
-0.0554126
-0.0683483
-0.0849317
-0.105896
-0.132367
-0.164715
-0.199839
-0.228493
-0.250948
-0.266028
-0.0356068
-0.0311892
-0.0301029
-0.0290991
-0.0295938
-0.0311059
-0.0340027
-0.0383424
-0.0443848
-0.0523823
-0.0627227
-0.075889
-0.0925789
-0.113335
-0.138717
-0.168845
-0.19999
-0.218776
-0.241046
-0.244429
-0.0402184
-0.0360589
-0.0351525
-0.034361
-0.03507
-0.0368105
-0.0399474
-0.0445362
-0.05083
-0.0590708
-0.0696229
-0.0829311
-0.0996159
-0.120023
-0.144028
-0.171184
-0.198077
-0.210182
-0.230248
-0.225879
-0.0446445
-0.0407723
-0.040035
-0.0394545
-0.0403643
-0.0423187
-0.045673
-0.0504813
-0.056984
-0.0654035
-0.0760573
-0.0892979
-0.105578
-0.125011
-0.146923
-0.170502
-0.193489
-0.203352
-0.218827
-0.210544
-0.0488765
-0.0453402
-0.0447459
-0.0443832
-0.0454802
-0.0476396
-0.0511947
-0.0562013
-0.0628822
-0.0714407
-0.0821633
-0.095364
-0.111425
-0.130348
-0.15097
-0.171866
-0.191561
-0.201652
-0.21415
-0.196663
0.0619535
0.0708741
0.0752173
0.0805498
0.0848067
0.0886552
0.0918195
0.0942488
0.0957721
0.0962346
0.0953758
0.093008
0.0886315
0.0820836
0.0721382
0.0590009
0.0401023
0.0191009
-0.0084277
-0.0213599
0.0538924
0.0626966
0.066372
0.0712265
0.0747136
0.0776679
0.0797423
0.0808857
0.0808885
0.0795632
0.0765864
0.0717404
0.064479
0.0546676
0.0409233
0.0237492
0.000163542
-0.0241989
-0.0543997
-0.0506078
0.0465082
0.0550372
0.0583455
0.0628473
0.0658756
0.0683332
0.0698287
0.0703387
0.0696474
0.0675832
0.06382
0.0581545
0.0499226
0.0390407
0.0238694
0.00529669
-0.0205726
-0.0461236
-0.0803953
-0.0726318
0.0397831
0.0479435
0.0510843
0.0553107
0.0580338
0.06017
0.0612862
0.0613789
0.0602148
0.0576199
0.053232
0.0468342
0.0376239
0.0255592
0.00867177
-0.0117345
-0.0406594
-0.0682459
-0.107093
-0.0979703
0.0332918
0.0410743
0.044073
0.0480301
0.0504588
0.052269
0.0529899
0.0526251
0.050914
0.0476671
0.0424704
0.035097
0.0246259
0.0110708
-0.00788205
-0.0304816
-0.0628335
-0.0927057
-0.134871
-0.123826
0.0268231
0.0342424
0.0370714
0.0407429
0.0428616
0.044318
0.0446153
0.0437608
0.0414706
0.0375448
0.0315278
0.023202
0.0115489
-0.00335347
-0.0241421
-0.048624
-0.0839334
-0.115761
-0.160723
-0.148755
0.0203807
0.027449
0.0300967
0.0334795
0.0352967
0.0364068
0.0363051
0.035001
0.0321977
0.0276934
0.0210051
0.0119322
-0.000624509
-0.0165626
-0.038801
-0.0649536
-0.10305
-0.137851
-0.18606
-0.173695
0.014026
0.0207503
0.0232272
0.0263343
0.02788
0.0286774
0.0282322
0.0265519
0.0233367
0.0183835
0.0111892
0.00156514
-0.0116488
-0.0283996
-0.0517048
-0.0792221
-0.119129
-0.156259
-0.207647
-0.198526
0.0077988
0.0141822
0.0165072
0.0193545
0.0206634
0.0211852
0.0204529
0.0184657
0.0149299
0.00963853
0.00208294
-0.0079236
-0.0215413
-0.0389046
-0.0628865
-0.0920895
-0.134108
-0.177507
-0.233215
-0.233957
0.00170363
0.00774765
0.00994474
0.0125483
0.0136611
0.0139475
0.0129903
0.010771
0.00701365
0.00150298
-0.00626152
-0.0164805
-0.0303344
-0.0481429
-0.0721494
-0.101786
-0.142538
-0.185377
-0.239945
-0.227537
0.310684
0.309911
0.311218
0.310182
0.312224
0.31094
0.314276
0.31271
0.318307
0.316533
0.326266
0.324558
0.342268
0.341316
0.375669
0.377082
0.450158
0.459726
0.624368
0.685665
0.310682
0.309912
0.311215
0.310191
0.312222
0.310961
0.314283
0.312764
0.318341
0.316666
0.326376
0.324877
0.342569
0.342089
0.376441
0.379003
0.452174
0.464125
0.629949
0.678436
0.310679
0.30991
0.311209
0.310192
0.312215
0.310968
0.314277
0.312786
0.318342
0.316725
0.326398
0.325023
0.342647
0.342443
0.37664
0.379824
0.452572
0.465251
0.630239
0.665977
0.310675
0.309905
0.311201
0.310194
0.312203
0.310976
0.314262
0.312808
0.318329
0.316785
0.326402
0.325177
0.342701
0.34282
0.376795
0.380656
0.452765
0.465803
0.629324
0.647044
0.310671
0.309899
0.31119
0.310193
0.312187
0.310978
0.314239
0.312819
0.318298
0.316821
0.326365
0.325277
0.34266
0.343061
0.376705
0.381094
0.45219
0.464884
0.625672
0.621919
0.310665
0.30989
0.311176
0.31019
0.312165
0.310976
0.314207
0.312822
0.31825
0.31684
0.326293
0.325337
0.342544
0.343204
0.376429
0.381238
0.451002
0.462769
0.619576
0.590628
0.310659
0.309878
0.31116
0.310185
0.312139
0.310969
0.314165
0.312816
0.318183
0.316839
0.326185
0.325353
0.342348
0.343237
0.375949
0.381055
0.449149
0.459448
0.610835
0.552943
0.310652
0.309864
0.311142
0.31018
0.31211
0.310959
0.314115
0.312801
0.318099
0.316818
0.326038
0.325322
0.342068
0.343155
0.375263
0.38054
0.446631
0.454983
0.599181
0.508443
0.310644
0.309846
0.311123
0.310169
0.312077
0.310943
0.31406
0.312774
0.318003
0.316773
0.325863
0.32524
0.341715
0.342948
0.374372
0.379664
0.443447
0.449384
0.58451
0.456731
0.310635
0.309829
0.311095
0.310157
0.312031
0.310924
0.313984
0.312746
0.317875
0.316729
0.325648
0.325159
0.34131
0.342741
0.373404
0.378747
0.439927
0.443396
0.567625
0.396664
0.310635
0.309829
0.311095
0.310157
0.312031
0.310924
0.313984
0.312746
0.317875
0.316729
0.325648
0.325159
0.34131
0.342741
0.373404
0.378747
0.439927
0.443396
0.567625
0.396664
0.310644
0.309846
0.311123
0.310169
0.312077
0.310943
0.31406
0.312774
0.318003
0.316773
0.325863
0.32524
0.341715
0.342948
0.374372
0.379664
0.443447
0.449384
0.58451
0.456731
0.310652
0.309864
0.311142
0.31018
0.31211
0.310959
0.314115
0.312801
0.318099
0.316818
0.326038
0.325322
0.342068
0.343155
0.375263
0.38054
0.446631
0.454983
0.599181
0.508443
0.310659
0.309878
0.31116
0.310185
0.312139
0.310969
0.314165
0.312816
0.318183
0.316839
0.326185
0.325353
0.342348
0.343237
0.375949
0.381055
0.449149
0.459448
0.610835
0.552943
0.310665
0.30989
0.311176
0.31019
0.312165
0.310976
0.314207
0.312822
0.31825
0.31684
0.326293
0.325337
0.342544
0.343204
0.376429
0.381238
0.451002
0.462769
0.619576
0.590628
0.310671
0.309899
0.31119
0.310193
0.312187
0.310978
0.314239
0.312819
0.318298
0.316821
0.326365
0.325277
0.34266
0.343061
0.376705
0.381094
0.45219
0.464884
0.625672
0.621919
0.310675
0.309905
0.311201
0.310194
0.312203
0.310976
0.314262
0.312808
0.318329
0.316785
0.326402
0.325177
0.342701
0.34282
0.376795
0.380656
0.452765
0.465803
0.629324
0.647044
0.310679
0.30991
0.311209
0.310192
0.312215
0.310968
0.314277
0.312786
0.318342
0.316725
0.326398
0.325023
0.342647
0.342443
0.37664
0.379824
0.452572
0.465251
0.630239
0.665977
0.310682
0.309912
0.311215
0.310191
0.312222
0.310961
0.314283
0.312764
0.318341
0.316666
0.326376
0.324877
0.342569
0.342089
0.376441
0.379003
0.452174
0.464125
0.629949
0.678436
0.310684
0.309911
0.311218
0.310182
0.312224
0.31094
0.314276
0.31271
0.318307
0.316533
0.326266
0.324558
0.342268
0.341316
0.375669
0.377082
0.450158
0.459726
0.624368
0.685665
0.00170363
0.00774765
0.00994474
0.0125483
0.0136611
0.0139475
0.0129902
0.010771
0.00701365
0.00150298
-0.00626152
-0.0164805
-0.0303344
-0.0481429
-0.0721494
-0.101786
-0.142538
-0.185377
-0.239945
-0.227537
0.0077988
0.0141822
0.0165072
0.0193545
0.0206634
0.0211852
0.0204529
0.0184657
0.0149299
0.00963853
0.00208294
-0.0079236
-0.0215413
-0.0389046
-0.0628865
-0.0920895
-0.134108
-0.177507
-0.233215
-0.233957
0.014026
0.0207503
0.0232272
0.0263343
0.02788
0.0286774
0.0282322
0.0265519
0.0233367
0.0183835
0.0111892
0.00156514
-0.0116488
-0.0283996
-0.0517048
-0.0792221
-0.119129
-0.156259
-0.207647
-0.198526
0.0203807
0.027449
0.0300967
0.0334795
0.0352967
0.0364068
0.0363051
0.035001
0.0321977
0.0276934
0.0210051
0.0119322
-0.000624509
-0.0165626
-0.038801
-0.0649536
-0.10305
-0.137851
-0.18606
-0.173695
0.0268231
0.0342424
0.0370714
0.0407429
0.0428616
0.044318
0.0446153
0.0437608
0.0414706
0.0375448
0.0315278
0.023202
0.0115489
-0.00335347
-0.0241421
-0.048624
-0.0839334
-0.115761
-0.160723
-0.148755
0.0332918
0.0410743
0.044073
0.0480301
0.0504588
0.052269
0.0529899
0.0526251
0.050914
0.0476671
0.0424704
0.035097
0.0246259
0.0110708
-0.00788205
-0.0304816
-0.0628335
-0.0927057
-0.134871
-0.123826
0.0397831
0.0479435
0.0510843
0.0553107
0.0580338
0.06017
0.0612862
0.0613789
0.0602148
0.0576199
0.053232
0.0468342
0.0376239
0.0255592
0.00867177
-0.0117345
-0.0406594
-0.0682459
-0.107093
-0.0979703
0.0465082
0.0550372
0.0583455
0.0628473
0.0658756
0.0683332
0.0698287
0.0703387
0.0696474
0.0675832
0.06382
0.0581545
0.0499226
0.0390407
0.0238694
0.00529669
-0.0205726
-0.0461236
-0.0803953
-0.0726318
0.0538924
0.0626966
0.066372
0.0712265
0.0747136
0.0776679
0.0797423
0.0808857
0.0808885
0.0795632
0.0765864
0.0717404
0.064479
0.0546676
0.0409233
0.0237492
0.000163542
-0.0241989
-0.0543997
-0.0506078
0.0619535
0.0708741
0.0752173
0.0805498
0.0848067
0.0886552
0.0918195
0.0942488
0.0957721
0.0962346
0.0953758
0.093008
0.0886315
0.0820836
0.0721382
0.0590009
0.0401023
0.0191009
-0.0084277
-0.0213599
-0.0488765
-0.0453402
-0.0447459
-0.0443832
-0.0454802
-0.0476396
-0.0511947
-0.0562013
-0.0628822
-0.0714407
-0.0821633
-0.095364
-0.111425
-0.130348
-0.15097
-0.171866
-0.191561
-0.201652
-0.21415
-0.196663
-0.0446445
-0.0407723
-0.040035
-0.0394545
-0.0403643
-0.0423187
-0.045673
-0.0504813
-0.056984
-0.0654035
-0.0760573
-0.0892979
-0.105578
-0.125011
-0.146923
-0.170502
-0.193489
-0.203352
-0.218827
-0.210544
-0.0402184
-0.0360589
-0.0351525
-0.034361
-0.03507
-0.0368105
-0.0399474
-0.0445362
-0.05083
-0.0590708
-0.0696229
-0.0829311
-0.0996159
-0.120023
-0.144028
-0.171184
-0.198077
-0.210182
-0.230248
-0.225879
-0.0356068
-0.0311892
-0.0301029
-0.0290992
-0.0295938
-0.0311059
-0.0340027
-0.0383424
-0.0443848
-0.0523823
-0.0627227
-0.075889
-0.0925789
-0.113335
-0.138717
-0.168845
-0.19999
-0.218776
-0.241046
-0.244429
-0.0308163
-0.0261556
-0.0248879
-0.0236682
-0.0239387
-0.0252082
-0.0278435
-0.0319046
-0.0376548
-0.045354
-0.0554126
-0.0683483
-0.0849317
-0.105896
-0.132367
-0.164715
-0.199839
-0.228493
-0.250948
-0.266028
-0.0258543
-0.020963
-0.0195165
-0.018077
-0.018113
-0.0191226
-0.0214705
-0.0252169
-0.0306253
-0.0379558
-0.0476294
-0.0601689
-0.0763865
-0.0971788
-0.124141
-0.157898
-0.197412
-0.236634
-0.26021
-0.290356
-0.0207307
-0.0156256
-0.0140073
-0.0123441
-0.0121312
-0.0128576
-0.0148813
-0.0182612
-0.0232562
-0.0301201
-0.0392775
-0.0512422
-0.0668443
-0.0870697
-0.113813
-0.148052
-0.191497
-0.23946
-0.269096
-0.311462
-0.0154461
-0.0101508
-0.00837087
-0.00647855
-0.00600012
-0.00641997
-0.00808296
-0.0110434
-0.0155484
-0.0218342
-0.0303154
-0.0414744
-0.056104
-0.0751659
-0.100706
-0.134218
-0.18006
-0.234279
-0.278148
-0.329249
-0.00997089
-0.00449587
-0.00256249
-0.00043506
0.000308757
0.00018789
-0.00112884
-0.0036897
-0.00772831
-0.0134608
-0.02129
-0.0316481
-0.0452632
-0.0629401
-0.0866703
-0.118324
-0.164101
-0.223145
-0.288861
-0.337228
-0.0042528
0.00145233
0.00353179
0.00589817
0.00685979
0.00697047
0.00588406
0.00355923
-0.000245549
-0.00574464
-0.0133659
-0.0234709
-0.0368883
-0.0542286
-0.0774178
-0.107819
-0.151334
-0.208571
-0.294023
-0.396377
0.00786576
-0.00465557
-0.0041912
-0.0320157
-0.0555817
-0.0869232
-0.116085
-0.144127
-0.169914
-0.193109
-0.21365
-0.231506
-0.246699
-0.25928
-0.269317
-0.276887
-0.282086
-0.285027
-0.285807
-0.28458
-0.281511
-0.276768
-0.270541
-0.263035
-0.254464
-0.24505
-0.235014
-0.224577
-0.21395
-0.203332
-0.192903
-0.182821
-0.173223
-0.164217
-0.155885
-0.148281
-0.141436
-0.13536
-0.13004
-0.125449
-0.12155
-0.118295
-0.115632
-0.113505
-0.11186
-0.110643
-0.109802
-0.10929
-0.109062
-0.109077
-0.109294
-0.109684
-0.110218
-0.110869
-0.111616
-0.112439
-0.113321
-0.114249
-0.115219
-0.116214
-0.117229
-0.118261
-0.119307
-0.120367
-0.121438
-0.122523
-0.123622
-0.124738
-0.12587
-0.127021
-0.128193
-0.129389
-0.130607
-0.131849
-0.133113
-0.134401
-0.13571
-0.137039
-0.138385
-0.139746
-0.141116
-0.14249
-0.143862
-0.145222
-0.146561
-0.147867
-0.149124
-0.150312
-0.151412
-0.152388
-0.153225
-0.153838
-0.15427
-0.154255
-0.154157
-0.153081
-0.152573
-0.150028
-0.149754
-0.14604
0.0068294
-0.00537396
-0.00505795
-0.0330319
-0.0565766
-0.0878864
-0.116973
-0.144951
-0.170675
-0.193816
-0.214306
-0.232111
-0.247254
-0.259783
-0.269765
-0.277278
-0.282416
-0.285281
-0.285994
-0.284702
-0.281563
-0.276749
-0.270454
-0.262882
-0.25425
-0.24478
-0.234697
-0.224219
-0.21356
-0.202919
-0.192475
-0.182389
-0.172794
-0.163798
-0.155482
-0.147901
-0.141083
-0.135037
-0.129748
-0.125191
-0.121325
-0.118103
-0.115471
-0.113374
-0.111757
-0.110565
-0.109748
-0.109256
-0.109046
-0.109075
-0.10931
-0.109717
-0.110266
-0.110932
-0.111693
-0.112528
-0.113423
-0.114366
-0.115336
-0.116333
-0.117352
-0.118388
-0.119438
-0.120501
-0.121577
-0.122668
-0.123774
-0.124894
-0.126034
-0.127195
-0.128372
-0.129571
-0.130792
-0.132037
-0.133305
-0.134596
-0.135909
-0.137241
-0.138591
-0.139954
-0.141327
-0.142702
-0.144075
-0.145434
-0.146771
-0.148072
-0.149323
-0.150502
-0.15159
-0.15255
-0.153367
-0.153956
-0.154357
-0.154325
-0.154208
-0.153126
-0.152628
-0.15014
-0.150053
-0.146898
0.00577944
-0.00672305
-0.00667741
-0.034941
-0.0583956
-0.0895784
-0.118472
-0.14628
-0.171855
-0.194871
-0.215255
-0.232968
-0.248029
-0.260484
-0.270395
-0.27784
-0.28291
-0.285714
-0.286365
-0.285006
-0.281801
-0.276923
-0.270564
-0.262931
-0.25424
-0.244715
-0.234581
-0.224058
-0.213359
-0.202684
-0.192213
-0.182107
-0.172498
-0.163494
-0.155177
-0.1476
-0.140792
-0.134758
-0.129486
-0.124948
-0.121104
-0.117904
-0.115295
-0.113222
-0.111629
-0.11046
-0.109665
-0.109195
-0.109005
-0.109053
-0.109303
-0.109723
-0.110283
-0.110958
-0.111724
-0.112564
-0.113459
-0.114397
-0.115376
-0.116379
-0.117401
-0.118439
-0.119492
-0.120557
-0.121634
-0.122722
-0.123825
-0.124948
-0.126085
-0.127239
-0.128424
-0.129628
-0.130855
-0.132106
-0.133379
-0.134676
-0.135994
-0.137331
-0.138686
-0.140054
-0.141431
-0.142811
-0.144187
-0.14555
-0.14689
-0.148194
-0.149445
-0.150624
-0.151711
-0.152668
-0.15348
-0.154064
-0.154457
-0.154418
-0.154283
-0.153198
-0.152758
-0.150298
-0.1505
-0.147843
0.00573248
-0.00856678
-0.0088854
-0.0376248
-0.0609328
-0.09192
-0.120532
-0.148092
-0.173455
-0.196295
-0.216533
-0.234124
-0.249079
-0.261438
-0.271263
-0.278626
-0.283617
-0.28634
-0.286915
-0.28548
-0.282197
-0.277242
-0.270808
-0.2631
-0.254338
-0.244745
-0.234547
-0.223965
-0.213214
-0.202494
-0.191985
-0.181847
-0.172215
-0.163196
-0.15487
-0.14729
-0.140485
-0.134461
-0.129202
-0.124682
-0.120857
-0.11768
-0.115095
-0.113046
-0.111478
-0.110334
-0.109563
-0.109115
-0.108947
-0.109015
-0.109284
-0.109721
-0.110297
-0.110986
-0.111765
-0.112617
-0.113526
-0.114478
-0.115459
-0.116465
-0.117491
-0.118533
-0.119587
-0.120653
-0.121733
-0.12283
-0.123942
-0.125063
-0.126207
-0.127377
-0.128556
-0.12976
-0.130987
-0.132239
-0.133515
-0.134813
-0.136134
-0.137474
-0.138832
-0.140202
-0.141582
-0.142964
-0.144342
-0.145707
-0.147047
-0.148351
-0.149602
-0.15078
-0.151864
-0.15282
-0.153628
-0.154212
-0.154605
-0.154576
-0.154461
-0.153403
-0.153097
-0.150667
-0.151327
-0.149108
0.00615288
-0.0107872
-0.0115241
-0.0409615
-0.0640823
-0.0948283
-0.12309
-0.15034
-0.175437
-0.198057
-0.218113
-0.235551
-0.250374
-0.262619
-0.27234
-0.279607
-0.284506
-0.287141
-0.28763
-0.286109
-0.282741
-0.2777
-0.27118
-0.263389
-0.254546
-0.244875
-0.234602
-0.223951
-0.213137
-0.20236
-0.191802
-0.181623
-0.171957
-0.162912
-0.154569
-0.146979
-0.140171
-0.13415
-0.1289
-0.124393
-0.120587
-0.11743
-0.114869
-0.112846
-0.111303
-0.110185
-0.10944
-0.109017
-0.108872
-0.108963
-0.109253
-0.109709
-0.110302
-0.111005
-0.111796
-0.112657
-0.113571
-0.114526
-0.115514
-0.116524
-0.117552
-0.118597
-0.119656
-0.120728
-0.121811
-0.1229
-0.124002
-0.125139
-0.126286
-0.127446
-0.128634
-0.129845
-0.131078
-0.132335
-0.133616
-0.13492
-0.136246
-0.137591
-0.138954
-0.14033
-0.141714
-0.143102
-0.144484
-0.145853
-0.147198
-0.148505
-0.14976
-0.150941
-0.152029
-0.152989
-0.153802
-0.154396
-0.1548
-0.154796
-0.154725
-0.153717
-0.153602
-0.151204
-0.152474
-0.150605
0.00714656
-0.0132689
-0.0144487
-0.0448123
-0.0677191
-0.0981995
-0.126064
-0.152958
-0.17775
-0.200115
-0.219959
-0.237219
-0.251891
-0.264004
-0.273607
-0.280765
-0.285563
-0.2881
-0.288496
-0.286881
-0.283418
-0.278284
-0.271671
-0.263788
-0.254854
-0.245095
-0.234739
-0.224009
-0.213122
-0.202278
-0.19166
-0.18143
-0.171721
-0.162642
-0.154273
-0.146667
-0.139849
-0.133826
-0.128582
-0.124086
-0.120295
-0.117158
-0.11462
-0.112622
-0.111106
-0.110016
-0.109298
-0.108903
-0.108784
-0.108899
-0.109212
-0.109689
-0.1103
-0.111019
-0.111825
-0.112698
-0.113624
-0.114589
-0.115581
-0.116601
-0.117638
-0.118685
-0.119741
-0.120807
-0.121889
-0.122995
-0.124117
-0.125238
-0.126383
-0.127551
-0.128739
-0.129951
-0.131186
-0.132446
-0.13373
-0.135037
-0.136367
-0.137716
-0.139083
-0.140463
-0.141852
-0.143244
-0.144631
-0.146004
-0.147353
-0.148665
-0.149925
-0.151111
-0.152205
-0.153173
-0.153995
-0.154606
-0.155032
-0.155067
-0.155056
-0.154121
-0.154239
-0.151873
-0.153925
-0.152254
0.00873541
-0.0159285
-0.0175348
-0.049037
-0.0717135
-0.101925
-0.129368
-0.155879
-0.180338
-0.202423
-0.222033
-0.239096
-0.253601
-0.265568
-0.275041
-0.282082
-0.286769
-0.2892
-0.289495
-0.287779
-0.284215
-0.27898
-0.272266
-0.264283
-0.255251
-0.245396
-0.234947
-0.224129
-0.213159
-0.202239
-0.191554
-0.181263
-0.171504
-0.162383
-0.153981
-0.146351
-0.13952
-0.13349
-0.128247
-0.123759
-0.119983
-0.116865
-0.11435
-0.112378
-0.11089
-0.109828
-0.10914
-0.108773
-0.108682
-0.108824
-0.109161
-0.109661
-0.110292
-0.111028
-0.111849
-0.112734
-0.113669
-0.114641
-0.115643
-0.116656
-0.117684
-0.118741
-0.119809
-0.12089
-0.12198
-0.123074
-0.124182
-0.125315
-0.126465
-0.127635
-0.128827
-0.130043
-0.131282
-0.132546
-0.133835
-0.135147
-0.136481
-0.137835
-0.139207
-0.140593
-0.141987
-0.143384
-0.144776
-0.146155
-0.14751
-0.148828
-0.150093
-0.151287
-0.152389
-0.153368
-0.154204
-0.154837
-0.155291
-0.155377
-0.155436
-0.154594
-0.154974
-0.152641
-0.155673
-0.154002
0.0109815
-0.0187308
-0.0206941
-0.0535127
-0.0759479
-0.105907
-0.132922
-0.159037
-0.183151
-0.204941
-0.2243
-0.241151
-0.255475
-0.267284
-0.276618
-0.283532
-0.288102
-0.290421
-0.290607
-0.288784
-0.285113
-0.279771
-0.272951
-0.264862
-0.255724
-0.245766
-0.235217
-0.224303
-0.213242
-0.202239
-0.191477
-0.181119
-0.171301
-0.162132
-0.153692
-0.146033
-0.139182
-0.133143
-0.127898
-0.123416
-0.119652
-0.116553
-0.114061
-0.112115
-0.110656
-0.109625
-0.108968
-0.108632
-0.10857
-0.10874
-0.109104
-0.109626
-0.110278
-0.111034
-0.11187
-0.11277
-0.113717
-0.114699
-0.115706
-0.116739
-0.11779
-0.118839
-0.119899
-0.120969
-0.122053
-0.123155
-0.124272
-0.125403
-0.126554
-0.127726
-0.12892
-0.130137
-0.13138
-0.132647
-0.133939
-0.135255
-0.136593
-0.137952
-0.139329
-0.140719
-0.142118
-0.143521
-0.144919
-0.146304
-0.147665
-0.14899
-0.150263
-0.151465
-0.152577
-0.15357
-0.154422
-0.15508
-0.155563
-0.155702
-0.155835
-0.155099
-0.155757
-0.153463
-0.157711
-0.155803
0.0138161
-0.0216776
-0.0238817
-0.0581243
-0.0803345
-0.11006
-0.136665
-0.162383
-0.186151
-0.207635
-0.226733
-0.243362
-0.257492
-0.269134
-0.278317
-0.285095
-0.289538
-0.291738
-0.291809
-0.289868
-0.286083
-0.280626
-0.273692
-0.265489
-0.256239
-0.24617
-0.235514
-0.224497
-0.21334
-0.202246
-0.191402
-0.180971
-0.171089
-0.161867
-0.153385
-0.145694
-0.138822
-0.132772
-0.127525
-0.12305
-0.119299
-0.11622
-0.113752
-0.111835
-0.110407
-0.109409
-0.108785
-0.108482
-0.108452
-0.108652
-0.109044
-0.109591
-0.110264
-0.111037
-0.111888
-0.1128
-0.113755
-0.114745
-0.115758
-0.116788
-0.117832
-0.118888
-0.119957
-0.121037
-0.122127
-0.123228
-0.124344
-0.125478
-0.126632
-0.127806
-0.129003
-0.130224
-0.131471
-0.132742
-0.134038
-0.135359
-0.136703
-0.138067
-0.13945
-0.140846
-0.142251
-0.14366
-0.145065
-0.146456
-0.147824
-0.149156
-0.150437
-0.151647
-0.152768
-0.153772
-0.154637
-0.155315
-0.155821
-0.156012
-0.156208
-0.155585
-0.156516
-0.154307
-0.160055
-0.157516
0.0170084
-0.0247948
-0.02705
-0.0626832
-0.0847838
-0.114238
-0.140502
-0.165823
-0.189253
-0.210436
-0.229271
-0.245674
-0.25961
-0.27108
-0.28011
-0.286748
-0.291057
-0.293131
-0.2931
-0.291038
-0.28713
-0.281553
-0.274497
-0.266173
-0.256803
-0.246616
-0.235845
-0.224718
-0.213457
-0.202266
-0.191334
-0.180825
-0.170875
-0.161596
-0.153068
-0.145343
-0.138448
-0.132384
-0.127135
-0.122665
-0.118928
-0.115868
-0.113426
-0.111537
-0.110141
-0.109176
-0.108585
-0.108314
-0.108316
-0.10855
-0.108974
-0.109551
-0.110251
-0.111047
-0.111919
-0.112846
-0.113816
-0.114816
-0.115837
-0.116875
-0.117925
-0.118983
-0.12005
-0.121128
-0.122216
-0.123319
-0.124437
-0.125571
-0.126726
-0.127901
-0.1291
-0.130323
-0.131572
-0.132846
-0.134145
-0.135469
-0.136816
-0.138184
-0.139569
-0.140969
-0.142378
-0.14379
-0.145198
-0.146593
-0.147964
-0.1493
-0.150584
-0.1518
-0.152928
-0.153942
-0.154822
-0.155527
-0.156066
-0.156316
-0.156574
-0.156073
-0.157275
-0.155204
-0.162726
-0.15911
0.309278
0.30904
0.308941
0.308587
0.308182
0.307446
0.306527
0.305172
0.303262
0.300966
0.297313
0.292764
0.285364
0.276388
0.261702
0.244957
0.217065
0.188409
0.140986
0.0973425
0.309329
0.309046
0.309035
0.308642
0.308364
0.307608
0.306905
0.305592
0.304069
0.3018
0.298647
0.294407
0.287667
0.279584
0.265603
0.250724
0.222978
0.197292
0.148216
0.107094
0.30938
0.309061
0.309119
0.308704
0.308517
0.307758
0.307193
0.305923
0.30457
0.302482
0.29963
0.295749
0.289494
0.282131
0.2688
0.255166
0.227833
0.203924
0.153657
0.114097
0.30944
0.309081
0.309214
0.308774
0.308694
0.307923
0.307547
0.306297
0.305287
0.30325
0.300875
0.297266
0.291719
0.285029
0.272627
0.260264
0.233573
0.211562
0.159832
0.12196
0.309508
0.309107
0.309319
0.308853
0.308887
0.308104
0.307922
0.306699
0.306003
0.304069
0.302212
0.298893
0.294159
0.28813
0.276871
0.265697
0.239966
0.219676
0.166444
0.130233
0.309581
0.309138
0.309431
0.308938
0.309092
0.308297
0.308323
0.307117
0.306777
0.304928
0.303653
0.300602
0.296811
0.291399
0.281515
0.271443
0.24702
0.228285
0.173585
0.138993
0.30966
0.309173
0.30955
0.30903
0.309308
0.308498
0.308743
0.307551
0.307591
0.305817
0.30519
0.302376
0.299669
0.294819
0.286558
0.277496
0.254791
0.237425
0.181403
0.148359
0.309743
0.309212
0.309674
0.309126
0.309532
0.308706
0.309179
0.307997
0.308436
0.306731
0.306805
0.3042
0.302714
0.298373
0.291995
0.283838
0.263331
0.247114
0.19008
0.158419
0.309829
0.309255
0.309802
0.309225
0.309762
0.308919
0.309625
0.30845
0.309304
0.307661
0.30848
0.306063
0.305922
0.302026
0.297824
0.290451
0.27269
0.257369
0.199839
0.169264
0.309917
0.3093
0.309931
0.309326
0.309995
0.309134
0.310076
0.308907
0.310185
0.308601
0.310197
0.307952
0.309261
0.305748
0.304042
0.297328
0.28292
0.268201
0.210957
0.180973
0.310007
0.309348
0.310062
0.309428
0.310227
0.309349
0.310527
0.309363
0.311069
0.309541
0.311935
0.309856
0.312691
0.309521
0.310609
0.304471
0.294078
0.279612
0.223764
0.193598
0.310095
0.309397
0.310191
0.309529
0.310458
0.309561
0.310973
0.309813
0.311946
0.310473
0.313673
0.311757
0.316169
0.313334
0.317482
0.311838
0.306274
0.291602
0.238648
0.207125
0.310182
0.309447
0.310318
0.309628
0.310683
0.309769
0.311409
0.310253
0.312805
0.311388
0.315387
0.31364
0.31965
0.317168
0.324571
0.31938
0.319613
0.304223
0.25607
0.221424
0.310266
0.309498
0.310442
0.309724
0.3109
0.30997
0.311829
0.310678
0.313635
0.312277
0.317056
0.315487
0.323083
0.320993
0.331772
0.327089
0.334083
0.317688
0.276609
0.236149
0.310345
0.30955
0.31056
0.309815
0.311107
0.310162
0.31223
0.311084
0.314428
0.31313
0.318656
0.317278
0.326415
0.324773
0.338963
0.334957
0.349569
0.33234
0.300974
0.250678
0.310417
0.309601
0.310671
0.309901
0.311302
0.310343
0.312606
0.311467
0.315173
0.313938
0.320168
0.318993
0.329595
0.328471
0.346006
0.342963
0.365841
0.348263
0.330409
0.264308
0.310483
0.309653
0.310775
0.309979
0.311483
0.31051
0.312955
0.311822
0.315864
0.314692
0.321573
0.320611
0.332577
0.332039
0.352765
0.351041
0.382467
0.365552
0.366156
0.276377
0.310538
0.309705
0.31087
0.310057
0.311648
0.310662
0.313272
0.312143
0.316494
0.315377
0.322858
0.322102
0.335324
0.335414
0.359119
0.359082
0.399029
0.38426
0.409538
0.285808
0.310583
0.309753
0.310954
0.310099
0.311796
0.310786
0.313555
0.312423
0.317054
0.315987
0.324004
0.323448
0.337791
0.338536
0.36494
0.366957
0.415024
0.4045
0.461166
0.291797
0.310612
0.309822
0.311018
0.310195
0.311912
0.310936
0.313786
0.312702
0.317523
0.316555
0.324977
0.32467
0.339928
0.341384
0.370103
0.374451
0.429943
0.426404
0.520463
0.302698
0.310612
0.309822
0.311018
0.310195
0.311912
0.310936
0.313786
0.312702
0.317523
0.316555
0.324977
0.32467
0.339928
0.341384
0.370103
0.374451
0.429943
0.426404
0.520463
0.302698
0.310583
0.309753
0.310954
0.310099
0.311796
0.310786
0.313555
0.312423
0.317054
0.315987
0.324004
0.323448
0.337791
0.338536
0.36494
0.366957
0.415024
0.4045
0.461166
0.291797
0.310538
0.309705
0.31087
0.310057
0.311648
0.310662
0.313272
0.312143
0.316494
0.315377
0.322858
0.322102
0.335324
0.335414
0.359119
0.359082
0.399029
0.38426
0.409538
0.285808
0.310483
0.309653
0.310775
0.309979
0.311483
0.31051
0.312955
0.311822
0.315864
0.314692
0.321573
0.320611
0.332577
0.332039
0.352765
0.351041
0.382467
0.365552
0.366156
0.276377
0.310417
0.309601
0.310671
0.309901
0.311302
0.310343
0.312606
0.311467
0.315173
0.313938
0.320168
0.318993
0.329595
0.328471
0.346006
0.342963
0.365841
0.348263
0.330409
0.264308
0.310345
0.30955
0.31056
0.309815
0.311107
0.310162
0.31223
0.311084
0.314428
0.31313
0.318656
0.317278
0.326415
0.324773
0.338963
0.334957
0.349569
0.33234
0.300974
0.250678
0.310266
0.309498
0.310442
0.309724
0.3109
0.30997
0.311829
0.310678
0.313635
0.312277
0.317056
0.315487
0.323083
0.320993
0.331772
0.327089
0.334083
0.317688
0.276609
0.236149
0.310182
0.309447
0.310318
0.309628
0.310683
0.309769
0.311409
0.310253
0.312805
0.311388
0.315387
0.31364
0.31965
0.317168
0.324571
0.31938
0.319613
0.304223
0.25607
0.221424
0.310095
0.309397
0.310191
0.309529
0.310458
0.309561
0.310973
0.309813
0.311946
0.310473
0.313673
0.311757
0.316169
0.313334
0.317482
0.311838
0.306274
0.291602
0.238648
0.207125
0.310007
0.309348
0.310062
0.309428
0.310227
0.309349
0.310527
0.309363
0.311069
0.309541
0.311935
0.309856
0.312691
0.309521
0.310609
0.304471
0.294078
0.279612
0.223764
0.193598
0.309917
0.3093
0.309931
0.309326
0.309995
0.309134
0.310076
0.308907
0.310185
0.308601
0.310197
0.307952
0.309261
0.305748
0.304042
0.297328
0.28292
0.268201
0.210957
0.180973
0.309829
0.309255
0.309802
0.309225
0.309762
0.308919
0.309625
0.30845
0.309304
0.307661
0.30848
0.306063
0.305922
0.302026
0.297824
0.290451
0.27269
0.257369
0.199839
0.169264
0.309743
0.309212
0.309674
0.309126
0.309532
0.308706
0.309179
0.307997
0.308436
0.306731
0.306805
0.3042
0.302714
0.298373
0.291995
0.283838
0.263331
0.247114
0.19008
0.158419
0.30966
0.309173
0.30955
0.30903
0.309308
0.308498
0.308743
0.307551
0.307591
0.305817
0.30519
0.302376
0.299669
0.294819
0.286558
0.277496
0.254791
0.237425
0.181403
0.148359
0.309581
0.309138
0.309431
0.308938
0.309092
0.308297
0.308323
0.307117
0.306777
0.304928
0.303653
0.300602
0.296811
0.291399
0.281515
0.271443
0.24702
0.228285
0.173585
0.138993
0.309508
0.309107
0.309319
0.308853
0.308887
0.308104
0.307922
0.306699
0.306003
0.304069
0.302212
0.298893
0.294159
0.28813
0.276871
0.265697
0.239966
0.219676
0.166444
0.130233
0.30944
0.309081
0.309214
0.308774
0.308694
0.307923
0.307547
0.306297
0.305287
0.30325
0.300875
0.297266
0.291719
0.285029
0.272627
0.260264
0.233573
0.211562
0.159832
0.12196
0.30938
0.309061
0.309119
0.308704
0.308517
0.307758
0.307193
0.305923
0.30457
0.302482
0.29963
0.295749
0.289494
0.282131
0.2688
0.255166
0.227833
0.203924
0.153657
0.114097
0.309329
0.309046
0.309035
0.308642
0.308364
0.307608
0.306905
0.305592
0.304069
0.3018
0.298647
0.294407
0.287667
0.279584
0.265603
0.250724
0.222978
0.197292
0.148216
0.107094
0.309278
0.30904
0.308941
0.308587
0.308182
0.307446
0.306527
0.305172
0.303262
0.300966
0.297313
0.292764
0.285364
0.276388
0.261702
0.244957
0.217065
0.188409
0.140986
0.0973425
0.0228947
-0.0302721
-0.0321102
-0.0699424
-0.0920292
-0.120992
-0.14682
-0.171491
-0.19437
-0.215066
-0.233471
-0.249508
-0.263133
-0.274341
-0.283147
-0.289591
-0.293733
-0.29565
-0.295435
-0.293228
-0.289177
-0.28345
-0.27624
-0.267756
-0.258221
-0.247864
-0.23692
-0.225619
-0.214182
-0.202819
-0.19172
-0.181051
-0.170952
-0.161536
-0.152886
-0.145056
-0.138073
-0.13194
-0.126639
-0.122136
-0.118382
-0.115321
-0.112891
-0.111027
-0.109665
-0.108741
-0.108197
-0.107977
-0.10803
-0.10831
-0.108775
-0.109392
-0.110129
-0.110958
-0.111858
-0.11281
-0.113799
-0.114814
-0.115847
-0.116892
-0.117947
-0.119009
-0.120079
-0.121158
-0.122247
-0.123349
-0.124465
-0.125599
-0.126753
-0.127928
-0.129128
-0.130352
-0.131603
-0.13288
-0.134183
-0.135511
-0.136864
-0.138239
-0.139632
-0.141041
-0.142461
-0.143886
-0.145308
-0.14672
-0.148111
-0.149471
-0.150783
-0.152034
-0.153203
-0.154268
-0.155209
-0.155996
-0.156621
-0.157025
-0.157423
-0.15719
-0.158734
-0.157183
-0.16687
-0.165647
0.038711
-0.0376982
-0.0388375
-0.0792142
-0.101278
-0.129937
-0.155126
-0.179118
-0.2013
-0.22136
-0.239198
-0.254742
-0.267947
-0.278796
-0.287296
-0.293475
-0.297379
-0.299078
-0.2987
-0.296323
-0.292096
-0.286191
-0.278799
-0.270128
-0.260398
-0.249839
-0.238686
-0.22717
-0.215515
-0.203932
-0.192616
-0.181735
-0.171434
-0.161829
-0.153005
-0.145019
-0.137902
-0.131656
-0.126266
-0.121695
-0.117896
-0.11481
-0.112372
-0.110515
-0.109174
-0.10828
-0.107774
-0.107596
-0.107694
-0.10802
-0.108531
-0.10919
-0.109964
-0.110825
-0.111751
-0.112723
-0.113727
-0.114753
-0.115793
-0.116842
-0.117897
-0.118958
-0.120024
-0.121098
-0.122182
-0.123277
-0.124388
-0.125515
-0.126663
-0.127833
-0.129027
-0.130247
-0.131493
-0.132766
-0.134066
-0.135393
-0.136744
-0.138118
-0.139512
-0.140923
-0.142345
-0.143773
-0.145201
-0.14662
-0.148019
-0.149388
-0.150712
-0.151977
-0.15316
-0.15424
-0.155194
-0.155992
-0.156613
-0.157019
-0.157323
-0.157098
-0.158615
-0.156181
-0.169824
-0.159895
0.0362776
-0.0437515
-0.0464011
-0.0873201
-0.109576
-0.13805
-0.162761
-0.186271
-0.20788
-0.227394
-0.244733
-0.259831
-0.272644
-0.283156
-0.291366
-0.297295
-0.300984
-0.302498
-0.301906
-0.299338
-0.294929
-0.288845
-0.28127
-0.27241
-0.262486
-0.251726
-0.240365
-0.228637
-0.216767
-0.20497
-0.193441
-0.182353
-0.171855
-0.162065
-0.153072
-0.144936
-0.137687
-0.131333
-0.125855
-0.12122
-0.117377
-0.114267
-0.111824
-0.109978
-0.10866
-0.107801
-0.107336
-0.107205
-0.107351
-0.107726
-0.108284
-0.108986
-0.109798
-0.110693
-0.111647
-0.112642
-0.113664
-0.114703
-0.115751
-0.116804
-0.11786
-0.118919
-0.119982
-0.12105
-0.122127
-0.123216
-0.124319
-0.125439
-0.12658
-0.127743
-0.128931
-0.130144
-0.131385
-0.132653
-0.133949
-0.135271
-0.136619
-0.13799
-0.139381
-0.140788
-0.142207
-0.143633
-0.145057
-0.146471
-0.147866
-0.149228
-0.150543
-0.151794
-0.15296
-0.154015
-0.154933
-0.155681
-0.156229
-0.156546
-0.15666
-0.156461
-0.157189
-0.155601
-0.165755
-0.15551
0.0214349
-0.0479682
-0.0537873
-0.0940013
-0.116655
-0.145011
-0.169389
-0.192555
-0.213713
-0.232782
-0.2497
-0.26441
-0.276878
-0.287085
-0.295027
-0.300719
-0.304192
-0.305504
-0.304739
-0.302001
-0.297425
-0.291172
-0.283427
-0.274393
-0.264289
-0.253346
-0.241797
-0.229878
-0.217815
-0.205826
-0.194108
-0.182838
-0.172166
-0.162214
-0.153072
-0.144804
-0.137442
-0.130993
-0.125442
-0.120752
-0.116874
-0.113747
-0.111303
-0.109471
-0.108178
-0.107353
-0.10693
-0.106844
-0.107038
-0.107459
-0.10806
-0.108802
-0.10965
-0.110575
-0.111553
-0.112567
-0.113603
-0.11465
-0.115703
-0.116757
-0.117812
-0.118867
-0.119924
-0.120986
-0.122055
-0.123136
-0.12423
-0.125342
-0.126474
-0.127629
-0.128809
-0.130014
-0.131247
-0.132508
-0.133796
-0.135111
-0.13645
-0.137813
-0.139195
-0.140592
-0.142
-0.143413
-0.144822
-0.146218
-0.14759
-0.148925
-0.150206
-0.151414
-0.152525
-0.153513
-0.154345
-0.154985
-0.1554
-0.155557
-0.155446
-0.155087
-0.154949
-0.154378
-0.16066
-0.15252
0.0125506
-0.0496045
-0.0601734
-0.0990688
-0.122381
-0.150608
-0.174804
-0.197716
-0.218532
-0.23725
-0.253824
-0.268211
-0.280386
-0.290329
-0.298038
-0.303521
-0.306807
-0.307951
-0.307023
-0.304131
-0.299407
-0.293009
-0.285119
-0.275938
-0.265686
-0.254592
-0.24289
-0.230817
-0.218601
-0.206459
-0.194592
-0.183178
-0.172369
-0.16229
-0.153032
-0.144662
-0.137211
-0.130689
-0.125079
-0.120348
-0.116444
-0.113305
-0.110863
-0.109044
-0.107774
-0.10698
-0.106592
-0.106545
-0.106778
-0.107238
-0.107876
-0.10865
-0.109525
-0.110473
-0.111469
-0.112496
-0.113541
-0.114593
-0.115646
-0.116699
-0.11775
-0.118799
-0.119849
-0.120902
-0.121963
-0.123034
-0.124119
-0.125221
-0.126343
-0.127488
-0.128657
-0.129853
-0.131076
-0.132326
-0.133603
-0.134905
-0.136232
-0.13758
-0.138946
-0.140325
-0.141712
-0.143099
-0.144479
-0.14584
-0.147169
-0.148452
-0.14967
-0.150801
-0.151818
-0.15269
-0.153378
-0.153843
-0.154043
-0.15394
-0.153504
-0.152782
-0.152164
-0.152446
-0.155473
-0.151512
0.00421463
-0.0495794
-0.0658254
-0.102146
-0.126972
-0.154614
-0.178888
-0.201571
-0.222139
-0.240589
-0.256893
-0.271021
-0.282956
-0.292682
-0.300196
-0.305505
-0.308635
-0.309636
-0.308578
-0.305565
-0.300726
-0.294217
-0.286219
-0.276933
-0.266576
-0.255378
-0.243572
-0.231396
-0.219077
-0.206835
-0.19487
-0.183362
-0.172464
-0.162301
-0.152967
-0.144529
-0.13702
-0.130449
-0.124801
-0.120041
-0.11612
-0.112974
-0.110534
-0.108726
-0.107474
-0.106703
-0.106342
-0.106323
-0.106585
-0.107072
-0.107734
-0.10853
-0.109424
-0.110385
-0.111392
-0.112425
-0.113472
-0.114524
-0.115576
-0.116624
-0.117668
-0.11871
-0.119752
-0.120796
-0.121847
-0.122908
-0.123983
-0.125074
-0.126186
-0.12732
-0.128478
-0.129662
-0.130872
-0.132108
-0.133371
-0.134657
-0.135966
-0.137294
-0.138636
-0.139988
-0.141343
-0.142693
-0.144028
-0.145335
-0.146599
-0.147803
-0.148925
-0.149937
-0.150809
-0.151503
-0.151974
-0.152179
-0.152076
-0.15162
-0.150754
-0.149507
-0.14829
-0.147892
-0.148072
-0.145492
-0.00236265
-0.0485486
-0.0700097
-0.103769
-0.13007
-0.157099
-0.181506
-0.203997
-0.22439
-0.242639
-0.258737
-0.272667
-0.284416
-0.293973
-0.301335
-0.30651
-0.309522
-0.310419
-0.30927
-0.306177
-0.301266
-0.294694
-0.286638
-0.277299
-0.266893
-0.255648
-0.243799
-0.231581
-0.219222
-0.206941
-0.194939
-0.183395
-0.172462
-0.162266
-0.152901
-0.144433
-0.136897
-0.130303
-0.124636
-0.119862
-0.115931
-0.112781
-0.110342
-0.108539
-0.107296
-0.106537
-0.10619
-0.106186
-0.106462
-0.106962
-0.107635
-0.10844
-0.109339
-0.110305
-0.111313
-0.112345
-0.11339
-0.114437
-0.115483
-0.116525
-0.117561
-0.118595
-0.119628
-0.120663
-0.121705
-0.122756
-0.12382
-0.124902
-0.126002
-0.127125
-0.128271
-0.129442
-0.130638
-0.131859
-0.133105
-0.134372
-0.135658
-0.13696
-0.138273
-0.139589
-0.140902
-0.1422
-0.143474
-0.144706
-0.14588
-0.146974
-0.14796
-0.148809
-0.14948
-0.149929
-0.150104
-0.149952
-0.149419
-0.148431
-0.146888
-0.144786
-0.14248
-0.140491
-0.138305
-0.134011
-0.00738948
-0.0471102
-0.0725869
-0.104211
-0.131541
-0.158125
-0.182559
-0.204923
-0.225183
-0.243286
-0.259236
-0.273021
-0.284636
-0.294073
-0.301329
-0.306415
-0.309354
-0.310194
-0.309003
-0.305881
-0.300955
-0.294377
-0.286325
-0.276998
-0.266609
-0.255387
-0.243564
-0.231374
-0.219045
-0.206794
-0.19482
-0.183301
-0.172391
-0.162213
-0.152862
-0.144403
-0.136872
-0.130279
-0.124611
-0.119834
-0.115898
-0.112743
-0.110299
-0.108493
-0.107247
-0.106485
-0.106136
-0.10613
-0.106403
-0.106899
-0.107569
-0.108368
-0.109262
-0.11022
-0.111221
-0.112246
-0.113282
-0.114322
-0.115359
-0.116392
-0.117421
-0.118446
-0.119471
-0.120498
-0.121532
-0.122574
-0.12363
-0.124702
-0.125793
-0.126906
-0.12804
-0.129199
-0.130381
-0.131586
-0.132812
-0.134058
-0.135319
-0.13659
-0.137866
-0.139139
-0.140399
-0.141634
-0.142828
-0.143965
-0.145023
-0.145973
-0.146785
-0.147419
-0.147829
-0.147958
-0.147744
-0.147124
-0.146026
-0.144352
-0.14197
-0.138848
-0.135235
-0.131477
-0.127153
-0.120104
-0.0108625
-0.0455337
-0.0735403
-0.103603
-0.131377
-0.157664
-0.182034
-0.204293
-0.224455
-0.242454
-0.258306
-0.271999
-0.283531
-0.292897
-0.300098
-0.305145
-0.308064
-0.308904
-0.307729
-0.304642
-0.299766
-0.293252
-0.285276
-0.276033
-0.265738
-0.254615
-0.242894
-0.230808
-0.218582
-0.206431
-0.194552
-0.183121
-0.172289
-0.162179
-0.152884
-0.144469
-0.136971
-0.1304
-0.124743
-0.119969
-0.116029
-0.112865
-0.110408
-0.108585
-0.10732
-0.106539
-0.106169
-0.106141
-0.106394
-0.106869
-0.107518
-0.108299
-0.109174
-0.110116
-0.111102
-0.112113
-0.113137
-0.114165
-0.115193
-0.116217
-0.117238
-0.118257
-0.119275
-0.120297
-0.121324
-0.122361
-0.123411
-0.124477
-0.125561
-0.126665
-0.12779
-0.128938
-0.130107
-0.131296
-0.132504
-0.133727
-0.134961
-0.136198
-0.137433
-0.138655
-0.139852
-0.141009
-0.142109
-0.143128
-0.144041
-0.144815
-0.145411
-0.145783
-0.145876
-0.145627
-0.144965
-0.14382
-0.142111
-0.139725
-0.136519
-0.132428
-0.127595
-0.122234
-0.115924
-0.10638
-0.012918
-0.0439418
-0.0729815
-0.101947
-0.129665
-0.155685
-0.179928
-0.20208
-0.222165
-0.2401
-0.255901
-0.269552
-0.281056
-0.290406
-0.297608
-0.302674
-0.305635
-0.306538
-0.305448
-0.302467
-0.297716
-0.291345
-0.283525
-0.274449
-0.264329
-0.253385
-0.241846
-0.22994
-0.217891
-0.205908
-0.194187
-0.182901
-0.172198
-0.162199
-0.152997
-0.144655
-0.13721
-0.130674
-0.125036
-0.120265
-0.116318
-0.113135
-0.110652
-0.108797
-0.107495
-0.106675
-0.106264
-0.106196
-0.106409
-0.106847
-0.107461
-0.108209
-0.109056
-0.109973
-0.110936
-0.111928
-0.112937
-0.113953
-0.114971
-0.115988
-0.117003
-0.118017
-0.119032
-0.120051
-0.121077
-0.122112
-0.123161
-0.124224
-0.125305
-0.126405
-0.127525
-0.128665
-0.129824
-0.131
-0.132191
-0.133391
-0.134596
-0.135797
-0.136985
-0.138148
-0.139272
-0.140339
-0.141327
-0.142209
-0.142955
-0.143527
-0.143882
-0.143968
-0.143725
-0.143086
-0.141978
-0.140325
-0.13804
-0.135001
-0.13106
-0.126125
-0.120258
-0.113549
-0.10551
-0.094022
-0.0137936
-0.0422914
-0.0711296
-0.0991763
-0.126516
-0.152189
-0.176242
-0.198272
-0.218296
-0.236203
-0.252004
-0.26567
-0.277204
-0.286599
-0.293864
-0.299016
-0.302086
-0.303126
-0.302199
-0.299407
-0.294867
-0.288724
-0.281147
-0.272324
-0.262462
-0.251778
-0.240498
-0.228845
-0.217039
-0.205287
-0.19378
-0.182686
-0.172153
-0.162299
-0.153215
-0.144965
-0.137586
-0.131092
-0.125474
-0.120703
-0.116739
-0.113525
-0.111
-0.109095
-0.107738
-0.106859
-0.106388
-0.106261
-0.106417
-0.106802
-0.107368
-0.108072
-0.108881
-0.109765
-0.110702
-0.111673
-0.112664
-0.113668
-0.114677
-0.115689
-0.116702
-0.117716
-0.118733
-0.119755
-0.120785
-0.121825
-0.122877
-0.123944
-0.125028
-0.12613
-0.127249
-0.128386
-0.129538
-0.130703
-0.131878
-0.133055
-0.134229
-0.135391
-0.136527
-0.137626
-0.138669
-0.139635
-0.140501
-0.141236
-0.141806
-0.142171
-0.142284
-0.142091
-0.141529
-0.140528
-0.139014
-0.136906
-0.134111
-0.130503
-0.125931
-0.120289
-0.113573
-0.105768
-0.0963211
-0.0834654
-0.01389
-0.0403284
-0.0682819
-0.0952827
-0.121994
-0.147197
-0.170982
-0.192867
-0.212845
-0.230763
-0.246617
-0.260362
-0.271995
-0.281505
-0.288904
-0.294214
-0.297474
-0.298739
-0.298056
-0.295543
-0.291306
-0.285483
-0.278238
-0.269754
-0.260231
-0.249885
-0.238933
-0.227598
-0.216093
-0.204621
-0.19337
-0.182506
-0.172171
-0.162484
-0.153534
-0.145386
-0.138079
-0.131626
-0.126022
-0.121242
-0.117248
-0.113989
-0.111405
-0.109431
-0.108
-0.107043
-0.106495
-0.106293
-0.106378
-0.106697
-0.107203
-0.107856
-0.10862
-0.109467
-0.110374
-0.111322
-0.112298
-0.113291
-0.114296
-0.115307
-0.116323
-0.117344
-0.118369
-0.119402
-0.120443
-0.121494
-0.122558
-0.123636
-0.12473
-0.125838
-0.126962
-0.1281
-0.129249
-0.130405
-0.131565
-0.13272
-0.133863
-0.134982
-0.136065
-0.137096
-0.138055
-0.13892
-0.139664
-0.140255
-0.140657
-0.140828
-0.140718
-0.140271
-0.139424
-0.138105
-0.136237
-0.133738
-0.130506
-0.126414
-0.121315
-0.115091
-0.107693
-0.0990159
-0.0884938
-0.0747726
-0.0135544
-0.0379392
-0.0645728
-0.0903175
-0.116158
-0.140745
-0.16417
-0.185877
-0.205818
-0.223789
-0.239758
-0.253655
-0.265464
-0.275168
-0.28278
-0.288331
-0.291862
-0.293418
-0.293102
-0.290969
-0.287132
-0.281723
-0.274898
-0.266835
-0.257728
-0.247786
-0.237223
-0.226257
-0.215096
-0.203942
-0.192976
-0.182364
-0.172245
-0.162736
-0.153927
-0.145882
-0.138641
-0.132223
-0.126623
-0.121822
-0.117784
-0.114463
-0.111803
-0.109744
-0.108221
-0.107172
-0.106532
-0.106241
-0.106243
-0.106487
-0.106926
-0.107521
-0.108237
-0.109046
-0.109924
-0.110852
-0.111815
-0.112804
-0.11381
-0.114828
-0.115855
-0.11689
-0.117933
-0.118985
-0.120046
-0.121118
-0.122202
-0.123298
-0.124407
-0.125529
-0.126663
-0.127805
-0.128954
-0.130105
-0.131251
-0.132385
-0.133498
-0.134577
-0.135607
-0.136573
-0.137453
-0.138222
-0.138854
-0.139315
-0.139566
-0.139564
-0.139258
-0.138592
-0.137499
-0.135909
-0.133742
-0.130913
-0.127316
-0.122823
-0.117291
-0.110601
-0.102667
-0.0933202
-0.0820308
-0.0678312
-0.0129212
-0.0351503
-0.0601081
-0.0843674
-0.109095
-0.1329
-0.155852
-0.177333
-0.197235
-0.215299
-0.231446
-0.245576
-0.257649
-0.267635
-0.275549
-0.281429
-0.285328
-0.287301
-0.287422
-0.285766
-0.282429
-0.277529
-0.271211
-0.263645
-0.25502
-0.245539
-0.235413
-0.224854
-0.214069
-0.203255
-0.192592
-0.182241
-0.172343
-0.163013
-0.15434
-0.146392
-0.13921
-0.132814
-0.127206
-0.122368
-0.118271
-0.114872
-0.11212
-0.109961
-0.108334
-0.107179
-0.106436
-0.106048
-0.10596
-0.106123
-0.106493
-0.107029
-0.107699
-0.108472
-0.109325
-0.110239
-0.111198
-0.11219
-0.113206
-0.114241
-0.11529
-0.116351
-0.117422
-0.118503
-0.119594
-0.120695
-0.121806
-0.122929
-0.124061
-0.125202
-0.12635
-0.127502
-0.128655
-0.129803
-0.130939
-0.132056
-0.133141
-0.134184
-0.135168
-0.136075
-0.136885
-0.137571
-0.138105
-0.138452
-0.138574
-0.138425
-0.137954
-0.137103
-0.135806
-0.133991
-0.131578
-0.128477
-0.124582
-0.119766
-0.113894
-0.106845
-0.0985068
-0.0886744
-0.0768863
-0.0624944
-0.0120393
-0.0320012
-0.0549804
-0.0775394
-0.10092
-0.123767
-0.146116
-0.167302
-0.18715
-0.205333
-0.221719
-0.236161
-0.248588
-0.258944
-0.267241
-0.273538
-0.277907
-0.280382
-0.281044
-0.279987
-0.27726
-0.272961
-0.267231
-0.260232
-0.252147
-0.243175
-0.233521
-0.223396
-0.213005
-0.202541
-0.192185
-0.182096
-0.172414
-0.163254
-0.154707
-0.146843
-0.139704
-0.133316
-0.127683
-0.122793
-0.118621
-0.11513
-0.112275
-0.110004
-0.108262
-0.106993
-0.106141
-0.105652
-0.105472
-0.105556
-0.105859
-0.106342
-0.106971
-0.107717
-0.108556
-0.109466
-0.110432
-0.11144
-0.11248
-0.113544
-0.114627
-0.115725
-0.116836
-0.117957
-0.119088
-0.120228
-0.121376
-0.122531
-0.123692
-0.124858
-0.126026
-0.127193
-0.128353
-0.129503
-0.130634
-0.131737
-0.132801
-0.133814
-0.134759
-0.135618
-0.136369
-0.136985
-0.137438
-0.137692
-0.137707
-0.137438
-0.136833
-0.135832
-0.134371
-0.132375
-0.129765
-0.126449
-0.122321
-0.117259
-0.111133
-0.103823
-0.0952015
-0.0850487
-0.072984
-0.0585982
-0.0109115
-0.0285276
-0.0492779
-0.0699549
-0.0917736
-0.11349
-0.135094
-0.155901
-0.175661
-0.193979
-0.210655
-0.225487
-0.238345
-0.249131
-0.257843
-0.264556
-0.269399
-0.272548
-0.274002
-0.273678
-0.271651
-0.268042
-0.262982
-0.256619
-0.249127
-0.240701
-0.231547
-0.221872
-0.211881
-0.201768
-0.191713
-0.181875
-0.172395
-0.163389
-0.154951
-0.147151
-0.140038
-0.133639
-0.127964
-0.123006
-0.118745
-0.115149
-0.11218
-0.109789
-0.107927
-0.106543
-0.105582
-0.104994
-0.104729
-0.10474
-0.104985
-0.105426
-0.106028
-0.106762
-0.107601
-0.108524
-0.109512
-0.110552
-0.111631
-0.11274
-0.113872
-0.115021
-0.116183
-0.117356
-0.118537
-0.119724
-0.120916
-0.122111
-0.123308
-0.124504
-0.125696
-0.126881
-0.128055
-0.12921
-0.13034
-0.131435
-0.132485
-0.133476
-0.134391
-0.135212
-0.135917
-0.136478
-0.136867
-0.137047
-0.13698
-0.136618
-0.135908
-0.134793
-0.133206
-0.131074
-0.128316
-0.124841
-0.120545
-0.115309
-0.109012
-0.101536
-0.0927432
-0.0824191
-0.0702628
-0.0560443
-0.00956272
-0.0248095
-0.0431454
-0.0618045
-0.0818802
-0.102296
-0.123004
-0.143323
-0.162936
-0.181381
-0.198382
-0.213665
-0.227052
-0.238401
-0.247717
-0.255167
-0.26086
-0.264564
-0.266491
-0.26681
-0.265571
-0.262772
-0.25848
-0.252824
-0.245977
-0.238131
-0.229493
-0.220274
-0.210679
-0.200906
-0.191134
-0.181527
-0.172225
-0.163349
-0.154993
-0.147233
-0.140121
-0.133689
-0.127953
-0.12291
-0.118547
-0.114837
-0.111746
-0.109234
-0.107253
-0.105757
-0.104696
-0.10402
-0.103683
-0.103638
-0.103844
-0.104262
-0.104857
-0.105598
-0.106458
-0.107414
-0.108445
-0.109536
-0.110672
-0.111841
-0.113037
-0.11425
-0.115476
-0.116711
-0.117951
-0.119194
-0.120437
-0.121678
-0.122915
-0.124145
-0.125366
-0.126574
-0.127764
-0.128929
-0.130063
-0.131157
-0.132199
-0.133175
-0.13407
-0.134864
-0.135535
-0.136057
-0.136399
-0.136527
-0.1364
-0.135971
-0.135188
-0.133992
-0.132317
-0.130091
-0.127233
-0.123653
-0.119249
-0.113909
-0.107518
-0.0999589
-0.0910905
-0.080716
-0.068608
-0.0546409
-0.00802037
-0.0209182
-0.0367615
-0.0533931
-0.0717025
-0.0907609
-0.110466
-0.130153
-0.149456
-0.167864
-0.185035
-0.200634
-0.2144
-0.226079
-0.235572
-0.243038
-0.248911
-0.253773
-0.257279
-0.25906
-0.259029
-0.257244
-0.253828
-0.248941
-0.242768
-0.235514
-0.227393
-0.218619
-0.209404
-0.199945
-0.190428
-0.181019
-0.171861
-0.16308
-0.154774
-0.147023
-0.139884
-0.133396
-0.127578
-0.122435
-0.117959
-0.114129
-0.110917
-0.108286
-0.106196
-0.104601
-0.103455
-0.102711
-0.102323
-0.102245
-0.102436
-0.102856
-0.103469
-0.104242
-0.105147
-0.106158
-0.107253
-0.108413
-0.109623
-0.110869
-0.112142
-0.113432
-0.114732
-0.116038
-0.117344
-0.118649
-0.119948
-0.121239
-0.12252
-0.123789
-0.125042
-0.126276
-0.127485
-0.128666
-0.129809
-0.130906
-0.131947
-0.132917
-0.133801
-0.134579
-0.13523
-0.135728
-0.136042
-0.136137
-0.135974
-0.135505
-0.13468
-0.133437
-0.131714
-0.129437
-0.126528
-0.122899
-0.118449
-0.113074
-0.106666
-0.0991072
-0.0902593
-0.0799506
-0.0680252
-0.0544757
-0.0058632
-0.0162675
-0.0296739
-0.0444934
-0.0613018
-0.0792585
-0.0982099
-0.117497
-0.136711
-0.155297
-0.172859
-0.189019
-0.203465
-0.215869
-0.226142
-0.23468
-0.241754
-0.246931
-0.250504
-0.252579
-0.253098
-0.252002
-0.249312
-0.245124
-0.239594
-0.232913
-0.22529
-0.21694
-0.208075
-0.198899
-0.1896
-0.18035
-0.171301
-0.162579
-0.154293
-0.146525
-0.139339
-0.132778
-0.126869
-0.121621
-0.117031
-0.113085
-0.109759
-0.10702
-0.104832
-0.103152
-0.101937
-0.101141
-0.100719
-0.100626
-0.10082
-0.10126
-0.101908
-0.102731
-0.103698
-0.10478
-0.105954
-0.107199
-0.108497
-0.109833
-0.111194
-0.112571
-0.113955
-0.115339
-0.116719
-0.118091
-0.119451
-0.120796
-0.122126
-0.123436
-0.124724
-0.125987
-0.12722
-0.128418
-0.129575
-0.130682
-0.131727
-0.132698
-0.13358
-0.134354
-0.134997
-0.135484
-0.135786
-0.135868
-0.13569
-0.135207
-0.134365
-0.133106
-0.131366
-0.129074
-0.126153
-0.122516
-0.118067
-0.112707
-0.106333
-0.09883
-0.0900618
-0.0798846
-0.0682044
-0.05498
-0.00240506
-0.00934184
-0.0196428
-0.0320981
-0.0468562
-0.0632388
-0.0810004
-0.0995153
-0.118313
-0.136798
-0.154502
-0.170989
-0.18586
-0.198573
-0.208585
-0.216107
-0.223434
-0.230512
-0.236651
-0.241237
-0.243932
-0.24464
-0.243422
-0.240425
-0.235854
-0.229936
-0.222911
-0.21502
-0.206496
-0.19756
-0.188416
-0.17925
-0.170223
-0.161472
-0.153113
-0.145236
-0.137913
-0.131196
-0.125117
-0.119697
-0.114938
-0.110834
-0.107368
-0.104512
-0.102233
-0.100493
-0.0992472
-0.0984518
-0.0980596
-0.0980239
-0.0982992
-0.0988416
-0.0996099
-0.100566
-0.101675
-0.102906
-0.104231
-0.105626
-0.107071
-0.108548
-0.110044
-0.111547
-0.113047
-0.114538
-0.116014
-0.117472
-0.118908
-0.12032
-0.121707
-0.123066
-0.124397
-0.125695
-0.126958
-0.128182
-0.129359
-0.130483
-0.131543
-0.132527
-0.13342
-0.134204
-0.134858
-0.135356
-0.135669
-0.135765
-0.135604
-0.135142
-0.134326
-0.133099
-0.131398
-0.129155
-0.126296
-0.122738
-0.118391
-0.11316
-0.10695
-0.0996528
-0.0911308
-0.0812411
-0.0699489
-0.0574875
-0.00240506
-0.00934184
-0.0196428
-0.0320981
-0.0468562
-0.0632388
-0.0810004
-0.0995153
-0.118313
-0.136798
-0.154502
-0.170989
-0.18586
-0.198573
-0.208585
-0.216107
-0.223434
-0.230512
-0.236651
-0.241237
-0.243932
-0.24464
-0.243422
-0.240425
-0.235854
-0.229936
-0.222911
-0.21502
-0.206496
-0.19756
-0.188416
-0.17925
-0.170223
-0.161472
-0.153113
-0.145236
-0.137913
-0.131196
-0.125117
-0.119696
-0.114938
-0.110834
-0.107368
-0.104512
-0.102233
-0.100492
-0.0992471
-0.0984517
-0.0980594
-0.0980237
-0.098299
-0.0988414
-0.0996097
-0.100566
-0.101675
-0.102906
-0.104231
-0.105626
-0.107071
-0.108548
-0.110044
-0.111547
-0.113047
-0.114538
-0.116014
-0.117472
-0.118908
-0.12032
-0.121707
-0.123066
-0.124397
-0.125695
-0.126958
-0.128182
-0.129359
-0.130483
-0.131543
-0.132527
-0.13342
-0.134204
-0.134858
-0.135356
-0.135669
-0.135765
-0.135604
-0.135142
-0.134326
-0.133099
-0.131398
-0.129155
-0.126296
-0.122738
-0.118391
-0.11316
-0.10695
-0.0996528
-0.0911308
-0.0812411
-0.0699488
-0.0574875
-0.0058632
-0.0162675
-0.0296739
-0.0444934
-0.0613018
-0.0792585
-0.0982099
-0.117497
-0.136711
-0.155297
-0.172859
-0.189019
-0.203465
-0.215869
-0.226142
-0.23468
-0.241754
-0.246932
-0.250504
-0.252579
-0.253098
-0.252002
-0.249312
-0.245124
-0.239594
-0.232913
-0.22529
-0.21694
-0.208075
-0.198899
-0.1896
-0.18035
-0.171301
-0.162579
-0.154293
-0.146525
-0.139339
-0.132778
-0.126869
-0.121621
-0.117031
-0.113085
-0.109759
-0.10702
-0.104832
-0.103152
-0.101937
-0.101141
-0.100719
-0.100626
-0.10082
-0.10126
-0.101908
-0.102731
-0.103698
-0.10478
-0.105954
-0.107199
-0.108497
-0.109833
-0.111194
-0.112571
-0.113955
-0.115339
-0.116719
-0.118091
-0.119451
-0.120797
-0.122126
-0.123436
-0.124724
-0.125987
-0.12722
-0.128419
-0.129575
-0.130682
-0.131727
-0.132698
-0.13358
-0.134354
-0.134997
-0.135484
-0.135786
-0.135868
-0.13569
-0.135207
-0.134365
-0.133106
-0.131366
-0.129074
-0.126153
-0.122516
-0.118067
-0.112707
-0.106333
-0.09883
-0.0900618
-0.0798846
-0.0682044
-0.05498
-0.00802037
-0.0209182
-0.0367615
-0.0533931
-0.0717025
-0.090761
-0.110466
-0.130153
-0.149456
-0.167864
-0.185035
-0.200634
-0.2144
-0.226079
-0.235572
-0.243038
-0.248911
-0.253773
-0.257279
-0.25906
-0.259029
-0.257244
-0.253828
-0.248941
-0.242768
-0.235514
-0.227393
-0.21862
-0.209404
-0.199946
-0.190428
-0.181019
-0.171861
-0.16308
-0.154774
-0.147023
-0.139884
-0.133396
-0.127578
-0.122435
-0.117959
-0.114129
-0.110917
-0.108286
-0.106196
-0.104601
-0.103455
-0.102711
-0.102323
-0.102245
-0.102436
-0.102856
-0.103469
-0.104242
-0.105147
-0.106158
-0.107253
-0.108413
-0.109623
-0.110869
-0.112142
-0.113432
-0.114732
-0.116038
-0.117344
-0.118649
-0.119948
-0.121239
-0.12252
-0.123789
-0.125042
-0.126276
-0.127486
-0.128666
-0.129809
-0.130906
-0.131947
-0.132917
-0.133801
-0.134579
-0.13523
-0.135728
-0.136042
-0.136137
-0.135974
-0.135505
-0.13468
-0.133437
-0.131714
-0.129437
-0.126528
-0.122899
-0.118449
-0.113074
-0.106666
-0.0991071
-0.0902593
-0.0799506
-0.0680252
-0.0544757
-0.00956272
-0.0248095
-0.0431454
-0.0618045
-0.0818802
-0.102296
-0.123004
-0.143323
-0.162936
-0.181381
-0.198382
-0.213665
-0.227052
-0.238401
-0.247717
-0.255167
-0.26086
-0.264564
-0.266491
-0.26681
-0.265571
-0.262772
-0.25848
-0.252825
-0.245977
-0.238131
-0.229493
-0.220274
-0.21068
-0.200906
-0.191135
-0.181527
-0.172225
-0.163349
-0.154993
-0.147233
-0.140121
-0.133689
-0.127953
-0.12291
-0.118547
-0.114837
-0.111746
-0.109234
-0.107253
-0.105757
-0.104696
-0.10402
-0.103682
-0.103638
-0.103844
-0.104262
-0.104857
-0.105598
-0.106458
-0.107414
-0.108445
-0.109536
-0.110671
-0.111841
-0.113037
-0.11425
-0.115476
-0.116711
-0.117951
-0.119194
-0.120437
-0.121678
-0.122915
-0.124145
-0.125366
-0.126574
-0.127764
-0.128929
-0.130063
-0.131157
-0.132199
-0.133175
-0.13407
-0.134864
-0.135535
-0.136057
-0.136399
-0.136527
-0.1364
-0.135971
-0.135188
-0.133992
-0.132317
-0.130091
-0.127233
-0.123653
-0.119249
-0.113909
-0.107518
-0.0999589
-0.0910905
-0.080716
-0.068608
-0.0546409
-0.0109115
-0.0285276
-0.0492779
-0.0699549
-0.0917736
-0.11349
-0.135094
-0.155901
-0.175661
-0.193979
-0.210655
-0.225487
-0.238345
-0.249131
-0.257843
-0.264556
-0.269399
-0.272548
-0.274002
-0.273678
-0.271651
-0.268042
-0.262982
-0.256619
-0.249127
-0.240702
-0.231547
-0.221872
-0.211881
-0.201769
-0.191713
-0.181875
-0.172395
-0.163389
-0.154951
-0.147151
-0.140038
-0.133639
-0.127964
-0.123006
-0.118745
-0.115149
-0.112179
-0.109789
-0.107927
-0.106543
-0.105582
-0.104994
-0.104728
-0.10474
-0.104985
-0.105426
-0.106028
-0.106762
-0.107601
-0.108524
-0.109512
-0.110552
-0.111631
-0.11274
-0.113872
-0.115021
-0.116183
-0.117356
-0.118537
-0.119724
-0.120916
-0.122111
-0.123308
-0.124504
-0.125696
-0.126881
-0.128055
-0.12921
-0.13034
-0.131435
-0.132485
-0.133476
-0.134391
-0.135212
-0.135917
-0.136478
-0.136867
-0.137047
-0.13698
-0.136618
-0.135908
-0.134793
-0.133206
-0.131074
-0.128316
-0.124841
-0.120545
-0.115309
-0.109012
-0.101536
-0.0927432
-0.0824191
-0.0702628
-0.0560443
-0.0120393
-0.0320012
-0.0549804
-0.0775394
-0.10092
-0.123767
-0.146116
-0.167302
-0.18715
-0.205333
-0.221719
-0.236161
-0.248588
-0.258944
-0.267241
-0.273538
-0.277908
-0.280382
-0.281044
-0.279987
-0.27726
-0.272961
-0.267231
-0.260233
-0.252148
-0.243175
-0.233521
-0.223396
-0.213005
-0.202541
-0.192185
-0.182096
-0.172414
-0.163254
-0.154707
-0.146843
-0.139704
-0.133316
-0.127683
-0.122793
-0.118621
-0.11513
-0.112275
-0.110004
-0.108262
-0.106993
-0.106141
-0.105651
-0.105472
-0.105556
-0.105858
-0.106341
-0.106971
-0.107717
-0.108555
-0.109466
-0.110432
-0.11144
-0.112479
-0.113544
-0.114627
-0.115725
-0.116836
-0.117957
-0.119088
-0.120228
-0.121376
-0.122531
-0.123692
-0.124858
-0.126026
-0.127193
-0.128354
-0.129503
-0.130634
-0.131737
-0.132801
-0.133814
-0.134759
-0.135618
-0.136369
-0.136985
-0.137438
-0.137692
-0.137707
-0.137438
-0.136833
-0.135832
-0.134371
-0.132375
-0.129765
-0.126449
-0.122321
-0.117259
-0.111133
-0.103823
-0.0952015
-0.0850487
-0.072984
-0.0585982
-0.0129212
-0.0351503
-0.0601081
-0.0843674
-0.109095
-0.1329
-0.155852
-0.177333
-0.197235
-0.215299
-0.231446
-0.245576
-0.257649
-0.267635
-0.275549
-0.281429
-0.285328
-0.287301
-0.287422
-0.285766
-0.282429
-0.277529
-0.271212
-0.263645
-0.25502
-0.245539
-0.235413
-0.224854
-0.214069
-0.203255
-0.192592
-0.182241
-0.172343
-0.163013
-0.15434
-0.146392
-0.13921
-0.132814
-0.127206
-0.122368
-0.118271
-0.114871
-0.11212
-0.109961
-0.108334
-0.107179
-0.106436
-0.106047
-0.10596
-0.106123
-0.106492
-0.107029
-0.107699
-0.108472
-0.109325
-0.110239
-0.111198
-0.11219
-0.113206
-0.114241
-0.11529
-0.116351
-0.117422
-0.118503
-0.119594
-0.120695
-0.121807
-0.122929
-0.124061
-0.125202
-0.12635
-0.127502
-0.128655
-0.129803
-0.130939
-0.132056
-0.133141
-0.134184
-0.135168
-0.136075
-0.136885
-0.137571
-0.138105
-0.138452
-0.138574
-0.138425
-0.137954
-0.137103
-0.135806
-0.133991
-0.131578
-0.128477
-0.124582
-0.119766
-0.113894
-0.106845
-0.0985068
-0.0886744
-0.0768863
-0.0624944
-0.0135544
-0.0379392
-0.0645728
-0.0903175
-0.116158
-0.140745
-0.16417
-0.185877
-0.205818
-0.223789
-0.239758
-0.253655
-0.265464
-0.275168
-0.28278
-0.288331
-0.291862
-0.293418
-0.293102
-0.290969
-0.287132
-0.281723
-0.274899
-0.266835
-0.257728
-0.247786
-0.237223
-0.226257
-0.215096
-0.203942
-0.192976
-0.182364
-0.172245
-0.162736
-0.153927
-0.145882
-0.138641
-0.132223
-0.126623
-0.121822
-0.117784
-0.114463
-0.111803
-0.109743
-0.108221
-0.107172
-0.106532
-0.106241
-0.106243
-0.106487
-0.106926
-0.107521
-0.108237
-0.109046
-0.109924
-0.110852
-0.111815
-0.112804
-0.11381
-0.114828
-0.115855
-0.11689
-0.117933
-0.118985
-0.120046
-0.121118
-0.122202
-0.123298
-0.124407
-0.125529
-0.126663
-0.127805
-0.128955
-0.130105
-0.131251
-0.132386
-0.133498
-0.134577
-0.135607
-0.136573
-0.137453
-0.138223
-0.138854
-0.139315
-0.139566
-0.139564
-0.139258
-0.138592
-0.137499
-0.135909
-0.133742
-0.130913
-0.127316
-0.122823
-0.117291
-0.110601
-0.102667
-0.0933202
-0.0820308
-0.0678312
-0.01389
-0.0403284
-0.0682819
-0.0952827
-0.121994
-0.147197
-0.170982
-0.192867
-0.212845
-0.230763
-0.246617
-0.260362
-0.271995
-0.281505
-0.288904
-0.294214
-0.297474
-0.298739
-0.298056
-0.295543
-0.291306
-0.285484
-0.278238
-0.269754
-0.260231
-0.249885
-0.238934
-0.227598
-0.216093
-0.204621
-0.19337
-0.182506
-0.172171
-0.162484
-0.153534
-0.145386
-0.138079
-0.131626
-0.126021
-0.121242
-0.117248
-0.113989
-0.111404
-0.109431
-0.107999
-0.107043
-0.106495
-0.106293
-0.106378
-0.106697
-0.107203
-0.107855
-0.10862
-0.109467
-0.110374
-0.111322
-0.112298
-0.113291
-0.114296
-0.115307
-0.116323
-0.117344
-0.118369
-0.119402
-0.120443
-0.121494
-0.122558
-0.123636
-0.12473
-0.125838
-0.126962
-0.1281
-0.129249
-0.130405
-0.131565
-0.13272
-0.133863
-0.134982
-0.136065
-0.137096
-0.138055
-0.13892
-0.139664
-0.140255
-0.140657
-0.140828
-0.140718
-0.140271
-0.139424
-0.138105
-0.136237
-0.133738
-0.130506
-0.126414
-0.121315
-0.115091
-0.107693
-0.0990158
-0.0884938
-0.0747726
-0.0137936
-0.0422914
-0.0711296
-0.0991763
-0.126516
-0.152189
-0.176242
-0.198272
-0.218296
-0.236203
-0.252004
-0.26567
-0.277204
-0.286599
-0.293864
-0.299016
-0.302086
-0.303126
-0.302199
-0.299407
-0.294867
-0.288724
-0.281147
-0.272324
-0.262462
-0.251778
-0.240498
-0.228846
-0.217039
-0.205287
-0.19378
-0.182686
-0.172153
-0.162299
-0.153215
-0.144965
-0.137586
-0.131092
-0.125474
-0.120703
-0.116739
-0.113525
-0.111
-0.109094
-0.107738
-0.106858
-0.106388
-0.106261
-0.106417
-0.106802
-0.107368
-0.108072
-0.108881
-0.109765
-0.110702
-0.111672
-0.112664
-0.113668
-0.114677
-0.115689
-0.116702
-0.117716
-0.118733
-0.119755
-0.120785
-0.121825
-0.122877
-0.123945
-0.125028
-0.12613
-0.127249
-0.128386
-0.129538
-0.130703
-0.131878
-0.133055
-0.134229
-0.135391
-0.136527
-0.137626
-0.138669
-0.139635
-0.140501
-0.141236
-0.141806
-0.142171
-0.142284
-0.142091
-0.141529
-0.140528
-0.139014
-0.136906
-0.134111
-0.130503
-0.125931
-0.120289
-0.113573
-0.105768
-0.0963211
-0.0834654
-0.012918
-0.0439418
-0.0729815
-0.101947
-0.129665
-0.155685
-0.179928
-0.20208
-0.222165
-0.2401
-0.255901
-0.269552
-0.281056
-0.290406
-0.297608
-0.302674
-0.305635
-0.306538
-0.305448
-0.302467
-0.297716
-0.291345
-0.283525
-0.274449
-0.264329
-0.253385
-0.241846
-0.22994
-0.217891
-0.205908
-0.194187
-0.182901
-0.172198
-0.162199
-0.152997
-0.144655
-0.13721
-0.130674
-0.125036
-0.120265
-0.116318
-0.113135
-0.110652
-0.108796
-0.107495
-0.106675
-0.106264
-0.106196
-0.106409
-0.106847
-0.107461
-0.108209
-0.109056
-0.109972
-0.110936
-0.111928
-0.112937
-0.113953
-0.114971
-0.115988
-0.117003
-0.118017
-0.119032
-0.120051
-0.121077
-0.122112
-0.123161
-0.124224
-0.125305
-0.126405
-0.127525
-0.128665
-0.129824
-0.131
-0.132191
-0.133391
-0.134596
-0.135797
-0.136985
-0.138148
-0.139272
-0.140339
-0.141327
-0.142209
-0.142955
-0.143527
-0.143882
-0.143968
-0.143725
-0.143086
-0.141978
-0.140325
-0.13804
-0.135001
-0.13106
-0.126125
-0.120258
-0.113549
-0.10551
-0.094022
-0.0108625
-0.0455337
-0.0735403
-0.103603
-0.131377
-0.157664
-0.182034
-0.204293
-0.224455
-0.242454
-0.258306
-0.271999
-0.283531
-0.292897
-0.300098
-0.305145
-0.308064
-0.308904
-0.307729
-0.304642
-0.299766
-0.293252
-0.285276
-0.276033
-0.265738
-0.254615
-0.242894
-0.230808
-0.218582
-0.206431
-0.194552
-0.183121
-0.172289
-0.162179
-0.152884
-0.144469
-0.136971
-0.1304
-0.124743
-0.119969
-0.116029
-0.112865
-0.110408
-0.108585
-0.10732
-0.106539
-0.106169
-0.106141
-0.106393
-0.106869
-0.107518
-0.108299
-0.109174
-0.110116
-0.111101
-0.112113
-0.113137
-0.114165
-0.115193
-0.116217
-0.117238
-0.118257
-0.119275
-0.120297
-0.121324
-0.122361
-0.123411
-0.124477
-0.125561
-0.126665
-0.12779
-0.128938
-0.130107
-0.131297
-0.132504
-0.133727
-0.134961
-0.136198
-0.137433
-0.138655
-0.139852
-0.141009
-0.142109
-0.143128
-0.144041
-0.144815
-0.145411
-0.145783
-0.145876
-0.145627
-0.144965
-0.143819
-0.142111
-0.139725
-0.136519
-0.132428
-0.127595
-0.122234
-0.115924
-0.10638
-0.00738948
-0.0471102
-0.0725869
-0.104211
-0.131541
-0.158125
-0.182559
-0.204923
-0.225183
-0.243286
-0.259236
-0.273021
-0.284636
-0.294073
-0.301329
-0.306415
-0.309354
-0.310194
-0.309003
-0.305881
-0.300955
-0.294377
-0.286325
-0.276998
-0.266609
-0.255387
-0.243564
-0.231374
-0.219045
-0.206794
-0.19482
-0.183301
-0.172391
-0.162213
-0.152862
-0.144403
-0.136872
-0.130279
-0.124611
-0.119833
-0.115898
-0.112743
-0.110299
-0.108493
-0.107246
-0.106485
-0.106136
-0.106129
-0.106403
-0.106899
-0.107569
-0.108368
-0.109262
-0.11022
-0.111221
-0.112246
-0.113282
-0.114322
-0.115359
-0.116392
-0.117421
-0.118446
-0.119471
-0.120498
-0.121532
-0.122574
-0.12363
-0.124702
-0.125793
-0.126906
-0.12804
-0.129199
-0.130381
-0.131586
-0.132812
-0.134058
-0.135319
-0.13659
-0.137866
-0.139139
-0.140399
-0.141634
-0.142828
-0.143965
-0.145023
-0.145973
-0.146785
-0.147419
-0.147829
-0.147958
-0.147744
-0.147124
-0.146026
-0.144352
-0.14197
-0.138848
-0.135235
-0.131477
-0.127153
-0.120104
-0.00236265
-0.0485486
-0.0700098
-0.103769
-0.13007
-0.157099
-0.181506
-0.203997
-0.22439
-0.242639
-0.258737
-0.272667
-0.284416
-0.293973
-0.301335
-0.30651
-0.309522
-0.31042
-0.30927
-0.306177
-0.301266
-0.294694
-0.286638
-0.277299
-0.266893
-0.255648
-0.243799
-0.231581
-0.219222
-0.206942
-0.194939
-0.183395
-0.172462
-0.162266
-0.152901
-0.144433
-0.136897
-0.130303
-0.124636
-0.119862
-0.115931
-0.112781
-0.110342
-0.108539
-0.107296
-0.106537
-0.10619
-0.106185
-0.106462
-0.106961
-0.107635
-0.10844
-0.109339
-0.110305
-0.111313
-0.112345
-0.11339
-0.114437
-0.115483
-0.116525
-0.117561
-0.118595
-0.119628
-0.120663
-0.121705
-0.122756
-0.12382
-0.124902
-0.126002
-0.127125
-0.128271
-0.129442
-0.130638
-0.131859
-0.133105
-0.134372
-0.135658
-0.13696
-0.138273
-0.139589
-0.140902
-0.1422
-0.143474
-0.144706
-0.14588
-0.146974
-0.14796
-0.148808
-0.14948
-0.149929
-0.150104
-0.149952
-0.149419
-0.148431
-0.146888
-0.144786
-0.14248
-0.140491
-0.138305
-0.134011
0.00421463
-0.0495794
-0.0658254
-0.102146
-0.126972
-0.154614
-0.178888
-0.201571
-0.222139
-0.240589
-0.256893
-0.271021
-0.282956
-0.292682
-0.300196
-0.305505
-0.308635
-0.309636
-0.308578
-0.305565
-0.300726
-0.294217
-0.286219
-0.276933
-0.266576
-0.255378
-0.243572
-0.231396
-0.219077
-0.206835
-0.19487
-0.183362
-0.172464
-0.162301
-0.152967
-0.144529
-0.13702
-0.130449
-0.124801
-0.120041
-0.11612
-0.112974
-0.110534
-0.108726
-0.107474
-0.106703
-0.106342
-0.106323
-0.106585
-0.107072
-0.107734
-0.10853
-0.109423
-0.110385
-0.111392
-0.112425
-0.113472
-0.114524
-0.115576
-0.116624
-0.117668
-0.11871
-0.119752
-0.120796
-0.121847
-0.122908
-0.123983
-0.125074
-0.126186
-0.12732
-0.128478
-0.129662
-0.130872
-0.132108
-0.133371
-0.134657
-0.135966
-0.137294
-0.138636
-0.139988
-0.141343
-0.142693
-0.144028
-0.145335
-0.146599
-0.147803
-0.148925
-0.149937
-0.150809
-0.151503
-0.151974
-0.152179
-0.152076
-0.15162
-0.150754
-0.149507
-0.14829
-0.147892
-0.148072
-0.145492
0.0125506
-0.0496045
-0.0601734
-0.0990688
-0.122381
-0.150608
-0.174804
-0.197716
-0.218532
-0.23725
-0.253824
-0.268211
-0.280386
-0.290329
-0.298038
-0.303521
-0.306808
-0.307951
-0.307023
-0.304131
-0.299407
-0.293009
-0.285119
-0.275938
-0.265686
-0.254592
-0.24289
-0.230817
-0.218601
-0.206459
-0.194592
-0.183178
-0.172369
-0.16229
-0.153032
-0.144662
-0.137211
-0.130689
-0.125079
-0.120348
-0.116444
-0.113305
-0.110863
-0.109044
-0.107774
-0.10698
-0.106592
-0.106545
-0.106778
-0.107238
-0.107875
-0.10865
-0.109525
-0.110473
-0.111469
-0.112496
-0.113541
-0.114593
-0.115646
-0.116699
-0.11775
-0.118799
-0.119849
-0.120902
-0.121963
-0.123034
-0.124119
-0.125221
-0.126343
-0.127488
-0.128657
-0.129853
-0.131076
-0.132326
-0.133603
-0.134905
-0.136232
-0.13758
-0.138946
-0.140325
-0.141712
-0.143099
-0.144479
-0.145839
-0.147169
-0.148452
-0.14967
-0.150801
-0.151818
-0.152689
-0.153378
-0.153843
-0.154043
-0.15394
-0.153504
-0.152782
-0.152164
-0.152446
-0.155473
-0.151512
0.0214349
-0.0479682
-0.0537873
-0.0940013
-0.116655
-0.145011
-0.169389
-0.192555
-0.213713
-0.232782
-0.2497
-0.26441
-0.276878
-0.287085
-0.295027
-0.300719
-0.304192
-0.305505
-0.304739
-0.302001
-0.297425
-0.291172
-0.283427
-0.274393
-0.264289
-0.253346
-0.241797
-0.229878
-0.217815
-0.205826
-0.194108
-0.182838
-0.172166
-0.162214
-0.153072
-0.144804
-0.137442
-0.130993
-0.125442
-0.120752
-0.116874
-0.113747
-0.111303
-0.109471
-0.108178
-0.107353
-0.10693
-0.106844
-0.107038
-0.107459
-0.10806
-0.108802
-0.10965
-0.110575
-0.111553
-0.112567
-0.113603
-0.11465
-0.115703
-0.116757
-0.117812
-0.118867
-0.119924
-0.120986
-0.122056
-0.123136
-0.12423
-0.125342
-0.126474
-0.127629
-0.128809
-0.130014
-0.131247
-0.132508
-0.133796
-0.135111
-0.13645
-0.137813
-0.139195
-0.140592
-0.142
-0.143413
-0.144822
-0.146218
-0.14759
-0.148925
-0.150206
-0.151414
-0.152525
-0.153513
-0.154345
-0.154985
-0.1554
-0.155557
-0.155446
-0.155087
-0.154949
-0.154378
-0.16066
-0.15252
0.0362776
-0.0437516
-0.0464011
-0.0873202
-0.109576
-0.13805
-0.162761
-0.186271
-0.20788
-0.227394
-0.244733
-0.259831
-0.272644
-0.283156
-0.291366
-0.297295
-0.300984
-0.302498
-0.301906
-0.299338
-0.294929
-0.288845
-0.28127
-0.27241
-0.262486
-0.251726
-0.240365
-0.228637
-0.216767
-0.20497
-0.193441
-0.182353
-0.171855
-0.162065
-0.153072
-0.144936
-0.137687
-0.131333
-0.125855
-0.12122
-0.117377
-0.114267
-0.111824
-0.109978
-0.10866
-0.1078
-0.107336
-0.107204
-0.107351
-0.107726
-0.108284
-0.108986
-0.109798
-0.110693
-0.111647
-0.112642
-0.113664
-0.114703
-0.115751
-0.116804
-0.11786
-0.118919
-0.119982
-0.12105
-0.122128
-0.123216
-0.124319
-0.12544
-0.12658
-0.127743
-0.128931
-0.130145
-0.131385
-0.132654
-0.133949
-0.135271
-0.136619
-0.13799
-0.139381
-0.140788
-0.142207
-0.143633
-0.145057
-0.146471
-0.147866
-0.149228
-0.150543
-0.151794
-0.15296
-0.154015
-0.154933
-0.155681
-0.156229
-0.156546
-0.15666
-0.156461
-0.157189
-0.155601
-0.165755
-0.15551
0.038711
-0.0376982
-0.0388375
-0.0792142
-0.101278
-0.129937
-0.155126
-0.179118
-0.2013
-0.22136
-0.239198
-0.254742
-0.267947
-0.278796
-0.287296
-0.293475
-0.297379
-0.299078
-0.2987
-0.296323
-0.292096
-0.286191
-0.278799
-0.270128
-0.260398
-0.24984
-0.238686
-0.22717
-0.215515
-0.203933
-0.192616
-0.181735
-0.171434
-0.161829
-0.153005
-0.145019
-0.137902
-0.131656
-0.126266
-0.121695
-0.117896
-0.114809
-0.112372
-0.110515
-0.109173
-0.10828
-0.107774
-0.107596
-0.107694
-0.10802
-0.108531
-0.10919
-0.109964
-0.110825
-0.111751
-0.112723
-0.113727
-0.114753
-0.115793
-0.116842
-0.117897
-0.118958
-0.120024
-0.121098
-0.122182
-0.123277
-0.124388
-0.125515
-0.126663
-0.127833
-0.129027
-0.130247
-0.131493
-0.132766
-0.134066
-0.135393
-0.136744
-0.138118
-0.139512
-0.140923
-0.142345
-0.143773
-0.145201
-0.14662
-0.148019
-0.149388
-0.150712
-0.151977
-0.15316
-0.15424
-0.155194
-0.155992
-0.156613
-0.157019
-0.157323
-0.157098
-0.158615
-0.156181
-0.169824
-0.159895
0.0228947
-0.0302721
-0.0321102
-0.0699424
-0.0920292
-0.120992
-0.14682
-0.171491
-0.19437
-0.215066
-0.233471
-0.249508
-0.263133
-0.274341
-0.283147
-0.289591
-0.293733
-0.29565
-0.295435
-0.293228
-0.289177
-0.28345
-0.27624
-0.267756
-0.258221
-0.247864
-0.23692
-0.225619
-0.214182
-0.202819
-0.19172
-0.181051
-0.170952
-0.161536
-0.152886
-0.145056
-0.138073
-0.13194
-0.126639
-0.122136
-0.118382
-0.115321
-0.112891
-0.111027
-0.109665
-0.108741
-0.108197
-0.107977
-0.10803
-0.10831
-0.108775
-0.109392
-0.110129
-0.110958
-0.111857
-0.112809
-0.113799
-0.114814
-0.115847
-0.116892
-0.117947
-0.119009
-0.120079
-0.121158
-0.122247
-0.123349
-0.124465
-0.125599
-0.126753
-0.127928
-0.129128
-0.130352
-0.131603
-0.13288
-0.134183
-0.135512
-0.136864
-0.138239
-0.139632
-0.141041
-0.142461
-0.143886
-0.145308
-0.14672
-0.148111
-0.149471
-0.150783
-0.152034
-0.153203
-0.154268
-0.155209
-0.155996
-0.156621
-0.157025
-0.157423
-0.15719
-0.158734
-0.157183
-0.16687
-0.165647
)
;

boundaryField
{
    inlet
    {
        type            zeroGradient;
    }
    outlet
    {
        type            fixedValue;
        value           uniform 0;
    }
    polygon
    {
        type            zeroGradient;
    }
    top
    {
        type            symmetryPlane;
    }
    bottom
    {
        type            symmetryPlane;
    }
    outside
    {
        type            slip;
    }
}


// ************************************************************************* //
