/*--------------------------------*- C++ -*----------------------------------*\
  =========                 |
  \\      /  F ield         | OpenFOAM: The Open Source CFD Toolbox
   \\    /   O peration     | Website:  https://openfoam.org
    \\  /    A nd           | Version:  7
     \\/     M anipulation  |
\*---------------------------------------------------------------------------*/
FoamFile
{
    version     2.0;
    format      ascii;
    class       surfaceScalarField;
    location    "10";
    object      phi;
}
// * * * * * * * * * * * * * * * * * * * * * * * * * * * * * * * * * * * * * //

dimensions      [0 3 -1 0 0 0 0];

internalField   nonuniform List<scalar> 
322
(
0.00162143
1.46447e-05
0.00162235
-1.83489e-05
0.00162045
3.77249e-05
0.00162118
-1.22892e-05
0.00161859
5.21777e-05
0.00161878
-6.001e-07
0.00161462
8.26246e-05
0.00161358
2.65463e-05
0.00160638
0.000137587
0.000101438
0.00822704
-7.4522e-05
0.00823582
-9.50158e-05
0.00822245
-0.000155964
0.00823436
-0.000192242
0.0082138
-0.000351629
0.00823136
-0.000372925
0.00820281
-0.000719247
0.00822891
-0.000747841
0.0081974
-0.00147033
0.00824457
-0.0014556
0.0082554
-0.00298885
-0.00282779
0.0082347
-1.32388e-05
0.00823092
3.01307e-06
0.00823458
-3.85409e-05
0.00822888
-2.23146e-05
0.00823423
-5.33071e-05
0.00822507
-6.53548e-05
0.00823191
-0.000101854
0.0082179
-0.000141954
0.00822647
-0.000200821
0.00820335
-0.000328502
0.00821567
-0.000385249
0.00818002
-0.000683598
0.00819823
-0.000766053
0.00814887
-0.00142097
0.00818723
-0.00149397
0.00815778
-0.0029594
-0.0029097
0.00823415
-1.51603e-05
0.00823085
6.31444e-06
0.00823347
-4.11529e-05
0.00822825
-1.70964e-05
0.00823214
-5.7197e-05
0.00822331
-5.65281e-05
0.00822776
-0.000106301
0.00821377
-0.000127962
0.00821822
-0.000205278
0.00819368
-0.000303963
0.00819925
-0.000390817
0.00815851
-0.000642859
0.00816596
-0.000773506
0.00810171
-0.00135671
0.00812615
-0.00151841
0.00805725
-0.0028905
-0.00299254
0.00823355
-1.64739e-05
0.00823081
9.05589e-06
0.00823231
-4.26598e-05
0.00822768
-1.2461e-05
0.00822997
-5.94886e-05
0.00822171
-4.82742e-05
0.00822352
-0.000108103
0.00820997
-0.00011442
0.00820981
-0.00020511
0.00818476
-0.000278913
0.00818236
-0.000388423
0.00813841
-0.000598902
0.00813227
-0.000767368
0.00805675
-0.00128119
0.00806063
-0.00152229
0.0079561
-0.00278597
-0.00306335
0.00823295
-1.71862e-05
0.00823074
1.12572e-05
0.00823121
-4.31303e-05
0.00822711
-8.36121e-06
0.00822787
-6.0239e-05
0.00822019
-4.05965e-05
0.00821938
-0.000107298
0.00820637
-0.000101408
0.00820155
-0.000200288
0.00817637
-0.00025373
0.00816552
-0.000377577
0.00811951
-0.000552897
0.0080978
-0.000745653
0.00801418
-0.00119757
0.0079906
-0.00149871
0.00785678
-0.00265214
-0.00310392
0.00823241
-1.73674e-05
0.00823064
1.30285e-05
0.00823027
-4.27568e-05
0.00822651
-4.60064e-06
0.00822598
-5.97098e-05
0.00821863
-3.32432e-05
0.00821559
-0.000104266
0.00820278
-8.85955e-05
0.00819386
-0.000191367
0.00816824
-0.000228112
0.00814947
-0.0003588
0.00810144
-0.000504871
0.00806382
-0.000708031
0.00797358
-0.00110734
0.00791742
-0.00144255
0.00776029
-0.00249502
-0.00309329
0.008232
-1.71319e-05
0.00823047
1.45528e-05
0.00822959
-4.18698e-05
0.00822579
-8.07557e-07
0.00822444
-5.83528e-05
0.00821695
-2.57558e-05
0.00821237
-9.96822e-05
0.00819907
-7.53016e-05
0.00818715
-0.000179446
0.00816015
-0.000201107
0.00813503
-0.000333688
0.00808374
-0.000453579
0.00803204
-0.000656329
0.00793419
-0.00100949
0.00784413
-0.00135249
0.00766609
-0.00231698
-0.0030109
0.00823171
-1.66101e-05
0.00823023
1.60328e-05
0.0082291
-4.07389e-05
0.00822504
3.25212e-06
0.00822326
-5.65691e-05
0.00821516
-1.7663e-05
0.00820984
-9.43555e-05
0.00819518
-6.06422e-05
0.00818173
-0.000166003
0.00815194
-0.000171314
0.00812296
-0.00030471
0.00806614
-0.000396754
0.00800431
-0.000594502
0.00789528
-0.000900464
0.00777527
-0.00123247
0.00757275
-0.00211446
-0.00284211
0.00823156
-1.59404e-05
0.00822988
1.77192e-05
0.00822906
-3.99225e-05
0.00822402
8.28796e-06
0.00822273
-5.5279e-05
0.00821305
-7.97423e-06
0.00820813
-8.94444e-05
0.00819104
-4.35501e-05
0.00817776
-0.000152722
0.00814369
-0.000137245
0.00811365
-0.000274667
0.00804879
-0.000331897
0.00798197
-0.000527679
0.00785693
-0.000775423
0.00771586
-0.00109141
0.00747901
-0.0018776
-0.00258629
0.00823094
0.00823031
0.00822811
0.00822411
0.00822101
0.00821243
0.00820561
0.00818861
0.00817347
0.00813767
0.00810531
0.00803461
0.00796381
0.00782293
0.00766811
0.00738802
)
;

boundaryField
{
    inlet
    {
        type            calculated;
        value           nonuniform List<scalar> 10(-0.00162212 -0.00823223 -0.00823223 -0.00823223 -0.00823223 -0.00823223 -0.00823223 -0.00823223 -0.00823223 -0.00823223);
    }
    outlet
    {
        type            calculated;
        value           nonuniform 0();
    }
    polygon
    {
        type            calculated;
        value           nonuniform 0();
    }
    top
    {
        type            symmetryPlane;
        value           uniform 0;
    }
    bottom
    {
        type            symmetryPlane;
        value           uniform 0;
    }
    outside
    {
        type            calculated;
        value           nonuniform 0();
    }
    procBoundary8to0
    {
        type            processor;
        value           nonuniform List<scalar> 
18
(
8.36395e-05
8.6236e-05
0.00016934
0.000180326
0.000372194
0.000355362
0.000747795
0.000721744
0.00150185
0.00140843
0.00297802
0.00274402
1.07671e-05
7.75059e-07
3.48818e-05
2.80146e-05
-0.00823616
4.79486e-05
)
;
    }
    procBoundary8to16
    {
        type            processor;
        value           nonuniform List<scalar> 
18
(
-1.39606e-05
1.74273e-05
-3.5823e-05
1.1564e-05
-4.95891e-05
4.08923e-07
-7.84684e-05
-2.55057e-05
-0.000130387
0.00160182
-9.68772e-05
-0.000242309
-0.000261198
-0.000456884
-0.000634539
-0.000936582
-0.00159751
-0.00225403
)
;
    }
    procBoundary8to17
    {
        type            processor;
        value           nonuniform List<scalar> 5(0.00833917 0.00823969 0.00814008 0.00802691 0.00789736);
    }
    procBoundary8to25
    {
        type            processor;
        value           nonuniform List<scalar> 5(0.00774967 0.0075837 0.00740395 0.00722319 0.00705576);
    }
}


// ************************************************************************* //
