/*--------------------------------*- C++ -*----------------------------------*\
  =========                 |
  \\      /  F ield         | OpenFOAM: The Open Source CFD Toolbox
   \\    /   O peration     | Website:  https://openfoam.org
    \\  /    A nd           | Version:  7
     \\/     M anipulation  |
\*---------------------------------------------------------------------------*/
FoamFile
{
    version     2.0;
    format      ascii;
    class       volVectorField;
    location    "20";
    object      U;
}
// * * * * * * * * * * * * * * * * * * * * * * * * * * * * * * * * * * * * * //

dimensions      [0 1 -1 0 0 0 0];

internalField   nonuniform List<vector> 
125
(
(0.91705 -0.0843415 1.57397e-20)
(0.912805 -0.087586 -2.44465e-20)
(0.910725 -0.0892741 1.08479e-19)
(0.906455 -0.0924846 2.68609e-19)
(0.903176 -0.0950466 1.93034e-19)
(0.898732 -0.0984189 1.1808e-18)
(0.894674 -0.101593 6.74384e-19)
(0.889953 -0.105251 1.73945e-18)
(0.885321 -0.108924 8.20404e-19)
(0.880275 -0.11293 2.41561e-18)
(0.875176 -0.117051 8.83754e-19)
(0.869787 -0.121436 3.30042e-18)
(0.864282 -0.125982 1.08209e-18)
(0.858552 -0.130763 3.99788e-18)
(0.852683 -0.135734 3.24034e-19)
(0.846627 -0.140934 3.20695e-18)
(0.918363 -0.0821446 -1.18429e-19)
(0.913417 -0.0847084 -2.25405e-19)
(0.911461 -0.0861687 -2.94036e-19)
(0.906978 -0.0890397 -3.37433e-19)
(0.903727 -0.0913716 -1.7288e-19)
(0.899194 -0.0945035 4.14157e-19)
(0.89513 -0.0974697 1.73979e-19)
(0.890361 -0.100927 2.56499e-19)
(0.885713 -0.104414 -2.01268e-19)
(0.880634 -0.108243 -6.61631e-19)
(0.875515 -0.112194 -2.72979e-18)
(0.870099 -0.116418 -1.6715e-18)
(0.864571 -0.12081 -1.30117e-18)
(0.858814 -0.125447 1.32164e-18)
(0.852918 -0.130281 -2.42306e-19)
(0.846832 -0.135354 9.78409e-20)
(0.919989 -0.0801428 1.40509e-19)
(0.914459 -0.082374 1.58046e-19)
(0.912578 -0.0837138 4.50369e-19)
(0.907823 -0.0863233 2.06405e-19)
(0.904599 -0.0885156 7.95389e-19)
(0.899933 -0.0914515 -7.23877e-20)
(0.89586 -0.0942725 2.12495e-19)
(0.891017 -0.0975642 2.14042e-19)
(0.886344 -0.100906 4.0505e-19)
(0.881213 -0.104583 8.49644e-19)
(0.876061 -0.108392 2.13356e-18)
(0.8706 -0.11247 3.6468e-19)
(0.865034 -0.116723 2.82731e-18)
(0.859232 -0.12122 -4.15436e-19)
(0.85329 -0.125919 4.49947e-19)
(0.847153 -0.130859 7.43346e-19)
(0.921716 -0.0779718 1.30622e-19)
(0.915727 -0.0800084 1.80053e-19)
(0.913865 -0.0812459 2.57412e-19)
(0.90885 -0.0836446 2.06455e-19)
(0.905624 -0.085711 3.18656e-19)
(0.900811 -0.0884706 7.69653e-20)
(0.896715 -0.09116 3.26857e-19)
(0.891779 -0.0942992 3.10691e-19)
(0.88707 -0.0975096 4.93101e-19)
(0.881869 -0.101047 7.1461e-19)
(0.876672 -0.104726 8.80547e-19)
(0.871148 -0.108674 5.05215e-19)
(0.865527 -0.112801 9.96726e-19)
(0.85966 -0.117174 -9.97204e-20)
(0.853654 -0.121752 7.63638e-19)
(0.847442 -0.126574 9.89902e-19)
(0.923438 -0.075582 3.7704e-19)
(0.917044 -0.0774549 4.9707e-19)
(0.91517 -0.0785991 9.91589e-19)
(0.909914 -0.0808167 6.28831e-19)
(0.906658 -0.0827596 1.54668e-18)
(0.901694 -0.0853524 3.33026e-19)
(0.897557 -0.0879099 8.68988e-19)
(0.892516 -0.0908972 9.17952e-19)
(0.887755 -0.0939739 1.30701e-18)
(0.88247 -0.0973691 2.0862e-18)
(0.877211 -0.100916 3.95236e-18)
(0.871608 -0.104728 1.47972e-18)
(0.865915 -0.108726 4.59444e-18)
(0.859963 -0.112968 1.03061e-19)
(0.853871 -0.117421 1.91814e-18)
(0.847563 -0.12212 2.02787e-18)
(0.925005 -0.0730413 2.28586e-19)
(0.918244 -0.0747742 4.29307e-19)
(0.91634 -0.075834 6.27737e-19)
(0.910854 -0.0778945 1.10171e-18)
(0.907548 -0.0797197 1.85799e-18)
(0.902431 -0.0821576 3.53124e-18)
(0.898234 -0.0845854 3.51689e-18)
(0.893079 -0.0874242 4.12125e-18)
(0.888249 -0.0903664 3.95955e-18)
(0.882867 -0.0936183 3.65908e-18)
(0.87753 -0.0970292 1.39775e-18)
(0.871831 -0.100702 2.92529e-18)
(0.866047 -0.104563 4.52408e-18)
(0.859991 -0.10867 8.14141e-18)
(0.853792 -0.112989 7.26811e-18)
(0.847365 -0.117555 7.36249e-18)
(0.926264 -0.0703691 -3.55619e-20)
(0.919164 -0.0719834 4.2048e-19)
(0.917217 -0.0729668 -2.46035e-19)
(0.911507 -0.074889 1.60748e-18)
(0.908133 -0.0766033 1.53979e-19)
(0.902858 -0.0788975 3.88634e-18)
(0.898584 -0.0811988 1.67093e-18)
(0.893305 -0.0838938 4.19004e-18)
(0.88839 -0.086702 1.73014e-18)
(0.882895 -0.0898109 4.54758e-18)
(0.877463 -0.0930837 1.38341e-18)
(0.871651 -0.0966137 6.07967e-18)
(0.865758 -0.100335 2.918e-18)
(0.859579 -0.1043 8.16638e-18)
(0.853251 -0.108478 2.43995e-18)
(0.846681 -0.112904 6.75421e-18)
(0.927074 -0.0675687 -6.2669e-19)
(0.919646 -0.0690775 -9.8145e-19)
(0.917647 -0.0699915 -1.29425e-18)
(0.911712 -0.0717888 -8.61609e-19)
(0.908257 -0.0733978 -7.37573e-19)
(0.902817 -0.0755569 1.62218e-18)
(0.898449 -0.0777343 2.61303e-19)
(0.893033 -0.080289 9.85162e-19)
(0.888016 -0.0829627 -4.31969e-19)
(0.882394 -0.0859281 -9.89947e-19)
(0.876848 -0.08906 -4.94667e-18)
(0.870905 -0.0924441 -2.45564e-18)
(0.864883 -0.0960206 -2.27961e-18)
)
;

boundaryField
{
    inlet
    {
        type            uniformFixedValue;
        uniformValue    constant (1 0 0);
        value           nonuniform 0();
    }
    outlet
    {
        type            pressureInletOutletVelocity;
        value           nonuniform List<vector> 8((0.91705 -0.0843415 1.57397e-20) (0.918363 -0.0821446 -1.18429e-19) (0.919989 -0.0801428 1.40509e-19) (0.921716 -0.0779718 1.30622e-19) (0.923438 -0.075582 3.7704e-19) (0.925005 -0.0730413 2.28586e-19) (0.926264 -0.0703691 -3.55619e-20) (0.927074 -0.0675687 -6.2669e-19));
    }
    polygon
    {
        type            fixedValue;
        value           nonuniform 0();
    }
    top
    {
        type            symmetryPlane;
    }
    bottom
    {
        type            symmetryPlane;
    }
    outside
    {
        type            zeroGradient;
    }
    procBoundary63to55
    {
        type            processor;
        value           nonuniform List<vector> 
17
(
(0.858559 -0.0998367 3.12169e-18)
(0.85208 -0.103867 -1.66581e-19)
(0.845342 -0.108143 5.68812e-19)
(0.927307 -0.0646425 -3.17698e-19)
(0.919554 -0.0660533 3.3898e-20)
(0.917495 -0.0669037 -9.45606e-19)
(0.911332 -0.0685853 1.03865e-18)
(0.907782 -0.0700938 -1.14363e-18)
(0.902165 -0.0721239 2.95658e-18)
(0.897687 -0.0741791 2.49909e-19)
(0.892121 -0.0765956 3.15787e-18)
(0.886983 -0.0791337 3.01182e-19)
(0.881217 -0.0819541 3.75123e-18)
(0.875537 -0.0849413 2.08835e-20)
(0.869444 -0.0881748 4.86575e-18)
(0.858559 -0.0998367 3.12169e-18)
(0.86327 -0.0915999 4.56067e-19)
)
;
    }
    procBoundary63to62
    {
        type            processor;
        value           nonuniform List<vector> 7((0.840429 -0.146345 -2.42386e-18) (0.840603 -0.140649 -1.7242e-18) (0.840868 -0.136024 1.51826e-18) (0.841079 -0.131626 1.81537e-18) (0.841096 -0.127053 3.55285e-18) (0.840769 -0.122359 5.01112e-18) (0.839931 -0.117569 -1.62715e-18));
    }
}


// ************************************************************************* //
