/*--------------------------------*- C++ -*----------------------------------*\
  =========                 |
  \\      /  F ield         | OpenFOAM: The Open Source CFD Toolbox
   \\    /   O peration     | Website:  https://openfoam.org
    \\  /    A nd           | Version:  7
     \\/     M anipulation  |
\*---------------------------------------------------------------------------*/
FoamFile
{
    version     2.0;
    format      ascii;
    class       volVectorField;
    location    "72";
    object      U;
}
// * * * * * * * * * * * * * * * * * * * * * * * * * * * * * * * * * * * * * //

dimensions      [0 1 -1 0 0 0 0];

internalField   nonuniform List<vector> 
125
(
(0.763521 -0.161725 -7.39534e-17)
(0.813254 -0.220447 -2.95449e-17)
(0.550423 -0.59845 -1.26436e-17)
(0.763994 -0.147493 -2.36007e-17)
(0.776023 -0.196282 -6.32307e-17)
(0.531205 -0.542156 -1.52629e-17)
(0.766064 -0.13297 -7.75416e-18)
(0.742892 -0.174776 -1.04935e-16)
(0.509521 -0.47875 -8.01133e-17)
(0.768991 -0.11712 -3.82778e-18)
(0.714426 -0.152397 -5.71264e-17)
(0.490678 -0.41662 -1.0447e-16)
(0.772435 -0.10034 -1.0372e-17)
(0.690631 -0.129393 -6.55825e-17)
(0.474436 -0.354765 -5.73246e-17)
(0.776192 -0.082867 -2.41181e-17)
(0.671326 -0.10604 -1.07979e-16)
(0.460764 -0.29284 -6.89631e-17)
(0.780081 -0.0648409 -5.04054e-17)
(0.656301 -0.0823578 -1.98109e-16)
(1.27402 -0.420953 5.2695e-18)
(1.06022 -0.378368 1.27854e-17)
(0.52119 -0.145146 1.03898e-17)
(1.29793 -0.433098 3.48584e-18)
(1.23912 -0.431927 8.24445e-18)
(1.00376 -0.375099 1.61218e-17)
(0.438221 -0.152103 -6.60097e-20)
(1.28938 -0.450388 4.73611e-18)
(1.23911 -0.457366 2.42052e-18)
(1.01839 -0.405775 9.16375e-18)
(0.450569 -0.165501 1.34474e-17)
(1.27317 -0.464579 7.55361e-18)
(1.22131 -0.474758 4.6246e-18)
(1.00797 -0.424577 4.37147e-18)
(0.445459 -0.177845 8.82625e-18)
(1.25824 -0.478702 8.30996e-18)
(1.21123 -0.494244 4.54768e-18)
(1.01064 -0.447278 -3.23914e-19)
(0.453759 -0.193287 3.77953e-18)
(1.2401 -0.49096 1.04884e-17)
(1.19644 -0.511542 3.9654e-18)
(1.01092 -0.470015 3.85211e-19)
(0.469222 -0.21404 -1.07382e-18)
(1.22149 -0.502218 1.41019e-17)
(1.18244 -0.528409 4.63872e-18)
(1.01383 -0.493945 5.26744e-19)
(0.49287 -0.242018 -2.14856e-18)
(1.20085 -0.464639 1.45841e-18)
(1.20351 -0.511834 1.67283e-17)
(1.16873 -0.543713 6.3899e-18)
(1.01816 -0.518344 7.31022e-19)
(0.526586 -0.279153 -3.70742e-18)
(1.18349 -0.470942 -1.50037e-18)
(1.18584 -0.520154 1.61774e-17)
(1.15611 -0.557309 7.06109e-18)
(1.0251 -0.542095 1.07899e-18)
(0.575702 -0.326407 -7.19836e-18)
(1.15538 -0.476369 -3.47356e-18)
(1.15586 -0.527424 1.59368e-17)
(1.12956 -0.56934 1.24992e-17)
(1.0185 -0.565147 1.79727e-18)
(0.633696 -0.385044 -7.32267e-18)
(1.03936 -0.192139 3.26853e-18)
(0.7207 -0.111715 6.24146e-18)
(0.309401 -0.0284779 -2.10677e-17)
(0.00613032 -0.0196294 -1.78381e-17)
(-0.0692351 -0.0306194 -1.46117e-17)
(1.11261 -0.221003 8.71143e-18)
(0.823926 -0.140124 1.23631e-17)
(0.402182 -0.0399985 -5.45665e-18)
(0.047855 -0.00819644 -1.39735e-17)
(-0.0648573 -0.018704 1.32513e-18)
(1.16292 -0.244209 7.13899e-18)
(0.910546 -0.169234 8.27586e-18)
(0.498429 -0.0606209 -2.00965e-18)
(0.0942139 0.0018996 1.79968e-18)
(-0.0612227 -0.00821641 3.11792e-19)
(0.997451 -0.200782 4.54955e-18)
(0.608137 -0.0899911 -1.55542e-18)
(0.159639 0.00559778 1.26724e-17)
(-0.0566712 0.00225774 -3.5939e-19)
(1.07689 -0.234653 7.09565e-18)
(0.725991 -0.127454 7.58839e-18)
(0.245491 -0.00265792 3.18915e-18)
(-0.0471454 0.0125373 -1.2993e-18)
(1.14809 -0.270029 7.34337e-18)
(0.845849 -0.171343 8.3495e-18)
(0.35327 -0.0272893 3.39054e-19)
(-0.0253063 0.0210134 -8.2446e-19)
(1.20804 -0.305831 9.39953e-19)
(0.96055 -0.219719 1.06474e-17)
(0.482869 -0.070451 -8.86029e-19)
(0.0154478 0.023558 -6.01919e-19)
(1.25383 -0.340367 1.92301e-18)
(1.06397 -0.270727 1.30717e-17)
(0.630605 -0.129591 -2.03704e-18)
(0.0838965 0.0151874 3.22355e-19)
(1.2845 -0.371874 5.19109e-18)
(1.15315 -0.323058 -3.96361e-18)
(0.791458 -0.201432 -8.2538e-19)
(0.189659 -0.0114559 2.19103e-18)
(1.30425 -0.398622 6.75894e-18)
(1.22574 -0.375049 1.08606e-17)
(0.953984 -0.280531 1.35416e-17)
(0.408467 -0.0583329 5.68856e-18)
(0.965449 -0.0935799 -7.59399e-17)
(0.922469 -0.220269 -4.27079e-17)
(0.948303 -0.190206 3.1692e-17)
(0.978281 -0.490003 2.8252e-17)
(0.965615 -0.0938126 -1.25728e-18)
(0.885008 -0.213312 -3.94648e-17)
(0.923482 -0.198202 1.1949e-16)
(0.959521 -0.548757 3.34562e-17)
(0.966191 -0.0913956 -9.83277e-18)
(0.840709 -0.20229 -3.94255e-17)
(0.907149 -0.209531 1.0648e-16)
(0.930644 -0.612952 1.92459e-17)
(0.961631 -0.0851852 -8.59482e-17)
(0.797536 -0.188642 -4.34937e-17)
(0.895308 -0.223047 2.65431e-17)
(0.87414 -0.674767 3.8296e-18)
(0.94723 -0.0752787 3.48198e-18)
(0.768 -0.173899 -4.79397e-17)
(0.869265 -0.233396 8.58919e-17)
(0.746566 -0.707178 4.41974e-18)
)
;

boundaryField
{
    inlet
    {
        type            uniformFixedValue;
        uniformValue    constant (1 0 0);
        value           nonuniform 0();
    }
    outlet
    {
        type            pressureInletOutletVelocity;
        value           nonuniform 0();
    }
    polygon
    {
        type            fixedValue;
        value           uniform (0 0 0);
    }
    top
    {
        type            symmetryPlane;
    }
    bottom
    {
        type            symmetryPlane;
    }
    outside
    {
        type            zeroGradient;
    }
    procBoundary25to16
    {
        type            processor;
        value           nonuniform List<vector> 9((0.930094 -0.0659296 -2.22147e-18) (0.930094 -0.0659296 -2.22147e-18) (0.920414 -0.057466 -2.57356e-17) (0.9118 -0.0496786 -6.00183e-17) (0.931485 -0.0922956 4.30616e-17) (0.910553 -0.0855468 1.53515e-17) (0.891289 -0.078394 2.27969e-17) (0.877745 -0.0709403 4.82675e-17) (0.872591 -0.0625227 2.10938e-17));
    }
    procBoundary25to17
    {
        type            processor;
        value           nonuniform List<vector> 
28
(
(1.31604 -0.417276 5.28576e-18)
(1.31604 -0.417276 5.28576e-18)
(1.31604 -0.417276 5.28576e-18)
(1.29577 -0.404119 3.29675e-19)
(1.28384 -0.41593 -2.54166e-19)
(1.2691 -0.427912 -9.22669e-19)
(1.25355 -0.438758 -1.55396e-18)
(1.23609 -0.448589 -1.92803e-19)
(1.21802 -0.457276 -1.67084e-18)
(1.21802 -0.457276 -1.67084e-18)
(1.19168 -0.42064 1.4398e-17)
(1.17578 -0.425379 1.59106e-17)
(1.15063 -0.429436 1.08688e-17)
(1.22065 -0.248243 3.70333e-18)
(1.25919 -0.269421 4.15727e-18)
(1.27949 -0.284036 3.40333e-18)
(1.21229 -0.269233 2.90545e-18)
(1.21229 -0.269233 2.90545e-18)
(1.2508 -0.293354 4.49494e-18)
(1.28113 -0.31636 3.73215e-18)
(1.30136 -0.337514 3.31953e-18)
(1.31145 -0.356046 4.18558e-18)
(1.31254 -0.371125 1.60248e-18)
(1.3104 -0.381999 1.56222e-18)
(0.969179 -0.0920773 -9.84131e-18)
(0.950861 -0.222253 -3.55914e-17)
(0.977634 -0.185328 7.74432e-17)
(0.995908 -0.438244 3.20896e-17)
)
;
    }
    procBoundary25to18
    {
        type            processor;
        value           nonuniform List<vector> 5((0.959838 -0.17824 2.53559e-18) (0.610708 -0.100719 3.65453e-18) (0.22273 -0.0336362 6.81056e-18) (-0.0248538 -0.0279567 2.9718e-18) (-0.0752029 -0.0528709 1.85765e-17));
    }
    procBoundary25to24
    {
        type            processor;
        value           nonuniform List<vector> 4((0.904285 -0.0420556 8.53308e-18) (0.897917 -0.0346881 -2.87238e-17) (0.892744 -0.0276358 -6.42116e-17) (0.888792 -0.0208759 -1.25811e-16));
    }
    procBoundary25to33
    {
        type            processor;
        value           nonuniform List<vector> 4((0.449649 -0.230338 -9.38744e-17) (0.783863 -0.0467138 -1.02431e-16) (0.449649 -0.230338 -9.38744e-17) (0.645336 -0.058975 -2.19895e-16));
    }
}


// ************************************************************************* //
