/*--------------------------------*- C++ -*----------------------------------*\
  =========                 |
  \\      /  F ield         | OpenFOAM: The Open Source CFD Toolbox
   \\    /   O peration     | Website:  https://openfoam.org
    \\  /    A nd           | Version:  7
     \\/     M anipulation  |
\*---------------------------------------------------------------------------*/
FoamFile
{
    version     2.0;
    format      ascii;
    class       surfaceScalarField;
    location    "108";
    object      phi;
}
// * * * * * * * * * * * * * * * * * * * * * * * * * * * * * * * * * * * * * //

dimensions      [0 3 -1 0 0 0 0];

internalField   nonuniform List<scalar> 
310
(
-0.000627446
0.00944136
-0.00939499
-0.000675328
0.00943654
-0.00938866
-0.000724995
0.0094393
-0.00938963
-0.0007768
0.00945132
-0.00939952
0.00947516
-0.00942079
-0.000628538
0.00948746
-0.000676109
0.00948411
-0.000725401
0.00948859
-0.000776742
0.00950266
0.00952894
-0.000629524
0.00953328
-0.000676773
0.00953136
-0.000725683
0.0095375
-0.000776552
0.00955353
0.0095821
-0.000630401
0.00957881
-0.000677316
0.00957828
-0.000725831
0.00958602
-0.00077621
0.00960391
0.00963463
-0.000631173
0.00962404
-0.000677741
0.00962485
-0.000725842
0.00963412
-0.000775708
0.00965378
0.00968649
-0.00058692
0.00967384
-0.000631844
0.00966897
-0.000678052
0.00967105
-0.000725723
0.00968179
-0.000775054
0.00970311
0.00973766
-0.000587813
0.00971732
-0.00063242
0.00971357
-0.000678256
0.00971689
-0.000725483
0.00972901
-0.000774261
0.00975189
0.0097881
-0.00058862
0.00976051
-0.000632903
0.00975786
-0.000678358
0.00976235
-0.000725129
0.00977579
-0.000773336
0.0098001
0.0098378
-0.000589353
0.0098034
-0.000633308
0.00980181
-0.000678376
0.00980741
-0.000724684
0.00982209
-0.000772311
0.00984772
0.00988673
-0.000589924
-0.000633529
-0.000678182
-0.000723999
-0.000771014
-0.000290389
0.00940501
-0.00940236
-0.00029478
0.00937925
-0.00937485
-0.000301271
0.00935747
-0.00935098
-0.000310181
0.00934104
-0.00933213
-0.000321983
0.00933077
-0.00931897
0.00932874
-0.000291212
0.00940722
-0.000295122
0.00938316
-0.00030106
0.00936341
-0.000309336
0.00934931
-0.000320391
0.00934183
0.00934313
-0.000291919
0.00940896
-0.000295323
0.00938656
-0.000300679
0.00936876
-0.000308281
0.00935691
-0.00031854
0.00935209
0.00935655
-0.000292536
0.00941022
-0.000295413
0.00938944
-0.000300166
0.00937352
-0.000307066
0.00936381
-0.00031649
0.00936151
0.00936895
-0.000293065
-0.000295402
0.00939177
-0.000299535
0.00937765
-0.000305714
0.00936999
-0.000314279
0.00937008
0.00938031
-0.000295295
0.00939356
-0.000298798
0.00938115
-0.000304241
0.00937544
-0.000311931
0.00937777
0.00939061
-0.000295098
0.00939478
-0.00029796
0.00938401
-0.000302657
0.00938013
-0.000309458
0.00938457
0.00939982
-0.000294815
0.00939543
-0.000297028
0.00938623
-0.000300967
0.00938407
-0.000306868
0.00939047
0.00940793
-0.00029446
0.00939551
-0.000296016
0.00938778
-0.000299193
0.00938725
-0.000304187
0.00939546
0.00941493
-0.000293942
-0.000294818
-0.000297202
-0.000301257
2.69834e-05
0.00976604
-0.00980318
6.15083e-05
0.00972126
-0.00975579
9.32435e-05
0.00967643
-0.00970817
0.000121669
0.00963409
-0.00966252
0.00959336
-0.00961788
2.79971e-05
0.00972802
6.37142e-05
0.00968555
9.67306e-05
0.00964342
0.000126603
0.00960422
0.0095672
2.85409e-05
0.00968937
6.50004e-05
0.00964909
9.88578e-05
0.00960956
0.000129709
0.00957337
0.00953991
2.8989e-05
0.00965014
6.61182e-05
0.00961196
0.000100727
0.00957495
0.00013245
0.00954165
0.00951159
2.94588e-05
0.00961034
6.72505e-05
0.00957417
0.00010261
0.00953959
0.000135215
0.00950904
0.00948223
2.99965e-05
0.00956994
6.84691e-05
0.00953569
0.000104605
0.00950345
0.000138125
0.00947552
0.00945178
3.0593e-05
0.00952895
6.9758e-05
0.00949653
0.000106684
0.00946653
0.000141135
0.00944107
0.00942023
3.12333e-05
0.00948736
7.10938e-05
0.00945667
0.000108813
0.00942881
0.000144194
0.00940569
0.00938758
3.1911e-05
0.00944516
7.24668e-05
0.00941611
0.000110979
0.0093903
0.000147287
0.00936938
0.00935384
3.26295e-05
7.38881e-05
0.000113205
0.000150459
0.00872481
0.00522561
0.00892053
0.00483407
0.00781552
0.00883087
0.00492066
0.00903526
0.00462968
0.00718827
0.00892473
0.00460662
0.00913842
0.004416
0.00661852
0.00900911
0.00428778
0.00923186
0.00419324
0.00609459
0.00908585
0.00931735
)
;

boundaryField
{
    inlet
    {
        type            calculated;
        value           nonuniform 0();
    }
    outlet
    {
        type            calculated;
        value           nonuniform 0();
    }
    polygon
    {
        type            calculated;
        value           nonuniform 0();
    }
    top
    {
        type            symmetryPlane;
        value           uniform 0;
    }
    bottom
    {
        type            symmetryPlane;
        value           uniform 0;
    }
    outside
    {
        type            calculated;
        value           nonuniform 0();
    }
    procBoundary49to41
    {
        type            processor;
        value           nonuniform List<scalar> 
34
(
-0.00083117
-0.000830514
-0.000829713
-0.00082874
-0.000827574
-0.000826222
-0.000824704
-0.000823032
-0.000821241
-0.00081915
-0.00033726
-0.00931346
-0.000334777
-0.000331963
-0.000328896
-0.000325638
-0.000322224
-0.000318667
-0.000314978
-0.000311194
-0.000307118
0.000146186
0.000152759
0.000157008
0.000160767
0.000164574
0.000168573
0.000172685
0.000176845
0.000181032
0.000185323
-0.00551413
-0.0050298
-0.00851287
)
;
    }
    procBoundary49to50
    {
        type            processor;
        value           nonuniform List<scalar> 3(0.00986791 0.00989474 0.00993487);
    }
    procBoundary49to56
    {
        type            processor;
        value           nonuniform List<scalar> 5(-0.00843629 -0.00852592 -0.00861069 -0.00869027 -0.00876457);
    }
    procBoundary49to57
    {
        type            processor;
        value           nonuniform List<scalar> 
35
(
0.000581076
0.000582439
0.000583703
0.000584868
0.00058594
-0.00963008
0.000543153
0.000544333
0.000545434
0.000546466
0.00054736
0.000287738
0.000289005
0.000290179
0.000291275
0.000292293
0.00941099
0.00029351
0.000293876
0.000294163
0.000294383
0.000294463
1.01577e-05
1.00193e-05
1.01076e-05
1.02416e-05
1.03463e-05
1.03963e-05
1.03976e-05
1.03593e-05
1.02851e-05
1.01741e-05
0.0039665
0.00396175
0.00560876
)
;
    }
    procBoundary49to58
    {
        type            processor;
        value           nonuniform List<scalar> 3(0.00984596 0.00984542 0.00985207);
    }
}


// ************************************************************************* //
