/*--------------------------------*- C++ -*----------------------------------*\
  =========                 |
  \\      /  F ield         | OpenFOAM: The Open Source CFD Toolbox
   \\    /   O peration     | Website:  https://openfoam.org
    \\  /    A nd           | Version:  7
     \\/     M anipulation  |
\*---------------------------------------------------------------------------*/
FoamFile
{
    version     2.0;
    format      ascii;
    class       volVectorField;
    location    "16";
    object      U;
}
// * * * * * * * * * * * * * * * * * * * * * * * * * * * * * * * * * * * * * //

dimensions      [0 1 -1 0 0 0 0];

internalField   nonuniform List<vector> 
175
(
(0.154193 -0.156127 -8.92569e-19)
(0.105669 -0.165357 4.92299e-19)
(0.0543336 -0.173932 2.83674e-18)
(0.000485815 -0.180979 7.28294e-18)
(-0.0554904 -0.186211 6.80925e-18)
(-0.112818 -0.188989 5.15375e-18)
(-0.170631 -0.188828 1.18862e-17)
(-0.227862 -0.185367 -1.03859e-17)
(-0.283365 -0.178425 3.58402e-17)
(-0.335971 -0.168052 -5.32949e-18)
(-0.384584 -0.154509 1.58303e-17)
(-0.428262 -0.138275 2.19458e-17)
(-0.466296 -0.119954 -6.41939e-18)
(-0.498222 -0.100202 1.06732e-17)
(-0.523815 -0.079655 4.41005e-17)
(-0.543052 -0.0588792 5.44151e-17)
(-0.556087 -0.0383157 7.49424e-17)
(0.145897 -0.148823 -4.9782e-19)
(0.0969243 -0.157619 -5.29258e-19)
(0.0451216 -0.1658 2.02218e-18)
(-0.00921386 -0.17254 8.77472e-18)
(-0.0657247 -0.177585 6.34718e-18)
(-0.123628 -0.180321 2.03804e-18)
(-0.182073 -0.180286 8.17629e-18)
(-0.240001 -0.177137 -6.6825e-18)
(-0.296277 -0.170693 3.13545e-17)
(-0.349735 -0.160992 -1.21611e-17)
(-0.399276 -0.148267 1.49565e-17)
(-0.443944 -0.13296 1.68938e-17)
(-0.483012 -0.115634 -9.9866e-18)
(-0.515986 -0.0969042 1.84586e-18)
(-0.542615 -0.077376 2.52855e-17)
(-0.562844 -0.0575894 3.81523e-17)
(-0.576809 -0.0379756 9.52961e-17)
(0.137686 -0.141566 -2.53815e-19)
(0.0882925 -0.149948 -4.81835e-19)
(0.0360504 -0.157729 3.71915e-18)
(-0.0187433 -0.164187 8.48681e-18)
(-0.0757561 -0.169057 6.48406e-18)
(-0.134202 -0.171763 5.13846e-18)
(-0.193244 -0.171866 4.84799e-18)
(-0.251836 -0.169037 -1.99953e-18)
(-0.30885 -0.163094 3.17316e-17)
(-0.363125 -0.154063 -8.73802e-18)
(-0.413559 -0.14215 1.29563e-18)
(-0.459187 -0.127758 1.02868e-17)
(-0.499258 -0.111408 -1.72134e-17)
(-0.533254 -0.093679 -7.09431e-18)
(-0.560895 -0.0751417 1.2029e-17)
(-0.582096 -0.0563118 2.56054e-17)
(-0.59697 -0.0376085 1.05241e-16)
(0.129552 -0.134438 -1.51059e-19)
(0.0797633 -0.142446 -7.15079e-19)
(0.0271067 -0.149817 4.22469e-18)
(-0.0281195 -0.156033 9.51311e-18)
(-0.0856025 -0.160743 7.2024e-18)
(-0.144559 -0.163429 3.34873e-18)
(-0.204163 -0.163669 1.00842e-17)
(-0.263383 -0.161149 3.87734e-18)
(-0.321098 -0.155687 2.453e-17)
(-0.376153 -0.147295 -8.97539e-18)
(-0.427443 -0.136154 1.85751e-18)
(-0.473994 -0.122633 3.42649e-18)
(-0.515034 -0.107215 -8.47384e-18)
(-0.550021 -0.0904424 4.56236e-18)
(-0.578646 -0.0728551 1.26453e-18)
(-0.600792 -0.054945 2.16226e-17)
(-0.616552 -0.0371198 1.05771e-16)
(0.121491 -0.127282 -1.51109e-19)
(0.0713338 -0.13491 -1.22414e-18)
(0.0182847 -0.141866 3.35814e-18)
(-0.0373548 -0.147832 9.1517e-18)
(-0.0952773 -0.152368 4.03419e-18)
(-0.154713 -0.155014 9.42123e-19)
(-0.214848 -0.15537 1.00892e-17)
(-0.27466 -0.153135 2.60964e-18)
(-0.33304 -0.148128 1.89291e-17)
(-0.388837 -0.14035 -1.22813e-17)
(-0.440946 -0.12996 3.40309e-18)
(-0.488381 -0.117294 -5.08669e-18)
(-0.530354 -0.102799 -2.19364e-17)
(-0.566296 -0.0869809 1.90693e-17)
(-0.59587 -0.0703496 -9.53135e-18)
(-0.61893 -0.0533717 2.50719e-17)
(-0.635544 -0.0364428 7.55494e-17)
(0.113505 -0.120072 -2.27331e-19)
(0.0629968 -0.127296 -9.91944e-19)
(0.00957394 -0.133863 2.5409e-18)
(-0.0464602 -0.139551 6.90603e-18)
(-0.104798 -0.143898 5.21884e-18)
(-0.164687 -0.146489 -1.90221e-18)
(-0.225321 -0.146943 1.20726e-17)
(-0.285694 -0.144973 1.25962e-18)
(-0.344703 -0.140401 1.60751e-17)
(-0.401205 -0.13322 -6.15054e-18)
(-0.454092 -0.123567 7.71865e-18)
(-0.502372 -0.111746 -1.87184e-17)
(-0.545236 -0.0981701 -2.06394e-17)
(-0.582092 -0.0833084 2.24726e-17)
(-0.612574 -0.0676411 -2.43375e-17)
(-0.636507 -0.0516083 1.37051e-17)
(-0.653937 -0.0355925 5.36687e-17)
(0.105592 -0.112824 -5.51003e-20)
(0.054745 -0.119632 -1.01572e-18)
(0.000962072 -0.125818 1.99595e-18)
(-0.0554517 -0.131211 5.1864e-18)
(-0.114185 -0.135359 7.63309e-18)
(-0.174505 -0.137881 -5.06617e-19)
(-0.235613 -0.138417 1.64363e-17)
(-0.296516 -0.136693 -5.01891e-19)
(-0.356121 -0.132538 1.51386e-17)
(-0.413288 -0.125934 -2.14336e-18)
(-0.466912 -0.117002 -2.06934e-18)
(-0.515991 -0.106014 -2.19844e-17)
(-0.559698 -0.0933485 -1.90684e-17)
(-0.597418 -0.0794416 3.01938e-17)
(-0.628758 -0.0647419 -2.52974e-17)
(-0.653516 -0.0496632 9.18429e-18)
(-0.67171 -0.0345733 3.74498e-17)
(0.0977504 -0.105556 1.17164e-19)
(0.0465703 -0.111942 -3.11188e-19)
(-0.00756517 -0.117747 1.56301e-18)
(-0.0643494 -0.122837 7.78535e-19)
(-0.123465 -0.126776 7.39945e-18)
(-0.184199 -0.129215 1.12315e-18)
(-0.24576 -0.129815 8.53839e-18)
(-0.307164 -0.128318 -3.89988e-18)
(-0.367331 -0.124559 1.63227e-17)
(-0.425125 -0.118511 1.66626e-18)
(-0.479439 -0.110279 -1.52479e-17)
(-0.529264 -0.100108 -1.29982e-17)
(-0.573758 -0.0883432 -1.53497e-17)
(-0.612282 -0.0753864 2.44258e-17)
(-0.644419 -0.0616558 -3.43866e-17)
(-0.669939 -0.0475381 1.27494e-17)
(-0.688838 -0.0333855 2.85003e-17)
(0.0899785 -0.0982939 1.2374e-19)
(0.0384624 -0.104261 -5.40167e-19)
(-0.0160258 -0.109695 1.47044e-18)
(-0.0731786 -0.114485 -1.49138e-18)
(-0.132672 -0.118216 3.93008e-18)
(-0.193808 -0.120572 2.67407e-18)
(-0.255803 -0.121231 8.32122e-18)
(-0.317685 -0.119954 -8.9196e-18)
(-0.378378 -0.116578 8.14173e-18)
(-0.436755 -0.111073 -8.27728e-18)
(-0.491706 -0.103526 -2.06631e-17)
(-0.542216 -0.0941572 -4.02004e-18)
(-0.587428 -0.0832793 -1.17869e-17)
(-0.626684 -0.071261 2.04104e-18)
(-0.659543 -0.0584908 -2.77763e-17)
(-0.685751 -0.045328 2.34724e-18)
(-0.705281 -0.0321081 3.46071e-19)
(0.0822704 -0.0909038 1.30312e-19)
(0.0304066 -0.0964389 -2.89039e-20)
(-0.0244442 -0.101496 -2.54881e-19)
(-0.0819732 -0.105974 -4.5993e-18)
(-0.141848 -0.109489 5.02053e-18)
(-0.203383 -0.111754 5.55482e-18)
(-0.2658 -0.112468 9.64091e-18)
(-0.328134 -0.111407 -1.72006e-17)
(-0.389317 -0.108414 1.1486e-19)
(-0.448225 -0.103455 -2.29369e-17)
(-0.50375 -0.0965994 -2.90615e-17)
(-0.554869 -0.088041 -8.99232e-18)
(-0.192345 -0.203119 7.78073e-19)
(-0.245629 -0.194549 3.29272e-17)
(-0.295815 -0.182225 4.00072e-19)
(-0.341823 -0.166495 2.55246e-17)
(-0.382749 -0.14796 3.99632e-17)
(-0.417949 -0.127326 4.12405e-17)
(-0.447035 -0.105341 4.52753e-17)
(-0.469866 -0.0827102 5.36329e-17)
(-0.486504 -0.0600405 6.05142e-17)
(-0.497157 -0.0377932 4.54594e-17)
)
;

boundaryField
{
    inlet
    {
        type            uniformFixedValue;
        uniformValue    constant (1 0 0);
        value           nonuniform 0();
    }
    outlet
    {
        type            pressureInletOutletVelocity;
        value           nonuniform 0();
    }
    polygon
    {
        type            fixedValue;
        value           nonuniform 0();
    }
    top
    {
        type            symmetryPlane;
    }
    bottom
    {
        type            symmetryPlane;
    }
    outside
    {
        type            zeroGradient;
    }
    procBoundary44to36
    {
        type            processor;
        value           nonuniform List<vector> 
18
(
(0.0742581 -0.0825977 1.38883e-19)
(0.0220195 -0.0875742 -3.46751e-19)
(-0.0332189 -0.0921137 -6.10386e-19)
(-0.091146 -0.0961269 -6.33604e-18)
(-0.151418 -0.0992672 7.75154e-18)
(-0.213359 -0.10128 3.95571e-18)
(-0.276191 -0.101896 4.66833e-18)
(-0.338957 -0.100916 -2.18005e-17)
(-0.40059 -0.0982022 -9.29052e-18)
(-0.459971 -0.0937218 -3.28096e-17)
(-0.515993 -0.0875388 -4.39663e-17)
(-0.567632 -0.0798251 -1.41911e-17)
(-0.600714 -0.0780619 -8.25063e-18)
(-0.640611 -0.0669974 -4.01916e-18)
(-0.6741 -0.0552054 -2.45778e-17)
(-0.700905 -0.0430179 -7.8358e-18)
(-0.720981 -0.0307527 -6.1176e-18)
(-0.600714 -0.0780619 -8.25063e-18)
)
;
    }
    procBoundary44to43
    {
        type            processor;
        value           nonuniform List<vector> 8((-0.58466 -0.0189087 1.93898e-17) (-0.605637 -0.0193805 1.15012e-17) (-0.626016 -0.0197045 2.17611e-17) (-0.64578 -0.0198656 2.59556e-17) (-0.664908 -0.0198738 2.96159e-17) (-0.683371 -0.0197309 3.23376e-17) (-0.701131 -0.0194357 1.06776e-17) (-0.718139 -0.0190483 1.25359e-17));
    }
    procBoundary44to45
    {
        type            processor;
        value           nonuniform List<vector> 10((0.199619 -0.14647 -5.26535e-19) (0.191735 -0.139631 -4.94323e-19) (0.183914 -0.132831 -5.32899e-19) (0.176151 -0.126135 -6.30618e-19) (0.168446 -0.119415 -8.2546e-19) (0.160804 -0.112647 -8.25351e-19) (0.153227 -0.105843 -9.42538e-19) (0.14572 -0.0990202 -7.41101e-19) (0.138284 -0.0921968 -6.45845e-19) (0.130924 -0.085256 -6.15356e-20));
    }
    procBoundary44to51
    {
        type            processor;
        value           nonuniform List<vector> 2((-0.563111 -0.0183486 2.06769e-17) (-0.50211 -0.0163259 1.95258e-17));
    }
    procBoundary44to52
    {
        type            processor;
        value           nonuniform List<vector> 
18
(
(0.17837 -0.174654 -2.70293e-18)
(0.131189 -0.184658 2.93403e-18)
(0.081245 -0.193787 5.69227e-18)
(0.0288492 -0.201197 7.32878e-18)
(-0.0255409 -0.206408 1.17415e-17)
(-0.0811726 -0.208798 1.3354e-17)
(-0.137137 -0.20782 2.3124e-17)
(-0.109274 -0.244604 -9.47906e-18)
(-0.15807 -0.234838 9.90423e-17)
(-0.203859 -0.220418 -1.42149e-17)
(-0.245592 -0.201737 9.27674e-17)
(-0.282395 -0.179559 1.28331e-16)
(-0.313691 -0.154747 1.47973e-16)
(-0.339147 -0.128241 1.62204e-16)
(-0.358674 -0.100928 1.76633e-16)
(-0.372366 -0.0735596 2.05351e-16)
(-0.380459 -0.0467232 6.15668e-17)
(-0.137137 -0.20782 2.3124e-17)
)
;
    }
}


// ************************************************************************* //
