/*--------------------------------*- C++ -*----------------------------------*\
  =========                 |
  \\      /  F ield         | OpenFOAM: The Open Source CFD Toolbox
   \\    /   O peration     | Website:  https://openfoam.org
    \\  /    A nd           | Version:  7
     \\/     M anipulation  |
\*---------------------------------------------------------------------------*/
FoamFile
{
    version     2.0;
    format      ascii;
    class       volVectorField;
    location    "12";
    object      U;
}
// * * * * * * * * * * * * * * * * * * * * * * * * * * * * * * * * * * * * * //

dimensions      [0 1 -1 0 0 0 0];

internalField   nonuniform List<vector> 
175
(
(0.802784 -0.0281163 -1.74954e-18)
(0.794544 -0.0292996 -3.52021e-18)
(0.78597 -0.0305571 -2.76632e-18)
(0.77705 -0.0318882 -5.21884e-18)
(0.767771 -0.033297 -4.97446e-18)
(0.758117 -0.034794 -6.01732e-18)
(0.748064 -0.0363972 -4.00321e-18)
(0.737583 -0.0381308 -8.29734e-19)
(0.726632 -0.0400243 -4.55221e-18)
(0.715158 -0.04211 1.33369e-18)
(0.84783 -0.0832223 -5.97176e-18)
(0.842236 -0.0863016 -6.00722e-18)
(0.836545 -0.0896492 -5.42444e-18)
(0.83077 -0.0932924 -4.9736e-18)
(0.824935 -0.0972387 -3.87671e-18)
(0.819075 -0.10148 -2.96991e-18)
(0.81324 -0.106004 -1.92891e-18)
(0.807487 -0.110807 -4.96747e-18)
(0.80188 -0.115905 -5.07684e-18)
(0.796486 -0.121349 -2.58109e-18)
(0.791376 -0.127214 -1.17604e-18)
(0.786625 -0.133599 7.115e-19)
(0.870112 -0.066507 -1.32637e-17)
(0.864825 -0.068895 -1.35745e-17)
(0.859438 -0.0713294 -1.39614e-17)
(0.853954 -0.0738345 -1.44975e-17)
(0.848372 -0.0764523 -1.48068e-17)
(0.842686 -0.0792362 -1.50735e-17)
(0.836891 -0.0822426 -1.50703e-17)
(0.830983 -0.0855207 -1.45692e-17)
(0.82497 -0.0891052 -1.42994e-17)
(0.818869 -0.0930126 -1.23216e-17)
(0.812711 -0.097244 -9.14796e-18)
(0.806539 -0.101794 -1.91491e-18)
(0.800406 -0.106665 -8.6688e-18)
(0.794373 -0.111877 -1.59336e-17)
(0.788499 -0.11748 -1.11677e-17)
(0.782848 -0.123555 -7.31111e-18)
(0.777485 -0.130203 1.84887e-18)
(0.865773 -0.0627519 -3.78546e-18)
(0.860315 -0.065063 -3.74328e-18)
(0.854748 -0.0674257 -3.77092e-18)
(0.849076 -0.0698601 -4.1764e-18)
(0.843298 -0.0724043 -4.3874e-18)
(0.837408 -0.0751097 -4.29705e-18)
(0.831394 -0.078033 -4.32997e-18)
(0.825249 -0.0812274 -3.70072e-18)
(0.818973 -0.084734 -3.42801e-18)
(0.812574 -0.0885781 -2.90371e-18)
(0.806075 -0.0927703 -2.28183e-18)
(0.799511 -0.0973134 -1.54006e-18)
(0.792928 -0.102215 -3.31832e-18)
(0.786378 -0.107498 -3.02899e-18)
(0.779913 -0.113214 -2.65632e-19)
(0.773587 -0.119442 3.72245e-18)
(0.767448 -0.126286 1.13109e-17)
(0.861172 -0.0588775 -9.84858e-19)
(0.855528 -0.0611034 -1.13255e-18)
(0.84976 -0.063387 -1.02541e-18)
(0.843876 -0.0657438 -1.14704e-18)
(0.837872 -0.0682072 -1.30954e-18)
(0.831743 -0.0708249 -1.1127e-18)
(0.825473 -0.0736526 -1.11607e-18)
(0.81905 -0.0767456 -1.08652e-18)
(0.812464 -0.0801508 -8.2404e-19)
(0.805714 -0.0839013 -1.1453e-18)
(0.798811 -0.0880169 -4.18617e-19)
(0.79178 -0.0925089 -4.17146e-19)
(0.784655 -0.0973903 -3.81861e-19)
(0.777477 -0.102688 -1.07538e-20)
(0.770288 -0.108451 1.38307e-18)
(0.763127 -0.114759 2.46431e-18)
(0.756028 -0.121712 3.35904e-18)
(0.856022 -0.0548703 -2.27693e-19)
(0.850162 -0.0569985 -4.47751e-19)
(0.844159 -0.0591914 -2.92997e-19)
(0.838018 -0.0614598 -2.02261e-19)
(0.831741 -0.0638314 -5.96398e-19)
(0.825319 -0.0663491 -4.8947e-19)
(0.818735 -0.0690657 -5.83586e-19)
(0.81197 -0.0720367 -5.82115e-19)
(0.805006 -0.0753127 9.74977e-20)
(0.797831 -0.0789338 8.46066e-20)
(0.790442 -0.0829279 2.0852e-19)
(0.782851 -0.0873148 9.2981e-20)
(0.775076 -0.0921137 8.81893e-19)
(0.767145 -0.0973536 1.44802e-18)
(0.759086 -0.103084 3.08734e-18)
(0.750921 -0.109378 6.29757e-18)
(0.742666 -0.116334 1.34631e-17)
(0.849952 -0.0507062 -2.37134e-19)
(0.843832 -0.0527198 -2.8396e-19)
(0.83754 -0.0548056 -8.45866e-20)
(0.831084 -0.0569697 -1.42343e-19)
(0.824466 -0.0592339 4.5039e-20)
(0.817676 -0.0616352 -2.67684e-19)
(0.810697 -0.0642215 -1.03219e-19)
(0.803505 -0.0670466 -4.62855e-19)
(0.796074 -0.0701624 8.84646e-20)
(0.78838 -0.0736137 1.29549e-19)
(0.780406 -0.0774356 2.64429e-19)
(0.772147 -0.0816554 3.20462e-19)
(0.763604 -0.0862983 6.12767e-19)
(0.754788 -0.091396 1.46826e-18)
(0.745707 -0.0969962 2.58939e-18)
(0.736367 -0.103168 3.77259e-18)
(0.726762 -0.110002 4.20329e-18)
(0.842571 -0.0463484 -5.50708e-19)
(0.836127 -0.0482267 -5.29305e-19)
(0.829479 -0.0501835 -4.78726e-19)
(0.822633 -0.0522218 -6.74246e-19)
(0.81559 -0.0543574 -6.04294e-19)
(0.808341 -0.0566207 -4.89159e-20)
(0.800868 -0.0590536 -5.22046e-20)
(0.793144 -0.0617055 -3.68329e-19)
(0.785136 -0.0646273 -1.72559e-19)
(0.77681 -0.0678658 -3.20418e-19)
(0.768135 -0.0714611 3.89894e-19)
(0.759087 -0.0754465 2.67252e-19)
(0.749649 -0.0798525 5.37088e-19)
(0.73981 -0.0847136 1.25747e-18)
(0.729558 -0.0900756 3.45752e-18)
(0.718878 -0.0960021 6.89968e-18)
(0.707742 -0.102575 1.50231e-17)
(0.833564 -0.0417435 -2.64623e-18)
(0.826721 -0.0434621 -2.58246e-18)
(0.819638 -0.0452637 -2.69385e-18)
(0.812315 -0.0471486 -2.59505e-18)
(0.804754 -0.0491282 -2.62515e-18)
(0.796944 -0.0512258 -2.74213e-18)
(0.788867 -0.0534766 -2.92801e-18)
(0.780493 -0.0559237 -2.59881e-18)
(0.771786 -0.0586143 -2.23663e-18)
(0.762703 -0.0615945 -1.83869e-18)
(0.7532 -0.0649065 -1.14099e-18)
(0.743236 -0.0685872 -4.35907e-19)
(0.732773 -0.0726711 -1.44091e-18)
(0.721778 -0.0771945 -1.34026e-18)
(0.710216 -0.082202 1.11095e-19)
(0.698048 -0.087751 2.51038e-18)
(0.685223 -0.0939146 4.29758e-18)
(0.822829 -0.0368459 -1.39856e-17)
(0.815505 -0.0383795 -1.45066e-17)
(0.807902 -0.0399969 -1.49267e-17)
(0.800017 -0.0416971 -1.53148e-17)
(0.791845 -0.0434876 -1.56021e-17)
(0.783376 -0.0453859 -1.64028e-17)
(0.774591 -0.04742 -1.64275e-17)
(0.765458 -0.0496257 -1.64648e-17)
(0.755937 -0.0520444 -1.61229e-17)
(0.74598 -0.0547185 -1.42716e-17)
(0.735532 -0.057689 -1.07945e-17)
(0.724538 -0.0609936 -1.03376e-18)
(0.71294 -0.0646685 -9.25211e-18)
(0.700682 -0.0687504 -1.93901e-17)
(0.687706 -0.0732816 -1.37953e-17)
(0.673946 -0.0783137 -8.57083e-18)
(0.659327 -0.0839102 4.09494e-18)
(0.810603 -0.0316691 -3.7554e-18)
(0.802724 -0.0329982 -4.11742e-18)
(0.79453 -0.0344067 -4.16698e-18)
(0.786011 -0.0358937 -4.95722e-18)
(0.777159 -0.0374647 -4.61842e-18)
(0.767959 -0.0391327 -4.55035e-18)
(0.75839 -0.0409194 -4.26586e-18)
(0.748421 -0.0428535 -3.96754e-18)
(0.73801 -0.044969 -3.93478e-18)
(0.727104 -0.0473026 -1.93387e-18)
(0.715644 -0.0498905 -1.81086e-18)
(0.70356 -0.0527679 -6.99883e-19)
(0.690783 -0.0559687 -3.44477e-18)
(0.677236 -0.0595278 -3.87773e-18)
(0.662837 -0.0634833 -5.04565e-19)
(0.647498 -0.0678802 4.13376e-18)
(0.631117 -0.0727713 1.48911e-17)
)
;

boundaryField
{
    inlet
    {
        type            uniformFixedValue;
        uniformValue    constant (1 0 0);
        value           nonuniform 0();
    }
    outlet
    {
        type            pressureInletOutletVelocity;
        value           nonuniform 0();
    }
    polygon
    {
        type            fixedValue;
        value           nonuniform 0();
    }
    top
    {
        type            symmetryPlane;
    }
    bottom
    {
        type            symmetryPlane;
    }
    outside
    {
        type            zeroGradient;
    }
    procBoundary53to45
    {
        type            processor;
        value           nonuniform List<vector> 
18
(
(0.800115 -0.0269464 -1.10241e-18)
(0.791746 -0.0280797 -2.16083e-18)
(0.783037 -0.0292851 -2.3839e-18)
(0.773973 -0.030562 -4.04858e-18)
(0.764541 -0.031914 -5.54554e-18)
(0.754724 -0.0333507 -5.42836e-18)
(0.744499 -0.0348887 -2.87491e-18)
(0.733834 -0.0365507 4.92218e-19)
(0.722687 -0.0383643 -3.55169e-18)
(0.7031 -0.0444207 -2.14604e-18)
(0.711008 -0.0403603 4.36175e-19)
(0.7031 -0.0444207 -2.14604e-18)
(0.690389 -0.0469889 2.56932e-18)
(0.676949 -0.0498466 -1.84762e-18)
(0.662698 -0.0530264 -1.95952e-18)
(0.647546 -0.0565639 -9.86072e-19)
(0.631397 -0.0604999 7.71207e-19)
(0.61414 -0.0648823 2.2375e-18)
)
;
    }
    procBoundary53to46
    {
        type            processor;
        value           nonuniform List<vector> 2((0.810704 -0.0270102 -2.813e-18) (0.818177 -0.0304232 -3.66528e-18));
    }
    procBoundary53to52
    {
        type            processor;
        value           nonuniform List<vector> 10((0.782321 -0.140607 -6.56535e-19) (0.77248 -0.137535 -2.93252e-18) (0.761548 -0.133862 -9.52662e-19) (0.749021 -0.129428 -2.18619e-19) (0.734328 -0.124066 1.04621e-18) (0.716877 -0.117607 6.93904e-19) (0.696109 -0.109895 2.48697e-18) (0.671674 -0.10078 2.21738e-18) (0.643754 -0.0901457 -1.91908e-18) (0.613575 -0.0782178 2.72068e-19));
    }
    procBoundary53to54
    {
        type            processor;
        value           nonuniform List<vector> 8((0.875289 -0.0641602 -1.27582e-17) (0.871111 -0.0604906 -3.63783e-18) (0.86668 -0.056711 -8.93231e-19) (0.861725 -0.0528114 -2.96177e-19) (0.85589 -0.0487712 -1.82869e-19) (0.848801 -0.0445563 -4.73816e-19) (0.840161 -0.0401152 -2.52653e-18) (0.829876 -0.0354017 -1.3442e-17));
    }
    procBoundary53to61
    {
        type            processor;
        value           nonuniform List<vector> 
18
(
(0.852958 -0.0870725 -1.44297e-17)
(0.847565 -0.0902163 -1.439e-17)
(0.84209 -0.0936217 -1.40059e-17)
(0.836548 -0.0973084 -1.3503e-17)
(0.830966 -0.101275 -1.19681e-17)
(0.825385 -0.105506 -8.68992e-18)
(0.819855 -0.10998 -1.78167e-18)
(0.814436 -0.114689 -8.48702e-18)
(0.809194 -0.119645 -1.49674e-17)
(0.804198 -0.124896 -1.03932e-17)
(0.799525 -0.130513 -6.74529e-18)
(0.795259 -0.13659 1.69331e-18)
(0.874363 -0.0701475 -5.69572e-18)
(0.869244 -0.0726069 -5.68265e-18)
(0.86403 -0.0751085 -5.88065e-18)
(0.858724 -0.0776802 -6.13218e-18)
(0.853325 -0.0803666 -6.05643e-18)
(0.853325 -0.0803666 -6.05643e-18)
)
;
    }
}


// ************************************************************************* //
