/*--------------------------------*- C++ -*----------------------------------*\
  =========                 |
  \\      /  F ield         | OpenFOAM: The Open Source CFD Toolbox
   \\    /   O peration     | Website:  https://openfoam.org
    \\  /    A nd           | Version:  7
     \\/     M anipulation  |
\*---------------------------------------------------------------------------*/
FoamFile
{
    version     2.0;
    format      ascii;
    class       volVectorField;
    location    "32";
    object      U;
}
// * * * * * * * * * * * * * * * * * * * * * * * * * * * * * * * * * * * * * //

dimensions      [0 1 -1 0 0 0 0];

internalField   nonuniform List<vector> 
115
(
(0.832525 -0.100947 1.57696e-18)
(0.852558 -0.101928 -3.18176e-18)
(0.873173 -0.103536 -1.24795e-18)
(0.894253 -0.105708 -3.8296e-18)
(0.915696 -0.108375 -5.11188e-18)
(0.937409 -0.111466 -8.00485e-18)
(0.959306 -0.114909 -1.00807e-17)
(0.981307 -0.118634 -6.63078e-18)
(1.00334 -0.122573 -1.34529e-17)
(1.02532 -0.126662 -7.05976e-18)
(1.04717 -0.130842 -1.40897e-17)
(1.06883 -0.135063 -5.04016e-18)
(1.09022 -0.139278 -6.0169e-18)
(0.873579 -0.115555 7.38779e-18)
(0.889756 -0.114354 7.19136e-18)
(0.906854 -0.113829 1.67687e-17)
(0.924727 -0.113964 2.69297e-17)
(0.943239 -0.114734 -9.57959e-18)
(0.962265 -0.116098 1.3331e-18)
(0.981689 -0.11801 -1.97369e-18)
(1.0014 -0.12041 -1.61197e-18)
(1.0213 -0.123235 -2.70116e-18)
(1.04128 -0.126418 -3.44198e-18)
(1.06125 -0.129889 -3.19266e-18)
(1.08112 -0.13358 -2.60562e-18)
(1.10079 -0.137424 -3.82721e-18)
(1.12017 -0.141359 -2.18819e-18)
(1.13919 -0.145326 -3.37431e-18)
(1.15776 -0.149274 -1.51587e-18)
(1.1758 -0.153159 -2.09658e-18)
(0.978717 -0.126406 3.71973e-18)
(0.993622 -0.125814 2.5633e-18)
(1.00923 -0.125803 4.57563e-18)
(1.02543 -0.126366 2.17817e-18)
(1.0421 -0.12748 -1.56515e-18)
(1.05913 -0.129108 4.20106e-19)
(1.07642 -0.131204 -1.11714e-18)
(1.09384 -0.133713 -1.00236e-18)
(1.1113 -0.136572 -1.0986e-18)
(1.12869 -0.139716 -1.44058e-18)
(1.1459 -0.143077 -4.72708e-19)
(1.16284 -0.146589 -6.56671e-19)
(1.17941 -0.150188 -1.40212e-18)
(1.19553 -0.153816 -7.17329e-19)
(1.21112 -0.157418 -6.05792e-19)
(1.2261 -0.160947 -5.11991e-19)
(1.24042 -0.164365 -9.73573e-19)
(1.07209 -0.136046 -4.38791e-19)
(1.08479 -0.13593 -5.98281e-18)
(1.09805 -0.136321 -1.02918e-17)
(1.11179 -0.137211 -2.46414e-17)
(1.12589 -0.138574 9.7665e-18)
(1.14025 -0.140375 -4.49842e-18)
(1.15476 -0.142565 1.32729e-18)
(1.16931 -0.145089 -1.81369e-18)
(1.1838 -0.147887 6.25947e-20)
(1.19811 -0.150894 -9.5025e-19)
(1.21215 -0.154047 -2.17249e-19)
(1.22583 -0.157284 2.47735e-20)
(1.23905 -0.160547 -6.45866e-19)
(1.25175 -0.163782 -7.36463e-19)
(1.26385 -0.166944 -6.54674e-19)
(1.27531 -0.169992 -1.80941e-18)
(1.28608 -0.172894 -2.69787e-18)
(1.15078 -0.143933 7.43161e-18)
(1.16074 -0.144213 1.35373e-17)
(1.17119 -0.144937 2.70132e-17)
(1.18204 -0.14609 -3.58212e-19)
(1.19321 -0.147643 2.96561e-17)
(1.20459 -0.149557 -1.52619e-17)
(1.21608 -0.151783 3.45703e-18)
(1.22756 -0.154268 -3.71543e-18)
(1.23895 -0.156951 -6.39585e-19)
(1.25013 -0.159773 -7.45097e-19)
(1.26102 -0.162676 -1.68901e-18)
(1.27154 -0.165604 -1.75821e-18)
(1.2816 -0.168507 -1.50173e-18)
(1.29115 -0.171339 -3.03412e-18)
(1.30014 -0.174062 -9.14492e-19)
(1.30854 -0.176646 -2.9242e-18)
(1.31631 -0.179068 -2.76109e-18)
(1.21326 -0.149497 -2.23537e-17)
(1.22036 -0.150114 1.31822e-17)
(1.22794 -0.151123 -2.4007e-18)
(1.23591 -0.152502 -3.48012e-18)
(1.24419 -0.154222 -6.5186e-18)
(1.25267 -0.15624 -2.26409e-17)
(1.26127 -0.158507 -2.93627e-17)
(1.26989 -0.160968 -8.58722e-18)
(1.27842 -0.163565 -3.18868e-17)
(1.28678 -0.166242 8.80072e-19)
(1.29489 -0.168945 -2.22278e-17)
(1.30268 -0.171624 -2.95197e-17)
(1.31008 -0.174235 -7.78615e-18)
(1.31704 -0.176739 -3.30879e-17)
(1.32354 -0.179108 5.39406e-19)
(1.32953 -0.181319 -2.28674e-17)
(1.33502 -0.183356 -2.97493e-17)
(1.25644 -0.154568 -7.69702e-18)
(1.26122 -0.155673 3.86854e-18)
(1.26648 -0.157099 -5.63452e-18)
(1.27215 -0.158815 -3.14663e-18)
(1.27814 -0.160783 -6.02706e-18)
(1.28437 -0.162956 -7.56137e-18)
(1.29073 -0.165282 -5.69154e-18)
(1.29714 -0.167711 -1.38225e-18)
(1.30351 -0.17019 -2.75141e-18)
(1.30977 -0.172671 7.71328e-18)
(1.31583 -0.175108 7.30696e-18)
(1.32164 -0.177464 2.35034e-17)
(1.32714 -0.179708 -1.72172e-18)
(1.33229 -0.181814 1.83416e-17)
(1.33707 -0.183764 -1.44723e-17)
(1.34146 -0.185549 -3.15949e-18)
(1.34545 -0.187162 -7.14774e-18)
)
;

boundaryField
{
    inlet
    {
        type            uniformFixedValue;
        uniformValue    constant (1 0 0);
        value           nonuniform 0();
    }
    outlet
    {
        type            pressureInletOutletVelocity;
        value           nonuniform 0();
    }
    polygon
    {
        type            fixedValue;
        value           nonuniform 0();
    }
    top
    {
        type            symmetryPlane;
    }
    bottom
    {
        type            symmetryPlane;
    }
    outside
    {
        type            zeroGradient;
    }
    procBoundary4to3
    {
        type            processor;
        value           nonuniform List<vector> 7((1.11125 -0.143447 -8.10804e-18) (1.19324 -0.156943 -1.68575e-18) (1.25402 -0.167637 -1.13195e-19) (1.29613 -0.175627 -3.79684e-18) (1.32345 -0.181309 -3.06109e-18) (1.34 -0.185211 -5.45344e-18) (1.34904 -0.188605 -9.55009e-19));
    }
    procBoundary4to5
    {
        type            processor;
        value           nonuniform List<vector> 6((0.858488 -0.117432 -5.85123e-18) (0.964636 -0.127574 -5.06503e-19) (1.06005 -0.136666 -4.50186e-18) (1.14141 -0.144097 -5.01803e-19) (1.20672 -0.149276 -1.28949e-17) (1.25221 -0.153807 7.36791e-18));
    }
    procBoundary4to12
    {
        type            processor;
        value           nonuniform List<vector> 
18
(
(0.714672 -0.0869228 2.5091e-17)
(0.734537 -0.08737 -6.76564e-18)
(0.755201 -0.0885387 -3.78672e-19)
(0.776528 -0.0903511 -4.54813e-18)
(0.798404 -0.0927272 -8.26089e-18)
(0.820734 -0.0955872 -1.81424e-17)
(0.843441 -0.0988529 -3.95749e-17)
(0.866459 -0.102449 -1.0966e-17)
(0.889729 -0.106307 -4.40346e-17)
(0.913197 -0.110362 -1.33586e-17)
(0.93681 -0.114557 -5.09216e-17)
(0.960516 -0.118841 -2.70605e-17)
(0.984256 -0.123172 -1.22674e-17)
(0.761141 -0.104316 5.89232e-18)
(0.777328 -0.102302 3.84294e-18)
(0.794748 -0.10109 1.74094e-17)
(0.813204 -0.100651 6.79346e-18)
(0.813204 -0.100651 6.79346e-18)
)
;
    }
}


// ************************************************************************* //
