/*--------------------------------*- C++ -*----------------------------------*\
  =========                 |
  \\      /  F ield         | OpenFOAM: The Open Source CFD Toolbox
   \\    /   O peration     | Website:  https://openfoam.org
    \\  /    A nd           | Version:  7
     \\/     M anipulation  |
\*---------------------------------------------------------------------------*/
FoamFile
{
    version     2.0;
    format      ascii;
    class       volVectorField;
    location    "14";
    object      U;
}
// * * * * * * * * * * * * * * * * * * * * * * * * * * * * * * * * * * * * * //

dimensions      [0 1 -1 0 0 0 0];

internalField   nonuniform List<vector> 
125
(
(0.974441 0.0463509 -4.12182e-19)
(0.971637 0.0477176 -6.61693e-19)
(0.968669 0.0492099 -2.76396e-18)
(0.965641 0.0507774 -4.03365e-18)
(0.962479 0.0524303 -1.43076e-18)
(0.959238 0.0541225 -5.05377e-18)
(1.00159 0.038381 3.19483e-19)
(0.998086 0.0391588 3.60562e-19)
(0.99719 0.0395606 6.88847e-19)
(0.994373 0.0403624 1.61415e-19)
(0.992818 0.0410084 7.55834e-19)
(0.990257 0.0418618 -5.47719e-19)
(0.988289 0.0426766 1.24722e-19)
(0.985775 0.0436334 3.8323e-19)
(0.983512 0.0446214 6.735e-19)
(0.98093 0.0457481 1.85931e-18)
(0.978422 0.04695 2.57338e-18)
(0.975704 0.0482958 2.6187e-19)
(0.972971 0.0497326 2.2501e-18)
(0.970081 0.0512967 -2.25421e-18)
(0.967132 0.0529353 -6.16265e-19)
(0.964057 0.0546587 -5.46428e-19)
(0.960905 0.0564195 -7.41664e-19)
(1.00165 0.0396894 3.15693e-19)
(0.998333 0.0405141 3.71372e-19)
(0.997466 0.0409445 6.67839e-19)
(0.994777 0.0418007 1.12717e-19)
(0.993263 0.0424889 6.21622e-19)
(0.990795 0.043399 -9.55422e-19)
(0.988872 0.0442639 -9.75456e-19)
(0.98643 0.0452801 1.45136e-19)
(0.984216 0.0463253 -6.49787e-19)
(0.981696 0.0475155 2.18428e-18)
(0.979241 0.0487809 2.64212e-18)
(0.976586 0.0501943 2.99749e-19)
(0.973912 0.0516986 2.02779e-18)
(0.97109 0.0533318 -3.01784e-18)
(0.96821 0.0550384 -3.00418e-18)
(0.965209 0.0568296 -7.19209e-19)
(0.962133 0.0586564 -3.41819e-18)
(1.00144 0.0409267 2.0037e-19)
(0.998319 0.0418068 2.32826e-19)
(0.997472 0.0422703 5.07026e-19)
(0.994905 0.0431897 1.53399e-19)
(0.993423 0.0439242 6.32492e-19)
(0.991038 0.044897 -3.26894e-19)
(0.98915 0.0458147 6.91846e-20)
(0.98677 0.0468932 2.14389e-19)
(0.984591 0.0479963 4.20411e-19)
(0.982124 0.0492504 1.1559e-18)
(0.97971 0.0505784 2.09066e-18)
(0.977106 0.052058 3.7012e-19)
(0.97448 0.0536278 2.12827e-18)
(0.971712 0.0553279 -1.04519e-18)
(0.968887 0.0571002 2.19801e-20)
(0.965946 0.0589568 6.33871e-20)
(0.962932 0.0608476 3.01784e-19)
(1.00103 0.0420898 -1.22568e-19)
(0.998103 0.0430354 -1.5227e-19)
(0.997264 0.0435371 -4.18096e-19)
(0.994818 0.044531 -1.67185e-19)
(0.993354 0.0453158 -6.31495e-19)
(0.991045 0.0463581 1.34612e-19)
(0.989177 0.0473304 -1.16887e-19)
(0.986849 0.0484742 -1.52817e-19)
(0.984695 0.0496355 -3.62538e-19)
(0.98227 0.050954 -8.20368e-19)
(0.979885 0.0523435 -1.98987e-18)
(0.97732 0.0538878 -3.76678e-19)
(0.974729 0.0555209 -2.15674e-18)
(0.972003 0.0572855 5.04627e-19)
(0.969218 0.0591211 -2.70063e-19)
(0.966323 0.0610407 1.53118e-19)
(0.963355 0.0629932 3.26083e-19)
(1.00048 0.0431503 -8.54953e-21)
(0.997766 0.0441741 -1.12497e-20)
(0.996922 0.0447197 -3.36755e-20)
(0.994597 0.0458024 1.3592e-20)
(0.993133 0.0466392 -8.06832e-20)
(0.990895 0.0477568 5.35684e-21)
(0.989035 0.0487838 -7.7627e-20)
(0.986751 0.0499942 -8.96378e-20)
(0.98461 0.0512127 -7.11408e-20)
(0.982217 0.0525943 -9.48822e-20)
(0.97985 0.0540429 -1.08212e-19)
(0.977313 0.0556493 -4.05238e-20)
(0.974745 0.0573428 -4.52701e-19)
(0.972048 0.0591688 -1.07267e-19)
(0.969291 0.0610644 -5.55451e-19)
(0.966427 0.0630441 -8.3818e-19)
(0.963491 0.0650556 -1.58232e-18)
(0.999871 0.0441233 5.73861e-20)
(0.997416 0.0452876 1.66801e-19)
(0.996537 0.0458833 7.60689e-20)
(0.994339 0.0470781 3.19039e-19)
(0.992857 0.0479693 -1.34161e-19)
(0.990681 0.0491702 -4.13384e-21)
(0.988819 0.0502547 -1.69987e-20)
(0.986569 0.0515354 -7.55698e-21)
(0.984434 0.0528133 5.87203e-20)
(0.982063 0.0542604 1.62735e-19)
(0.979705 0.0557702 5.02381e-19)
(0.977187 0.0574408 1.36097e-18)
(0.974632 0.0591968 -6.058e-19)
(0.971953 0.0610869 -8.26678e-20)
(0.969213 0.0630458 -3.53758e-19)
(0.966368 0.0650892 -5.54551e-19)
(0.963451 0.0671635 -7.7936e-19)
(0.99931 0.0452302 -5.86858e-20)
(0.99719 0.0466984 -1.38237e-19)
(0.996237 0.0473825 -1.11346e-19)
(0.994145 0.0487294 -2.95454e-19)
(0.992638 0.0497152 4.57882e-20)
(0.990507 0.0510238 -1.01226e-19)
(0.988639 0.0521983 -7.53131e-20)
(0.986411 0.0535705 -1.63359e-19)
(0.984278 0.0549339 -2.57098e-19)
(0.981919 0.0564657 -4.45586e-19)
(0.979567 0.0580578 -8.53517e-19)
(0.977058 0.0598099 -1.70143e-18)
(0.97451 0.0616461 3.97706e-19)
(0.97184 0.0636154 -4.81136e-19)
(0.969108 0.0656524 -3.66919e-19)
(0.966273 0.0677727 -7.85307e-19)
(0.963365 0.0699229 -1.03163e-18)
)
;

boundaryField
{
    inlet
    {
        type            uniformFixedValue;
        uniformValue    constant (1 0 0);
        value           nonuniform 0();
    }
    outlet
    {
        type            pressureInletOutletVelocity;
        value           nonuniform List<vector> 7((1.00159 0.038381 3.19483e-19) (1.00165 0.0396894 3.15693e-19) (1.00144 0.0409267 2.0037e-19) (1.00103 0.0420898 -1.22568e-19) (1.00048 0.0431503 -8.54953e-21) (0.999871 0.0441233 5.73861e-20) (0.99931 0.0452302 -5.86858e-20));
    }
    polygon
    {
        type            fixedValue;
        value           nonuniform 0();
    }
    top
    {
        type            symmetryPlane;
    }
    bottom
    {
        type            symmetryPlane;
    }
    outside
    {
        type            zeroGradient;
    }
    procBoundary7to6
    {
        type            processor;
        value           nonuniform List<vector> 7((0.957645 0.0582176 5.55203e-19) (0.958953 0.0605197 1.56051e-18) (0.959818 0.0627741 1.05848e-18) (0.96029 0.0649808 1.24147e-18) (0.96046 0.0671017 -3.37704e-18) (0.96044 0.0692725 -8.97245e-19) (0.960363 0.0721067 -1.6938e-18));
    }
    procBoundary7to14
    {
        type            processor;
        value           uniform (0.955884 0.0558532 -1.075e-18);
    }
    procBoundary7to15
    {
        type            processor;
        value           nonuniform List<vector> 
18
(
(0.972809 0.0443525 2.88025e-19)
(0.969928 0.0456463 2.54763e-18)
(0.966875 0.0470636 -2.01947e-18)
(0.963759 0.0485567 -3.45153e-19)
(0.960503 0.0501359 -4.7401e-19)
(0.957164 0.0517565 -5.90721e-19)
(1.00124 0.036999 1.54944e-19)
(0.997545 0.037735 1.71039e-19)
(0.996616 0.0381125 1.34602e-19)
(0.993663 0.0388659 -8.77705e-20)
(0.992057 0.0394738 -1.54565e-19)
(0.989396 0.0402753 -8.25505e-19)
(0.987371 0.0410424 -1.25683e-18)
(0.984777 0.0419425 -2.58271e-20)
(0.982456 0.0428739 -1.21486e-18)
(0.979801 0.0439373 1.22847e-18)
(0.977231 0.0450743 1.79507e-19)
(0.977231 0.0450743 1.79507e-19)
)
;
    }
}


// ************************************************************************* //
