/*--------------------------------*- C++ -*----------------------------------*\
  =========                 |
  \\      /  F ield         | OpenFOAM: The Open Source CFD Toolbox
   \\    /   O peration     | Website:  https://openfoam.org
    \\  /    A nd           | Version:  7
     \\/     M anipulation  |
\*---------------------------------------------------------------------------*/
FoamFile
{
    version     2.0;
    format      ascii;
    class       surfaceScalarField;
    location    "58";
    object      phi;
}
// * * * * * * * * * * * * * * * * * * * * * * * * * * * * * * * * * * * * * //

dimensions      [0 3 -1 0 0 0 0];

internalField   nonuniform List<scalar> 
321
(
-0.00215184
-0.000297778
-0.00213217
-0.000210516
-0.000126372
-0.00327989
-0.00176012
-0.00325049
-0.00168947
-0.00319901
-0.00158122
-0.00315331
-0.00149053
-0.00310415
-0.00137569
-0.00305703
-0.00126651
-0.00301196
-0.00115154
-0.00296959
-0.00103894
-0.00293033
-0.000926944
-0.00289419
-0.000817882
-0.00286112
-0.000711581
-0.00283092
-0.000608758
-0.00280332
-0.00050935
-0.00277798
-0.000413526
-0.00275456
-0.000321198
-0.0027327
-0.000232367
-0.000146981
-0.00383509
-0.00178573
-0.00381131
-0.00171324
-0.00377092
-0.00162162
-0.00373247
-0.00152897
-0.00369009
-0.00141807
-0.00364845
-0.00130815
-0.00360765
-0.00119234
-0.0035686
-0.00107799
-0.00353173
-0.000963821
-0.00349716
-0.000852445
-0.00346495
-0.000743797
-0.00343493
-0.00063877
-0.00340692
-0.000537366
-0.00338062
-0.000439822
-0.00335575
-0.00034607
-0.00333201
-0.00025611
-0.000169858
-0.00436683
-0.00179551
-0.00435157
-0.0017285
-0.00432445
-0.00164874
-0.00429586
-0.00155756
-0.00426289
-0.00145104
-0.00422924
-0.0013418
-0.00419507
-0.00122651
-0.00416151
-0.00111155
-0.00412892
-0.00099641
-0.00409765
-0.000883717
-0.00406777
-0.000773672
-0.00403928
-0.000667256
-0.00401206
-0.000564588
-0.00398594
-0.000465948
-0.0039607
-0.000371307
-0.00393616
-0.000280649
-0.000193846
-0.00486333
-0.00178879
-0.00486058
-0.00173124
-0.00484939
-0.00165994
-0.00483441
-0.00157254
-0.0048145
-0.00147095
-0.00479256
-0.00136374
-0.00476862
-0.00125046
-0.00474397
-0.00113619
-0.00471888
-0.0010215
-0.00469389
-0.000908705
-0.00466912
-0.000798445
-0.00464473
-0.000691646
-0.0046207
-0.000588622
-0.00459701
-0.000489636
-0.00457359
-0.00039473
-0.00455039
-0.000303849
-0.000216812
-0.00531001
-0.00176536
-0.0053242
-0.00171705
-0.00533156
-0.00165257
-0.00533451
-0.00156959
-0.00533194
-0.00147351
-0.00532634
-0.00136934
-0.0053173
-0.00125951
-0.00530621
-0.00114727
-0.00529313
-0.00103459
-0.00527876
-0.00092307
-0.00526323
-0.000813978
-0.00524687
-0.000708007
-0.00522976
-0.00060573
-0.00521207
-0.000507326
-0.00519386
-0.000412942
-0.00517525
-0.000322463
-0.000235635
-0.00569185
-0.0017259
-0.00572554
-0.00168335
-0.00575349
-0.00162462
-0.00577805
-0.00154504
-0.00579688
-0.00145468
-0.00581232
-0.0013539
-0.00582321
-0.00124862
-0.00583092
-0.00113956
-0.00583517
-0.00103033
-0.00583674
-0.000921505
-0.00583567
-0.000815044
-0.00583243
-0.000711249
-0.00582716
-0.000610993
-0.00582022
-0.000514274
-0.00581178
-0.000421374
-0.00580215
-0.000332099
-0.000246129
-0.00599531
-0.00167307
-0.00604816
-0.0016305
-0.00609678
-0.00157601
-0.00614446
-0.00149736
-0.00618713
-0.00141201
-0.00622687
-0.00131416
-0.00626173
-0.00121376
-0.00629277
-0.00110852
-0.00631934
-0.00100376
-0.00634205
-0.000898789
-0.00636084
-0.000796258
-0.00637613
-0.00069596
-0.00638808
-0.000599044
-0.00639704
-0.000505314
-0.00640328
-0.000415129
-0.00640721
-0.000328168
-0.00024401
-0.0062126
-0.00161214
-0.00628055
-0.00156255
-0.0063467
-0.00150986
-0.00641538
-0.00142868
-0.00648101
-0.00134637
-0.00654505
-0.00125013
-0.00660493
-0.00115387
-0.00666114
-0.00105232
-0.00671268
-0.000952228
-0.00675981
-0.000851661
-0.00680225
-0.000753814
-0.00684028
-0.000657927
-0.00687398
-0.000565347
-0.00690367
-0.000475623
-0.00692961
-0.000389189
-0.00695215
-0.000305632
-0.000224508
-0.0063463
-0.00155111
-0.00642175
-0.0014871
-0.00649896
-0.00143265
-0.00658215
-0.00134548
-0.00666518
-0.00126335
-0.00674844
-0.00116687
-0.00682922
-0.00107309
-0.00690729
-0.000974252
-0.00698139
-0.000878128
-0.00705133
-0.000781718
-0.0071166
-0.000688541
-0.00717718
-0.000597347
-0.00723295
-0.000509582
-0.00728403
-0.00042454
-0.00733056
-0.000342659
-0.00737282
-0.00026337
-0.00741114
-0.000186195
-0.000109019
-0.00640954
-0.00648386
-0.00656576
-0.00665438
-0.00674579
-0.00683853
-0.0069307
-0.00702119
-0.00710895
-0.00719333
-0.0072738
-0.00735007
-0.0074219
-0.00748922
-0.00755199
-0.00761027
-0.00766412
)
;

boundaryField
{
    inlet
    {
        type            calculated;
        value           nonuniform 0();
    }
    outlet
    {
        type            calculated;
        value           nonuniform List<scalar> 10(0.00332152 0.0038607 0.00437661 0.00485661 0.00528658 0.00565238 0.00594249 0.00615166 0.00628527 0.00635726);
    }
    polygon
    {
        type            calculated;
        value           nonuniform 0();
    }
    top
    {
        type            symmetryPlane;
        value           uniform 0;
    }
    bottom
    {
        type            symmetryPlane;
        value           uniform 0;
    }
    outside
    {
        type            calculated;
        value           nonuniform List<scalar> 
18
(
-0.00149883
-0.00141277
-0.00135075
-0.00125687
-0.00117194
-0.00107413
-0.000980921
-0.000883761
-0.000790367
-0.000697335
-0.00060807
-0.000521085
-0.000437745
-0.000357219
-0.00027989
-0.000205094
-0.000132339
-5.98301e-05
)
;
    }
    procBoundary7to6
    {
        type            processor;
        value           nonuniform List<scalar> 10(-0.00330913 -0.00391217 -0.00452742 -0.00515642 -0.00579165 -0.00640933 -0.00697165 0.000144329 -0.00744645 -0.00771331);
    }
    procBoundary7to14
    {
        type            processor;
        value           nonuniform List<scalar> 2(-0.00211418 -0.00271209);
    }
    procBoundary7to15
    {
        type            processor;
        value           nonuniform List<scalar> 
18
(
0.000276068
0.000190843
0.000108388
0.00171849
0.00166008
0.00152973
0.00144483
0.00132653
0.00121939
0.00110647
0.000996567
0.000887691
0.000781735
0.00067852
0.000578554
0.000481745
0.00217355
0.000388185
)
;
    }
}


// ************************************************************************* //
