/*--------------------------------*- C++ -*----------------------------------*\
  =========                 |
  \\      /  F ield         | OpenFOAM: The Open Source CFD Toolbox
   \\    /   O peration     | Website:  https://openfoam.org
    \\  /    A nd           | Version:  7
     \\/     M anipulation  |
\*---------------------------------------------------------------------------*/
FoamFile
{
    version     2.0;
    format      ascii;
    class       volVectorField;
    location    "58";
    object      U;
}
// * * * * * * * * * * * * * * * * * * * * * * * * * * * * * * * * * * * * * //

dimensions      [0 1 -1 0 0 0 0];

internalField   nonuniform List<vector> 
175
(
(0.772257 -0.129332 7.42709e-20)
(0.784675 -0.122285 -6.3863e-19)
(0.791403 -0.117113 8.10886e-19)
(0.80372 -0.10911 -4.19727e-18)
(0.813463 -0.101847 4.23736e-19)
(0.825516 -0.0934396 -1.18591e-17)
(0.836228 -0.0854123 -4.01064e-18)
(0.847708 -0.0770263 -1.34919e-17)
(0.858302 -0.0689546 -4.05008e-18)
(0.868928 -0.0609045 -1.5047e-17)
(0.87883 -0.0531733 -2.78178e-18)
(0.888416 -0.0456334 -1.80495e-17)
(0.897351 -0.0384039 -4.03958e-18)
(0.905838 -0.0314129 -1.99098e-17)
(0.913741 -0.0246924 -3.92454e-19)
(0.921128 -0.0181833 -1.44215e-17)
(0.927849 -0.011839 9.70543e-18)
(0.763514 -0.135969 1.56433e-18)
(0.777374 -0.13146 2.90685e-18)
(0.783385 -0.127047 3.73963e-18)
(0.795361 -0.119981 3.26745e-18)
(0.80414 -0.113082 2.51522e-18)
(0.815173 -0.104922 -4.2066e-18)
(0.824584 -0.0968703 -8.48118e-19)
(0.834633 -0.0883429 -2.39081e-18)
(0.843634 -0.0799839 1.52045e-18)
(0.852554 -0.0715726 3.9588e-18)
(0.860654 -0.0634077 1.65185e-17)
(0.868366 -0.0554015 9.46542e-18)
(0.875374 -0.0476796 7.29389e-18)
(0.881893 -0.0401933 -5.72711e-18)
(0.887798 -0.0329852 6.66075e-19)
(0.893184 -0.0260187 -1.47946e-18)
(0.897992 -0.01926 3.89251e-18)
(0.747282 -0.141221 -5.65914e-19)
(0.760965 -0.137454 -6.33957e-19)
(0.76554 -0.13288 -3.22604e-18)
(0.776126 -0.126048 -1.24093e-18)
(0.782838 -0.118853 -6.02155e-18)
(0.791695 -0.110508 1.89086e-19)
(0.798626 -0.102047 -1.12252e-18)
(0.80608 -0.0931387 -1.46475e-18)
(0.812368 -0.0843099 -2.00477e-18)
(0.818524 -0.075444 -5.08687e-18)
(0.823847 -0.0667958 -1.20504e-17)
(0.828796 -0.0583219 -1.73267e-18)
(0.833094 -0.0501297 -1.53794e-17)
(0.836966 -0.0421896 2.16014e-18)
(0.840318 -0.0345342 -3.33064e-18)
(0.843259 -0.0271277 -4.13198e-18)
(0.845762 -0.019929 -8.03497e-18)
(0.721868 -0.146146 -5.53885e-19)
(0.733636 -0.142599 -9.56969e-19)
(0.736383 -0.137752 -1.58596e-18)
(0.744539 -0.130995 -1.11011e-18)
(0.748572 -0.123457 -2.15173e-18)
(0.754536 -0.114938 -1.94474e-19)
(0.758458 -0.106108 -1.72715e-18)
(0.762847 -0.0969074 -1.70414e-18)
(0.766085 -0.0877181 -2.61613e-18)
(0.76923 -0.0785378 -4.09663e-18)
(0.771635 -0.0695666 -5.21428e-18)
(0.77376 -0.0608105 -2.57155e-18)
(0.77536 -0.0523588 -5.71181e-18)
(0.776647 -0.0442067 -1.15515e-19)
(0.777542 -0.0363809 -3.91517e-18)
(0.778151 -0.0288609 -4.2331e-18)
(0.778468 -0.0216181 -7.2012e-18)
(0.686622 -0.150211 -1.99662e-18)
(0.695328 -0.146387 -2.69154e-18)
(0.696201 -0.14111 -6.25779e-18)
(0.701354 -0.134158 -3.27488e-18)
(0.702681 -0.126151 -9.46251e-18)
(0.705607 -0.117349 -1.03246e-18)
(0.706638 -0.108097 -3.58187e-18)
(0.708111 -0.0985787 -4.81205e-18)
(0.708594 -0.0890281 -6.43051e-18)
(0.709081 -0.0795453 -1.04282e-17)
(0.709006 -0.0702671 -1.97034e-17)
(0.708793 -0.0612389 -7.59336e-18)
(0.70823 -0.0525223 -2.26968e-17)
(0.707505 -0.0441262 -2.55617e-18)
(0.706547 -0.0360618 -7.94373e-18)
(0.705445 -0.0283114 -8.33072e-18)
(0.704196 -0.020848 -1.17951e-17)
(0.642181 -0.152936 -1.13484e-18)
(0.647306 -0.14843 -2.00134e-18)
(0.646527 -0.142613 -3.13058e-18)
(0.64861 -0.135295 -4.85178e-18)
(0.647587 -0.126794 -9.38786e-18)
(0.647755 -0.1177 -1.96273e-17)
(0.646387 -0.108092 -1.94211e-17)
(0.645443 -0.0983417 -2.23801e-17)
(0.643767 -0.0885495 -2.11579e-17)
(0.642211 -0.0788925 -1.90286e-17)
(0.640308 -0.0694488 -4.93945e-18)
(0.638413 -0.0602914 -1.13682e-17)
(0.636345 -0.0514574 -1.78817e-17)
(0.634248 -0.0429681 -3.39949e-17)
(0.632052 -0.0348318 -2.84626e-17)
(0.629814 -0.0270436 -2.80651e-17)
(0.62752 -0.0195881 -1.74327e-17)
(0.589945 -0.154203 -1.41119e-20)
(0.591497 -0.148845 -2.67551e-18)
(0.589415 -0.142391 2.6386e-18)
(0.588721 -0.134689 -8.76108e-18)
(0.585872 -0.125741 1.32625e-18)
(0.583784 -0.116422 -2.15673e-17)
(0.580638 -0.106579 -9.94685e-18)
(0.577888 -0.096712 -2.29036e-17)
(0.574708 -0.0868166 -8.63484e-18)
(0.571751 -0.0771125 -2.1373e-17)
(0.568664 -0.067632 -2.62592e-18)
(0.565714 -0.0584601 -2.33492e-17)
(0.56275 -0.0496137 -9.30255e-18)
(0.559868 -0.0411175 -3.21748e-17)
(0.556999 -0.0329714 -9.75744e-18)
(0.554171 -0.0251728 -2.52682e-17)
(0.551358 -0.0177069 4.16976e-18)
(0.531633 -0.154038 2.81587e-18)
(0.529907 -0.147981 5.53919e-18)
(0.526915 -0.140684 8.51808e-18)
(0.523891 -0.132734 6.351e-18)
(0.519738 -0.123392 6.93501e-18)
(0.515942 -0.113955 -9.82315e-18)
(0.511586 -0.104006 -3.21411e-18)
(0.5076 -0.0941381 -7.14586e-18)
(0.503471 -0.084269 -5.61859e-19)
(0.499653 -0.0746294 1.19669e-18)
(0.495897 -0.0652216 2.35858e-17)
(0.492381 -0.0561287 1.35014e-17)
(0.488986 -0.0473543 1.27689e-17)
(0.485762 -0.0389216 -1.26535e-17)
(0.482642 -0.0308257 -1.78966e-18)
(0.479626 -0.0230668 -4.99706e-18)
(0.476677 -0.0156359 6.42676e-18)
(0.468957 -0.152503 1.7109e-18)
(0.464253 -0.146228 -2.0402e-19)
(0.460774 -0.137729 7.12634e-18)
(0.455817 -0.129794 -5.07989e-18)
(0.450799 -0.120095 8.6828e-18)
(0.445764 -0.110664 -1.63159e-17)
(0.440629 -0.100732 -1.99963e-18)
(0.435846 -0.0909692 -1.61488e-17)
(0.431167 -0.0812396 -8.25359e-19)
(0.426868 -0.0717592 -1.69743e-17)
(0.422788 -0.0625157 1.24372e-18)
(0.419032 -0.0535794 -1.88625e-17)
(0.415506 -0.0449469 -2.18088e-19)
(0.412222 -0.0366359 -2.07386e-17)
(0.409119 -0.0286394 1.74974e-18)
(0.406176 -0.0209579 -1.81809e-17)
(0.403348 -0.0135855 9.72025e-18)
(0.403454 -0.149635 5.46092e-19)
(0.395825 -0.1439 4.2295e-19)
(0.392325 -0.133737 2.47388e-18)
(0.38565 -0.126149 -2.44089e-19)
(0.380103 -0.116124 6.95979e-18)
(0.374158 -0.106819 1.22525e-17)
(0.368524 -0.0970132 1.75664e-17)
(0.363234 -0.087445 1.48422e-17)
(0.35824 -0.0779469 1.94396e-17)
(0.353686 -0.0687025 1.05814e-17)
(0.349472 -0.0596955 -3.18475e-18)
(0.345649 -0.0509787 -5.21593e-18)
(0.342141 -0.042545 6.93976e-18)
(0.33894 -0.0344055 2.4541e-17)
(0.335987 -0.0265523 2.88856e-17)
(0.333247 -0.018985 2.26612e-17)
(0.330675 -0.0117004 2.79931e-17)
(0.336466 -0.145374 2.55653e-19)
(0.32551 -0.141165 -2.58151e-18)
(0.322505 -0.128878 5.73378e-18)
(0.314101 -0.121963 -6.22432e-18)
(0.308263 -0.111657 1.17702e-17)
)
;

boundaryField
{
    inlet
    {
        type            uniformFixedValue;
        uniformValue    constant (1 0 0);
        value           nonuniform 0();
    }
    outlet
    {
        type            pressureInletOutletVelocity;
        value           nonuniform List<vector> 
11
(
(0.772257 -0.129332 7.42709e-20)
(0.763514 -0.135969 1.56433e-18)
(0.747282 -0.141221 -5.65914e-19)
(0.721868 -0.146146 -5.53885e-19)
(0.686622 -0.150211 -1.99662e-18)
(0.642181 -0.152936 -1.13484e-18)
(0.589945 -0.154203 -1.41119e-20)
(0.531633 -0.154038 2.81587e-18)
(0.468957 -0.152503 1.7109e-18)
(0.403454 -0.149635 5.46092e-19)
(0.336466 -0.145374 2.55653e-19)
)
;
    }
    polygon
    {
        type            fixedValue;
        value           nonuniform 0();
    }
    top
    {
        type            symmetryPlane;
    }
    bottom
    {
        type            symmetryPlane;
    }
    outside
    {
        type            zeroGradient;
    }
    procBoundary63to55
    {
        type            processor;
        value           nonuniform List<vector> 
18
(
(0.301594 -0.102584 -7.75267e-18)
(0.295608 -0.0930018 4.59666e-18)
(0.289968 -0.083701 -1.02168e-17)
(0.28477 -0.0745056 4.16951e-18)
(0.280063 -0.0655574 -1.68099e-17)
(0.275786 -0.0568426 -5.93507e-18)
(0.271955 -0.0483956 -2.33651e-17)
(0.26851 -0.040208 3.18983e-19)
(0.265427 -0.0322844 -1.1881e-17)
(0.262653 -0.0246164 8.90798e-18)
(0.26015 -0.0172027 -1.3299e-17)
(0.257871 -0.0100418 1.11165e-17)
(0.26925 -0.139504 -7.9714e-20)
(0.253933 -0.137939 -6.49145e-19)
(0.251919 -0.123302 8.62714e-19)
(0.241593 -0.117289 -6.07056e-19)
(0.301594 -0.102584 -7.75267e-18)
(0.235627 -0.106785 5.47181e-18)
)
;
    }
    procBoundary63to62
    {
        type            processor;
        value           nonuniform List<vector> 10((0.933882 -0.00548202 3.14327e-18) (0.902392 -0.012545 5.89103e-18) (0.847942 -0.0128411 -1.77595e-17) (0.778627 -0.0145851 -1.00149e-17) (0.702888 -0.0136324 -2.13401e-17) (0.625227 -0.0124502 6.83716e-19) (0.548584 -0.0105624 3.15452e-18) (0.473793 -0.00853196 9.41301e-18) (0.400613 -0.00652563 5.58647e-18) (0.328236 -0.00470415 7.50285e-18));
    }
}


// ************************************************************************* //
