/*--------------------------------*- C++ -*----------------------------------*\
  =========                 |
  \\      /  F ield         | OpenFOAM: The Open Source CFD Toolbox
   \\    /   O peration     | Website:  https://openfoam.org
    \\  /    A nd           | Version:  7
     \\/     M anipulation  |
\*---------------------------------------------------------------------------*/
FoamFile
{
    version     2.0;
    format      ascii;
    class       volVectorField;
    location    "26";
    object      U;
}
// * * * * * * * * * * * * * * * * * * * * * * * * * * * * * * * * * * * * * //

dimensions      [0 1 -1 0 0 0 0];

internalField   nonuniform List<vector> 
175
(
(-0.506178 -0.0774763 -6.68604e-18)
(-0.552204 -0.0686962 -6.93865e-19)
(-0.592229 -0.0589697 1.88112e-18)
(-0.62578 -0.0486338 -1.23628e-17)
(-0.65261 -0.0380143 -2.29831e-17)
(-0.603607 0.0410048 1.58885e-17)
(-0.587689 0.0528784 3.1161e-18)
(-0.56844 0.0628683 2.21138e-18)
(-0.546466 0.0709669 -1.51211e-18)
(-0.522364 0.0772083 8.17668e-19)
(-0.496709 0.0816605 1.11362e-17)
(-0.470047 0.0844233 2.74084e-18)
(-0.442882 0.0856234 1.01315e-17)
(-0.472065 -0.135262 2.67191e-18)
(-0.515174 -0.118344 7.29888e-18)
(-0.551782 -0.0998979 8.02861e-18)
(-0.581576 -0.0805965 1.25998e-17)
(-0.604492 -0.0610501 2.1333e-17)
(-0.620664 -0.04178 2.93794e-17)
(-0.630361 -0.0232078 3.34567e-17)
(-0.633975 -0.00567247 2.54886e-18)
(-0.631944 0.0105631 2.21777e-17)
(-0.624776 0.0253055 -2.22423e-18)
(-0.613053 0.0384306 1.65651e-17)
(-0.597337 0.0498279 8.17557e-18)
(-0.578225 0.0594352 1.40799e-18)
(-0.556328 0.0672436 -3.84534e-18)
(-0.532244 0.0732836 -9.59213e-20)
(-0.506555 0.0776178 1.06982e-17)
(-0.47981 0.0803394 5.7538e-18)
(-0.452522 0.081567 1.00077e-17)
(-0.476556 -0.129157 5.74512e-19)
(-0.520109 -0.113198 8.5893e-18)
(-0.557226 -0.095762 6.74613e-18)
(-0.587564 -0.0774807 6.5768e-18)
(-0.611035 -0.0589331 1.83748e-17)
(-0.627746 -0.0406176 2.99812e-17)
(-0.637949 -0.0229391 3.12881e-17)
(-0.642024 -0.0062299 5.1733e-18)
(-0.640398 0.00927737 1.98702e-17)
(-0.633573 0.0233699 -3.39907e-18)
(-0.622123 0.0359342 2.01633e-17)
(-0.606615 0.0468618 1.33091e-17)
(-0.587648 0.0560921 6.24556e-19)
(-0.565834 0.0636145 -6.62198e-18)
(-0.541776 0.0694552 -7.56641e-19)
(-0.516059 0.0736717 1.22475e-17)
(-0.489239 0.0763507 8.80063e-18)
(-0.461835 0.077603 1.07835e-17)
(-0.480811 -0.12312 -1.4758e-18)
(-0.524782 -0.10809 5.44661e-18)
(-0.562379 -0.0916332 -1.30513e-18)
(-0.593237 -0.0743438 9.76304e-18)
(-0.61724 -0.0567691 9.14474e-18)
(-0.634474 -0.0393852 2.54273e-17)
(-0.645169 -0.0225801 2.13509e-17)
(-0.649693 -0.00667654 6.81579e-18)
(-0.648465 0.00810617 8.71823e-18)
(-0.64198 0.0215556 -5.91029e-18)
(-0.630805 0.0335633 1.78541e-17)
(-0.615507 0.044023 1.72451e-17)
(-0.596688 0.0528752 -2.08801e-18)
(-0.574964 0.0601074 -9.49582e-18)
(-0.550938 0.0657424 -3.79411e-19)
(-0.525201 0.0698331 9.46603e-18)
(-0.498314 0.0724599 1.24233e-17)
(-0.470802 0.0737265 1.2575e-17)
(-0.484853 -0.117004 -3.84896e-18)
(-0.529214 -0.102887 2.54004e-18)
(-0.567262 -0.0873991 -1.12723e-17)
(-0.598612 -0.0710951 7.39708e-18)
(-0.623124 -0.0544921 1.49718e-18)
(-0.640858 -0.0380429 1.40638e-17)
(-0.652029 -0.0221176 1.24886e-17)
(-0.656987 -0.00702684 7.72919e-18)
(-0.656145 0.00701652 -1.47862e-18)
(-0.649993 0.0198099 -9.28997e-18)
(-0.639089 0.0312474 2.04533e-17)
(-0.624001 0.0412256 1.30589e-17)
(-0.605332 0.0496863 -6.31848e-18)
(-0.5837 0.0566152 -1.37867e-17)
(-0.559712 0.0620323 1.54556e-18)
(-0.533962 0.0659857 9.21823e-18)
(-0.507016 0.0685501 1.16022e-17)
(-0.479403 0.0698221 1.53374e-17)
(-0.488706 -0.11079 -7.62194e-18)
(-0.533428 -0.0975763 -2.17883e-19)
(-0.571898 -0.0830502 -9.59976e-18)
(-0.60371 -0.0677299 7.03545e-18)
(-0.628702 -0.0521013 -7.12646e-18)
(-0.646912 -0.0365932 5.959e-18)
(-0.658536 -0.0215571 3.72864e-18)
(-0.663909 -0.00729031 8.32727e-18)
(-0.663438 0.00600162 -3.22568e-18)
(-0.657607 0.0181259 -1.26732e-17)
(-0.646967 0.0289796 1.65443e-17)
(-0.632085 0.0384628 1.77778e-17)
(-0.613566 0.0465189 -4.42155e-18)
(-0.592028 0.0531322 -1.15197e-17)
(-0.568082 0.0583197 -2.54968e-18)
(-0.542325 0.0621252 1.00635e-17)
(-0.515328 0.0646176 6.72571e-18)
(-0.487623 0.0658866 1.42146e-17)
(-0.492393 -0.104492 -8.84506e-18)
(-0.537447 -0.0921695 -4.04984e-18)
(-0.576307 -0.0785975 -8.87059e-18)
(-0.608549 -0.0642573 8.32436e-18)
(-0.633988 -0.0496035 -7.53474e-18)
(-0.652644 -0.0350405 -1.43838e-18)
(-0.664695 -0.0209008 -4.53103e-18)
(-0.670461 -0.00746723 9.31667e-18)
(-0.670341 0.00506346 -6.75252e-18)
(-0.664816 0.0165072 -1.65274e-17)
(-0.654429 0.0267649 1.86512e-17)
(-0.639747 0.0357408 2.30543e-17)
(-0.621375 0.04338 -5.51668e-18)
(-0.599932 0.049666 -1.04856e-17)
(-0.576032 0.0546126 -5.42295e-18)
(-0.550274 0.0582597 1.28744e-17)
(-0.523233 0.0606705 8.54128e-18)
(-0.495446 0.0619279 1.42023e-17)
(-0.495939 -0.0981277 -6.72252e-18)
(-0.541293 -0.0866847 -8.411e-18)
(-0.580507 -0.0740574 -9.02118e-18)
(-0.613142 -0.0606915 1.18694e-17)
(-0.638993 -0.0470106 -1.12608e-17)
(-0.65806 -0.0333943 -9.15643e-18)
(-0.670507 -0.0201554 -1.40591e-17)
(-0.676639 -0.00756189 1.0792e-17)
(-0.676848 0.00420062 -2.90607e-18)
(-0.671611 0.0149543 -1.05528e-17)
(-0.661465 0.024606 1.67422e-17)
(-0.646975 0.0330643 1.14602e-17)
(-0.628746 0.0402764 -1.02796e-17)
(-0.607398 0.0462247 -1.11788e-17)
(-0.583548 0.0509206 -7.38145e-18)
(-0.557795 0.0543998 1.76181e-17)
(-0.530718 0.0567201 1.08923e-17)
(-0.502857 0.0579579 1.10401e-17)
(-0.499367 -0.0917524 -6.4665e-18)
(-0.544985 -0.0811768 -8.97366e-18)
(-0.584514 -0.0694834 -2.16761e-18)
(-0.617499 -0.0570828 9.69566e-18)
(-0.643721 -0.0443679 -1.83102e-17)
(-0.66316 -0.0316931 -9.28668e-18)
(-0.675968 -0.0193518 -2.41521e-17)
(-0.682436 -0.00759632 5.53865e-18)
(-0.682949 0.00339687 -1.18669e-17)
(-0.67798 0.0134612 -5.739e-18)
(-0.66806 0.0225056 1.89239e-17)
(-0.653753 0.030444 8.94869e-18)
(-0.635664 0.0372256 -1.83292e-17)
(-0.614412 0.0428322 -1.19499e-17)
(-0.590615 0.0472726 -8.50164e-18)
(-0.564874 0.0505787 1.93786e-17)
(-0.537769 0.052803 1.33455e-17)
(-0.509846 0.0540153 8.9864e-18)
(-0.502698 -0.0852593 -7.67406e-18)
(-0.548539 -0.0755477 -5.18589e-18)
(-0.588336 -0.0647883 -3.88886e-19)
(-0.621624 -0.0533567 8.94529e-20)
(-0.648169 -0.0416152 -2.22686e-17)
(-0.667937 -0.0298924 -1.91251e-17)
(-0.681067 -0.0184612 -3.71125e-17)
(-0.687837 -0.00755667 2.416e-18)
(-0.688628 0.00264374 -1.39853e-17)
(-0.683907 0.0120054 -8.21338e-18)
(-0.674198 0.0204268 2.42442e-17)
(-0.660067 0.0278292 -3.79195e-18)
(-0.642114 0.0341646 -2.97666e-17)
(-0.620959 0.0394145 -1.35913e-17)
(-0.597219 0.0435855 -8.87021e-18)
(-0.571497 0.0467057 1.85938e-17)
(-0.544375 0.0488225 1.64212e-17)
(-0.516399 0.0499995 2.975e-18)
)
;

boundaryField
{
    inlet
    {
        type            uniformFixedValue;
        uniformValue    constant (1 0 0);
        value           nonuniform 0();
    }
    outlet
    {
        type            pressureInletOutletVelocity;
        value           nonuniform 0();
    }
    polygon
    {
        type            fixedValue;
        value           nonuniform 0();
    }
    top
    {
        type            symmetryPlane;
    }
    bottom
    {
        type            symmetryPlane;
    }
    outside
    {
        type            zeroGradient;
    }
    procBoundary45to37
    {
        type            processor;
        value           nonuniform List<vector> 
19
(
(-0.509575 -0.0694393 -6.92466e-18)
(-0.55577 -0.0616106 5.22759e-18)
(-0.596007 -0.0529307 4.35254e-18)
(-0.629803 -0.0436986 -1.46036e-17)
(-0.672674 -0.0274077 -3.41445e-17)
(-0.656903 -0.0342046 -2.92688e-17)
(-0.672674 -0.0274077 -3.41445e-17)
(-0.686099 -0.0170603 -4.59279e-17)
(-0.693152 -0.00718414 -7.08301e-18)
(-0.694204 0.00205574 -1.88647e-17)
(-0.689718 0.010543 4.75725e-19)
(-0.680215 0.0181858 2.44597e-17)
(-0.666255 0.0249109 -1.21184e-17)
(-0.648438 0.0306753 -3.70936e-17)
(-0.627381 0.0354617 -7.13111e-18)
(-0.6037 0.0392753 -8.58781e-18)
(-0.578 0.0421405 1.50853e-17)
(-0.550862 0.0440992 1.42241e-17)
(-0.522836 0.0452077 1.32963e-18)
)
;
    }
    procBoundary45to38
    {
        type            processor;
        value           nonuniform List<vector> 2((-0.454852 -0.0850004 -1.4179e-18) (-0.45151 -0.0935771 1.96847e-18));
    }
    procBoundary45to44
    {
        type            processor;
        value           nonuniform List<vector> 10((-0.415672 0.0854073 -7.17123e-18) (-0.425156 0.0814386 -2.60701e-18) (-0.434319 0.0775583 3.33263e-19) (-0.443142 0.0737546 1.8981e-18) (-0.451608 0.0699155 2.72119e-18) (-0.459702 0.0660382 2.23332e-18) (-0.467407 0.0621303 5.01142e-18) (-0.474713 0.058204 6.92042e-18) (-0.481606 0.0542991 4.80594e-18) (-0.488075 0.050313 2.54476e-18));
    }
    procBoundary45to46
    {
        type            processor;
        value           nonuniform List<vector> 8((-0.423066 -0.149991 4.37426e-18) (-0.427191 -0.143025 1.75272e-18) (-0.431107 -0.136152 2.60797e-18) (-0.434835 -0.129218 4.16358e-18) (-0.438398 -0.1222 3.40132e-18) (-0.441822 -0.115111 2.78726e-18) (-0.445131 -0.10797 2.3117e-18) (-0.448352 -0.100829 2.18979e-18));
    }
    procBoundary45to52
    {
        type            processor;
        value           uniform (-0.414461 0.0949529 -1.06874e-18);
    }
    procBoundary45to53
    {
        type            processor;
        value           nonuniform List<vector> 
18
(
(-0.467322 -0.141362 4.74931e-18)
(-0.509959 -0.123478 1.32706e-17)
(-0.546034 -0.104015 1.02833e-17)
(-0.57526 -0.0836865 1.93712e-17)
(-0.597602 -0.0631353 1.89117e-17)
(-0.61322 -0.0429049 3.16912e-17)
(-0.622404 -0.0234319 3.79119e-17)
(-0.625547 -0.00506262 7.5697e-18)
(-0.623104 0.0119034 2.86448e-17)
(-0.615598 0.0273105 -2.78812e-18)
(-0.615598 0.0273105 -2.78812e-18)
(-0.575105 0.0469956 2.38675e-17)
(-0.558701 0.0599135 1.26647e-17)
(-0.53915 0.0707454 4.90538e-18)
(-0.517053 0.0794894 6.52511e-18)
(-0.492995 0.0861859 5.72793e-18)
(-0.467534 0.0909142 1.62221e-17)
(-0.441195 0.0937887 -2.79138e-17)
)
;
    }
}


// ************************************************************************* //
