/*--------------------------------*- C++ -*----------------------------------*\
  =========                 |
  \\      /  F ield         | OpenFOAM: The Open Source CFD Toolbox
   \\    /   O peration     | Website:  https://openfoam.org
    \\  /    A nd           | Version:  7
     \\/     M anipulation  |
\*---------------------------------------------------------------------------*/
FoamFile
{
    version     2.0;
    format      ascii;
    class       volVectorField;
    location    "4";
    object      U;
}
// * * * * * * * * * * * * * * * * * * * * * * * * * * * * * * * * * * * * * //

dimensions      [0 1 -1 0 0 0 0];

internalField   nonuniform List<vector> 
175
(
(0.987077 -0.0019074 1.57795e-18)
(0.986977 -0.00213555 1.65709e-18)
(0.986864 -0.00238978 1.69485e-18)
(0.986736 -0.00267286 1.73511e-18)
(0.986591 -0.00298786 1.80588e-18)
(0.987641 -0.000407023 2.3903e-19)
(0.987618 -0.00045819 5.1072e-19)
(0.987591 -0.000515579 5.00571e-19)
(0.987561 -0.000579915 9.04505e-19)
(0.987527 -0.00065201 5.53042e-19)
(0.987488 -0.00073276 1.08646e-18)
(0.987444 -0.00082316 5.1044e-19)
(0.987395 -0.000924314 8.06292e-19)
(0.987339 -0.00103744 7.34218e-19)
(0.987275 -0.00116389 7.98165e-19)
(0.987203 -0.00130516 8.15787e-19)
(0.987122 -0.00146288 8.42112e-19)
(0.987031 -0.00163887 8.69221e-19)
(0.986927 -0.00183513 8.95979e-19)
(0.98681 -0.00205385 9.35634e-19)
(0.986678 -0.00229744 9.60773e-19)
(0.98653 -0.00256855 9.78529e-19)
(0.986362 -0.00287008 1.01502e-18)
(0.987608 -0.000390021 1.60408e-19)
(0.98758 -0.000438937 4.98909e-19)
(0.987549 -0.000493782 7.88996e-21)
(0.987514 -0.000555246 4.72085e-19)
(0.987474 -0.000624099 5.3893e-19)
(0.987429 -0.000701191 9.5367e-19)
(0.987378 -0.000787467 1.27806e-18)
(0.987321 -0.00088397 1.1537e-18)
(0.987256 -0.000991857 1.26976e-18)
(0.987183 -0.0011124 1.2717e-18)
(0.9871 -0.00124702 1.33995e-18)
(0.987007 -0.00139726 1.37611e-18)
(0.986902 -0.00156483 1.42828e-18)
(0.986784 -0.00175162 1.48239e-18)
(0.986651 -0.00195971 1.54051e-18)
(0.986501 -0.00219135 1.57702e-18)
(0.986333 -0.00244905 1.63081e-18)
(0.986143 -0.00273553 1.65655e-18)
(0.987576 -0.000370361 -3.81209e-19)
(0.987544 -0.000416713 -4.57279e-20)
(0.987509 -0.000468668 -4.42589e-19)
(0.987469 -0.000526877 -2.44249e-19)
(0.987424 -0.000592062 6.69696e-20)
(0.987373 -0.000665026 1.6961e-20)
(0.987315 -0.000746654 5.86157e-19)
(0.987251 -0.00083793 2.90098e-19)
(0.987178 -0.000939938 4.38463e-19)
(0.987095 -0.00105388 3.92722e-19)
(0.987003 -0.00118107 4.25183e-19)
(0.986898 -0.00132297 4.35891e-19)
(0.986781 -0.00148119 4.48205e-19)
(0.986649 -0.00165748 4.6155e-19)
(0.9865 -0.0018538 4.73728e-19)
(0.986334 -0.00207225 5.08154e-19)
(0.986146 -0.00231518 5.20815e-19)
(0.985936 -0.00258512 5.2856e-19)
(0.987546 -0.000348193 -3.9271e-19)
(0.987511 -0.000391689 -4.37701e-19)
(0.987471 -0.00044043 -6.84744e-19)
(0.987427 -0.000495022 -1.92519e-19)
(0.987377 -0.000556141 -3.80347e-19)
(0.98732 -0.000624534 2.03083e-19)
(0.987256 -0.000701027 1.17104e-19)
(0.987185 -0.000786534 7.48946e-20)
(0.987104 -0.000882067 1.23205e-19)
(0.987013 -0.00098874 1.03392e-19)
(0.986911 -0.00110778 1.21946e-19)
(0.986796 -0.00124055 1.25018e-19)
(0.986667 -0.00138854 1.17781e-19)
(0.986522 -0.00155337 1.16796e-19)
(0.986359 -0.00173686 1.09455e-19)
(0.986177 -0.00194097 1.40702e-19)
(0.985972 -0.00216786 1.33499e-19)
(0.985742 -0.00241989 1.43726e-19)
(0.987518 -0.000323694 -5.86883e-19)
(0.98748 -0.00036406 -3.0256e-19)
(0.987436 -0.000409285 -6.42613e-19)
(0.987388 -0.000459926 -4.76822e-19)
(0.987333 -0.000516609 -2.18832e-19)
(0.987271 -0.00058002 -2.81576e-19)
(0.987202 -0.000650924 2.05007e-19)
(0.987124 -0.000730164 -5.24989e-20)
(0.987036 -0.00081867 5.46069e-20)
(0.986937 -0.00091747 1.42197e-20)
(0.986826 -0.0010277 4.00423e-20)
(0.986702 -0.0011506 3.45409e-20)
(0.986562 -0.00128754 3.49755e-20)
(0.986405 -0.00144003 4.68408e-20)
(0.986229 -0.00160972 3.15729e-20)
(0.986032 -0.00179843 3.76331e-20)
(0.985811 -0.00200812 5.12945e-20)
(0.985564 -0.00224098 4.54418e-20)
(0.987492 -0.000297034 -3.88101e-19)
(0.987451 -0.000334021 -4.36215e-19)
(0.987404 -0.000375451 -6.97378e-19)
(0.987352 -0.000421833 -2.2115e-19)
(0.987293 -0.000473738 -4.29768e-19)
(0.987226 -0.000531794 1.47e-19)
(0.987152 -0.000596695 3.34849e-20)
(0.987068 -0.00066921 1.38335e-20)
(0.986973 -0.000750188 5.06956e-20)
(0.986868 -0.000840563 4.22621e-20)
(0.986749 -0.000941365 3.71526e-20)
(0.986616 -0.00105373 2.07467e-20)
(0.986466 -0.0011789 1.84243e-20)
(0.986299 -0.00131825 2.35876e-20)
(0.986111 -0.00147328 1.95343e-20)
(0.985901 -0.00164563 2.30854e-20)
(0.985666 -0.0018371 4.53424e-20)
(0.985403 -0.00204964 4.40887e-20)
(0.987469 -0.000268369 -4.19063e-19)
(0.987425 -0.000301755 -5.66675e-20)
(0.987375 -0.000339147 -4.14828e-19)
(0.98732 -0.000381004 -3.15884e-19)
(0.987257 -0.000427837 -8.32344e-20)
(0.987186 -0.00048021 -1.95124e-19)
(0.987107 -0.000538749 2.33826e-19)
(0.987018 -0.000604144 3.57104e-20)
(0.986918 -0.000677157 1.21402e-19)
(0.986806 -0.000758627 9.77387e-20)
(0.98668 -0.00084948 1.13609e-19)
(0.986539 -0.000950732 1.10212e-19)
(0.986381 -0.0010635 1.0588e-19)
(0.986204 -0.00118902 1.11592e-19)
(0.986006 -0.00132862 1.21765e-19)
(0.985784 -0.00148378 1.01535e-19)
(0.985537 -0.00165611 1.12456e-19)
(0.98526 -0.00184737 1.23093e-19)
(0.987449 -0.000238136 1.49132e-20)
(0.987402 -0.000267744 2.90731e-19)
(0.98735 -0.000300901 2.43152e-19)
(0.987291 -0.000338007 5.86299e-19)
(0.987225 -0.000379518 2.66765e-19)
(0.987151 -0.00042593 6.70368e-19)
(0.987068 -0.000477797 1.97251e-19)
(0.986974 -0.000535725 3.94414e-19)
(0.986869 -0.000600389 3.45359e-19)
(0.986751 -0.000672529 3.82602e-19)
(0.986619 -0.00075296 3.99761e-19)
(0.986472 -0.00084258 4.24211e-19)
(0.986306 -0.000942374 4.13986e-19)
(0.986121 -0.00105342 4.29136e-19)
(0.985914 -0.00117691 4.69527e-19)
(0.985683 -0.00131414 4.47733e-19)
(0.985425 -0.00146652 4.76226e-19)
(0.985136 -0.00163561 4.8495e-19)
(0.987431 -0.000206725 1.17085e-19)
(0.987383 -0.00023234 4.61374e-19)
(0.987328 -0.000261022 -4.70947e-20)
(0.987267 -0.000293116 3.99149e-19)
(0.987198 -0.000329017 4.50063e-19)
(0.987121 -0.000369154 8.28573e-19)
(0.987034 -0.000414006 1.19194e-18)
(0.986937 -0.000464098 1.02055e-18)
(0.986827 -0.000520014 1.16506e-18)
(0.986705 -0.000582393 1.15934e-18)
(0.986568 -0.000651942 1.24286e-18)
(0.986415 -0.000729438 1.25915e-18)
(0.986243 -0.000815732 1.30444e-18)
(0.986051 -0.000911761 1.38391e-18)
(0.985837 -0.00101855 1.40276e-18)
(0.985597 -0.00113722 1.43126e-18)
(0.98533 -0.00126899 1.47908e-18)
(0.985031 -0.00141521 1.52781e-18)
(0.987417 -0.000172235 -3.19485e-19)
(0.987366 -0.000193742 7.21426e-20)
(0.98731 -0.000217842 -3.35023e-19)
(0.987246 -0.000244823 -1.59483e-19)
(0.987175 -0.00027502 1.27974e-19)
(0.987095 -0.000308795 -4.90097e-20)
(0.987006 -0.000346553 6.26123e-19)
(0.986905 -0.000388738 2.49871e-19)
)
;

boundaryField
{
    inlet
    {
        type            uniformFixedValue;
        uniformValue    constant (1 0 0);
        value           nonuniform 0();
    }
    outlet
    {
        type            pressureInletOutletVelocity;
        value           nonuniform 0();
    }
    polygon
    {
        type            fixedValue;
        value           nonuniform 0();
    }
    top
    {
        type            symmetryPlane;
    }
    bottom
    {
        type            symmetryPlane;
    }
    outside
    {
        type            zeroGradient;
    }
    procBoundary54to46
    {
        type            processor;
        value           nonuniform List<vector> 
19
(
(0.987409 -0.000153644 -2.4705e-19)
(0.987358 -0.000172681 -1.53179e-20)
(0.987301 -0.000193999 -2.54881e-19)
(0.987236 -0.000217847 4.6292e-20)
(0.987164 -0.000244522 1.36668e-19)
(0.987083 -0.00027434 3.46563e-20)
(0.986992 -0.000307657 4.98332e-19)
(0.986889 -0.000344861 1.97661e-19)
(0.986793 -0.000435842 4.01191e-19)
(0.986666 -0.000488406 3.03374e-19)
(0.986525 -0.000547026 4.13918e-19)
(0.986367 -0.000612358 3.59258e-19)
(0.986191 -0.000685121 3.64623e-19)
(0.985993 -0.000766105 4.39524e-19)
(0.985772 -0.000856174 4.39064e-19)
(0.985526 -0.000956275 4.72551e-19)
(0.985251 -0.00106744 4.8767e-19)
(0.984944 -0.0011908 5.18981e-19)
(0.986793 -0.000435842 4.01191e-19)
)
;
    }
    procBoundary54to53
    {
        type            processor;
        value           nonuniform List<vector> 8((0.985929 -0.00305376 1.70069e-18) (0.9857 -0.00288486 5.21858e-19) (0.985485 -0.00269963 1.51938e-19) (0.985288 -0.00249935 5.14592e-20) (0.985109 -0.00228541 3.91808e-20) (0.984951 -0.00205947 1.37318e-19) (0.984814 -0.00182308 5.06806e-19) (0.984699 -0.00157732 1.57422e-18));
    }
    procBoundary54to55
    {
        type            processor;
        value           nonuniform List<vector> 10((0.987662 -0.000361417 4.1842e-19) (0.987632 -0.000346408 3.16493e-19) (0.987604 -0.000329022 -2.77422e-19) (0.987577 -0.000309391 -3.32369e-19) (0.987552 -0.000287674 -4.66605e-19) (0.987529 -0.000264024 -3.3266e-19) (0.987509 -0.000238567 -2.96042e-19) (0.98749 -0.0002117 1.74022e-19) (0.987475 -0.000183847 2.85415e-19) (0.987461 -0.000153036 -1.87143e-19));
    }
    procBoundary54to61
    {
        type            processor;
        value           nonuniform List<vector> 2((0.986428 -0.00333813 1.83953e-18) (0.986173 -0.0032052 1.04924e-18));
    }
    procBoundary54to62
    {
        type            processor;
        value           nonuniform List<vector> 
19
(
(0.987232 -0.00196792 8.79687e-19)
(0.98715 -0.00220425 9.26181e-19)
(0.987057 -0.00246772 9.65091e-19)
(0.98695 -0.00276126 9.76595e-19)
(0.98683 -0.00308807 1.01813e-18)
(0.987676 -0.000421236 3.29065e-19)
(0.987657 -0.000474328 6.99338e-19)
(0.987635 -0.000533895 2.91486e-19)
(0.98761 -0.000600699 7.24285e-19)
(0.987582 -0.000675586 6.59435e-19)
(0.98755 -0.000759495 1.13755e-18)
(0.987513 -0.000853469 1.23668e-18)
(0.987472 -0.000958664 1.29865e-18)
(0.987425 -0.00107636 1.33035e-18)
(0.987372 -0.00120797 1.4003e-18)
(0.987311 -0.00135506 1.44347e-18)
(0.987243 -0.00151936 1.47924e-18)
(0.987165 -0.00170277 1.54075e-18)
(0.987165 -0.00170277 1.54075e-18)
)
;
    }
}


// ************************************************************************* //
