/*--------------------------------*- C++ -*----------------------------------*\
  =========                 |
  \\      /  F ield         | OpenFOAM: The Open Source CFD Toolbox
   \\    /   O peration     | Website:  https://openfoam.org
    \\  /    A nd           | Version:  7
     \\/     M anipulation  |
\*---------------------------------------------------------------------------*/
FoamFile
{
    version     2.0;
    format      ascii;
    class       volVectorField;
    location    "32";
    object      U;
}
// * * * * * * * * * * * * * * * * * * * * * * * * * * * * * * * * * * * * * //

dimensions      [0 1 -1 0 0 0 0];

internalField   nonuniform List<vector> 
125
(
(-0.518516 0.0566438 9.87751e-19)
(-0.494541 0.05835 3.74656e-17)
(-0.470136 0.0590322 1.45303e-17)
(-0.445706 0.0587724 3.60139e-18)
(-0.421619 0.0576651 2.71575e-18)
(-0.398198 0.0558134 1.03286e-17)
(-0.37572 0.053326 -2.84253e-18)
(-0.354418 0.0503136 -5.58578e-18)
(-0.334475 0.0468866 -1.1457e-18)
(-0.316032 0.0431523 -7.52425e-18)
(-0.299187 0.039214 -1.59685e-18)
(-0.283994 0.0351688 -3.40177e-19)
(-0.270473 0.0311065 5.58522e-18)
(-0.599729 0.0388184 9.91059e-18)
(-0.579696 0.0433122 -1.14428e-17)
(-0.557778 0.0467971 -3.22647e-17)
(-0.534461 0.0492929 6.39523e-18)
(-0.510214 0.0508387 9.72314e-19)
(-0.485483 0.0514903 4.35613e-18)
(-0.460681 0.0513175 -7.21235e-19)
(-0.436182 0.0504014 6.14195e-18)
(-0.412318 0.0488307 8.83016e-18)
(-0.389376 0.0466995 8.32029e-18)
(-0.367597 0.0441037 -9.69591e-18)
(-0.347173 0.0411393 -2.00913e-18)
(-0.328254 0.0378999 -7.9526e-18)
(-0.310943 0.0344758 4.21678e-19)
(-0.295304 0.030952 1.0927e-18)
(-0.28136 0.0274072 1.12669e-17)
(-0.61397 0.0328148 1.78637e-18)
(-0.593882 0.0366818 -4.04766e-17)
(-0.571847 0.0396926 -6.32794e-17)
(-0.548352 0.0418631 2.56059e-17)
(-0.523873 0.043225 -3.07727e-17)
(-0.498859 0.0438248 -3.28521e-18)
(-0.47373 0.0437208 -4.5784e-18)
(-0.448866 0.0429806 1.11906e-17)
(-0.424609 0.0416791 1.25094e-17)
(-0.401253 0.0398955 1.9219e-17)
(-0.379046 0.0377114 -2.28169e-17)
(-0.35819 0.035208 -1.64548e-18)
(-0.338841 0.0324651 -1.28063e-17)
(-0.32111 0.0295597 4.70562e-18)
(-0.305067 0.0265642 2.83742e-18)
(-0.290742 0.0235461 2.46126e-17)
(-0.62602 0.0268304 -3.82816e-18)
(-0.605894 0.030045 -1.55998e-17)
(-0.583764 0.0325567 -2.62375e-17)
(-0.560121 0.0343779 -2.02906e-18)
(-0.535443 0.0355337 -1.33192e-17)
(-0.510186 0.0360614 -1.92133e-18)
(-0.484773 0.036008 -6.29887e-18)
(-0.459593 0.0354284 2.88074e-17)
(-0.434993 0.0343838 2.05153e-17)
(-0.411275 0.0329388 3.56803e-17)
(-0.388695 0.0311603 -1.70495e-18)
(-0.367461 0.029115 3.19537e-18)
(-0.347737 0.0268687 -2.62841e-17)
(-0.32964 0.0244846 1.47298e-17)
(-0.313245 0.0220226 6.2441e-18)
(-0.298585 0.0195385 8.33514e-18)
(-0.635831 0.0208666 -7.82496e-18)
(-0.615674 0.0234045 -8.32989e-18)
(-0.593465 0.0253937 -5.45256e-18)
(-0.569697 0.0268433 -2.20269e-17)
(-0.544852 0.0277723 -5.21644e-18)
(-0.519388 0.0282091 1.33203e-18)
(-0.493736 0.0281899 -6.19021e-18)
(-0.468289 0.0277572 2.21223e-18)
(-0.4434 0.0269584 3.84228e-17)
(-0.419377 0.0258439 9.59595e-18)
(-0.396483 0.0244657 4.59892e-18)
(-0.374933 0.0228761 7.61186e-18)
(-0.354894 0.0211263 -5.55232e-17)
(-0.33649 0.0192661 -7.05162e-18)
(-0.3198 0.0173423 1.24807e-17)
(-0.304862 0.0153987 -2.3111e-18)
(-0.643339 0.0149341 -9.00057e-18)
(-0.623154 0.0167766 -3.15153e-18)
(-0.600877 0.0182247 5.36643e-18)
(-0.577006 0.0192843 -5.3644e-17)
(-0.552024 0.0199687 -7.03929e-17)
(-0.526393 0.0202978 3.05908e-18)
(-0.500548 0.0202975 -1.21241e-17)
(-0.474886 0.0199983 -1.32204e-17)
(-0.449766 0.0194339 1.92127e-17)
(-0.425502 0.0186407 -1.87816e-17)
(-0.40236 0.0176561 1.08025e-17)
(-0.38056 0.0165177 9.09853e-18)
(-0.360274 0.0152626 -2.11916e-17)
(-0.341631 0.0139264 -1.59816e-17)
(-0.324711 0.012543 -2.04826e-17)
(-0.309557 0.011144 -1.67331e-17)
(-0.648457 0.00894631 1.05288e-17)
(-0.628247 0.0100608 4.42985e-18)
(-0.605917 0.010939 5.75983e-18)
(-0.581966 0.0115843 -5.19038e-17)
(-0.556881 0.0120045 -7.86116e-17)
(-0.531127 0.0122113 3.28676e-17)
(-0.505141 0.01222 3.96331e-17)
(-0.479325 0.0120486 -2.95368e-17)
(-0.454041 0.0117173 1.63528e-17)
(-0.429605 0.0112476 -2.12773e-18)
(-0.406288 0.0106618 3.06327e-17)
(-0.384313 0.00998246 1.20187e-17)
(-0.363855 0.0092317 -9.1348e-18)
(-0.345045 0.00843098 -3.08143e-17)
(-0.327967 0.0076007 -1.45174e-17)
(-0.312665 0.00675982 1.0596e-17)
(-0.651097 0.00319471 3.95841e-17)
(-0.630864 0.00360392 9.00598e-18)
(-0.608497 0.00392626 -1.93771e-18)
(-0.584497 0.00416274 -2.0386e-17)
(-0.559349 0.00431613 -3.04492e-17)
(-0.533523 0.0043908 4.42072e-17)
(-0.507456 0.0043925 2.93292e-17)
(-0.481554 0.00432807 -9.13632e-18)
(-0.456178 0.00420515 3.4663e-17)
(-0.431649 0.00403189 1.12206e-17)
(-0.408239 0.0038167 1.47526e-17)
(-0.386172 0.00356797 1.12991e-17)
(-0.365625 0.00329391 -9.61399e-18)
(-0.346729 0.0030024 -1.5194e-17)
(-0.32957 0.00270084 -9.44274e-18)
(-0.314192 0.00239606 2.9669e-18)
)
;

boundaryField
{
    inlet
    {
        type            uniformFixedValue;
        uniformValue    constant (1 0 0);
        value           nonuniform 0();
    }
    outlet
    {
        type            pressureInletOutletVelocity;
        value           nonuniform 0();
    }
    polygon
    {
        type            fixedValue;
        value           nonuniform 0();
    }
    top
    {
        type            symmetryPlane;
    }
    bottom
    {
        type            symmetryPlane;
    }
    outside
    {
        type            zeroGradient;
    }
    procBoundary37to29
    {
        type            processor;
        value           nonuniform List<vector> 
16
(
(-0.651097 -0.00319472 9.12389e-18)
(-0.630864 -0.00360393 2.23758e-18)
(-0.608497 -0.00392628 -1.94815e-17)
(-0.584497 -0.00416276 -7.41513e-18)
(-0.559349 -0.00431614 1.23392e-17)
(-0.533523 -0.00439081 2.78636e-17)
(-0.507456 -0.00439252 2.13095e-17)
(-0.481554 -0.00432808 -1.28855e-18)
(-0.456178 -0.00420516 1.80803e-17)
(-0.431649 -0.0040319 2.29902e-17)
(-0.408239 -0.00381671 6.96727e-18)
(-0.386172 -0.00356797 1.36897e-17)
(-0.365625 -0.00329392 -2.30008e-17)
(-0.346729 -0.00300241 -1.01209e-17)
(-0.32957 -0.00270084 -5.61893e-18)
(-0.314192 -0.00239606 1.26122e-18)
)
;
    }
    procBoundary37to30
    {
        type            processor;
        value           uniform (-0.668694 0.00269948 -2.10908e-17);
    }
    procBoundary37to36
    {
        type            processor;
        value           nonuniform List<vector> 6((-0.278126 0.0205666 6.3371e-18) (-0.285658 0.0170829 6.39752e-18) (-0.291677 0.013475 7.88483e-18) (-0.296171 0.00975813 1.26839e-17) (-0.299141 0.00592569 2.90208e-17) (-0.3006 0.00209423 1.65108e-17));
    }
    procBoundary37to38
    {
        type            processor;
        value           nonuniform List<vector> 6((-0.617384 0.0333152 -2.09956e-17) (-0.631615 0.0280923 -2.09956e-17) (-0.643646 0.0229146 -1.63277e-17) (-0.653438 0.017782 -2.34776e-17) (-0.660933 0.0126989 -5.65099e-17) (-0.666049 0.00759663 -3.54152e-18));
    }
    procBoundary37to44
    {
        type            processor;
        value           nonuniform List<vector> 2((-0.258608 0.0271085 2.41737e-18) (-0.2691 0.0239129 3.78757e-18));
    }
    procBoundary37to45
    {
        type            processor;
        value           nonuniform List<vector> 
17
(
(-0.50059 0.0639305 1.21536e-17)
(-0.476934 0.0657721 2.17859e-17)
(-0.452902 0.0664625 2.4834e-17)
(-0.428892 0.0660962 9.66263e-18)
(-0.405264 0.0647815 3.45941e-18)
(-0.382332 0.0626361 1.94825e-17)
(-0.360364 0.0597834 -2.26782e-17)
(-0.339583 0.0563487 -4.97317e-18)
(-0.320163 0.0524564 2.30481e-19)
(-0.302237 0.0482275 -1.21427e-17)
(-0.285894 0.043778 -3.2079e-18)
(-0.271183 0.0392167 1.45826e-19)
(-0.258118 0.0346441 3.27235e-18)
(-0.58334 0.0448233 3.3754e-17)
(-0.563389 0.0499159 1.17673e-18)
(-0.54162 0.0538479 -1.61466e-17)
(-0.54162 0.0538479 -1.61466e-17)
)
;
    }
}


// ************************************************************************* //
