/*--------------------------------*- C++ -*----------------------------------*\
  =========                 |
  \\      /  F ield         | OpenFOAM: The Open Source CFD Toolbox
   \\    /   O peration     | Website:  https://openfoam.org
    \\  /    A nd           | Version:  7
     \\/     M anipulation  |
\*---------------------------------------------------------------------------*/
FoamFile
{
    version     2.0;
    format      ascii;
    class       volVectorField;
    location    "82";
    object      U;
}
// * * * * * * * * * * * * * * * * * * * * * * * * * * * * * * * * * * * * * //

dimensions      [0 1 -1 0 0 0 0];

internalField   nonuniform List<vector> 
175
(
(-0.311009 0.000115235 1.4494e-20)
(-0.311265 0.000412544 3.41519e-21)
(-0.311796 0.000901187 2.36268e-19)
(-0.312729 0.00132951 1.23825e-21)
(-0.313872 0.00165379 -3.82478e-19)
(-0.315184 0.00184945 1.0958e-19)
(-0.316551 0.0019101 -2.1962e-19)
(-0.317904 0.00184845 1.48841e-20)
(-0.319173 0.00167891 1.34431e-19)
(-0.320307 0.00141921 3.9733e-19)
(-0.321261 0.00108587 2.10395e-18)
(-0.322004 0.000694611 -6.8734e-20)
(-0.322507 0.000259343 -1.49806e-18)
(-0.322755 -0.000205909 2.19364e-18)
(-0.322734 -0.000690569 8.24274e-19)
(-0.322433 -0.00118637 9.82714e-19)
(-0.321851 -0.00168508 -2.05342e-18)
(-0.320986 -0.00217985 2.27595e-19)
(-0.306124 0.000135128 5.56405e-21)
(-0.306421 0.000470555 5.88979e-21)
(-0.307004 0.00101026 1.29885e-19)
(-0.308008 0.00148107 2.93357e-20)
(-0.309224 0.00183261 -6.58167e-19)
(-0.310607 0.00204295 -2.11956e-19)
(-0.312039 0.00210569 -2.31645e-19)
(-0.313454 0.00203598 -4.17624e-20)
(-0.314779 0.00184985 1.61353e-20)
(-0.315966 0.00156681 -4.49944e-19)
(-0.31697 0.00120478 1.27273e-18)
(-0.31776 0.00078066 1.02057e-20)
(-0.31831 0.00030946 -1.13882e-18)
(-0.318604 -0.000193997 1.89813e-18)
(-0.318629 -0.000717248 5.4649e-19)
(-0.318376 -0.00125275 9.57738e-19)
(-0.317842 -0.00179141 -2.1119e-18)
(-0.317026 -0.00232591 -2.02466e-19)
(-0.300874 0.000158194 -2.19569e-21)
(-0.301219 0.000535371 6.60947e-21)
(-0.301861 0.00112837 5.12194e-20)
(-0.302944 0.00164293 4.7616e-20)
(-0.304241 0.00202144 -8.35737e-19)
(-0.3057 0.00224577 -5.68774e-19)
(-0.307204 0.0023097 3.83613e-20)
(-0.308683 0.00223106 2.68545e-19)
(-0.310068 0.00202764 -1.1217e-19)
(-0.311311 0.00172074 -8.47899e-19)
(-0.312368 0.00132972 6.10422e-19)
(-0.313209 0.00087274 -1.07149e-19)
(-0.313809 0.000366118 -3.27918e-19)
(-0.314153 -0.000175472 1.25955e-18)
(-0.314228 -0.000737965 9.47965e-19)
(-0.314024 -0.00131334 9.91212e-19)
(-0.313541 -0.00189189 -1.83427e-18)
(-0.312779 -0.00246594 -5.07406e-19)
(-0.295263 0.000185055 1.19209e-20)
(-0.295666 0.000608143 7.31979e-21)
(-0.296374 0.00125688 -2.03638e-20)
(-0.297545 0.00181655 -1.01906e-19)
(-0.298928 0.0022218 -9.31596e-19)
(-0.300468 0.00245943 -6.58119e-19)
(-0.302048 0.00252372 3.32165e-19)
(-0.303596 0.00243536 6.02823e-19)
(-0.305046 0.00221399 -2.66251e-19)
(-0.306347 0.00188272 -1.34599e-18)
(-0.307461 0.00146235 1.26344e-19)
(-0.308356 0.000972242 -2.14463e-19)
(-0.309009 0.000429901 4.61941e-19)
(-0.309405 -0.000149996 1.71266e-19)
(-0.309533 -0.000751338 7.80673e-19)
(-0.309383 -0.00136642 1.07559e-18)
(-0.308955 -0.0019847 -1.83747e-18)
(-0.308248 -0.00259811 -7.63145e-19)
(-0.289297 0.00021634 5.52359e-21)
(-0.289765 0.00068997 9.49209e-21)
(-0.290548 0.00139683 -9.91759e-20)
(-0.291814 0.00200285 -1.24522e-19)
(-0.293291 0.00243437 -9.66273e-19)
(-0.294919 0.00268443 -7.9787e-19)
(-0.296579 0.00274806 4.03454e-19)
(-0.2982 0.00264905 6.61739e-19)
(-0.299716 0.00240895 -5.06562e-19)
(-0.30108 0.00205273 -1.56189e-18)
(-0.302253 0.00160259 -2.97534e-19)
(-0.303205 0.00107905 -3.94065e-19)
(-0.303914 0.000500754 9.38576e-20)
(-0.304366 -0.00011758 -2.62401e-19)
(-0.30455 -0.000757504 5.63611e-21)
(-0.304457 -0.00141209 1.2434e-18)
(-0.304087 -0.00206988 -2.25051e-18)
(-0.303439 -0.00272244 -9.99023e-19)
(-0.282978 0.000252783 7.37791e-22)
(-0.283524 0.000782051 2.06949e-20)
(-0.284389 0.00154929 -1.87536e-19)
(-0.285759 0.00220277 -1.63869e-19)
(-0.287337 0.00265986 -9.09866e-19)
(-0.289057 0.00292126 -7.43491e-19)
(-0.290802 0.00298309 2.64285e-19)
(-0.292499 0.0028724 3.95089e-19)
(-0.294086 0.00261276 -4.48301e-19)
(-0.295515 0.00223097 -1.50532e-18)
(-0.29675 0.00175064 -6.40119e-19)
(-0.297762 0.00119344 -5.5778e-19)
(-0.29853 0.000579062 -2.24882e-19)
(-0.29904 -7.76988e-05 -7.01969e-20)
(-0.299283 -0.000756131 -7.34843e-19)
(-0.29925 -0.00145008 8.68044e-19)
(-0.298941 -0.00214719 -2.32462e-18)
(-0.298357 -0.00283865 -1.26626e-18)
(-0.276312 0.000295205 -3.01812e-21)
(-0.276949 0.000885771 2.71951e-20)
(-0.277905 0.0017154 -2.02926e-19)
(-0.279387 0.00241733 -2.39703e-19)
(-0.281072 0.00289903 -5.61544e-19)
(-0.28289 0.00317049 -7.34039e-19)
(-0.284723 0.00322924 2.09118e-19)
(-0.286501 0.00310576 5.36963e-19)
(-0.28816 0.00282571 -4.70999e-19)
(-0.289658 0.00241773 -1.21009e-18)
(-0.290957 0.00190681 -1.04351e-18)
(-0.292032 0.00131571 -1.39763e-19)
(-0.292862 0.000665138 -5.4482e-19)
(-0.293434 -3.26004e-05 -5.26175e-19)
(-0.293738 -0.000746893 -9.01851e-19)
(-0.293768 -0.00148001 5.90709e-19)
(-0.293524 -0.00221622 -1.27542e-18)
(-0.293007 -0.00294633 -1.5257e-18)
(-0.269305 0.00034446 -5.816e-21)
(-0.270045 0.00100308 3.39365e-20)
(-0.271102 0.00189648 -2.51176e-19)
(-0.272705 0.00264788 -1.74098e-19)
(-0.274503 0.00315297 -5.25874e-19)
(-0.276424 0.00343303 -7.9798e-19)
(-0.278349 0.00348733 -8.14896e-20)
(-0.280209 0.0033499 3.62422e-19)
(-0.281945 0.00304854 -6.30172e-19)
(-0.283513 0.00261371 -1.02909e-18)
(-0.28488 0.00207173 -1.52233e-18)
(-0.28602 0.00144646 2.18964e-19)
(-0.286915 0.000759535 -9.51521e-19)
(-0.287551 2.36306e-05 -1.02075e-18)
(-0.28792 -0.000729243 -1.13925e-18)
(-0.288017 -0.00150127 1.13162e-18)
(-0.28784 -0.00227632 -4.37897e-19)
(-0.287392 -0.0030448 -1.99376e-18)
(-0.261961 0.000401583 -2.89106e-20)
(-0.262822 0.00113633 4.78982e-20)
(-0.263989 0.0020942 -2.24785e-19)
(-0.26572 0.00289625 -2.89016e-19)
(-0.267638 0.00342339 -7.84979e-19)
(-0.269665 0.00371056 -6.98457e-19)
(-0.271686 0.00375907 -3.54939e-19)
(-0.273632 0.00360658 2.40673e-19)
(-0.275446 0.00328308 -4.90176e-19)
(-0.277088 0.00282078 -9.93576e-19)
(-0.278524 0.00224729 -2.16513e-18)
(-0.279732 0.0015875 6.30246e-20)
(-0.280694 0.000863825 -1.50555e-18)
(-0.281397 9.22517e-05 -1.0002e-18)
(-0.281834 -0.000701779 -1.43373e-18)
(-0.282 -0.00151231 1.18744e-18)
(-0.281895 -0.00232591 1.93679e-19)
(-0.28152 -0.00313255 -2.67979e-18)
(-0.254288 0.000468664 -3.8098e-20)
(-0.255286 0.0012838 6.9581e-20)
(-0.256573 0.00230959 -3.49882e-19)
(-0.25844 0.00316139 -2.80371e-19)
(-0.260485 0.00370949 -1.14039e-18)
(-0.262622 0.00400199 -6.54273e-19)
(-0.264741 0.00404335 -3.12042e-19)
(-0.266776 0.00387469 1.43214e-19)
(-0.26867 0.00352826 -5.89372e-21)
(-0.326866 -0.000663534 3.10223e-19)
(-0.326516 -0.00111613 1.05539e-18)
(-0.325884 -0.0015711 -2.38692e-18)
(-0.324968 -0.00202215 8.32786e-19)
)
;

boundaryField
{
    inlet
    {
        type            uniformFixedValue;
        uniformValue    constant (1 0 0);
        value           nonuniform 0();
    }
    outlet
    {
        type            pressureInletOutletVelocity;
        value           nonuniform List<vector> 10((-0.311009 0 0) (-0.306124 0 0) (-0.300874 0 0) (-0.295263 0 0) (-0.289297 0 0) (-0.282978 0 0) (-0.276312 0 0) (-0.269305 0 0) (-0.261961 0 0) (-0.254288 0 0));
    }
    polygon
    {
        type            fixedValue;
        value           nonuniform 0();
    }
    top
    {
        type            symmetryPlane;
    }
    bottom
    {
        type            symmetryPlane;
    }
    outside
    {
        type            zeroGradient;
    }
    procBoundary23to15
    {
        type            processor;
        value           nonuniform List<vector> 
18
(
(-0.270387 0.003038 -6.44103e-19)
(-0.271896 0.00243273 -2.55331e-18)
(-0.273175 0.00173837 6.58846e-20)
(-0.274207 0.000978 -2.2637e-18)
(-0.274979 0.000168775 -1.12848e-18)
(-0.275486 -0.000664412 -1.11956e-18)
(-0.275724 -0.00151314 8.11861e-19)
(-0.275693 -0.00236502 8.247e-19)
(-0.229999 0.000713433 -9.26917e-20)
(-0.231477 0.00174752 -3.15168e-20)
(-0.233156 0.00301357 -8.98911e-19)
(-0.235462 0.00399659 -3.98895e-19)
(-0.237913 0.00460536 -2.01881e-18)
(-0.2404 0.0049058 -6.20575e-19)
(-0.242832 0.00491926 -2.22206e-19)
(-0.245146 0.00469639 -3.06562e-21)
(-0.270387 0.003038 -6.44103e-19)
(-0.2473 0.00427704 -8.62855e-21)
)
;
    }
    procBoundary23to22
    {
        type            processor;
        value           nonuniform List<vector> 9((-0.315933 -0.0028498 2.65991e-19) (-0.311739 -0.00302863 7.34633e-19) (-0.307266 -0.00319943 1.34188e-18) (-0.302519 -0.00336214 1.40641e-18) (-0.297502 -0.00351648 1.72373e-18) (-0.292219 -0.003662 1.583e-18) (-0.286676 -0.00379804 9.81589e-19) (-0.280879 -0.00392321 5.85746e-19) (-0.275395 -0.00320957 -3.81708e-18));
    }
    procBoundary23to30
    {
        type            processor;
        value           nonuniform List<vector> 2((-0.319843 -0.00266466 -8.90681e-20) (-0.323772 -0.0024638 -4.94707e-19));
    }
    procBoundary23to31
    {
        type            processor;
        value           nonuniform List<vector> 
19
(
(-0.315933 9.62699e-05 2.76957e-20)
(-0.316151 0.000355305 8.06456e-21)
(-0.316633 0.000789983 3.79056e-19)
(-0.317494 0.001173 -5.20501e-20)
(-0.318565 0.00146661 -1.33109e-19)
(-0.319805 0.00164493 4.89118e-19)
(-0.321104 0.00170161 -2.24502e-19)
(-0.322395 0.00164713 1.07947e-19)
(-0.323606 0.0014942 2.72658e-19)
(-0.324685 0.00125873 1.44129e-18)
(-0.325588 0.000955756 2.76034e-18)
(-0.326281 0.000599747 3.43612e-19)
(-0.326736 0.000203678 -2.01761e-18)
(-0.326935 -0.000220367 2.28933e-18)
(-0.330904 -0.00062306 -3.0204e-19)
(-0.330505 -0.001029 1.29426e-18)
(-0.329824 -0.00143687 -3.20332e-18)
(-0.328857 -0.00184095 1.47051e-20)
(-0.326935 -0.000220367 2.28933e-18)
)
;
    }
}


// ************************************************************************* //
