/*--------------------------------*- C++ -*----------------------------------*\
  =========                 |
  \\      /  F ield         | OpenFOAM: The Open Source CFD Toolbox
   \\    /   O peration     | Website:  https://openfoam.org
    \\  /    A nd           | Version:  7
     \\/     M anipulation  |
\*---------------------------------------------------------------------------*/
FoamFile
{
    version     2.0;
    format      ascii;
    class       volVectorField;
    location    "110";
    object      U;
}
// * * * * * * * * * * * * * * * * * * * * * * * * * * * * * * * * * * * * * //

dimensions      [0 1 -1 0 0 0 0];

internalField   nonuniform List<vector> 
125
(
(-0.275067 -0.00373543 6.94632e-19)
(-0.257665 0.000247918 -8.8041e-20)
(-0.258218 0.000664115 -8.50378e-20)
(-0.259002 0.0012149 -7.20102e-19)
(-0.260146 0.00160354 3.44027e-19)
(-0.261405 0.00178026 -2.66826e-19)
(-0.262672 0.00175673 -1.66445e-18)
(-0.263868 0.00155663 1.04868e-18)
(-0.264929 0.00121257 2.35264e-19)
(-0.265816 0.000758088 2.92663e-18)
(-0.2665 0.000221903 -1.60226e-18)
(-0.266967 -0.000366913 -1.00634e-18)
(-0.267206 -0.000987015 -6.3586e-19)
(-0.267212 -0.00162298 2.61201e-19)
(-0.266987 -0.00226023 -3.54081e-18)
(-0.266535 -0.00288667 -4.04576e-18)
(-0.265861 -0.00349248 -1.84162e-18)
(-0.264976 -0.00406979 -2.5304e-18)
(-0.243544 0.000354794 -6.30098e-20)
(-0.244315 0.000884837 -5.79625e-20)
(-0.245303 0.00154989 -6.01422e-19)
(-0.246687 0.00200263 -5.66544e-21)
(-0.24817 0.00219801 -6.30803e-19)
(-0.249642 0.00216161 -9.73476e-19)
(-0.251023 0.00192673 3.40773e-19)
(-0.252257 0.00153295 1.17559e-19)
(-0.253307 0.00101876 1.38793e-18)
(-0.254148 0.000416568 -5.2757e-19)
(-0.254768 -0.000243677 -1.59546e-18)
(-0.255163 -0.000934187 -7.68855e-19)
(-0.255326 -0.00164107 -1.28788e-18)
(-0.25526 -0.00234845 -2.10687e-18)
(-0.254971 -0.00304322 -2.20777e-18)
(-0.254463 -0.00371485 -1.14398e-18)
(-0.253747 -0.00435492 -1.26774e-18)
(-0.217655 0.000607691 -1.21266e-19)
(-0.218911 0.00132377 -9.05473e-20)
(-0.220299 0.00221866 -1.04594e-18)
(-0.22214 0.0027635 -3.86266e-19)
(-0.224038 0.00297988 -1.99441e-18)
(-0.225877 0.0029111 -6.89992e-19)
(-0.227591 0.00260908 -4.53493e-20)
(-0.229133 0.00212656 5.26691e-20)
(-0.230476 0.00151045 3.18694e-19)
(-0.231603 0.000799866 7.95199e-20)
(-0.232506 2.3195e-05 -4.23915e-18)
(-0.233183 -0.000786352 -1.58449e-18)
(-0.233635 -0.00161149 -5.27275e-18)
(-0.233864 -0.00243427 -1.6947e-18)
(-0.233875 -0.00324048 -8.88919e-19)
(-0.233675 -0.00401882 -3.57708e-19)
(-0.233271 -0.00476025 -2.21788e-19)
(-0.17404 0.0013291 -9.28058e-20)
(-0.176496 0.00234006 -4.86665e-19)
(-0.178599 0.00368675 -1.07127e-18)
(-0.181264 0.00430229 -1.42847e-18)
(-0.183815 0.00450557 -2.21681e-18)
(-0.186219 0.00435464 -4.52166e-19)
(-0.188441 0.0039328 -4.62942e-20)
(-0.190456 0.00331146 1.47555e-19)
(-0.192256 0.00254617 1.36216e-19)
(-0.193837 0.00168098 2.97221e-19)
(-0.195198 0.000750072 -4.13812e-18)
(-0.196342 -0.000218616 -4.90595e-18)
(-0.19727 -0.00119951 -5.8321e-18)
(-0.197986 -0.00217499 -1.21677e-18)
(-0.198495 -0.00312996 -3.24297e-19)
(-0.198803 -0.00405213 1.11606e-19)
(-0.198917 -0.00493173 1.39267e-19)
(-0.123895 0.0026744 -1.50689e-20)
(-0.1283 0.00400921 -9.63212e-20)
(-0.131101 0.00583709 -2.19736e-19)
(-0.134685 0.00637036 -3.0961e-19)
(-0.137849 0.0064786 -3.96572e-19)
(-0.140809 0.00618419 3.21402e-19)
(-0.143542 0.00560847 2.7008e-19)
(-0.14605 0.0048313 7.61097e-19)
(-0.148341 0.00391054 3.76913e-19)
(-0.15042 0.00289065 9.8906e-19)
(-0.15229 0.00180678 2.02481e-19)
(-0.153954 0.000688655 -8.50016e-19)
(-0.155418 -0.000438595 -2.78304e-19)
(-0.156685 -0.00155581 8.77091e-19)
(-0.157757 -0.00264964 4.93021e-19)
(-0.15864 -0.00370714 1.24268e-18)
(-0.159338 -0.00471784 6.78464e-19)
(-0.0683679 0.00511059 6.45694e-21)
(-0.075417 0.00656875 -1.15123e-20)
(-0.0786025 0.00865602 -5.39881e-20)
(-0.083103 0.00891914 -7.28409e-20)
(-0.0867433 0.00885967 7.62968e-21)
(-0.090223 0.00837841 2.59123e-18)
(-0.0934562 0.00763657 1.07626e-18)
(-0.0964702 0.00670363 3.83109e-18)
(-0.09928 0.00563443 1.54424e-18)
(-0.101894 0.00447088 4.78376e-18)
(-0.104317 0.0032474 4.5583e-18)
(-0.106552 0.00199227 7.47621e-19)
(-0.108602 0.000728031 4.68873e-18)
(-0.110468 -0.000524393 6.49327e-18)
(-0.112154 -0.00174917 2.3399e-18)
(-0.11366 -0.00293511 6.75023e-18)
(-0.114989 -0.00407177 2.43091e-18)
(-0.00848625 0.00806035 6.21008e-20)
(-0.0187234 0.0102708 5.43912e-21)
(-0.0216752 0.0118311 -1.22818e-19)
(-0.0269884 0.0118651 -7.49116e-21)
(-0.030965 0.0115873 6.11017e-21)
(-0.0349495 0.0109171 3.06522e-18)
(-0.038679 0.0100214 3.28339e-18)
(-0.042217 0.00894605 4.59294e-18)
(-0.0455734 0.00774299 4.41727e-18)
(-0.0487557 0.00644984 5.46677e-18)
(-0.0517663 0.00509953 1.65476e-18)
(-0.054607 0.00371894 4.30978e-19)
(-0.0572775 0.00233087 1.36553e-18)
(-0.0597772 0.000953202 6.93077e-18)
(-0.0621064 -0.000396513 6.56438e-18)
(-0.0642648 -0.00170565 8.00741e-18)
(-0.0662505 -0.00296434 6.46879e-18)
(0.0541277 0.0131547 3.60936e-19)
(0.0422677 0.0148721 4.40783e-20)
(0.0393 0.0151963 -6.14514e-19)
(0.0334335 0.0151418 3.03946e-20)
(0.0290817 0.0146283 -1.15972e-18)
)
;

boundaryField
{
    inlet
    {
        type            uniformFixedValue;
        uniformValue    constant (1 0 0);
        value           nonuniform 0();
    }
    outlet
    {
        type            pressureInletOutletVelocity;
        value           nonuniform List<vector> 8((-0.257665 0 0) (-0.243544 0 0) (-0.217655 0 0) (-0.17404 0 0) (-0.123895 0 0) (-0.0683679 0 0) (-0.00848625 0 0) (0.0541277 0.0131547 3.60936e-19));
    }
    polygon
    {
        type            fixedValue;
        value           nonuniform 0();
    }
    top
    {
        type            symmetryPlane;
    }
    bottom
    {
        type            symmetryPlane;
    }
    outside
    {
        type            zeroGradient;
    }
    procBoundary23to15
    {
        type            processor;
        value           nonuniform List<vector> 
18
(
(0.0245908 0.0138011 2.23507e-18)
(0.0203561 0.0127747 9.30615e-19)
(0.0162743 0.0115752 3.3179e-18)
(0.0123526 0.0102552 1.33035e-18)
(0.00858318 0.00884714 4.088e-18)
(0.00496758 0.00738291 6.76428e-19)
(0.00150635 0.00588791 7.68719e-19)
(-0.00179766 0.00438453 7.30399e-19)
(-0.00494137 0.00289091 5.14827e-18)
(-0.0079209 0.001422 1.09547e-18)
(-0.0107332 -8.15204e-06 5.7353e-18)
(-0.0133751 -0.00138902 8.39482e-19)
(0.119344 0.0175317 -1.31547e-19)
(0.107382 0.0193708 4.30968e-19)
(0.104112 0.0188877 5.86933e-19)
(0.0978009 0.0187035 1.07173e-18)
(0.0245908 0.0138011 2.23507e-18)
(0.0930208 0.0179975 9.88635e-19)
)
;
    }
    procBoundary23to22
    {
        type            processor;
        value           nonuniform List<vector> 8((-0.273825 -0.00421806 1.60938e-19) (-0.263889 -0.00461229 1.62214e-18) (-0.252832 -0.0049567 -8.48532e-19) (-0.232674 -0.00545754 -5.68749e-18) (-0.198845 -0.00576094 -5.78948e-18) (-0.159856 -0.00567347 4.18318e-21) (-0.116143 -0.00515052 5.68439e-18) (-0.068063 -0.00416474 1.87454e-18));
    }
    procBoundary23to31
    {
        type            processor;
        value           nonuniform List<vector> 
18
(
(-0.283983 -0.00335667 -5.65145e-19)
(-0.270305 0.000172477 -1.95826e-20)
(-0.270699 0.000494329 -1.89717e-19)
(-0.271318 0.00094417 -3.22227e-19)
(-0.272256 0.00127005 -3.39614e-19)
(-0.273316 0.0014248 -2.08158e-19)
(-0.274399 0.00140937 -1.11198e-18)
(-0.275424 0.00123986 2.16555e-19)
(-0.276328 0.000942551 4.37849e-19)
(-0.277066 0.000545895 2.90995e-18)
(-0.277606 7.25909e-05 -6.27265e-19)
(-0.277931 -0.000443614 -7.90859e-19)
(-0.27803 -0.000993268 -5.64723e-19)
(-0.277894 -0.00155808 2.01091e-18)
(-0.277525 -0.00212475 -2.57478e-18)
(-0.276926 -0.00268224 -2.68035e-18)
(-0.276104 -0.00322155 -3.06216e-18)
(-0.276104 -0.00322155 -3.06216e-18)
)
;
    }
}


// ************************************************************************* //
