/*--------------------------------*- C++ -*----------------------------------*\
  =========                 |
  \\      /  F ield         | OpenFOAM: The Open Source CFD Toolbox
   \\    /   O peration     | Website:  https://openfoam.org
    \\  /    A nd           | Version:  7
     \\/     M anipulation  |
\*---------------------------------------------------------------------------*/
FoamFile
{
    version     2.0;
    format      ascii;
    class       volVectorField;
    location    "66";
    object      U;
}
// * * * * * * * * * * * * * * * * * * * * * * * * * * * * * * * * * * * * * //

dimensions      [0 1 -1 0 0 0 0];

internalField   nonuniform List<vector> 
175
(
(-0.193083 0.00544755 3.75775e-18)
(-0.191401 0.00467661 2.33424e-18)
(-0.189852 0.00398711 -2.11824e-19)
(-0.188409 0.00338163 -2.9327e-18)
(-0.187045 0.0028601 -2.00947e-18)
(-0.185737 0.00242019 -7.61377e-19)
(-0.184462 0.002058 -1.02088e-18)
(-0.1832 0.0017685 8.28428e-19)
(-0.181932 0.00154567 -3.13806e-18)
(-0.180642 0.0013832 7.49564e-19)
(-0.179316 0.00127496 -7.50429e-19)
(-0.177939 0.0012154 -4.69069e-19)
(-0.176502 0.00119968 1.26654e-18)
(-0.174992 0.0012237 -4.11505e-19)
(-0.173401 0.00128431 -2.05851e-18)
(-0.171718 0.00137917 -2.72273e-18)
(-0.169933 0.00150701 -2.94684e-18)
(-0.197069 0.00524039 2.39209e-18)
(-0.195386 0.00448885 2.98912e-18)
(-0.193853 0.00381448 -1.88999e-20)
(-0.192442 0.00322006 -3.46593e-18)
(-0.191126 0.00270583 -1.97496e-18)
(-0.189881 0.00226984 -2.38321e-19)
(-0.188684 0.00190856 -6.99382e-19)
(-0.187514 0.00161731 1.24808e-19)
(-0.186351 0.0013904 -2.67783e-18)
(-0.18518 0.00122184 1.35704e-18)
(-0.183983 0.00110576 -7.40594e-19)
(-0.182749 0.00103677 -1.50235e-19)
(-0.181465 0.00101016 1.29389e-18)
(-0.180119 0.00102191 3.81192e-20)
(-0.178702 0.00106892 -1.15646e-18)
(-0.177203 0.00114881 -2.0671e-18)
(-0.175614 0.00126027 -3.80586e-18)
(-0.200859 0.00503586 1.44348e-18)
(-0.199172 0.00430543 2.68034e-18)
(-0.19765 0.00364791 -1.2678e-18)
(-0.196265 0.00306628 -3.34093e-18)
(-0.194991 0.00256106 -2.03554e-18)
(-0.193802 0.00213069 -1.00226e-18)
(-0.192676 0.00177197 -5.56399e-19)
(-0.19159 0.00148058 -4.23241e-19)
(-0.190525 0.00125119 -2.66082e-18)
(-0.189462 0.00107814 1.14974e-18)
(-0.188387 0.000955814 3.39144e-19)
(-0.187285 0.000879042 3.47639e-19)
(-0.186143 0.00084325 1.52284e-18)
(-0.18495 0.000844494 4.75129e-19)
(-0.183696 0.000879706 -4.49043e-19)
(-0.18237 0.000946513 -1.73608e-18)
(-0.180963 0.00104357 -4.30541e-18)
(-0.204456 0.00482443 9.75391e-19)
(-0.202761 0.00411705 2.70707e-18)
(-0.201245 0.00347845 -1.56764e-18)
(-0.199882 0.00291175 -3.67281e-18)
(-0.198644 0.00241771 -2.22706e-18)
(-0.197506 0.00199508 -4.5735e-19)
(-0.196443 0.00164102 -1.65282e-18)
(-0.195434 0.00135152 -1.09624e-18)
(-0.194458 0.00112159 -1.83387e-18)
(-0.193496 0.00094589 1.19451e-18)
(-0.192532 0.00081905 2.9044e-19)
(-0.191553 0.000736089 8.42202e-19)
(-0.190544 0.000692579 9.10201e-19)
(-0.189493 0.000684664 -3.84878e-19)
(-0.188391 0.000709326 1.20507e-19)
(-0.187227 0.0007642 -1.66259e-18)
(-0.18599 0.000847925 -4.38724e-18)
(-0.20786 0.00460818 7.14572e-19)
(-0.206154 0.00392616 3.02734e-18)
(-0.204642 0.00330881 -8.70883e-19)
(-0.203296 0.00275936 -3.18613e-18)
(-0.202089 0.00227879 -1.39062e-18)
(-0.200995 0.00186613 5.19701e-20)
(-0.19999 0.00151884 -1.77618e-18)
(-0.19905 0.00123325 -6.14225e-19)
(-0.198155 0.00100469 -1.3547e-18)
(-0.197286 0.000828137 1.54205e-18)
(-0.196426 0.000698471 1.70076e-19)
(-0.19556 0.000610917 1.39815e-18)
(-0.194674 0.000561204 1.58147e-18)
(-0.193756 0.000545577 -1.16428e-18)
(-0.192796 0.000561075 7.16898e-19)
(-0.191781 0.000605353 -1.85179e-18)
(-0.190704 0.000677046 -3.10798e-18)
(-0.211072 0.00438789 7.1553e-19)
(-0.209353 0.00373337 2.54192e-18)
(-0.207841 0.00313943 -4.34769e-19)
(-0.206508 0.00260937 -1.86927e-18)
(-0.205328 0.00214434 -1.90727e-18)
(-0.204273 0.00174363 5.69264e-19)
(-0.203319 0.001405 -2.21026e-18)
(-0.202443 0.0011251 -1.71734e-19)
(-0.201622 0.000899584 -1.03537e-18)
(-0.200838 0.000723765 1.03655e-18)
(-0.200073 0.000592784 1.16421e-19)
(-0.199312 0.000502091 2.18838e-18)
(-0.19854 0.000447583 1.23733e-18)
(-0.197745 0.000425611 -1.24654e-18)
(-0.196916 0.000433275 1.55339e-18)
(-0.196041 0.000468256 -1.37392e-18)
(-0.195111 0.000529198 -2.19038e-18)
(-0.214093 0.00416312 -2.79547e-19)
(-0.21236 0.00353806 2.28892e-18)
(-0.210845 0.00296953 -2.3426e-19)
(-0.209522 0.00246086 -9.28111e-19)
(-0.208364 0.00201332 -2.60718e-18)
(-0.207343 0.00162644 -8.93246e-20)
(-0.206435 0.00129827 -2.82063e-18)
(-0.205616 0.00102575 2.88051e-19)
(-0.204863 0.000804893 -8.674e-19)
(-0.204157 0.000631326 7.82609e-19)
(-0.20348 0.000500474 1.15778e-18)
(-0.202815 0.000408027 2.27032e-18)
(-0.202148 0.000350067 1.01141e-18)
(-0.201467 0.000323053 -1.56488e-18)
(-0.200759 0.000324138 1.56606e-18)
(-0.200014 0.000351026 -1.15088e-18)
(-0.19922 0.000402381 -1.65833e-18)
(-0.216924 0.00393378 -1.23126e-18)
(-0.215174 0.00333995 1.07104e-18)
(-0.213655 0.00279865 -2.1951e-19)
(-0.212339 0.00231319 1.26469e-18)
(-0.211199 0.00188497 -2.40412e-18)
(-0.210208 0.00151372 -5.93912e-19)
(-0.209341 0.00119775 -1.35181e-18)
(-0.208574 0.000934298 9.62248e-19)
(-0.207882 0.000719692 -8.94265e-19)
(-0.207247 0.000549876 7.79922e-19)
(-0.20665 0.000420553 2.39064e-18)
(-0.206074 0.000327659 1.39365e-18)
(-0.205504 0.000267476 9.02364e-19)
(-0.204927 0.000236596 -1.15184e-18)
(-0.204332 0.000232257 1.91219e-18)
(-0.203706 0.000252199 -1.17876e-18)
(-0.203039 0.000295117 -1.31094e-18)
(-0.219566 0.0037 -7.8194e-19)
(-0.217798 0.00313895 1.32296e-18)
(-0.216272 0.00262647 -1.50774e-19)
(-0.214961 0.00216583 2.30383e-18)
(-0.213836 0.00175852 -1.32615e-18)
(-0.212872 0.00140447 -1.11806e-18)
(-0.212041 0.00110225 -1.4051e-18)
(-0.211319 0.000849387 1.79864e-18)
(-0.210684 0.00064254 1.72551e-19)
(-0.210113 0.000477987 2.01357e-18)
(-0.209589 0.00035172 2.75158e-18)
(-0.209094 0.000259925 7.1922e-19)
(-0.208613 0.000199068 8.61147e-19)
(-0.208132 0.000165817 3.17646e-19)
(-0.20764 0.000157409 1.48056e-18)
(-0.207124 0.000171571 -3.7965e-19)
(-0.206573 0.000207042 -1.04698e-19)
(-0.222018 0.0034588 -4.46208e-19)
(-0.220232 0.00293273 5.33262e-19)
(-0.218699 0.00245121 1.1318e-18)
(-0.217389 0.00201742 3.64358e-18)
(-0.216277 0.00163292 -1.93908e-18)
(-0.215335 0.00129777 -1.80625e-18)
(-0.214537 0.00101077 -1.54498e-18)
(-0.213856 0.000769749 2.99853e-18)
(-0.213271 0.000571689 1.18698e-18)
(-0.212759 0.00041322 3.66997e-18)
(-0.212301 0.000290661 3.51377e-18)
(-0.21188 0.000200512 1.14211e-18)
(-0.170343 0.00234015 -3.23119e-19)
(-0.168782 0.00213484 -2.30694e-18)
(-0.167163 0.00199539 -3.2052e-19)
(-0.165475 0.00191517 -1.51004e-18)
(-0.163705 0.00188824 -1.83337e-18)
(-0.161844 0.00190945 -1.42432e-18)
(-0.159882 0.00197453 -1.88258e-18)
(-0.15781 0.00208024 -2.36507e-18)
(-0.155619 0.00222419 -2.45727e-18)
(-0.1533 0.00240516 -1.41353e-18)
)
;

boundaryField
{
    inlet
    {
        type            uniformFixedValue;
        uniformValue    constant (1 0 0);
        value           nonuniform 0();
    }
    outlet
    {
        type            pressureInletOutletVelocity;
        value           nonuniform 0();
    }
    polygon
    {
        type            fixedValue;
        value           nonuniform 0();
    }
    top
    {
        type            symmetryPlane;
    }
    bottom
    {
        type            symmetryPlane;
    }
    outside
    {
        type            zeroGradient;
    }
    procBoundary44to36
    {
        type            processor;
        value           nonuniform List<vector> 
18
(
(-0.224396 0.00318956 -6.5068e-20)
(-0.222589 0.00270503 1.27213e-18)
(-0.221043 0.00226069 1.21704e-18)
(-0.219732 0.0018596 4.36395e-18)
(-0.218627 0.00150327 -3.10874e-18)
(-0.217702 0.00119189 -1.26903e-18)
(-0.21693 0.000924457 -5.50667e-19)
(-0.216285 0.000699069 3.57523e-18)
(-0.215743 0.000513041 2.36164e-18)
(-0.215282 0.000363365 4.58543e-18)
(-0.214883 0.000246703 4.48391e-18)
(-0.214528 0.00015993 1.66222e-18)
(-0.21148 0.000139527 9.49248e-19)
(-0.211087 0.000104542 5.88785e-19)
(-0.210689 9.26325e-05 1.4633e-18)
(-0.210273 0.000101592 1.64472e-19)
(-0.20983 0.000130163 1.50256e-19)
(-0.21148 0.000139527 9.49248e-19)
)
;
    }
    procBoundary44to43
    {
        type            processor;
        value           nonuniform List<vector> 8((-0.173923 0.00140278 -4.55601e-20) (-0.179465 0.00117028 2.69553e-19) (-0.184671 0.000959883 -1.77321e-19) (-0.189552 0.000775514 -3.07494e-19) (-0.194115 0.000615444 -4.25915e-19) (-0.198369 0.000477553 -5.35745e-19) (-0.202321 0.000360375 3.92159e-19) (-0.205978 0.000263233 4.02064e-19));
    }
    procBoundary44to45
    {
        type            processor;
        value           nonuniform List<vector> 10((-0.194925 0.00629444 -2.08546e-18) (-0.198927 0.00606352 -1.94589e-18) (-0.202738 0.00583357 -2.13281e-18) (-0.206357 0.00559494 -2.59604e-18) (-0.209785 0.00534928 -3.32872e-18) (-0.213024 0.00509749 -3.06307e-18) (-0.216072 0.00483931 -3.29948e-18) (-0.218931 0.00457488 -2.52293e-18) (-0.2216 0.00430453 -2.16258e-18) (-0.224079 0.00402455 -6.34331e-19));
    }
    procBoundary44to51
    {
        type            processor;
        value           nonuniform List<vector> 2((-0.168038 0.00166734 -1.77514e-19) (-0.150843 0.00262277 -3.28293e-19));
    }
    procBoundary44to52
    {
        type            processor;
        value           nonuniform List<vector> 
18
(
(-0.181102 0.00612495 9.4529e-18)
(-0.179434 0.00530769 1.02349e-18)
(-0.17785 0.00458352 -1.51395e-18)
(-0.176324 0.00395449 -2.48597e-18)
(-0.174832 0.00341975 -2.52254e-18)
(-0.17335 0.00297604 -2.14646e-18)
(-0.17186 0.0026183 -2.47504e-18)
(-0.142626 0.00361612 -1.18306e-18)
(-0.140346 0.00345951 -1.02078e-17)
(-0.13794 0.00337731 -7.27785e-19)
(-0.1354 0.00336225 -8.24523e-18)
(-0.132716 0.00340779 -9.77561e-18)
(-0.12988 0.00350837 -9.63801e-18)
(-0.126885 0.00365946 -9.60691e-18)
(-0.123722 0.00385768 -9.36445e-18)
(-0.120383 0.00410072 -8.88523e-18)
(-0.116859 0.00438741 -1.70275e-18)
(-0.17186 0.0026183 -2.47504e-18)
)
;
    }
}


// ************************************************************************* //
