/*--------------------------------*- C++ -*----------------------------------*\
  =========                 |
  \\      /  F ield         | OpenFOAM: The Open Source CFD Toolbox
   \\    /   O peration     | Website:  https://openfoam.org
    \\  /    A nd           | Version:  7
     \\/     M anipulation  |
\*---------------------------------------------------------------------------*/
FoamFile
{
    version     2.0;
    format      ascii;
    class       surfaceScalarField;
    location    "114";
    object      phi;
}
// * * * * * * * * * * * * * * * * * * * * * * * * * * * * * * * * * * * * * //

dimensions      [0 3 -1 0 0 0 0];

internalField   nonuniform List<scalar> 
319
(
-0.000389639
-0.0106375
0.0107171
-0.00047127
-0.0106352
0.0107168
-0.000552793
-0.0106158
0.0106973
-0.000635564
-0.0106065
0.0106892
-0.000718719
-0.0105986
0.0106817
-0.000802867
-0.0105993
0.0106835
-0.000887741
-0.0106064
0.0106913
-0.010623
0.0107089
-0.000388644
-0.0105579
-0.000470211
-0.0105536
-0.000551813
-0.0105342
-0.000634584
-0.0105237
-0.000717802
-0.0105154
-0.000801993
-0.0105151
-0.000886955
-0.0105215
-0.010537
-0.000387578
-0.010478
-0.000469123
-0.0104721
-0.000550796
-0.0104525
-0.000633583
-0.0104409
-0.000716862
-0.0104321
-0.000801104
-0.0104309
-0.000886155
-0.0104364
-0.0104509
-0.000386447
-0.0103981
-0.00046799
-0.0103905
-0.000549731
-0.0103708
-0.000632535
-0.0103581
-0.00071587
-0.0103487
-0.000800161
-0.0103466
-0.000885293
-0.0103513
-0.0103646
-0.000385252
-0.0103179
-0.000466811
-0.010309
-0.000548616
-0.010289
-0.00063144
-0.0102753
-0.000714827
-0.0102654
-0.000799161
-0.0102623
-0.000884367
-0.0102661
-0.0102783
-0.000383994
-0.0102377
-0.000465585
-0.0102274
-0.000547451
-0.0102071
-0.000630296
-0.0101924
-0.000713729
-0.0101819
-0.000798103
-0.0101779
-0.000883376
-0.0101808
-0.0101919
-0.000382677
-0.0101572
-0.00046431
-0.0101457
-0.000546236
-0.0101252
-0.000629102
-0.0101096
-0.000712577
-0.0100984
-0.000796986
-0.0100935
-0.000882316
-0.0100955
-0.0101054
-0.0003813
-0.0100767
-0.000462986
-0.010064
-0.000544971
-0.0100432
-0.000627857
-0.0100267
-0.000711367
-0.0100149
-0.000795805
-0.0100091
-0.000881182
-0.0100101
-0.0100188
-0.000379862
-0.00999595
-0.000461614
-0.00998229
-0.000543651
-0.00996115
-0.000626557
-0.00994378
-0.000710097
-0.00993139
-0.000794558
-0.0099246
-0.000879976
-0.00992468
-0.00993221
-0.000378412
-0.00046015
-0.000542271
-0.000625159
-0.00070873
-0.000793198
-0.000878655
-0.0109378
0.00271033
-0.0108764
0.0027433
-0.0108009
0.00277996
0.00281973
-0.0111322
0.00253293
-0.0111357
0.00254325
-0.0111325
0.0025533
-0.0111229
0.00256372
-0.0111069
0.00257506
-0.0110846
0.00258779
-0.0110556
0.00260223
-0.0110194
0.00261857
-0.0109754
0.00263693
-0.0109224
0.00265735
-0.0108589
0.00267974
-0.0107828
0.00270387
0.00272826
-0.01117
0.00252912
-0.0111616
0.00253484
-0.0111487
0.00254046
-0.0111315
0.00254645
-0.0111096
0.00255319
-0.0110827
0.00256095
-0.0110504
0.00256988
-0.0110118
0.00258001
-0.0109661
0.00259124
-0.0109121
0.00260334
-0.0108483
0.00261595
-0.0107729
0.00262842
0.00263884
-0.0111838
0.00251852
-0.01117
0.00252107
-0.011153
0.00252346
-0.0111326
0.002526
-0.0111083
0.0025289
-0.0110796
0.0025323
-0.011046
0.0025362
-0.0110064
0.00254049
-0.0109601
0.00254489
-0.0109058
0.00254904
-0.0108424
0.00255252
-0.0107685
0.00255452
0.00255211
-0.0111884
0.00250519
-0.0111726
0.00250525
-0.0111541
0.00250494
-0.0111326
0.00250444
-0.0111075
0.00250384
-0.0110784
0.00250315
-0.0110444
0.00250228
-0.0110049
0.002501
-0.010959
0.00249894
-0.0109056
0.00249563
-0.0108436
0.00249057
-0.0107718
0.0024827
0.00246954
-0.0111901
0.00249099
-0.0111737
0.0024888
-0.0111547
0.00248598
-0.0111329
0.00248258
-0.0111076
0.00247857
-0.0110783
0.00247388
-0.0110444
0.00246832
-0.0110049
0.00246158
-0.0109592
0.00245322
-0.0109063
0.00244269
-0.0108453
0.00242962
-0.0107761
0.00241347
0.00239074
-0.0111913
0.00247671
-0.0111749
0.00247237
-0.011156
0.00246711
-0.0111343
0.00246088
-0.0111093
0.00245358
-0.0110805
0.00244503
-0.0110472
0.00243499
-0.0110087
0.00242312
-0.0109645
0.00240898
-0.0109138
0.002392
-0.0108557
0.00237152
-0.0107894
0.0023472
0.00231815
-0.0111909
-0.0111744
-0.0111554
-0.0111336
-0.0111085
-0.0110794
-0.0110459
-0.0110072
-0.0109625
-0.0109113
-0.0108533
-0.0107883
)
;

boundaryField
{
    inlet
    {
        type            calculated;
        value           nonuniform 0();
    }
    outlet
    {
        type            calculated;
        value           nonuniform 0();
    }
    polygon
    {
        type            calculated;
        value           nonuniform 0();
    }
    top
    {
        type            symmetryPlane;
        value           uniform 0;
    }
    bottom
    {
        type            symmetryPlane;
        value           uniform 0;
    }
    outside
    {
        type            calculated;
        value           nonuniform List<scalar> 
23
(
0.00031013
0.000308965
0.000307748
0.000306466
0.000305123
0.000303718
0.000302254
0.00030073
0.000299149
0.000297454
0.00246237
0.00245586
0.00244813
0.00243905
0.00242843
0.00241601
0.00240146
0.00238438
0.00236431
0.00234078
0.0023135
0.00228225
0.00224689
)
;
    }
    procBoundary2to1
    {
        type            processor;
        value           nonuniform List<scalar> 5(-0.00991499 -0.00990056 -0.00987903 -0.0098609 -0.00984782);
    }
    procBoundary2to3
    {
        type            processor;
        value           nonuniform List<scalar> 7(0.0111215 0.0111738 0.0111944 0.0112018 0.0112044 0.0112056 0.0112053);
    }
    procBoundary2to9
    {
        type            processor;
        value           nonuniform List<scalar> 3(-0.00984013 -0.00983922 -0.00984553);
    }
    procBoundary2to10
    {
        type            processor;
        value           nonuniform List<scalar> 
24
(
-0.000973616
-0.000972953
-0.000972274
-0.000971523
-0.000970699
-0.000969798
-0.000968815
-0.000967745
-0.000966597
-0.000965331
-0.00275992
-0.00280478
-0.00285542
-0.00291176
-0.00252225
-0.00253971
-0.00255649
-0.00257336
-0.00259102
-0.00261014
-0.00263125
-0.00265472
0.0109874
-0.00268092
)
;
    }
}


// ************************************************************************* //
