/*--------------------------------*- C++ -*----------------------------------*\
  =========                 |
  \\      /  F ield         | OpenFOAM: The Open Source CFD Toolbox
   \\    /   O peration     | Website:  https://openfoam.org
    \\  /    A nd           | Version:  7
     \\/     M anipulation  |
\*---------------------------------------------------------------------------*/
FoamFile
{
    version     2.0;
    format      ascii;
    class       volVectorField;
    location    "30";
    object      U;
}
// * * * * * * * * * * * * * * * * * * * * * * * * * * * * * * * * * * * * * //

dimensions      [0 1 -1 0 0 0 0];

internalField   nonuniform List<vector> 
115
(
(-0.239332 8.06241e-05 -1.73754e-17)
(-0.238683 0.000124833 -2.20408e-17)
(-0.237825 0.000168855 -1.9242e-18)
(-0.236761 0.000212702 2.84623e-18)
(-0.23549 0.000256985 -2.37116e-19)
(-0.234009 0.000302847 -1.17851e-18)
(-0.232307 0.000351928 1.95708e-17)
(-0.230364 0.000406365 -2.43436e-18)
(-0.190931 0.000427214 1.24342e-17)
(-0.190575 0.000606972 1.8665e-17)
(-0.19016 0.000553804 2.363e-17)
(-0.189624 0.000303559 9.60952e-18)
(-0.188895 -6.61164e-05 -1.21615e-17)
(-0.187925 -0.000506904 2.34701e-17)
(-0.186709 -0.00102459 5.22183e-19)
(-0.214642 0.000458238 -2.30513e-18)
(-0.214692 0.000675948 7.14313e-18)
(-0.214767 0.000716016 1.31194e-17)
(-0.21479 0.000610934 2.34918e-17)
(-0.214694 0.000395518 8.68902e-18)
(-0.214433 8.79816e-05 6.56931e-18)
(-0.213964 -0.000244736 -5.12403e-18)
(-0.213268 -0.000617345 1.96006e-17)
(-0.212344 -0.00100778 4.23181e-18)
(-0.211189 -0.0014034 1.74162e-17)
(-0.209803 -0.0017969 1.47441e-17)
(-0.20819 -0.00218578 2.83162e-18)
(-0.206357 -0.00257197 8.81246e-18)
(-0.204305 -0.00296203 1.09175e-17)
(-0.202034 -0.00336646 -9.86732e-18)
(-0.199537 -0.00379959 1.31431e-17)
(-0.203645 0.000468401 -1.01525e-17)
(-0.20352 0.000670052 7.32164e-18)
(-0.203383 0.000673304 1.31927e-17)
(-0.203155 0.000511486 1.17781e-17)
(-0.20278 0.000197529 7.65242e-20)
(-0.202199 -0.000188632 1.07242e-17)
(-0.201388 -0.000615179 -1.53828e-17)
(-0.200347 -0.00107929 6.94792e-18)
(-0.199062 -0.00156105 3.76986e-18)
(-0.19753 -0.00204643 3.18952e-17)
(-0.195754 -0.00252719 2.91017e-17)
(-0.193741 -0.00300106 4.39761e-18)
(-0.191498 -0.00347105 1.9702e-17)
(-0.189029 -0.00394563 2.66684e-17)
(-0.186336 -0.00443773 1.95661e-17)
(-0.183414 -0.00496465 2.00983e-17)
(-0.230686 0.000312154 -1.16955e-18)
(-0.230962 0.000470939 3.3681e-18)
(-0.231318 0.000524984 2.95896e-17)
(-0.231669 0.000492517 9.52102e-18)
(-0.231946 0.000390237 1.32922e-17)
(-0.232094 0.000235684 4.33757e-18)
(-0.232075 4.34193e-05 1.63839e-19)
(-0.231856 -0.000156357 8.12764e-18)
(-0.231422 -0.000369133 2.04184e-18)
(-0.230773 -0.000587689 1.30565e-17)
(-0.229909 -0.00080672 5.2978e-18)
(-0.228832 -0.00102409 7.24582e-18)
(-0.227545 -0.00124043 9.86578e-18)
(-0.226048 -0.00145908 4.01988e-18)
(-0.224338 -0.00168576 -1.31684e-18)
(-0.222406 -0.00192855 1.5077e-17)
(-0.220234 -0.00219783 1.15418e-17)
(-0.223722 0.00035191 4.86254e-19)
(-0.223905 0.000546581 1.59882e-17)
(-0.224145 0.000603745 2.81272e-17)
(-0.224359 0.000546576 1.28143e-17)
(-0.224479 0.000393767 2.21594e-17)
(-0.224452 0.000171924 6.03358e-18)
(-0.224237 -0.000104125 -3.09926e-19)
(-0.223814 -0.000390792 8.41722e-18)
(-0.223176 -0.000690661 2.77542e-18)
(-0.222315 -0.000996533 2.45009e-17)
(-0.221231 -0.00130186 8.88216e-18)
(-0.219929 -0.00160426 3.48124e-18)
(-0.218413 -0.001905 6.49772e-18)
(-0.216683 -0.00220895 5.33113e-18)
(-0.214738 -0.0025242 -3.07732e-18)
(-0.212569 -0.0028619 2.34606e-17)
(-0.21016 -0.00323628 7.95579e-18)
(-0.237801 9.35839e-05 -3.84749e-17)
(-0.238163 0.000128466 -1.98133e-18)
(-0.23863 0.000141542 8.6569e-18)
(-0.239115 0.000136211 3.40992e-18)
(-0.239544 0.000115731 5.75277e-18)
(-0.23986 8.39012e-05 -4.05741e-18)
(-0.240023 4.54708e-05 -2.25247e-18)
(-0.24 4.74599e-06 4.10766e-18)
(-0.239771 -3.69378e-05 -3.47587e-18)
(-0.239332 -8.06195e-05 5.36002e-20)
(-0.238683 -0.000124829 -6.28654e-18)
(-0.237825 -0.000168852 3.32046e-18)
(-0.236761 -0.000212699 8.5673e-18)
(-0.23549 -0.000256983 2.00396e-18)
(-0.234009 -0.000302846 -1.76185e-19)
(-0.232307 -0.000351927 1.2717e-17)
(-0.230364 -0.000406365 8.13547e-18)
(-0.235416 0.000140917 -9.9638e-18)
(-0.23575 0.000242897 -1.27711e-18)
(-0.236181 0.000282648 2.41626e-17)
(-0.236622 0.000270984 6.37872e-18)
(-0.237001 0.00021721 2.06714e-17)
(-0.23726 0.000131994 3.08684e-18)
(-0.237361 2.01975e-05 -7.95097e-19)
(-0.237272 -0.000104948 1.83224e-17)
(-0.236976 -0.00023281 8.93828e-19)
(-0.236468 -0.000363054 1.85186e-17)
(-0.235748 -0.000493582 1.91922e-18)
(-0.234818 -0.000623207 1.83685e-17)
(-0.23368 -0.000752349 2.29975e-17)
(-0.232335 -0.000882993 4.45178e-18)
(-0.230779 -0.00101855 -5.51277e-19)
(-0.229001 -0.00116381 2.3804e-17)
(-0.226983 -0.00132499 2.41489e-17)
)
;

boundaryField
{
    inlet
    {
        type            uniformFixedValue;
        uniformValue    constant (1 0 0);
        value           nonuniform 0();
    }
    outlet
    {
        type            pressureInletOutletVelocity;
        value           nonuniform 0();
    }
    polygon
    {
        type            fixedValue;
        value           nonuniform 0();
    }
    top
    {
        type            symmetryPlane;
    }
    bottom
    {
        type            symmetryPlane;
    }
    outside
    {
        type            zeroGradient;
    }
    procBoundary27to19
    {
        type            processor;
        value           nonuniform List<vector> 
17
(
(-0.176749 0.000386753 5.6601e-18)
(-0.176114 0.000487962 7.68057e-18)
(-0.175371 0.000338452 8.9727e-18)
(-0.174436 -1.30427e-05 1.18658e-17)
(-0.173261 -0.000475632 5.8148e-18)
(-0.17183 -0.00103299 1.95024e-17)
(-0.185233 -0.0015833 7.18045e-18)
(-0.170119 -0.001655 1.1449e-17)
(-0.185233 -0.0015833 7.18045e-18)
(-0.18349 -0.00215654 6.27338e-18)
(-0.181483 -0.00272955 3.4678e-17)
(-0.179217 -0.00329437 1.94604e-17)
(-0.176702 -0.0038495 1.41301e-18)
(-0.173945 -0.00439923 5.41778e-18)
(-0.170952 -0.004954 1.47194e-17)
(-0.167727 -0.00552913 1.36434e-17)
(-0.164268 -0.00614477 -5.98913e-18)
)
;
    }
    procBoundary27to26
    {
        type            processor;
        value           nonuniform List<vector> 6((-0.196801 -0.00427959 9.17032e-18) (-0.196801 -0.00427959 9.17032e-18) (-0.180252 -0.00554799 1.58959e-17) (-0.217794 -0.00250648 1.05894e-17) (-0.207487 -0.00366493 2.57646e-17) (-0.224695 -0.00150979 5.13813e-18));
    }
    procBoundary27to28
    {
        type            processor;
        value           nonuniform List<vector> 7((-0.191316 -3.4079e-05 6.8681e-18) (-0.214706 3.44221e-05 8.7034e-18) (-0.203857 3.17623e-05 4.65138e-18) (-0.230584 3.37968e-05 9.88922e-18) (-0.223688 -4.99719e-06 1.99414e-17) (-0.237641 3.46357e-05 -1.48501e-17) (-0.235274 -3.47873e-05 1.12398e-17));
    }
    procBoundary27to34
    {
        type            processor;
        value           nonuniform List<vector> 2((-0.22815 0.000468826 -2.08049e-17) (-0.22815 -0.000468827 -3.69899e-18));
    }
    procBoundary27to35
    {
        type            processor;
        value           nonuniform List<vector> 
18
(
(-0.236468 0.000363058 -2.32319e-18)
(-0.235748 0.000493586 -9.60187e-18)
(-0.234818 0.00062321 -1.33005e-18)
(-0.23368 0.000752352 2.60142e-18)
(-0.232335 0.000882995 -4.4754e-18)
(-0.230779 0.00101855 -2.22351e-18)
(-0.229001 0.00116381 1.25025e-18)
(-0.226983 0.00132499 -2.47277e-17)
(-0.237801 -9.3579e-05 -2.67856e-17)
(-0.238163 -0.000128461 1.07255e-17)
(-0.23863 -0.000141537 5.61498e-18)
(-0.239115 -0.000136205 1.00477e-18)
(-0.239544 -0.000115725 -2.24027e-18)
(-0.23986 -8.38958e-05 -1.83972e-17)
(-0.240023 -4.54655e-05 -4.45975e-18)
(-0.24 -4.74068e-06 -4.09613e-18)
(-0.239771 3.69428e-05 -1.46866e-17)
(-0.239771 3.69428e-05 -1.46866e-17)
)
;
    }
}


// ************************************************************************* //
