/*--------------------------------*- C++ -*----------------------------------*\
  =========                 |
  \\      /  F ield         | OpenFOAM: The Open Source CFD Toolbox
   \\    /   O peration     | Website:  https://openfoam.org
    \\  /    A nd           | Version:  7
     \\/     M anipulation  |
\*---------------------------------------------------------------------------*/
FoamFile
{
    version     2.0;
    format      ascii;
    class       volVectorField;
    location    "84";
    object      U;
}
// * * * * * * * * * * * * * * * * * * * * * * * * * * * * * * * * * * * * * //

dimensions      [0 1 -1 0 0 0 0];

internalField   nonuniform List<vector> 
115
(
(0.284932 -0.0375556 8.7626e-19)
(0.302855 -0.0395253 9.16186e-19)
(0.321558 -0.0416194 1.69699e-18)
(0.341087 -0.0438502 3.23698e-18)
(0.361498 -0.0462322 7.67768e-19)
(0.382856 -0.0487828 1.05431e-18)
(0.239968 -0.0321437 1.8488e-19)
(0.254842 -0.0336612 6.94324e-19)
(0.27035 -0.0352581 1.5052e-18)
(0.286515 -0.0369381 3.13686e-18)
(0.303359 -0.0387054 2.43062e-18)
(0.320907 -0.0405651 2.54014e-18)
(0.339185 -0.042523 2.64204e-18)
(0.358223 -0.044586 2.63027e-18)
(0.378055 -0.0467621 2.6292e-18)
(0.398717 -0.0490608 2.74705e-18)
(0.420251 -0.0514931 2.99665e-18)
(0.442704 -0.0540723 3.08121e-18)
(0.466129 -0.0568143 3.04911e-18)
(0.490589 -0.059738 3.36142e-18)
(0.516153 -0.0628665 2.93216e-18)
(0.542903 -0.0662276 3.21906e-18)
(0.352461 -0.0435777 3.46419e-19)
(0.370673 -0.045578 1.42413e-18)
(0.38962 -0.0476729 4.46072e-18)
(0.409324 -0.0498675 1.40186e-17)
(0.429808 -0.0521674 1.31859e-17)
(0.451096 -0.0545795 1.37568e-17)
(0.473216 -0.0571117 1.42677e-17)
(0.496196 -0.0597732 1.45209e-17)
(0.520068 -0.0625747 1.48924e-17)
(0.544865 -0.0655289 1.56628e-17)
(0.570622 -0.0686507 1.59927e-17)
(0.59738 -0.0719576 1.63369e-17)
(0.625178 -0.0754702 1.62485e-17)
(0.654058 -0.079213 1.70375e-17)
(0.684063 -0.0832144 1.71626e-17)
(0.715232 -0.087508 1.71925e-17)
(0.477485 -0.0573823 2.71602e-19)
(0.498963 -0.0599263 6.31181e-19)
(0.521222 -0.0625786 1.28759e-18)
(0.544277 -0.0653452 2.39026e-18)
(0.568138 -0.0682327 1.49593e-18)
(0.59282 -0.0712488 2.11642e-18)
(0.618332 -0.0744024 2.22538e-18)
(0.644685 -0.0777035 2.62976e-18)
(0.671886 -0.0811633 2.78543e-18)
(0.69994 -0.084795 3.30253e-18)
(0.728847 -0.088613 3.47287e-18)
(0.758599 -0.0926337 3.60146e-18)
(0.789182 -0.0968753 3.84251e-18)
(0.820569 -0.101358 4.00079e-18)
(0.852718 -0.106102 3.38746e-18)
(0.885568 -0.111132 4.03216e-18)
(0.611521 -0.0733954 -2.58505e-19)
(0.635725 -0.0764925 -7.28174e-19)
(0.660652 -0.0797021 -1.97724e-18)
(0.686292 -0.0830291 -5.6065e-18)
(0.712632 -0.0864789 -1.39392e-17)
(0.739653 -0.0900572 -1.20744e-17)
(0.767331 -0.0937704 -1.28765e-17)
(0.795635 -0.0976249 -1.27008e-17)
(0.824525 -0.101628 -1.30301e-17)
(0.853953 -0.105786 -1.29212e-17)
(0.883857 -0.110107 -1.30237e-17)
(0.914163 -0.114598 -1.16491e-17)
(0.944779 -0.119265 -9.93469e-18)
(0.975597 -0.124114 -5.9553e-18)
(1.00649 -0.129151 -1.71613e-17)
(1.03731 -0.134378 -1.30685e-17)
(0.748854 -0.091082 -4.724e-19)
(0.77467 -0.0946529 -9.51518e-19)
(0.801005 -0.0983201 -1.84682e-18)
(0.827816 -0.102085 -3.10873e-18)
(0.855051 -0.105947 -4.40237e-18)
(0.88265 -0.109908 -3.91195e-18)
(0.910545 -0.113968 -4.01392e-18)
(0.938658 -0.118125 -4.23565e-18)
(0.966901 -0.122379 -4.11509e-18)
(0.995174 -0.126726 -3.7187e-18)
(1.02337 -0.131165 -4.10676e-18)
(1.05135 -0.13569 -3.58144e-18)
(1.079 -0.140296 -3.12324e-18)
(1.10617 -0.144976 -3.83551e-18)
(1.13269 -0.149724 -5.60015e-18)
(1.15841 -0.154531 -4.1534e-18)
(0.882046 -0.109495 -1.2059e-18)
(0.907873 -0.113354 -8.57847e-19)
(0.933886 -0.117267 -1.33648e-18)
(0.960009 -0.121229 -1.02051e-18)
(0.986155 -0.125235 -1.57169e-18)
(1.01224 -0.129279 -1.36413e-18)
(1.03815 -0.133355 -1.44159e-18)
(1.0638 -0.137456 -1.34607e-18)
(1.08907 -0.141572 -1.43623e-18)
(1.11385 -0.145695 -1.54024e-18)
(1.13801 -0.149816 -1.23497e-18)
(1.16143 -0.153925 -1.23252e-18)
(1.18399 -0.158012 -1.45657e-18)
(1.20557 -0.162068 -1.66552e-18)
(1.22604 -0.166083 -1.64739e-18)
(1.24528 -0.170049 -1.08819e-18)
(1.00336 -0.127413 -8.56334e-18)
(1.02745 -0.131296 -1.01383e-18)
(1.05135 -0.135172 -7.66048e-18)
(1.07495 -0.13903 2.23352e-18)
(1.09817 -0.142864 -1.64966e-18)
(1.12092 -0.146662 -2.00592e-19)
(1.14308 -0.150416 -7.04509e-19)
(1.16457 -0.154117 -3.63025e-19)
(1.18529 -0.157754 -6.49175e-19)
(1.20515 -0.161318 -6.95496e-19)
(1.22406 -0.164802 -6.57554e-19)
(1.24193 -0.168197 -4.62939e-19)
(1.25869 -0.171497 -7.65589e-19)
)
;

boundaryField
{
    inlet
    {
        type            uniformFixedValue;
        uniformValue    constant (1 0 0);
        value           nonuniform 0();
    }
    outlet
    {
        type            pressureInletOutletVelocity;
        value           nonuniform 0();
    }
    polygon
    {
        type            fixedValue;
        value           nonuniform 0();
    }
    top
    {
        type            symmetryPlane;
    }
    bottom
    {
        type            symmetryPlane;
    }
    outside
    {
        type            zeroGradient;
    }
    procBoundary11to3
    {
        type            processor;
        value           nonuniform List<vector> 
17
(
(1.27427 -0.174698 -6.63985e-19)
(1.28861 -0.177796 -3.10904e-19)
(1.30167 -0.180792 -3.73147e-19)
(1.10663 -0.143637 -1.94619e-18)
(1.12756 -0.147278 -2.4752e-19)
(1.14796 -0.150845 -1.25184e-18)
(1.16775 -0.154331 9.43363e-19)
(1.18685 -0.157726 -7.31303e-19)
(1.2052 -0.161024 -2.18078e-20)
(1.22271 -0.164216 -5.25577e-19)
(1.23933 -0.167296 -4.18813e-19)
(1.255 -0.170259 -1.9161e-19)
(1.26966 -0.173099 -2.80923e-19)
(1.28329 -0.175815 -3.22639e-19)
(1.29583 -0.178405 -3.02918e-20)
(1.27427 -0.174698 -6.63985e-19)
(1.30728 -0.18087 -1.87136e-19)
)
;
    }
    procBoundary11to10
    {
        type            processor;
        value           nonuniform List<vector> 5((0.747599 -0.0921323 1.70727e-17) (0.919034 -0.11647 3.64878e-18) (1.06788 -0.139798 -1.44056e-17) (1.18315 -0.159388 -4.80316e-18) (1.26319 -0.17396 -1.64988e-18));
    }
    procBoundary11to12
    {
        type            processor;
        value           nonuniform List<vector> 7((0.225711 -0.0307024 -1.22872e-19) (0.334966 -0.0416676 2.39192e-19) (0.456777 -0.0549415 6.32647e-20) (0.588048 -0.0704063 -2.52948e-20) (0.723597 -0.0876061 -3.01264e-19) (0.856476 -0.105694 -5.67701e-19) (0.979154 -0.123529 -3.03105e-18));
    }
    procBoundary11to18
    {
        type            processor;
        value           nonuniform List<vector> 2((0.405238 -0.0515228 1.42587e-18) (0.570933 -0.0698554 3.23732e-18));
    }
    procBoundary11to19
    {
        type            processor;
        value           nonuniform List<vector> 
17
(
(0.167878 -0.0266735 9.11091e-19)
(0.181689 -0.0281787 1.3212e-18)
(0.196082 -0.0297849 3.78329e-18)
(0.211084 -0.0315013 1.43756e-17)
(0.226723 -0.0333376 8.87129e-19)
(0.243032 -0.0353053 1.60933e-18)
(0.141577 -0.0229869 -4.67796e-21)
(0.153338 -0.024102 3.58437e-19)
(0.165619 -0.0252835 1.07668e-18)
(0.178436 -0.0265338 2.72543e-18)
(0.191809 -0.0278563 6.3438e-19)
(0.205756 -0.0292544 6.65012e-19)
(0.220299 -0.0307325 5.70525e-19)
(0.235462 -0.0322954 7.04723e-19)
(0.251269 -0.033949 7.3952e-19)
(0.267748 -0.0356999 7.69583e-19)
(0.267748 -0.0356999 7.69583e-19)
)
;
    }
}


// ************************************************************************* //
