/*--------------------------------*- C++ -*----------------------------------*\
  =========                 |
  \\      /  F ield         | OpenFOAM: The Open Source CFD Toolbox
   \\    /   O peration     | Website:  https://openfoam.org
    \\  /    A nd           | Version:  7
     \\/     M anipulation  |
\*---------------------------------------------------------------------------*/
FoamFile
{
    version     2.0;
    format      ascii;
    class       surfaceScalarField;
    location    "58";
    object      phi;
}
// * * * * * * * * * * * * * * * * * * * * * * * * * * * * * * * * * * * * * //

dimensions      [0 3 -1 0 0 0 0];

internalField   nonuniform List<scalar> 
7840
(
-0.00147444
0.00976871
-0.00939952
-0.00183927
0.00973254
-0.00936771
-0.00220392
0.00967604
-0.00931139
-0.00256811
0.00963181
-0.00926763
-0.00293349
0.0095826
-0.00921722
-0.00330002
0.00954115
-0.00917462
-0.00366961
0.00949739
-0.00912779
-0.00404323
0.0094587
-0.00908508
-0.00442276
0.00941973
-0.0090402
-0.00480936
0.00938722
-0.00900062
-0.00520857
0.0093533
-0.00895409
-0.00562094
0.00933471
-0.00892234
-0.00606287
0.00930875
-0.00886682
-0.00652486
0.00932391
-0.00886192
-0.00700842
0.00927321
-0.00878965
-0.00733759
0.00914928
-0.00882011
-0.00719704
0.00843686
-0.00857741
-0.00579239
0.00698143
-0.00838608
-0.00317779
0.00401686
-0.00663146
0.00109055
-0.00426834
-0.00150066
0.0101389
-0.00186798
0.0100999
-0.0022356
0.0100437
-0.0026034
0.00999961
-0.00297271
0.00995191
-0.00334414
0.00991257
-0.00371937
0.00987262
-0.00410005
0.00983938
-0.00448877
0.00980845
-0.00488804
0.00978649
-0.00530436
0.00976962
-0.00574246
0.00977281
-0.00621135
0.00977764
-0.00666781
0.00978037
-0.00698619
0.00959158
-0.00683404
0.00899713
-0.00585928
0.0074621
-0.00382404
0.00494619
-0.00144299
0.0016358
-0.000352441
-0.00152578
0.0105103
-0.00189512
0.0104692
-0.00226541
0.010414
-0.00263642
0.0103706
-0.00300991
0.0103254
-0.00338663
0.0102893
-0.00376854
0.0102545
-0.00415723
0.0102281
-0.00455555
0.0102068
-0.00496679
0.0101977
-0.00539704
0.0101999
-0.00584487
0.0102206
-0.00627986
0.0102126
-0.00657318
0.0100737
-0.00647539
0.00949379
-0.00563145
0.0081532
-0.00390698
0.00573763
-0.00162709
0.00266631
-9.1622e-05
0.000100333
-0.000444063
-0.00154973
0.0108829
-0.00192088
0.0108404
-0.00229337
0.0107864
-0.00266705
0.0107443
-0.00304357
0.0107019
-0.00342364
0.0106694
-0.00380932
0.0106402
-0.00420294
0.0106217
-0.00460858
0.0106124
-0.00503038
0.0106195
-0.00546793
0.0106374
-0.00589314
0.0106458
-0.00621353
0.010533
-0.00622329
0.0100834
-0.00564402
0.00891452
-0.00427778
0.00678695
-0.00236131
0.00382115
-0.000731866
0.00103687
-5.84176e-05
-0.000573115
-0.000502481
-0.00157228
0.0112565
-0.00194509
0.0112132
-0.0023196
0.011161
-0.00269603
0.0111207
-0.00307617
0.0110821
-0.00346139
0.0110546
-0.00385426
0.0110331
-0.00425694
0.0110244
-0.0046713
0.0110268
-0.00509555
0.0110438
-0.00551222
0.0110541
-0.0058554
0.010989
-0.00597339
0.010651
-0.00562322
0.00973328
-0.00458832
0.00787962
-0.00292231
0.00512094
-0.0012227
0.00212155
-0.00016324
-2.25956e-05
0.00011387
-0.000850225
-0.000388611
-0.00159352
0.011631
-0.00196787
0.0115875
-0.00234419
0.0115373
-0.00272286
0.0114994
-0.00310528
0.0114645
-0.00349248
0.0114418
-0.003886
0.0114266
-0.00428771
0.0114261
-0.00469895
0.011438
-0.00511134
0.0114562
-0.00548264
0.0114254
-0.00569914
0.0112055
-0.00556328
0.0105152
-0.00485233
0.00902233
-0.00350507
0.00653236
-0.00187368
0.00348955
-0.00062728
0.000875149
-6.6754e-05
-0.000583122
6.20414e-06
-0.000923183
-0.000382407
-0.00161323
0.0120062
-0.0019888
0.0119631
-0.0023666
0.0119151
-0.00274746
0.0118803
-0.00313288
0.0118499
-0.0035248
0.0118337
-0.00392538
0.0118272
-0.0043361
0.0118368
-0.00475105
0.011853
-0.00513976
0.0118449
-0.00542183
0.0117075
-0.00544759
0.0112313
-0.00502073
0.0100883
-0.00400135
0.00800295
-0.00253121
0.00506222
-0.0011533
0.00211164
-0.000342091
6.39369e-05
-3.44802e-05
-0.000890733
6.91061e-06
-0.000964574
-0.000375496
-0.00163178
0.012382
-0.0020086
0.0123399
-0.00238785
0.0122943
-0.00277057
0.012263
-0.00315749
0.0122368
-0.00354952
0.0122257
-0.00394621
0.0122239
-0.00434406
0.0122347
-0.00472764
0.0122365
-0.00505073
0.012168
-0.00521135
0.0118681
-0.00504218
0.0110621
-0.00436516
0.00941128
-0.00315781
0.0067956
-0.00176662
0.00367103
-0.000732354
0.00107738
-0.000212837
-0.000455579
-3.8269e-05
-0.0010653
-2.17462e-05
-0.000981096
-0.000397242
-0.00164863
0.0127581
-0.00202609
0.0127174
-0.002406
0.0126742
-0.00279019
0.0126472
-0.00317887
0.0126255
-0.00357395
0.0126208
-0.00397545
0.0126254
-0.00437815
0.0126374
-0.00475495
0.0126133
-0.00502928
0.0124423
-0.00505674
0.0118956
-0.00465814
0.0106635
-0.00373452
0.00848766
-0.00244128
0.00550236
-0.00123209
0.00246184
-0.000461938
0.000307231
-0.000101644
-0.000815874
5.24979e-06
-0.0011722
5.42025e-06
-0.000981267
-0.000391822
-0.00166426
0.013134
-0.00204372
0.0130968
-0.00242497
0.0130555
-0.0028112
0.0130334
-0.00320073
0.013015
-0.0035944
0.0130145
-0.00398613
0.0130171
-0.00435763
0.0130089
-0.00465782
0.0129135
-0.00478501
0.0125695
-0.00459819
0.0117087
-0.00398107
0.0100464
-0.00294978
0.00745637
-0.00175386
0.00430643
-0.000787026
0.00149501
-0.00022341
-0.000256385
2.59628e-05
-0.00106525
5.88919e-05
-0.00120512
1.40764e-05
-0.000936451
-0.000377746
-0.000617964
0.0115517
-0.011774
-0.000403576
0.0114581
-0.0116725
-0.000194151
0.0113586
-0.011568
3.46814e-06
0.0112312
-0.0114288
0.000192057
0.0111128
-0.0113014
0.000366316
0.0109644
-0.0111387
0.0005266
0.0108157
-0.0109759
0.000668541
0.0106355
-0.0107775
0.00078922
0.0104368
-0.0105574
0.000884408
0.0101968
-0.010292
0.00094886
0.00991806
-0.00998252
0.000977706
0.00957477
-0.00960362
0.000962377
0.00917084
-0.00915551
0.000905143
0.00866939
-0.00861216
0.000796625
0.00811509
-0.00800657
0.000644142
0.00740948
-0.007257
0.000441434
0.00670858
-0.00650587
0.000178096
0.00574887
-0.00548553
-6.72134e-06
0.00458918
-0.00440436
0.00218183
-0.00218855
-0.000642695
0.0113261
-0.000425996
0.0112414
-0.00021398
0.0111466
-1.35615e-05
0.0110308
0.000177992
0.0109213
0.000355319
0.0107871
0.000518675
0.0106523
0.00066363
0.0104906
0.000787469
0.0103129
0.000885669
0.0100986
0.000953125
0.00985061
0.000985014
0.00954288
0.000974816
0.00918104
0.000921021
0.00872319
0.00082109
0.00821502
0.000667702
0.00756287
0.000485115
0.00689117
0.000229983
0.006004
7.37435e-05
0.00474542
0.00225557
-0.000667361
0.0110978
-0.000447466
0.0110215
-0.000232514
0.0109316
-2.87093e-05
0.0108269
0.000166436
0.0107261
0.000347631
0.0106059
0.000515022
0.0104849
0.000664093
0.0103415
0.000791968
0.0101851
0.00089361
0.009997
0.000963315
0.0097809
0.000995194
0.009511
0.000981057
0.00919517
0.000916669
0.00878757
0.000798749
0.00833294
0.000618952
0.00774267
0.000403815
0.0071063
0.000120118
0.0062877
-3.65516e-05
0.00490209
0.00221902
-0.00069149
0.0108664
-0.000468066
0.0107981
-0.000249752
0.0107133
-4.21075e-05
0.0106193
0.000157057
0.010527
0.000342714
0.0104202
0.000514882
0.0103127
0.000669093
0.0101873
0.000802521
0.0100516
0.000909969
0.00988956
0.000985952
0.00970492
0.00102371
0.00947324
0.00101648
0.00920241
0.000954668
0.00884938
0.000841864
0.00844575
0.000650171
0.00793436
0.00043424
0.00732224
0.00015488
0.00656706
-1.62689e-05
0.00507323
0.00220275
-0.000715265
0.0106317
-0.000488077
0.0105709
-0.000266133
0.0104914
-5.42983e-05
0.0104075
0.00014929
0.0103234
0.000339954
0.0102295
0.000517704
0.010135
0.000678252
0.0100267
0.000818978
0.0099109
0.000934502
0.00977403
0.00101964
0.00961978
0.00106646
0.00942643
0.00106901
0.00919986
0.00101533
0.00890306
0.000909588
0.00855149
0.000732654
0.00811129
0.000506529
0.00754836
0.000230482
0.0068431
2.6078e-05
0.00527764
0.00222883
-0.000738179
0.0103934
-0.000506752
0.0103395
-0.000280561
0.0102652
-6.3797e-05
0.0101907
0.00014511
0.0101145
0.000341922
0.0100327
0.000526755
0.00995017
0.000695528
0.00985796
0.000846096
0.00976033
0.00097288
0.00964725
0.00107163
0.00952103
0.00113195
0.0093661
0.00115075
0.00918105
0.00110604
0.00894777
0.00100803
0.00864951
0.000801323
0.008318
0.000564134
0.00778555
0.00024174
0.0071655
2.51004e-05
0.00549428
0.00225393
-0.000761024
0.0101513
-0.000525408
0.0101039
-0.000295006
0.0100348
-7.33814e-05
0.00996908
0.000140813
0.00990029
0.000343681
0.00982987
0.00053553
0.00975832
0.000712692
0.0096808
0.000873377
0.00959965
0.00101182
0.0095088
0.00112408
0.00940878
0.00119969
0.00929049
0.001236
0.00914475
0.00121559
0.00896818
0.00114827
0.00871682
0.00102504
0.00844123
0.000822941
0.00798765
0.000568972
0.00741947
0.000226224
0.00583703
0.00248015
-0.000782171
0.00990492
-0.000541512
0.0098632
-0.000305682
0.00979895
-7.78217e-05
0.00974122
0.000143262
0.00967921
0.000354185
0.00961894
0.000555649
0.00955685
0.000744263
0.00949219
0.000918648
0.00942526
0.00107323
0.00935423
0.00120586
0.00927615
0.00130496
0.00919138
0.00136823
0.00908148
0.00136773
0.00896869
0.00130452
0.00878003
0.00110849
0.00863726
0.000846854
0.00824929
0.000434718
0.0078316
0.000160958
0.00611079
0.00264111
-0.000804606
0.00965472
-0.000560095
0.00961869
-0.000320244
0.0095591
-8.78336e-05
0.00950881
0.000138314
0.00945306
0.000354857
0.0094024
0.000562809
0.0093489
0.000758708
0.00929629
0.00094157
0.0092424
0.00110656
0.00918924
0.00125183
0.00913088
0.00136719
0.00907602
0.00145168
0.00899699
0.00148931
0.00893106
0.00149546
0.00877388
0.00148259
0.00865013
0.0014215
0.00831037
0.00126892
0.00798418
0.000772535
0.00660717
0.00341365
-0.000822745
-0.000571767
-0.000324059
-8.28795e-05
0.000152967
0.00038075
0.000601862
0.000813066
0.00101526
0.00120389
0.00138068
0.00153435
0.00166452
0.00173366
0.00171789
0.00154791
0.00128088
0.000878978
0.00085469
-0.000822745
-0.00965472
0.00939952
-0.000571767
-0.00961869
0.00936771
-0.000324059
-0.0095591
0.00931139
-8.28795e-05
-0.00950881
0.00926763
0.000152967
-0.00945306
0.00921722
0.00038075
-0.0094024
0.00917462
0.000601862
-0.0093489
0.00912779
0.000813066
-0.00929629
0.00908508
0.00101526
-0.0092424
0.0090402
0.00120389
-0.00918924
0.00900062
0.00138068
-0.00913088
0.00895409
0.00153435
-0.00907602
0.00892234
0.00166452
-0.00899699
0.00886682
0.00173366
-0.00893106
0.00886192
0.00171789
-0.00877388
0.00878965
0.00154791
-0.00865013
0.00882011
0.00128088
-0.00831037
0.00857741
0.000878978
-0.00798418
0.00838608
0.00085469
-0.00660717
0.00663146
-0.00341365
0.00426834
-0.000804606
-0.00990492
-0.000560095
-0.0098632
-0.000320244
-0.00979895
-8.78336e-05
-0.00974122
0.000138314
-0.00967921
0.000354857
-0.00961894
0.000562809
-0.00955685
0.000758708
-0.00949219
0.00094157
-0.00942526
0.00110656
-0.00935423
0.00125183
-0.00927615
0.00136719
-0.00919138
0.00145168
-0.00908148
0.00148931
-0.00896869
0.00149546
-0.00878003
0.00148259
-0.00863726
0.0014215
-0.00824929
0.00126892
-0.0078316
0.000772535
-0.00611079
-0.00264111
-0.000782171
-0.0101513
-0.000541512
-0.0101039
-0.000305682
-0.0100348
-7.78217e-05
-0.00996908
0.000143262
-0.00990029
0.000354185
-0.00982987
0.000555649
-0.00975832
0.000744263
-0.0096808
0.000918648
-0.00959965
0.00107323
-0.0095088
0.00120586
-0.00940878
0.00130496
-0.00929049
0.00136823
-0.00914475
0.00136773
-0.00896818
0.00130452
-0.00871682
0.00110849
-0.00844123
0.000846854
-0.00798765
0.000434718
-0.00741947
0.000160958
-0.00583703
-0.00248015
-0.000761024
-0.0103934
-0.000525408
-0.0103395
-0.000295006
-0.0102652
-7.33814e-05
-0.0101907
0.000140813
-0.0101145
0.000343681
-0.0100327
0.00053553
-0.00995017
0.000712692
-0.00985796
0.000873377
-0.00976033
0.00101182
-0.00964725
0.00112408
-0.00952103
0.00119969
-0.0093661
0.001236
-0.00918105
0.00121559
-0.00894777
0.00114827
-0.00864951
0.00102504
-0.008318
0.000822941
-0.00778555
0.000568972
-0.0071655
0.000226224
-0.00549428
-0.00225393
-0.000738179
-0.0106317
-0.000506752
-0.0105709
-0.000280561
-0.0104914
-6.3797e-05
-0.0104075
0.00014511
-0.0103234
0.000341922
-0.0102295
0.000526755
-0.010135
0.000695528
-0.0100267
0.000846096
-0.0099109
0.00097288
-0.00977403
0.00107163
-0.00961978
0.00113195
-0.00942643
0.00115075
-0.00919986
0.00110604
-0.00890306
0.00100803
-0.00855149
0.000801323
-0.00811129
0.000564134
-0.00754836
0.00024174
-0.0068431
2.51004e-05
-0.00527764
-0.00222883
-0.000715265
-0.0108664
-0.000488077
-0.0107981
-0.000266133
-0.0107133
-5.42983e-05
-0.0106193
0.00014929
-0.010527
0.000339954
-0.0104202
0.000517704
-0.0103127
0.000678252
-0.0101873
0.000818978
-0.0100516
0.000934502
-0.00988956
0.00101964
-0.00970492
0.00106646
-0.00947324
0.00106901
-0.00920241
0.00101533
-0.00884938
0.000909588
-0.00844575
0.000732654
-0.00793436
0.000506529
-0.00732224
0.000230482
-0.00656706
2.6078e-05
-0.00507323
-0.00220275
-0.00069149
-0.0110978
-0.000468066
-0.0110215
-0.000249752
-0.0109316
-4.21075e-05
-0.0108269
0.000157057
-0.0107261
0.000342714
-0.0106059
0.000514882
-0.0104849
0.000669093
-0.0103415
0.000802521
-0.0101851
0.000909969
-0.009997
0.000985952
-0.0097809
0.00102371
-0.009511
0.00101648
-0.00919517
0.000954668
-0.00878757
0.000841864
-0.00833294
0.000650171
-0.00774267
0.00043424
-0.0071063
0.00015488
-0.0062877
-1.62689e-05
-0.00490209
-0.00221902
-0.000667361
-0.0113261
-0.000447466
-0.0112414
-0.000232514
-0.0111466
-2.87093e-05
-0.0110308
0.000166436
-0.0109213
0.000347631
-0.0107871
0.000515022
-0.0106523
0.000664093
-0.0104906
0.000791968
-0.0103129
0.00089361
-0.0100986
0.000963315
-0.00985061
0.000995194
-0.00954288
0.000981057
-0.00918104
0.000916669
-0.00872319
0.000798749
-0.00821502
0.000618952
-0.00756287
0.000403815
-0.00689117
0.000120118
-0.006004
-3.65516e-05
-0.00474542
-0.00225557
-0.000642695
-0.0115517
-0.000425996
-0.0114581
-0.00021398
-0.0113586
-1.35615e-05
-0.0112312
0.000177992
-0.0111128
0.000355319
-0.0109644
0.000518675
-0.0108157
0.00066363
-0.0106355
0.000787469
-0.0104368
0.000885669
-0.0101968
0.000953125
-0.00991806
0.000985014
-0.00957477
0.000974816
-0.00917084
0.000921021
-0.00866939
0.00082109
-0.00811509
0.000667702
-0.00740948
0.000485115
-0.00670858
0.000229983
-0.00574887
7.37435e-05
-0.00458918
-0.00218183
-0.000617964
-0.011774
-0.000403576
-0.0116725
-0.000194151
-0.011568
3.46814e-06
-0.0114288
0.000192057
-0.0113014
0.000366316
-0.0111387
0.0005266
-0.0109759
0.000668541
-0.0107775
0.00078922
-0.0105574
0.000884408
-0.010292
0.00094886
-0.00998252
0.000977706
-0.00960362
0.000962377
-0.00915551
0.000905143
-0.00861216
0.000796625
-0.00800657
0.000644142
-0.007257
0.000441434
-0.00650587
0.000178096
-0.00548553
-6.72134e-06
-0.00440436
-0.00218855
-0.00166426
-0.0127581
0.013134
-0.00204372
-0.0127174
0.0130968
-0.00242497
-0.0126742
0.0130555
-0.0028112
-0.0126472
0.0130334
-0.00320073
-0.0126255
0.013015
-0.0035944
-0.0126208
0.0130145
-0.00398613
-0.0126254
0.0130171
-0.00435763
-0.0126374
0.0130089
-0.00465782
-0.0126133
0.0129135
-0.00478501
-0.0124423
0.0125695
-0.00459819
-0.0118956
0.0117087
-0.00398107
-0.0106635
0.0100464
-0.00294978
-0.00848766
0.00745637
-0.00175386
-0.00550236
0.00430643
-0.000787026
-0.00246184
0.00149501
-0.00022341
-0.000307231
-0.000256385
2.59628e-05
0.000815874
-0.00106525
5.88919e-05
0.0011722
-0.00120512
1.40764e-05
0.000981267
-0.000936451
0.000391822
-0.000377746
-0.00164863
-0.012382
-0.00202609
-0.0123399
-0.002406
-0.0122943
-0.00279019
-0.012263
-0.00317887
-0.0122368
-0.00357395
-0.0122257
-0.00397545
-0.0122239
-0.00437815
-0.0122347
-0.00475495
-0.0122365
-0.00502928
-0.012168
-0.00505674
-0.0118681
-0.00465814
-0.0110621
-0.00373452
-0.00941128
-0.00244128
-0.0067956
-0.00123209
-0.00367103
-0.000461938
-0.00107738
-0.000101644
0.000455579
5.24978e-06
0.0010653
5.42025e-06
0.000981096
0.000397242
-0.00163178
-0.0120062
-0.0020086
-0.0119631
-0.00238785
-0.0119151
-0.00277057
-0.0118803
-0.00315749
-0.0118499
-0.00354952
-0.0118337
-0.00394621
-0.0118272
-0.00434406
-0.0118368
-0.00472764
-0.011853
-0.00505073
-0.0118449
-0.00521135
-0.0117075
-0.00504218
-0.0112313
-0.00436516
-0.0100883
-0.00315781
-0.00800295
-0.00176662
-0.00506222
-0.000732354
-0.00211164
-0.000212837
-6.39369e-05
-3.8269e-05
0.000890733
-2.17462e-05
0.000964574
0.000375496
-0.00161323
-0.011631
-0.0019888
-0.0115875
-0.0023666
-0.0115373
-0.00274746
-0.0114994
-0.00313288
-0.0114645
-0.0035248
-0.0114418
-0.00392538
-0.0114266
-0.0043361
-0.0114261
-0.00475105
-0.011438
-0.00513976
-0.0114562
-0.00542183
-0.0114254
-0.00544759
-0.0112055
-0.00502073
-0.0105152
-0.00400135
-0.00902233
-0.00253121
-0.00653236
-0.0011533
-0.00348955
-0.000342091
-0.000875149
-3.44802e-05
0.000583122
6.91061e-06
0.000923183
0.000382407
-0.00159352
-0.0112565
-0.00196787
-0.0112132
-0.00234419
-0.011161
-0.00272286
-0.0111207
-0.00310528
-0.0110821
-0.00349248
-0.0110546
-0.003886
-0.0110331
-0.00428771
-0.0110244
-0.00469895
-0.0110268
-0.00511134
-0.0110438
-0.00548264
-0.0110541
-0.00569914
-0.010989
-0.00556328
-0.010651
-0.00485233
-0.00973328
-0.00350507
-0.00787962
-0.00187368
-0.00512094
-0.00062728
-0.00212155
-6.6754e-05
2.25956e-05
6.20414e-06
0.000850225
0.000388611
-0.00157228
-0.0108829
-0.00194509
-0.0108404
-0.0023196
-0.0107864
-0.00269603
-0.0107443
-0.00307617
-0.0107019
-0.00346139
-0.0106694
-0.00385426
-0.0106402
-0.00425694
-0.0106217
-0.0046713
-0.0106124
-0.00509555
-0.0106195
-0.00551222
-0.0106374
-0.0058554
-0.0106458
-0.00597339
-0.010533
-0.00562322
-0.0100834
-0.00458832
-0.00891452
-0.00292231
-0.00678695
-0.0012227
-0.00382115
-0.00016324
-0.00103687
0.00011387
0.000573115
0.000502481
-0.00154973
-0.0105103
-0.00192088
-0.0104692
-0.00229337
-0.010414
-0.00266705
-0.0103706
-0.00304357
-0.0103254
-0.00342364
-0.0102893
-0.00380932
-0.0102545
-0.00420294
-0.0102281
-0.00460858
-0.0102068
-0.00503038
-0.0101977
-0.00546793
-0.0101999
-0.00589314
-0.0102206
-0.00621353
-0.0102126
-0.00622329
-0.0100737
-0.00564402
-0.00949379
-0.00427778
-0.0081532
-0.00236131
-0.00573763
-0.000731866
-0.00266631
-5.84176e-05
-0.000100333
0.000444063
-0.00152578
-0.0101389
-0.00189512
-0.0100999
-0.00226541
-0.0100437
-0.00263642
-0.00999961
-0.00300991
-0.00995191
-0.00338663
-0.00991257
-0.00376854
-0.00987262
-0.00415723
-0.00983938
-0.00455555
-0.00980845
-0.00496679
-0.00978649
-0.00539704
-0.00976962
-0.00584487
-0.00977281
-0.00627986
-0.00977764
-0.00657318
-0.00978037
-0.00647539
-0.00959158
-0.00563145
-0.00899713
-0.00390698
-0.0074621
-0.00162709
-0.00494619
-9.1622e-05
-0.0016358
0.000352441
-0.00150066
-0.00976871
-0.00186798
-0.00973254
-0.0022356
-0.00967604
-0.0026034
-0.00963181
-0.00297271
-0.0095826
-0.00334414
-0.00954115
-0.00371937
-0.00949739
-0.00410005
-0.0094587
-0.00448877
-0.00941973
-0.00488804
-0.00938722
-0.00530436
-0.0093533
-0.00574246
-0.00933471
-0.00621135
-0.00930875
-0.00666781
-0.00932391
-0.00698619
-0.00927321
-0.00683404
-0.00914928
-0.00585928
-0.00843686
-0.00382404
-0.00698143
-0.00144299
-0.00401686
-0.00109055
-0.00147444
-0.00183927
-0.00220392
-0.00256811
-0.00293349
-0.00330002
-0.00366961
-0.00404323
-0.00442276
-0.00480936
-0.00520857
-0.00562094
-0.00606287
-0.00652486
-0.00700842
-0.00733759
-0.00719704
-0.00579239
-0.00317779
-0.00453432
-0.0113782
-0.004932
-0.0112748
-0.00533776
-0.0111623
-0.00573741
-0.0110291
-0.006149
-0.0108898
-0.00655264
-0.010735
-0.00696069
-0.0105679
-0.00735379
-0.0103844
-0.00772736
-0.0101839
-0.00806282
-0.00995657
-0.00834435
-0.00970099
-0.00853523
-0.00941274
-0.00860324
-0.0090875
-0.00849769
-0.00871771
-0.00820225
-0.00830201
-0.00761876
-0.00784049
-0.00678092
-0.0073437
-0.00545439
-0.00681207
-0.00352679
-0.00633196
-0.00571534
-7.59085e-12
-0.00350726
-0.0110697
-0.00380077
-0.0109813
-0.00408302
-0.01088
-0.00435286
-0.0107593
-0.00461397
-0.0106287
-0.00486179
-0.0104872
-0.00509681
-0.0103329
-0.00531564
-0.0101655
-0.00551612
-0.00998339
-0.00568637
-0.00978632
-0.0058136
-0.00957376
-0.00587964
-0.0093467
-0.00586067
-0.00910647
-0.00572169
-0.00885668
-0.00542368
-0.00860002
-0.00492252
-0.00834166
-0.0041769
-0.00808933
-0.00313876
-0.0078502
-0.00181624
-0.00765448
-0.00753158
-4.59464e-12
-0.00288275
-0.0108022
-0.00313764
-0.0107264
-0.00337506
-0.0106426
-0.0035913
-0.0105431
-0.0037811
-0.0104389
-0.00394234
-0.0103259
-0.00407044
-0.0102048
-0.00416085
-0.0100751
-0.00420713
-0.00993711
-0.00420315
-0.0097903
-0.00414194
-0.00963498
-0.00401699
-0.00947164
-0.00382168
-0.00930179
-0.00355046
-0.0091279
-0.00319583
-0.00895466
-0.00274923
-0.00878825
-0.00220323
-0.00863533
-0.00154959
-0.00850384
-0.000799134
-0.00840493
-0.00833072
-3.26251e-12
-0.00208046
-0.0106007
-0.00226795
-0.0105389
-0.00244017
-0.0104704
-0.00259563
-0.0103876
-0.00273456
-0.0103
-0.00285456
-0.0102059
-0.00295273
-0.0101066
-0.00302524
-0.0100026
-0.0030678
-0.00989456
-0.00307459
-0.00978351
-0.00303903
-0.00967054
-0.00295361
-0.00955706
-0.00281077
-0.00944462
-0.00260359
-0.00933508
-0.00232778
-0.00923046
-0.00198258
-0.00913345
-0.00157041
-0.0090475
-0.00109698
-0.00897727
-0.000574537
-0.00892737
-0.00890525
-2.53563e-12
-0.00167618
-0.0104444
-0.00181652
-0.0103986
-0.00193975
-0.0103471
-0.00204236
-0.010285
-0.00212288
-0.0102195
-0.00217946
-0.0101494
-0.00221039
-0.0100757
-0.00221423
-0.00999878
-0.00218966
-0.00991912
-0.00213588
-0.00983729
-0.00205233
-0.0097541
-0.00193872
-0.00967067
-0.00179484
-0.00958851
-0.0016204
-0.00950951
-0.00141495
-0.00943591
-0.00117845
-0.00936995
-0.000912275
-0.00931368
-0.000620957
-0.00926859
-0.000311986
-0.00923634
-0.00921724
-1.99403e-12
-0.00116642
-0.0103244
-0.0012779
-0.0102871
-0.00137841
-0.0102466
-0.00146604
-0.0101974
-0.00153959
-0.0101459
-0.0015975
-0.0100915
-0.0016381
-0.0100351
-0.00165947
-0.00997741
-0.00165949
-0.00991911
-0.00163589
-0.00986088
-0.00158653
-0.00980346
-0.00150959
-0.0097476
-0.00140403
-0.00969407
-0.00126986
-0.00964368
-0.00110846
-0.00959731
-0.000922353
-0.00955605
-0.000714919
-0.00952112
-0.000489527
-0.00949398
-0.000250133
-0.00947574
-0.00946737
-1.61997e-12
-0.000922966
-0.0102392
-0.000996385
-0.0102137
-0.00105849
-0.0101845
-0.0011067
-0.0101491
-0.00114073
-0.0101119
-0.00115983
-0.0100724
-0.0011637
-0.0100312
-0.00115226
-0.00998885
-0.00112569
-0.00994569
-0.00108435
-0.00990221
-0.00102878
-0.00985904
-0.00095951
-0.00981687
-0.000877016
-0.00977657
-0.000781678
-0.00973902
-0.000673879
-0.00970511
-0.000554315
-0.00967562
-0.000424329
-0.0096511
-0.0002864
-0.00963191
-0.000143712
-0.00961843
-0.00961108
-1.33204e-12
-0.000637838
-0.0101712
-0.000701274
-0.0101503
-0.0007579
-0.0101279
-0.000806419
-0.0101006
-0.000845851
-0.0100725
-0.000875272
-0.0100429
-0.000893729
-0.0100128
-0.000900271
-0.00998231
-0.000893966
-0.00995199
-0.000873991
-0.00992219
-0.000839757
-0.00989327
-0.000791044
-0.00986559
-0.000728129
-0.00983948
-0.000651845
-0.0098153
-0.000563537
-0.00979342
-0.000464857
-0.0097743
-0.000357548
-0.00975841
-0.000243169
-0.00974629
-0.000123338
-0.00973826
-0.00973442
-1.19125e-12
-0.000491067
-0.0101261
-0.000528806
-0.0101125
-0.000559822
-0.0100969
-0.000582559
-0.0100779
-0.000597134
-0.0100579
-0.000603333
-0.0100367
-0.000601272
-0.0100148
-0.000591196
-0.00999238
-0.000573479
-0.00996971
-0.000548572
-0.00994709
-0.000516944
-0.0099249
-0.000479013
-0.00990352
-0.000435114
-0.00988338
-0.000385509
-0.0098649
-0.000330469
-0.00984846
-0.000270434
-0.00983433
-0.000206151
-0.0098227
-0.000138776
-0.00981366
-6.96534e-05
-0.00980738
-0.00980407
-1.03173e-12
-0.00034568
-0.0100886
-0.00038091
-0.0100773
-0.000412351
-0.0100654
-0.000439232
-0.010051
-0.000460868
-0.0100363
-0.000476692
-0.0100209
-0.000486144
-0.0100054
-0.000488707
-0.00998982
-0.000483929
-0.00997449
-0.000471473
-0.00995955
-0.00045119
-0.00994518
-0.000423172
-0.00993154
-0.000387788
-0.00991876
-0.000345677
-0.00990701
-0.000297677
-0.00989646
-0.000244703
-0.0098873
-0.000187634
-0.00987977
-0.000127249
-0.00987405
-6.43585e-05
-0.00987027
-0.00986843
-9.61257e-13
-0.000253943
-0.0100651
-0.000273145
-0.0100581
-0.000288527
-0.0100501
-0.000299231
-0.0100403
-0.00030545
-0.01003
-0.00030718
-0.0100192
-0.000304609
-0.0100079
-0.000297991
-0.00999644
-0.00028763
-0.00998485
-0.000273851
-0.00997333
-0.000256951
-0.00996208
-0.000237171
-0.00995132
-0.000214682
-0.00994125
-0.000189605
-0.00993209
-0.00016207
-0.009924
-0.000132297
-0.00991708
-0.000100659
-0.0099114
-6.7691e-05
-0.00990702
-3.39788e-05
-0.00990398
-0.00990241
-7.9324e-13
-0.000186981
-0.0100446
-0.000206434
-0.0100386
-0.000223901
-0.0100326
-0.000238934
-0.0100253
-0.000251095
-0.0100179
-0.00026002
-0.0100103
-0.000265364
-0.0100026
-0.000266818
-0.00999499
-0.000264127
-0.00998754
-0.000257127
-0.00998033
-0.000245774
-0.00997343
-0.000230174
-0.00996692
-0.000210592
-0.00996084
-0.000187426
-0.00995526
-0.000161162
-0.00995026
-0.000132302
-0.00994594
-0.000101314
-0.00994239
-6.86183e-05
-0.00993971
-3.46608e-05
-0.00993794
-0.00993707
-8.18375e-13
-0.00012656
-0.0100324
-0.000136243
-0.0100289
-0.000143785
-0.010025
-0.00014875
-0.0100203
-0.0001513
-0.0100153
-0.000151509
-0.01001
-0.000149539
-0.0100046
-0.00014559
-0.00999894
-0.000139876
-0.00999325
-0.000132603
-0.0099876
-0.000123949
-0.00998209
-0.000114039
-0.00997683
-0.000102949
-0.00997193
-9.07206e-05
-0.00996749
-7.74001e-05
-0.00996358
-6.30828e-05
-0.00996025
-4.79416e-05
-0.00995753
-3.22192e-05
-0.00995543
-1.61719e-05
-0.00995399
-0.00995324
-7.62402e-13
-0.000100864
-0.0100211
-0.000111648
-0.0100182
-0.000121436
-0.0100153
-0.000129961
-0.0100118
-0.000136961
-0.0100083
-0.000142191
-0.0100048
-0.000145435
-0.0100013
-0.000146494
-0.00999788
-0.000145212
-0.00999453
-0.000141489
-0.00999132
-0.000135307
-0.00998827
-0.000126738
-0.0099854
-0.000115947
-0.00998272
-0.000103171
-0.00998026
-8.86876e-05
-0.00997806
-7.2779e-05
-0.00997616
-5.57048e-05
-0.00997461
-3.7705e-05
-0.00997343
-1.90341e-05
-0.00997266
-0.00997228
-7.54659e-13
-5.86827e-05
-0.0100149
-6.35046e-05
-0.0100133
-6.71232e-05
-0.0100116
-6.9344e-05
-0.0100096
-7.02821e-05
-0.0100074
-7.00331e-05
-0.0100051
-6.87215e-05
-0.0100026
-6.64912e-05
-0.0100001
-6.34878e-05
-0.00999754
-5.98425e-05
-0.00999497
-5.56576e-05
-0.00999246
-5.0997e-05
-0.00999006
-4.58884e-05
-0.00998783
-4.03366e-05
-0.00998581
-3.43467e-05
-0.00998405
-2.79495e-05
-0.00998256
-2.12153e-05
-0.00998134
-1.4246e-05
-0.0099804
-7.14774e-06
-0.00997976
-0.00997943
-6.6431e-13
-5.34126e-05
-0.0100087
-5.94152e-05
-0.0100073
-6.49449e-05
-0.0100061
-6.98317e-05
-0.0100047
-7.39366e-05
-0.0100033
-7.70862e-05
-0.0100019
-7.91499e-05
-0.0100006
-7.99941e-05
-0.00999926
-7.95168e-05
-0.00999802
-7.76535e-05
-0.00999683
-7.43906e-05
-0.00999572
-6.97706e-05
-0.00999468
-6.38902e-05
-0.00999371
-5.68875e-05
-0.00999282
-4.89223e-05
-0.00999202
-4.01548e-05
-0.00999133
-3.07338e-05
-0.00999076
-2.07986e-05
-0.00999034
-1.04967e-05
-0.00999006
-0.00998992
-6.44285e-13
-2.23751e-05
-0.0100057
-2.46593e-05
-0.0100051
-2.62513e-05
-0.0100045
-2.71159e-05
-0.0100038
-2.73135e-05
-0.0100031
-2.69552e-05
-0.0100023
-2.61221e-05
-0.0100014
-2.49244e-05
-0.0100005
-2.34595e-05
-0.00999948
-2.18117e-05
-0.00999848
-2.00409e-05
-0.00999749
-1.81786e-05
-0.00999654
-1.62296e-05
-0.00999566
-1.41821e-05
-0.00999486
-1.20219e-05
-0.00999418
-9.74718e-06
-0.0099936
-7.37571e-06
-0.00999313
-4.9402e-06
-0.00999277
-2.47443e-06
-0.00999252
-0.0099924
-5.34335e-13
-2.6187e-05
-0.0100023
-2.9386e-05
-0.0100019
-3.24095e-05
-0.0100015
-3.51214e-05
-0.0100011
-3.74855e-05
-0.0100007
-3.93592e-05
-0.0100004
-4.06809e-05
-0.0100001
-4.13512e-05
-0.00999979
-4.13079e-05
-0.00999952
-4.05053e-05
-0.00999928
-3.89315e-05
-0.00999906
-3.66079e-05
-0.00999886
-3.35885e-05
-0.00999867
-2.99507e-05
-0.0099985
-2.5784e-05
-0.00999835
-2.11777e-05
-0.00999821
-1.62151e-05
-0.0099981
-1.09747e-05
-0.00999801
-5.53868e-06
-0.00999796
-0.00999794
-3.61346e-13
-2.2849e-06
-0.0100013
-2.98582e-06
-0.0100012
-3.29861e-06
-0.0100012
-3.32423e-06
-0.0100011
-3.03404e-06
-0.010001
-2.58473e-06
-0.0100008
-1.99516e-06
-0.0100007
-1.37289e-06
-0.0100004
-7.71586e-07
-0.0100001
-2.52341e-07
-0.0099998
1.53362e-07
-0.00999947
4.31346e-07
-0.00999914
5.90726e-07
-0.00999883
6.52239e-07
-0.00999856
6.41733e-07
-0.00999833
5.79976e-07
-0.00999815
4.79071e-07
-0.009998
3.44242e-07
-0.00999788
1.80786e-07
-0.0099978
-0.00999775
-2.81578e-13
-9.80542e-06
-1.0962e-05
-1.21433e-05
-1.32183e-05
-1.42343e-05
-1.5082e-05
-1.5746e-05
-1.61576e-05
-1.62821e-05
-1.60846e-05
-1.55535e-05
-1.46931e-05
-1.35271e-05
-1.20908e-05
-1.04257e-05
-8.5726e-06
-6.56869e-06
-4.44798e-06
-2.24541e-06
-1.10922e-13
0.00554127
-0.00677233
0.0055094
-0.00677532
0.00546798
-0.006778
0.00541486
-0.00677739
0.00534757
-0.00677151
0.00526335
-0.00675845
0.00515913
-0.00673609
0.0050314
-0.00670192
0.00487604
-0.00665273
0.00468819
-0.0065842
0.00446217
-0.00649071
0.00419161
-0.00636534
0.00386994
-0.00620048
0.00349107
-0.00598867
0.00305035
-0.00572387
0.00254561
-0.00540406
0.00197839
-0.0050379
0.00135534
-0.004657
0.000689434
-0.00432572
-0.0041286
1.6876e-11
0.00554962
-0.00673768
0.00550984
-0.00673554
0.00546195
-0.00673011
0.0054035
-0.00671894
0.00533175
-0.00669977
0.0052436
-0.0066703
0.00513563
-0.00662812
0.00500398
-0.00657026
0.00484405
-0.0064928
0.00465038
-0.00639053
0.00441671
-0.00625703
0.00413647
-0.00608511
0.00380365
-0.00586766
0.00341377
-0.00559878
0.00296481
-0.00527492
0.00245795
-0.0048972
0.00189786
-0.0044778
0.00129288
-0.00405203
0.000655138
-0.00368797
-0.00347346
5.34518e-11
0.00556546
-0.00670057
0.0055235
-0.00669359
0.00547291
-0.00667951
0.00541054
-0.00665657
0.00533299
-0.00662222
0.0052368
-0.00657411
0.00511839
-0.00650971
0.00497378
-0.00642566
0.00479837
-0.00631739
0.00458689
-0.00617905
0.00433379
-0.00600393
0.00403396
-0.00578528
0.00368363
-0.00551732
0.00328111
-0.00519627
0.00282743
-0.00482123
0.00232634
-0.00439611
0.00178407
-0.00393554
0.00120884
-0.0034768
0.000610432
-0.00308956
-0.00286303
6.31253e-11
0.00560213
-0.00667126
0.00556954
-0.006661
0.00553062
-0.00664058
0.00548196
-0.00660792
0.00542039
-0.00656065
0.00534259
-0.00649631
0.00524471
-0.00641182
0.00512197
-0.00630292
0.00496844
-0.00616386
0.00477719
-0.0059878
0.00454091
-0.00576765
0.0042528
-0.00549718
0.00390758
-0.0051721
0.00350222
-0.00479091
0.00303649
-0.0043555
0.00251311
-0.00387273
0.00193769
-0.00336012
0.00131874
-0.00285784
0.00066789
-0.00243871
-0.00219514
8.34276e-11
0.00562068
-0.00665097
0.00559599
-0.00663631
0.00556262
-0.00660722
0.00551721
-0.0065625
0.00545635
-0.0064998
0.00537634
-0.0064163
0.00527269
-0.00630817
0.00513978
-0.00617001
0.00497096
-0.00599504
0.00475913
-0.00577598
0.00449779
-0.00550631
0.00418214
-0.00518152
0.00380997
-0.00479993
0.00338218
-0.00436312
0.00290273
-0.00387605
0.00237814
-0.00334814
0.0018166
-0.00279858
0.00122697
-0.00226821
0.000618318
-0.00183006
-0.00157682
9.69827e-11
0.00565112
-0.00665105
0.00564754
-0.00663273
0.00563753
-0.0065972
0.00561781
-0.00654278
0.00558496
-0.00646696
0.00553492
-0.00636626
0.00546213
-0.00623538
0.00535927
-0.00606715
0.0052177
-0.00585347
0.0050285
-0.00558677
0.00478372
-0.00526154
0.00447752
-0.00487532
0.00410679
-0.0044292
0.00367137
-0.0039277
0.00317388
-0.00337856
0.00261934
-0.0027936
0.00201471
-0.00219395
0.00136877
-0.00162227
0.000692541
-0.00115384
-0.000884277
1.08168e-10
0.00565605
-0.00667378
0.00567162
-0.00664829
0.00567835
-0.00660393
0.00567335
-0.00653778
0.00565283
-0.00644644
0.00561164
-0.00632506
0.00554248
-0.00616622
0.00543625
-0.00596092
0.00528318
-0.0057004
0.00507447
-0.00537806
0.0048037
-0.00499077
0.00446776
-0.00453938
0.00406706
-0.00402851
0.00360531
-0.00346595
0.00308886
-0.00286211
0.002526
-0.00223074
0.00192611
-0.00159406
0.00129885
-0.000995013
0.000653746
-0.000508729
-0.000230532
1.16473e-10
0.00566176
-0.00672222
0.00570412
-0.00669065
0.00574004
-0.00663985
0.00576661
-0.00656436
0.00577934
-0.00645917
0.00577112
-0.00631684
0.005732
-0.00612711
0.00565039
-0.0058793
0.00551493
-0.00556494
0.00531639
-0.00517952
0.00504885
-0.00472323
0.0047101
-0.00420062
0.00430133
-0.00361973
0.00382646
-0.00299108
0.00329138
-0.00232704
0.00270336
-0.00164271
0.00207051
-0.000961216
0.00140159
-0.000326094
0.000707223
0.000185641
0.000476691
1.20869e-10
0.00563199
-0.0067965
0.00570031
-0.00675896
0.00576244
-0.00670198
0.0058142
-0.00661611
0.00584899
-0.00649396
0.00585661
-0.00632446
0.00582415
-0.00609466
0.00573844
-0.00579359
0.0055885
-0.005415
0.00536728
-0.0049583
0.00507224
-0.0044282
0.00470495
-0.00383334
0.0042701
-0.00318488
0.00377443
-0.00249541
0.0032259
-0.00177851
0.00263323
-0.00105004
0.00200577
-0.000333753
0.00135233
0.000327343
0.00068096
0.000857013
0.00115765
1.20095e-10
0.00558095
-0.00689995
0.00568037
-0.00685838
0.00577579
-0.0067974
0.00586125
-0.00670157
0.00592704
-0.00655975
0.00595912
-0.00635654
0.00594176
-0.00607729
0.00586103
-0.00571286
0.00570735
-0.00526132
0.00547639
-0.00472733
0.00516862
-0.00412043
0.00478813
-0.00345284
0.00434112
-0.00273787
0.00383478
-0.00198907
0.00327664
-0.00122037
0.00267426
-0.000447658
0.00203579
0.000304713
0.0013711
0.000992032
0.000689681
0.00153844
0.00184733
1.15758e-10
0.00548213
-0.00703318
0.00561278
-0.00698903
0.00573951
-0.00692414
0.00585268
-0.00681474
0.00593772
-0.00664479
0.00597663
-0.00639545
0.00595245
-0.00605312
0.00585331
-0.00561372
0.00567392
-0.00508193
0.00541514
-0.00446855
0.00508219
-0.00378749
0.00468267
-0.00305333
0.00422484
-0.00228004
0.00371659
-0.00148082
0.00316519
-0.000668971
0.00257765
0.000139886
0.00195968
0.000922684
0.00131877
0.00163294
0.000662986
0.00219422
0.00251032
1.07855e-10
0.00534282
-0.00719668
0.00550578
-0.00715199
0.00566374
-0.00708211
0.00580184
-0.00695284
0.00590025
-0.0067432
0.00593843
-0.00643363
0.00590085
-0.00601554
0.00578006
-0.00549293
0.00557634
-0.00487821
0.00529558
-0.00418779
0.00494653
-0.00343844
0.00453853
-0.00264533
0.00408009
-0.00182159
0.00357839
-0.000979119
0.00303955
-0.000130128
0.00246809
0.000711346
0.00187147
0.0015193
0.00125665
0.00224776
0.000630791
0.00282007
0.00314111
9.77325e-11
0.00514785
-0.00738855
0.00533982
-0.00734396
0.00552164
-0.00726392
0.00567168
-0.00710288
0.00576598
-0.00683749
0.0057844
-0.00645205
0.00571662
-0.00594776
0.00556244
-0.00533875
0.00532904
-0.00464481
0.00502732
-0.00388607
0.0046687
-0.00307982
0.00426311
-0.00223974
0.00381818
-0.00137667
0.00333936
-0.000500293
0.00283
0.000379232
0.00229436
0.00124698
0.00173728
0.00207638
0.00116502
0.00282002
0.000584211
0.00340088
0.00372532
8.83453e-11
0.00490304
-0.00760542
0.00511884
-0.00755976
0.00531507
-0.00746015
0.00546372
-0.00725153
0.00553954
-0.00691331
0.00552701
-0.00643952
0.00542384
-0.00584459
0.00523771
-0.00515263
0.00498152
-0.00438862
0.00466902
-0.00357357
0.00431213
-0.00272293
0.00391979
-0.0018474
0.003498
-0.000954881
0.00305063
-5.2925e-05
0.00257909
0.000850779
0.00208664
0.00173943
0.00157705
0.00258597
0.00105583
0.00334124
0.000528815
0.0039279
0.00425413
8.09e-11
0.00460304
-0.00784132
0.00483342
-0.00779013
0.00503005
-0.00765679
0.00516089
-0.00738238
0.00520388
-0.0069563
0.00515206
-0.00638769
0.00501263
-0.00570515
0.00480036
-0.00494036
0.00453179
-0.00412004
0.00422124
-0.00326303
0.0038793
-0.00238099
0.00351274
-0.00148084
0.0031253
-0.000567436
0.00271812
0.000354248
0.00229306
0.00127584
0.00185146
0.00218103
0.00139652
0.00304091
0.000933248
0.00380452
0.000466782
0.00439436
0.00472092
7.72998e-11
0.00425778
-0.00808876
0.00449184
-0.00802419
0.00467528
-0.00784022
0.0047762
-0.0074833
0.00478014
-0.00696023
0.00469056
-0.00629812
0.00452304
-0.00553764
0.00429677
-0.00471408
0.00402892
-0.0038522
0.00373222
-0.00296633
0.00341477
-0.00206354
0.00308098
-0.00114704
0.00273279
-0.000219246
0.00237042
0.000716611
0.00199457
0.0016517
0.00160625
0.00256934
0.00120839
0.00343877
0.000805582
0.00420733
0.000402215
0.00479773
0.00512313
7.73891e-11
0.00387234
-0.00833912
0.00409844
-0.0082503
0.004257
-0.00799878
0.0043209
-0.00754721
0.00428618
-0.00692552
0.00416632
-0.00617825
0.00398265
-0.00535397
0.00375574
-0.00448716
0.00350102
-0.00359748
0.00322829
-0.0026936
0.00294276
-0.001778
0.00264659
-0.000850871
0.00234024
8.71088e-05
0.00202368
0.00103317
0.0016972
0.00197818
0.00136197
0.00290456
0.00102093
0.00377981
0.000678376
0.00454989
0.000337895
0.00513821
0.00546103
8.0462e-11
0.00346167
-0.00858418
0.00367012
-0.00845875
0.00379695
-0.0081256
0.00382343
-0.00757369
0.00375668
-0.00685876
0.00361772
-0.00603929
0.00343052
-0.00516677
0.0032142
-0.00427085
0.00298112
-0.0033644
0.00273779
-0.00245027
0.00248688
-0.00152709
0.00222897
-0.000592963
0.00196377
0.000352316
0.00169139
0.00130555
0.00141216
0.00225741
0.00112765
0.00318908
0.000840999
0.00406646
0.000556231
0.00483465
0.000276133
0.00541831
0.00573716
8.48752e-11
0.00303707
-0.00881697
0.00322103
-0.00864271
0.00331388
-0.00821845
0.00330706
-0.00756688
0.00321745
-0.00676915
0.00307048
-0.00589232
0.00289011
-0.00498639
0.00269229
-0.00407303
0.00248585
-0.00315796
0.00227431
-0.00223873
0.00205831
-0.0013111
0.00183744
-0.000372088
0.00161133
0.000578419
0.0013802
0.00153668
0.00114498
0.00249264
0.000907798
0.00342625
0.000672068
0.00430219
0.000441532
0.00506519
0.000218137
0.00564171
0.0059553
8.87034e-11
0.00261318
-0.00903256
0.00276922
-0.00879875
0.00282975
-0.00827898
0.00279627
-0.0075334
0.00269306
-0.00666594
0.002547
-0.00574626
0.00238004
-0.00481943
0.00220453
-0.00389752
0.00202598
-0.00297941
0.00184552
-0.00205827
0.00166248
-0.00112806
0.00147596
-0.000185564
0.00128576
0.000768616
0.00109246
0.00172997
0.000897673
0.00268743
0.000704142
0.00361979
0.000515517
0.00449082
0.000335232
0.00524548
0.000164395
0.00581254
0.00611969
9.00477e-11
0.00219923
-0.00922816
0.00232674
-0.00892626
0.00235882
-0.00831107
0.00230567
-0.00748025
0.00219644
-0.00655671
0.00205713
-0.00560696
0.00190686
-0.00466916
0.00175446
-0.00374511
0.00160279
-0.00282775
0.00145126
-0.00190674
0.00129842
-0.000975216
0.00114318
-3.03261e-05
0.000985707
0.000926088
0.000827043
0.00188864
0.000669433
0.00284504
0.000516156
0.00377306
0.000371038
0.00463593
0.000237168
0.00537935
0.000114836
0.00593487
0.00623453
8.75682e-11
0.00180305
-0.00940286
0.0019035
-0.00902671
0.001912
-0.00831956
0.00184539
-0.00741364
0.00173546
-0.00644677
0.00160574
-0.00547724
0.00147272
-0.00453614
0.00134189
-0.00361429
0.00121456
-0.00270042
0.00108886
-0.00178104
0.000963002
-0.000849357
0.000836055
9.66208e-05
0.000708294
0.00105385
0.000581363
0.00201557
0.000458063
0.00296834
0.000342083
0.00388904
0.00023732
0.0047407
0.000146476
0.00547019
6.90308e-05
0.00601232
0.00630356
8.00588e-11
0.00142688
-0.0095572
0.00150314
-0.00910297
0.00149308
-0.0083095
0.0014181
-0.00733866
0.00131078
-0.00633944
0.00119148
-0.00535795
0.00107454
-0.0044192
0.000962696
-0.00350245
0.000856579
-0.0025943
0.000753464
-0.00167792
0.000651558
-0.000747451
0.000550003
0.000198176
0.000449445
0.00115441
0.000351926
0.00211309
0.00026067
0.00305959
0.000179637
0.00397007
0.000112675
0.00480766
6.20357e-05
0.00552083
2.64163e-05
0.00604794
0.00632997
6.72115e-11
0.00107084
-0.00969286
0.0011267
-0.00915884
0.00110284
-0.00828564
0.00102367
-0.00725949
0.00092067
-0.00623644
0.000811254
-0.00524853
0.000707972
-0.00431592
0.000611978
-0.00340646
0.000523823
-0.00250614
0.000440035
-0.00159413
0.000359329
-0.000666744
0.000280816
0.000276689
0.000205446
0.00122978
0.000135524
0.00218301
7.45587e-05
0.00312056
2.66224e-05
0.00401801
-4.56346e-06
0.00483884
-1.73389e-05
0.0055336
-1.36072e-05
0.00604421
0.00631637
4.89428e-11
0.000730759
-0.00981234
0.000770789
-0.00919887
0.000737766
-0.00825261
0.00065833
-0.00718005
0.000560549
-0.00613866
0.000460254
-0.00514824
0.000367904
-0.00422357
0.000284861
-0.00332341
0.000211261
-0.00243254
0.000144256
-0.00152713
8.22663e-05
-0.000604754
2.48641e-05
0.000334091
-2.70089e-05
0.00128165
-7.07794e-05
0.00222678
-0.00010285
0.00315263
-0.000119124
0.00403429
-0.000116162
0.00483588
-9.27373e-05
0.00551018
-5.15958e-05
0.00600307
0.00626477
2.54748e-11
0.000397818
-0.00991873
0.00042846
-0.00922951
0.000391592
-0.00821575
0.000316829
-0.00710529
0.000224926
-0.00604676
0.000134606
-0.00505791
4.95776e-05
-0.00413854
-2.16263e-05
-0.00325221
-8.4364e-05
-0.00236981
-0.000136736
-0.00147476
-0.000182194
-0.000559296
-0.000220239
0.000372135
-0.000249931
0.00131134
-0.000268633
0.00224548
-0.000272784
0.00315678
-0.000258446
0.00401995
-0.000222563
0.0048
-0.000164525
0.00545214
-8.77184e-05
0.00592626
0.00617705
-2.24344e-12
5.47494e-05
-0.0100156
8.99426e-05
-0.0092647
5.46261e-05
-0.00818043
-4.63432e-06
-0.00704603
-8.96165e-05
-0.00596177
-0.000169738
-0.00497779
-0.000247219
-0.00406106
-0.0003111
-0.00318833
-0.000363571
-0.00231734
-0.000404328
-0.001434
-0.000434736
-0.000528888
-0.000454908
0.000392307
-0.000463554
0.00131999
-0.000458214
0.00224014
-0.000435428
0.00313399
-0.000391566
0.00397609
-0.000324041
0.00473247
-0.000232864
0.00536096
-0.000122064
0.00581546
0.00605499
-3.34845e-11
-0.000304533
-0.0101337
-0.000256937
-0.0093123
-0.00026919
-0.00816818
-0.000314442
-0.00700078
-0.000381057
-0.00589516
-0.000453696
-0.00490515
-0.000522639
-0.00399211
-0.000581083
-0.00312988
-0.000625694
-0.00227272
-0.000656673
-0.00140302
-0.000674002
-0.000511559
-0.000677774
0.00039608
-0.000666716
0.00130893
-0.000638496
0.00221192
-0.000589925
0.00308542
-0.000517787
0.00390395
-0.000420056
0.00463474
-0.000297405
0.00523831
-0.000154459
0.00567251
0.00590053
-6.68681e-11
-0.000647157
-0.0102688
-0.00058437
-0.00937509
-0.000572386
-0.00818016
-0.000597799
-0.00697536
-0.000647092
-0.00584587
-0.000710262
-0.00484198
-0.000772978
-0.0039294
-0.000827324
-0.00307554
-0.000866762
-0.00223328
-0.000890087
-0.0013797
-0.000896469
-0.000505177
-0.000885705
0.000385315
-0.000856592
0.00127982
-0.000807027
0.00216236
-0.000734207
0.0030126
-0.000635446
0.00380519
-0.000509365
0.00450866
-0.000357316
0.00508626
-0.000184488
0.00549969
0.00571604
-1.00892e-10
-0.000987588
-0.0104208
-0.000901791
-0.00946088
-0.000860405
-0.00822155
-0.000858599
-0.00697717
-0.000887347
-0.00581712
-0.000938127
-0.0047912
-0.000994663
-0.00387286
-0.00104578
-0.00302442
-0.00108207
-0.00219699
-0.00109992
-0.00136185
-0.0010976
-0.000507496
-0.00107444
0.000362152
-0.0010293
0.00123468
-0.000960374
0.00209344
-0.000865359
0.00291759
-0.000742185
0.00368201
-0.00059019
0.00435667
-0.000411413
0.00490749
-0.00021156
0.00529983
0.00550448
-1.34067e-10
-0.00131032
-0.0105882
-0.0011996
-0.0095716
-0.00112618
-0.00829497
-0.00109279
-0.00701056
-0.00109727
-0.00581263
-0.00113265
-0.00475582
-0.00118205
-0.00382346
-0.00123047
-0.00297601
-0.00126533
-0.00216213
-0.00128005
-0.00134713
-0.00127152
-0.00051602
-0.0012385
0.000329126
-0.00117987
0.00117605
-0.0010942
0.00200776
-0.000979708
0.0028031
-0.000835049
0.00353735
-0.000660312
0.00418193
-0.000458219
0.00470539
-0.000234936
0.00507655
0.00526954
-1.64741e-10
-0.00162926
-0.0107717
-0.00148932
-0.00971154
-0.00137829
-0.008406
-0.00130659
-0.00708226
-0.00128002
-0.0058392
-0.00129429
-0.00474155
-0.00133293
-0.00378483
-0.00137743
-0.00293151
-0.00141147
-0.00212808
-0.00142492
-0.00133369
-0.00141265
-0.000528286
-0.00137254
0.000289012
-0.00130339
0.0011069
-0.00120409
0.00190846
-0.0010735
0.00267251
-0.000911
0.00337485
-0.000717442
0.00398837
-0.000496208
0.00448416
-0.000253857
0.0048342
0.00501569
-1.91369e-10
-0.00194015
-0.0109711
-0.00176917
-0.00988252
-0.00161685
-0.00855832
-0.00150121
-0.00719791
-0.00143634
-0.00590407
-0.00142246
-0.00475543
-0.00144491
-0.00376237
-0.00148269
-0.00289372
-0.00151548
-0.00209529
-0.00152901
-0.00132016
-0.0015154
-0.000541892
-0.0014712
0.000244807
-0.00139491
0.00103062
-0.00128572
0.00179927
-0.00114307
0.00252986
-0.000967079
0.00319886
-0.000759368
0.00378066
-0.000523914
0.00424871
-0.000267591
0.00457788
0.0047481
-2.12442e-10
-0.00225212
-0.0111863
-0.0020481
-0.0100865
-0.00185075
-0.00875567
-0.00168505
-0.00736361
-0.00157331
-0.00601581
-0.00152203
-0.00480672
-0.0015202
-0.0037642
-0.00154592
-0.002868
-0.00157513
-0.00206608
-0.00158898
-0.00130632
-0.00157596
-0.00055491
-0.00153061
0.000199462
-0.00145079
0.000950793
-0.00133578
0.00168427
-0.00118557
0.00237965
-0.001001
0.00301429
-0.000784376
0.00356404
-0.0005402
0.00400453
-0.000275575
0.00431325
0.00447252
-2.26753e-10
-0.00256242
-0.0114155
-0.00232599
-0.010323
-0.00208257
-0.0089991
-0.00186289
-0.00758329
-0.0016968
-0.0061819
-0.00159852
-0.004905
-0.00156277
-0.00379994
-0.00156892
-0.00286186
-0.00159026
-0.00204474
-0.00160326
-0.00129332
-0.00159203
-0.000566138
-0.00154826
0.000155687
-0.00146856
0.000871095
-0.00135207
0.00156777
-0.00119916
0.00222675
-0.00101129
0.00282642
-0.000791378
0.00334413
-0.000544356
0.00375751
-0.000277458
0.00404635
0.00419506
-2.33465e-10
-0.00287396
-0.011656
-0.00260727
-0.0105897
-0.00231868
-0.00928769
-0.00204298
-0.00785898
-0.00181643
-0.00640845
-0.00166175
-0.00505968
-0.00158129
-0.00388041
-0.00155811
-0.00288503
-0.00156485
-0.002038
-0.00157385
-0.00128432
-0.00156433
-0.000575657
-0.00152417
0.000115528
-0.00144799
0.000794916
-0.00133427
0.00145405
-0.00118354
0.00207602
-0.000997717
0.0026406
-0.000780219
0.00312663
-0.00053629
0.00351358
-0.0002732
0.00378326
0.00392186
-2.3211e-10
-0.00318227
-0.0119034
-0.00289015
-0.0108818
-0.00256046
-0.00961738
-0.00223005
-0.00818939
-0.00194005
-0.00669845
-0.00172171
-0.00527802
-0.00158618
-0.00401594
-0.00152293
-0.00294829
-0.00150625
-0.00205468
-0.0015059
-0.00128467
-0.00149629
-0.000585265
-0.00146071
7.99474e-05
-0.00139084
0.00072504
-0.0012838
0.00134702
-0.00113989
0.0019321
-0.000961266
0.00246197
-0.000751666
0.00291703
-0.000516534
0.00327845
-0.000263072
0.0035298
0.00365879
-2.22699e-10
-0.00348547
-0.0121526
-0.00317449
-0.0111928
-0.00281014
-0.00998173
-0.00242921
-0.00857032
-0.00207595
-0.00705171
-0.00178953
-0.00556444
-0.00159039
-0.00421507
-0.0014763
-0.00306239
-0.0014259
-0.00210507
-0.00140859
-0.00130198
-0.00139492
-0.000598937
-0.00136323
4.82553e-05
-0.00130133
0.000663146
-0.00120414
0.00124982
-0.00107109
0.00179906
-0.000904247
0.00229513
-0.000707477
0.00272026
-0.000486271
0.00305724
-0.00024767
0.0032912
0.00341112
-2.05648e-10
-0.00377773
-0.0123978
-0.0034562
-0.0115143
-0.00306612
-0.0103718
-0.00264197
-0.00899447
-0.00222934
-0.00746434
-0.00187412
-0.00591966
-0.001606
-0.00448319
-0.00143203
-0.00323636
-0.00133747
-0.00219963
-0.001294
-0.00134546
-0.0012701
-0.000622838
-0.0012396
1.77646e-05
-0.00118584
0.00060938
-0.0011005
0.00116448
-0.000981425
0.00167998
-0.000830096
0.0021438
-0.00065024
0.0025404
-0.000447238
0.00285424
-0.000227866
0.00307183
0.00318326
-1.8179e-10
-0.00405508
-0.0126331
-0.00373205
-0.0118373
-0.00332664
-0.0107772
-0.00286885
-0.00945226
-0.00240373
-0.00792945
-0.00198248
-0.00634092
-0.00164352
-0.00482214
-0.0014035
-0.00347639
-0.00125567
-0.00234746
-0.0011763
-0.00142482
-0.00113419
-0.000664955
-0.00109998
-1.64412e-05
-0.00105247
0.000561863
-0.000979433
0.00109145
-0.000876222
0.00157677
-0.000743077
0.00201065
-0.000583186
0.00238051
-0.000401608
0.00267266
-0.000204754
0.00287497
0.0029785
-1.52159e-10
-0.00431215
-0.0128531
-0.0039969
-0.0121526
-0.00358751
-0.0111866
-0.00310758
-0.00993219
-0.0025996
-0.00843743
-0.00211808
-0.00682243
-0.00170989
-0.00523033
-0.00140108
-0.0037852
-0.00119349
-0.00255505
-0.00106952
-0.00154879
-0.00100051
-0.000733964
-0.000955972
-6.09761e-05
-0.000910767
0.000516659
-0.000848601
0.00102929
-0.000761564
0.00148973
-0.000647923
0.00189701
-0.00050982
0.00224241
-0.000351711
0.00251455
-0.000179498
0.00270276
0.00279901
-1.18003e-10
-0.00454556
-0.0130535
-0.00424661
-0.0124515
-0.00384459
-0.0115886
-0.00335506
-0.0104217
-0.0028156
-0.00897689
-0.00228211
-0.00735592
-0.00180895
-0.00570349
-0.00143183
-0.00416232
-0.00116121
-0.00282568
-0.000986232
-0.00172377
-0.000882336
-0.00083786
-0.000819747
-0.000123564
-0.000771137
0.000468049
-0.000716459
0.000974607
-0.00064415
0.00141742
-0.000549818
0.00180268
-0.000433967
0.00212656
-0.000300079
0.00238066
-0.000153361
0.00255604
0.00264564
-8.08731e-11
-0.00475204
-0.0132309
-0.00447674
-0.0127268
-0.00409281
-0.0119726
-0.00360659
-0.0109079
-0.0030485
-0.00953499
-0.00247316
-0.00793126
-0.00194122
-0.00623542
-0.00149841
-0.00460512
-0.00116424
-0.00315985
-0.00093458
-0.00195343
-0.000789624
-0.000982817
-0.000701891
-0.000211297
-0.000643337
0.000409495
-0.000591195
0.000922465
-0.000530445
0.00135667
-0.000453645
0.00172588
-0.00035913
0.00203204
-0.000248983
0.00227052
-0.000127462
0.00243452
0.00251818
-4.23256e-11
-0.00493044
-0.0133835
-0.00468434
-0.0129729
-0.00432782
-0.0123291
-0.00385742
-0.0113783
-0.00329438
-0.010098
-0.00268883
-0.00853681
-0.00210573
-0.00681853
-0.0016012
-0.00510964
-0.00120488
-0.00355617
-0.000919507
-0.00223881
-0.000729812
-0.00117251
-0.000611087
-0.000330022
-0.000536102
0.00033451
-0.000480702
0.000867066
-0.000427011
0.00130298
-0.000364519
0.00166339
-0.000289039
0.00195656
-0.000200858
0.00218233
-0.000103006
0.00233667
0.00241518
-4.28322e-12
-0.00508032
-0.0135107
-0.00486706
-0.0131862
-0.00454539
-0.0126508
-0.00410227
-0.0118215
-0.00354816
-0.0106521
-0.0029253
-0.00915968
-0.00229981
-0.00744402
-0.00173793
-0.00567152
-0.0012812
-0.0040129
-0.000940211
-0.0025798
-0.000704015
-0.00140871
-0.000550688
-0.00048335
-0.000454273
0.000238095
-0.000390016
0.000802808
-0.000338249
0.00125121
-0.000285862
0.001611
-0.000226109
0.00189681
-0.000157219
0.00211344
-8.07175e-05
0.00226017
0.00233446
3.14665e-11
-0.005203
-0.0136133
-0.00502421
-0.013365
-0.00474261
-0.0129324
-0.00433654
-0.0122275
-0.00380483
-0.0111838
-0.00317869
-0.00978581
-0.00252132
-0.00810139
-0.00190737
-0.00628547
-0.00139226
-0.004528
-0.000996599
-0.00297547
-0.000713836
-0.00169147
-0.0005239
-0.000673286
-0.00040185
0.000116045
-0.000323833
0.000724791
-0.000268883
0.00119626
-0.000221828
0.00156394
-0.000173578
0.00184856
-0.00012025
0.00206012
-6.169e-05
0.00220161
0.00227277
6.28973e-11
-0.00530041
-0.0136928
-0.00515589
-0.0135095
-0.00491729
-0.013171
-0.0045559
-0.0125889
-0.00405882
-0.0116809
-0.00344386
-0.0104008
-0.00276648
-0.00877877
-0.00210619
-0.00694576
-0.00153337
-0.00510083
-0.00108204
-0.00342679
-0.000751782
-0.00202173
-0.00052438
-0.000900688
-0.000376104
-3.223e-05
-0.000281227
0.000629914
-0.000218874
0.00113391
-0.000172663
0.00151773
-0.000131677
0.00180757
-9.00783e-05
0.00201852
-4.59698e-05
0.0021575
0.0022268
8.82185e-11
-0.00537553
-0.0137514
-0.00526364
-0.0136214
-0.0050688
-0.0133658
-0.0047573
-0.0129004
-0.00430556
-0.0121327
-0.00371655
-0.0109898
-0.00303346
-0.00946186
-0.0023355
-0.00764372
-0.00170735
-0.00572897
-0.00120052
-0.00393362
-0.000823194
-0.00239906
-0.000558127
-0.00116576
-0.000379683
-0.000210674
-0.000264689
0.00051492
-0.000191158
0.00106038
-0.000141481
0.00146806
-0.000103201
0.00176929
-6.87704e-05
0.00198409
-3.46455e-05
0.00212338
0.00219215
1.05908e-10
-0.0054314
-0.0137915
-0.00534942
-0.0137033
-0.00519713
-0.0135181
-0.00493814
-0.0131594
-0.00454
-0.0125308
-0.0039905
-0.0115393
-0.00331657
-0.0101358
-0.00259029
-0.00837
-0.00190689
-0.00641237
-0.00133893
-0.00450158
-0.000909115
-0.00282888
-0.000604117
-0.00147075
-0.000398576
-0.000416216
-0.000264711
0.000381055
-0.000178915
0.000974586
-0.00012334
0.00141248
-8.46658e-05
0.00173062
-5.40827e-05
0.0019535
-2.66122e-05
0.00209591
0.00216554
1.14963e-10
-0.00547141
-0.0138156
-0.00541614
-0.0137586
-0.00530394
-0.0136303
-0.00509804
-0.0133653
-0.0047597
-0.0128691
-0.00426278
-0.0120362
-0.00361564
-0.0107829
-0.00287705
-0.00910859
-0.00214653
-0.00714289
-0.00151848
-0.00512964
-0.00103539
-0.00331197
-0.000689089
-0.00181705
-0.000450745
-0.000654559
-0.000291721
0.000222031
-0.000189587
0.000872452
-0.000124164
0.00134706
-8.07587e-05
0.00168721
-4.93189e-05
0.00192206
-2.3584e-05
0.00207017
0.00214196
1.1478e-10
-0.00549849
-0.0138252
-0.0054668
-0.0137903
-0.00539107
-0.013706
-0.00523639
-0.01352
-0.00496061
-0.0131449
-0.00452566
-0.0124712
-0.00392006
-0.0113885
-0.00318238
-0.00984627
-0.00240716
-0.00791811
-0.00170886
-0.00582794
-0.00115915
-0.00386168
-0.000764024
-0.00221217
-0.000495278
-0.000923305
-0.000320035
4.67881e-05
-0.000205287
0.000757703
-0.000131174
0.00127294
-8.26058e-05
0.00163865
-4.8866e-05
0.00188832
-2.28435e-05
0.00204415
0.00211911
1.06575e-10
-0.00551578
-0.0138214
-0.00550488
-0.0138012
-0.00546202
-0.0137489
-0.00535599
-0.013626
-0.00514446
-0.0133565
-0.00478111
-0.0128345
-0.00423635
-0.0119333
-0.00352528
-0.0105573
-0.00272753
-0.00871586
-0.00196854
-0.00658692
-0.00135173
-0.00447849
-0.000903738
-0.00266017
-0.000595771
-0.00123127
-0.000386516
-0.000162466
-0.000249865
0.000621052
-0.000160701
0.00118378
-0.000101353
0.0015793
-5.97573e-05
0.00184673
-2.7803e-05
0.00201219
0.00209131
9.01835e-11
-0.00552403
-0.0138047
-0.00553193
-0.0137933
-0.00551818
-0.0137626
-0.00545628
-0.0136879
-0.00530627
-0.0135065
-0.0050168
-0.013124
-0.00454192
-0.0124082
-0.00387002
-0.0112292
-0.00305601
-0.00952987
-0.00222576
-0.00741717
-0.00151862
-0.00518562
-0.000999941
-0.00317885
-0.000651451
-0.00157976
-0.000428196
-0.000385722
-0.000283518
0.000476374
-0.000187302
0.00108756
-0.000121363
0.00151336
-7.32136e-05
0.00179858
-3.45983e-05
0.00197358
0.00205671
6.86473e-11
-0.00552428
-0.0137738
-0.00555089
-0.0137667
-0.00556466
-0.0137489
-0.00554459
-0.013708
-0.00545593
-0.0135951
-0.00524745
-0.0133325
-0.00486265
-0.012793
-0.00426526
-0.0118266
-0.0034779
-0.0103172
-0.00260837
-0.0082867
-0.00181835
-0.00597565
-0.00121994
-0.00377726
-0.000814142
-0.00198556
-0.000545466
-0.000654398
-0.000366507
0.000297415
-0.000247325
0.000968382
-0.000163474
0.00142951
-0.000100054
0.00173516
-4.76639e-05
0.00192119
0.00200905
4.38132e-11
-0.00551533
-0.0137267
-0.00556084
-0.0137212
-0.00559978
-0.0137099
-0.00561626
-0.0136915
-0.00558165
-0.0136297
-0.00544699
-0.0134671
-0.00514896
-0.013091
-0.00462896
-0.0123466
-0.00387372
-0.0110725
-0.00296007
-0.00920035
-0.00206041
-0.00687531
-0.00134943
-0.00448824
-0.000878337
-0.00245665
-0.000592359
-0.000940376
-0.000420909
0.000125966
-0.000304518
0.000851991
-0.000216915
0.00134191
-0.000141847
0.00166009
-7.08388e-05
0.00185018
0.00193821
1.86811e-11
-0.00549853
-0.0136598
-0.00556614
-0.0136536
-0.00563253
-0.0136435
-0.00568685
-0.0136372
-0.00570855
-0.013608
-0.0056571
-0.0135186
-0.00547004
-0.013278
-0.00507313
-0.0127435
-0.00441636
-0.0117293
-0.00352781
-0.0100889
-0.00255512
-0.007848
-0.0017167
-0.00532667
-0.0011378
-0.00303555
-0.000778722
-0.00129945
-0.000546853
-0.000105903
-0.000393992
0.000699129
-0.000279762
0.00122768
-0.000182262
0.00156259
-9.08234e-05
0.00175874
0.00184738
-3.56599e-12
-0.00546689
-0.0135707
-0.00555833
-0.0135621
-0.00565146
-0.0135504
-0.00573793
-0.0135507
-0.00580332
-0.0135426
-0.00581449
-0.0135074
-0.00571434
-0.0133782
-0.00542105
-0.0130368
-0.00485498
-0.0122953
-0.00399293
-0.0109509
-0.00293935
-0.00890158
-0.00193965
-0.00632636
-0.00123302
-0.00374218
-0.000847823
-0.00168465
-0.000666495
-0.000287231
-0.000558893
0.000591527
-0.000460693
0.00112948
-0.000337902
0.0014398
-0.000183163
0.001604
0.00166422
-2.28942e-11
-0.00541957
-0.0134551
-0.00554102
-0.0134407
-0.00566945
-0.013422
-0.0058011
-0.0134191
-0.00592826
-0.0134155
-0.00602755
-0.0134081
-0.00605282
-0.0133529
-0.00592327
-0.0131664
-0.00553653
-0.0126821
-0.00481175
-0.0116757
-0.00377161
-0.00994173
-0.00261559
-0.00748238
-0.00166631
-0.00469146
-0.00109327
-0.00225768
-0.000791052
-0.000589454
-0.000617431
0.000417906
-0.000491611
0.00100366
-0.000361392
0.00130958
-0.000200677
0.00144329
0.00146354
-3.34836e-11
-0.00534289
-0.0133126
-0.00549177
-0.0132918
-0.0056477
-0.013266
-0.00580782
-0.0132589
-0.00596805
-0.0132553
-0.00611346
-0.0132627
-0.00621094
-0.0132555
-0.00619039
-0.0131869
-0.00594304
-0.0129294
-0.00534819
-0.0122706
-0.0043552
-0.0109347
-0.00309811
-0.00873947
-0.00195327
-0.00583631
-0.00131986
-0.00289109
-0.00121178
-0.000697536
-0.00129547
0.000501601
-0.00129057
0.00099875
-0.00106754
0.00108656
-0.000642809
0.00101855
0.000820736
-4.51293e-11
-0.00524614
-0.00544111
-0.00565167
-0.00587722
-0.00611743
-0.00636566
-0.006604
-0.00678208
-0.00679797
-0.00649905
-0.00572503
-0.00441812
-0.00279805
-0.00138272
-0.000585246
-0.00034003
-0.000406527
-0.000525093
-0.00044299
-3.90063e-11
-9.80542e-06
0.0100013
-1.0962e-05
0.0100012
-1.21433e-05
0.0100012
-1.32183e-05
0.0100011
-1.42343e-05
0.010001
-1.5082e-05
0.0100008
-1.5746e-05
0.0100007
-1.61576e-05
0.0100004
-1.62821e-05
0.0100001
-1.60846e-05
0.0099998
-1.55535e-05
0.00999947
-1.46931e-05
0.00999914
-1.35271e-05
0.00999883
-1.20908e-05
0.00999856
-1.04257e-05
0.00999833
-8.5726e-06
0.00999815
-6.56869e-06
0.009998
-4.44798e-06
0.00999788
-2.24541e-06
0.0099978
0.00999775
-2.2849e-06
0.0100023
-2.98582e-06
0.0100019
-3.29861e-06
0.0100015
-3.32423e-06
0.0100011
-3.03404e-06
0.0100007
-2.58473e-06
0.0100004
-1.99516e-06
0.0100001
-1.37289e-06
0.00999979
-7.71585e-07
0.00999952
-2.5234e-07
0.00999928
1.53363e-07
0.00999906
4.31347e-07
0.00999886
5.90727e-07
0.00999867
6.5224e-07
0.0099985
6.41733e-07
0.00999835
5.79977e-07
0.00999821
4.79072e-07
0.0099981
3.44243e-07
0.00999801
1.80787e-07
0.00999796
0.00999794
-2.6187e-05
0.0100057
-2.9386e-05
0.0100051
-3.24095e-05
0.0100045
-3.51214e-05
0.0100038
-3.74855e-05
0.0100031
-3.93592e-05
0.0100023
-4.06809e-05
0.0100014
-4.13512e-05
0.0100005
-4.13079e-05
0.00999948
-4.05053e-05
0.00999848
-3.89315e-05
0.00999749
-3.66079e-05
0.00999654
-3.35885e-05
0.00999566
-2.99507e-05
0.00999486
-2.5784e-05
0.00999418
-2.11777e-05
0.0099936
-1.62151e-05
0.00999313
-1.09747e-05
0.00999277
-5.53868e-06
0.00999252
0.0099924
-2.23751e-05
0.0100087
-2.46593e-05
0.0100073
-2.62513e-05
0.0100061
-2.71159e-05
0.0100047
-2.73135e-05
0.0100033
-2.69552e-05
0.0100019
-2.61221e-05
0.0100006
-2.49244e-05
0.00999926
-2.34595e-05
0.00999802
-2.18117e-05
0.00999683
-2.00409e-05
0.00999572
-1.81786e-05
0.00999468
-1.62296e-05
0.00999371
-1.41821e-05
0.00999282
-1.20219e-05
0.00999202
-9.74718e-06
0.00999133
-7.37571e-06
0.00999076
-4.9402e-06
0.00999034
-2.47443e-06
0.00999006
0.00998992
-5.34126e-05
0.0100149
-5.94152e-05
0.0100133
-6.49449e-05
0.0100116
-6.98317e-05
0.0100096
-7.39366e-05
0.0100074
-7.70862e-05
0.0100051
-7.91499e-05
0.0100026
-7.99941e-05
0.0100001
-7.95167e-05
0.00999754
-7.76535e-05
0.00999497
-7.43906e-05
0.00999246
-6.97706e-05
0.00999006
-6.38902e-05
0.00998783
-5.68875e-05
0.00998581
-4.89223e-05
0.00998405
-4.01548e-05
0.00998256
-3.07338e-05
0.00998134
-2.07986e-05
0.0099804
-1.04967e-05
0.00997976
0.00997943
-5.86827e-05
0.0100211
-6.35046e-05
0.0100182
-6.71232e-05
0.0100153
-6.9344e-05
0.0100118
-7.02821e-05
0.0100083
-7.00331e-05
0.0100048
-6.87215e-05
0.0100013
-6.64912e-05
0.00999788
-6.34878e-05
0.00999453
-5.98425e-05
0.00999132
-5.56576e-05
0.00998827
-5.0997e-05
0.0099854
-4.58884e-05
0.00998272
-4.03366e-05
0.00998026
-3.43467e-05
0.00997806
-2.79495e-05
0.00997616
-2.12153e-05
0.00997461
-1.4246e-05
0.00997343
-7.14774e-06
0.00997266
0.00997228
-0.000100864
0.0100324
-0.000111648
0.0100289
-0.000121436
0.010025
-0.000129961
0.0100203
-0.000136961
0.0100153
-0.000142191
0.01001
-0.000145435
0.0100046
-0.000146494
0.00999894
-0.000145212
0.00999325
-0.000141489
0.0099876
-0.000135307
0.00998209
-0.000126738
0.00997683
-0.000115947
0.00997193
-0.000103171
0.00996749
-8.86876e-05
0.00996358
-7.2779e-05
0.00996025
-5.57048e-05
0.00995753
-3.7705e-05
0.00995543
-1.90341e-05
0.00995399
0.00995324
-0.00012656
0.0100446
-0.000136243
0.0100386
-0.000143785
0.0100326
-0.00014875
0.0100253
-0.0001513
0.0100179
-0.000151509
0.0100103
-0.000149539
0.0100026
-0.00014559
0.00999499
-0.000139876
0.00998754
-0.000132603
0.00998033
-0.000123949
0.00997343
-0.000114039
0.00996692
-0.000102949
0.00996084
-9.07205e-05
0.00995526
-7.74001e-05
0.00995026
-6.30828e-05
0.00994594
-4.79416e-05
0.00994239
-3.22192e-05
0.00993971
-1.61719e-05
0.00993794
0.00993707
-0.000186981
0.0100651
-0.000206434
0.0100581
-0.000223901
0.0100501
-0.000238934
0.0100403
-0.000251095
0.01003
-0.00026002
0.0100192
-0.000265364
0.0100079
-0.000266818
0.00999644
-0.000264127
0.00998485
-0.000257127
0.00997333
-0.000245774
0.00996208
-0.000230174
0.00995132
-0.000210592
0.00994125
-0.000187426
0.00993209
-0.000161162
0.009924
-0.000132302
0.00991708
-0.000101314
0.0099114
-6.86183e-05
0.00990702
-3.46608e-05
0.00990398
0.00990241
-0.000253943
0.0100886
-0.000273145
0.0100773
-0.000288527
0.0100654
-0.000299231
0.010051
-0.00030545
0.0100363
-0.00030718
0.0100209
-0.000304609
0.0100054
-0.000297991
0.00998982
-0.00028763
0.00997449
-0.000273851
0.00995955
-0.000256951
0.00994518
-0.000237171
0.00993154
-0.000214682
0.00991876
-0.000189605
0.00990701
-0.00016207
0.00989646
-0.000132297
0.0098873
-0.000100659
0.00987977
-6.7691e-05
0.00987405
-3.39788e-05
0.00987027
0.00986843
-0.00034568
0.0101261
-0.00038091
0.0101125
-0.000412351
0.0100969
-0.000439232
0.0100779
-0.000460868
0.0100579
-0.000476692
0.0100367
-0.000486144
0.0100148
-0.000488707
0.00999238
-0.000483929
0.00996971
-0.000471473
0.00994709
-0.00045119
0.0099249
-0.000423172
0.00990352
-0.000387788
0.00988338
-0.000345677
0.0098649
-0.000297677
0.00984846
-0.000244703
0.00983433
-0.000187634
0.0098227
-0.000127249
0.00981366
-6.43585e-05
0.00980738
0.00980407
-0.000491067
0.0101712
-0.000528806
0.0101503
-0.000559822
0.0101279
-0.000582559
0.0101006
-0.000597134
0.0100725
-0.000603333
0.0100429
-0.000601272
0.0100128
-0.000591196
0.00998231
-0.000573479
0.00995199
-0.000548572
0.00992219
-0.000516944
0.00989327
-0.000479013
0.00986559
-0.000435114
0.00983948
-0.000385509
0.0098153
-0.000330469
0.00979342
-0.000270434
0.0097743
-0.000206151
0.00975841
-0.000138776
0.00974629
-6.96534e-05
0.00973826
0.00973442
-0.000637838
0.0102392
-0.000701274
0.0102137
-0.0007579
0.0101845
-0.000806419
0.0101491
-0.000845851
0.0101119
-0.000875272
0.0100724
-0.000893729
0.0100312
-0.000900271
0.00998885
-0.000893966
0.00994569
-0.000873991
0.00990221
-0.000839757
0.00985904
-0.000791044
0.00981687
-0.000728128
0.00977657
-0.000651845
0.00973902
-0.000563537
0.00970511
-0.000464857
0.00967562
-0.000357548
0.0096511
-0.000243169
0.00963191
-0.000123338
0.00961843
0.00961108
-0.000922966
0.0103244
-0.000996385
0.0102871
-0.00105849
0.0102466
-0.0011067
0.0101974
-0.00114073
0.0101459
-0.00115983
0.0100915
-0.0011637
0.0100351
-0.00115226
0.00997741
-0.00112569
0.00991911
-0.00108435
0.00986088
-0.00102878
0.00980346
-0.00095951
0.0097476
-0.000877016
0.00969407
-0.000781678
0.00964368
-0.000673879
0.00959731
-0.000554315
0.00955605
-0.000424329
0.00952112
-0.0002864
0.00949398
-0.000143712
0.00947574
0.00946737
-0.00116642
0.0104444
-0.0012779
0.0103986
-0.00137841
0.0103471
-0.00146604
0.010285
-0.00153959
0.0102195
-0.0015975
0.0101494
-0.0016381
0.0100757
-0.00165947
0.00999878
-0.00165949
0.00991912
-0.00163589
0.00983729
-0.00158653
0.0097541
-0.00150959
0.00967067
-0.00140403
0.00958851
-0.00126986
0.00950951
-0.00110846
0.00943591
-0.000922353
0.00936995
-0.000714919
0.00931368
-0.000489527
0.00926859
-0.000250133
0.00923634
0.00921724
-0.00167618
0.0106007
-0.00181652
0.0105389
-0.00193975
0.0104704
-0.00204236
0.0103876
-0.00212288
0.0103
-0.00217946
0.0102059
-0.00221039
0.0101066
-0.00221423
0.0100026
-0.00218966
0.00989456
-0.00213588
0.00978351
-0.00205233
0.00967054
-0.00193872
0.00955706
-0.00179484
0.00944462
-0.0016204
0.00933508
-0.00141495
0.00923046
-0.00117845
0.00913345
-0.000912275
0.0090475
-0.000620957
0.00897727
-0.000311986
0.00892737
0.00890525
-0.00208046
0.0108022
-0.00226795
0.0107264
-0.00244017
0.0106426
-0.00259563
0.0105431
-0.00273456
0.0104389
-0.00285456
0.0103259
-0.00295273
0.0102048
-0.00302524
0.0100751
-0.0030678
0.00993711
-0.00307459
0.0097903
-0.00303903
0.00963498
-0.00295361
0.00947164
-0.00281077
0.00930179
-0.00260359
0.0091279
-0.00232778
0.00895466
-0.00198258
0.00878825
-0.00157041
0.00863533
-0.00109698
0.00850384
-0.000574537
0.00840493
0.00833072
-0.00288275
0.0110697
-0.00313764
0.0109813
-0.00337506
0.01088
-0.0035913
0.0107593
-0.0037811
0.0106287
-0.00394234
0.0104872
-0.00407044
0.0103329
-0.00416085
0.0101655
-0.00420713
0.00998339
-0.00420315
0.00978632
-0.00414194
0.00957376
-0.00401699
0.0093467
-0.00382168
0.00910647
-0.00355046
0.00885668
-0.00319583
0.00860002
-0.00274923
0.00834166
-0.00220323
0.00808933
-0.00154959
0.0078502
-0.000799134
0.00765448
0.00753158
-0.00350726
0.0113782
-0.00380077
0.0112748
-0.00408302
0.0111623
-0.00435286
0.0110291
-0.00461397
0.0108898
-0.00486179
0.010735
-0.00509681
0.0105679
-0.00531564
0.0103844
-0.00551612
0.0101839
-0.00568637
0.00995657
-0.0058136
0.00970099
-0.00587964
0.00941274
-0.00586067
0.0090875
-0.00572169
0.00871771
-0.00542368
0.00830201
-0.00492252
0.00784049
-0.0041769
0.0073437
-0.00313876
0.00681207
-0.00181624
0.00633196
0.00571534
-0.00453432
-0.004932
-0.00533776
-0.00573741
-0.006149
-0.00655264
-0.00696069
-0.00735379
-0.00772736
-0.00806282
-0.00834435
-0.00853523
-0.00860324
-0.00849769
-0.00820225
-0.00761876
-0.00678092
-0.00545439
-0.00352679
-0.00524614
0.0133126
-0.00544111
0.0132918
-0.00565167
0.013266
-0.00587722
0.0132589
-0.00611743
0.0132553
-0.00636566
0.0132627
-0.006604
0.0132555
-0.00678208
0.0131869
-0.00679797
0.0129294
-0.00649905
0.0122706
-0.00572503
0.0109347
-0.00441812
0.00873947
-0.00279805
0.00583631
-0.00138272
0.00289109
-0.000585246
0.000697536
-0.00034003
-0.000501601
-0.000406526
-0.00099875
-0.000525093
-0.00108656
-0.00044299
-0.00101855
-0.000820736
-0.00534289
0.0134551
-0.00549177
0.0134407
-0.0056477
0.013422
-0.00580782
0.0134191
-0.00596805
0.0134155
-0.00611346
0.0134081
-0.00621094
0.0133529
-0.00619039
0.0131664
-0.00594304
0.0126821
-0.00534819
0.0116757
-0.0043552
0.00994173
-0.00309811
0.00748238
-0.00195327
0.00469146
-0.00131986
0.00225768
-0.00121178
0.000589454
-0.00129547
-0.000417906
-0.00129057
-0.00100366
-0.00106754
-0.00130958
-0.000642809
-0.00144329
-0.00146354
-0.00541957
0.0135707
-0.00554102
0.0135621
-0.00566945
0.0135504
-0.0058011
0.0135507
-0.00592826
0.0135426
-0.00602755
0.0135074
-0.00605282
0.0133782
-0.00592327
0.0130368
-0.00553653
0.0122953
-0.00481175
0.0109509
-0.00377161
0.00890158
-0.00261559
0.00632636
-0.00166631
0.00374218
-0.00109327
0.00168465
-0.000791052
0.000287231
-0.000617431
-0.000591527
-0.000491611
-0.00112948
-0.000361392
-0.0014398
-0.000200677
-0.001604
-0.00166422
-0.00546689
0.0136598
-0.00555833
0.0136536
-0.00565146
0.0136435
-0.00573793
0.0136372
-0.00580332
0.013608
-0.00581449
0.0135186
-0.00571434
0.013278
-0.00542105
0.0127435
-0.00485498
0.0117293
-0.00399293
0.0100889
-0.00293935
0.007848
-0.00193965
0.00532667
-0.00123302
0.00303555
-0.000847823
0.00129945
-0.000666495
0.000105903
-0.000558893
-0.000699129
-0.000460693
-0.00122768
-0.000337901
-0.00156259
-0.000183163
-0.00175874
-0.00184738
-0.00549853
0.0137267
-0.00556614
0.0137212
-0.00563253
0.0137099
-0.00568685
0.0136915
-0.00570855
0.0136297
-0.0056571
0.0134671
-0.00547004
0.013091
-0.00507313
0.0123466
-0.00441636
0.0110725
-0.00352781
0.00920035
-0.00255512
0.00687531
-0.0017167
0.00448824
-0.0011378
0.00245665
-0.000778722
0.000940376
-0.000546853
-0.000125966
-0.000393992
-0.000851991
-0.000279762
-0.00134191
-0.000182262
-0.00166009
-9.08234e-05
-0.00185018
-0.00193821
-0.00551533
0.0137738
-0.00556084
0.0137667
-0.00559978
0.0137489
-0.00561626
0.013708
-0.00558165
0.0135951
-0.00544699
0.0133325
-0.00514896
0.012793
-0.00462896
0.0118266
-0.00387372
0.0103172
-0.00296007
0.0082867
-0.00206041
0.00597565
-0.00134943
0.00377726
-0.000878337
0.00198556
-0.000592359
0.000654398
-0.000420909
-0.000297415
-0.000304518
-0.000968382
-0.000216915
-0.00142951
-0.000141847
-0.00173516
-7.08388e-05
-0.00192119
-0.00200905
-0.00552428
0.0138047
-0.00555089
0.0137933
-0.00556466
0.0137626
-0.00554459
0.0136879
-0.00545593
0.0135065
-0.00524745
0.013124
-0.00486265
0.0124082
-0.00426526
0.0112292
-0.0034779
0.00952987
-0.00260837
0.00741717
-0.00181835
0.00518562
-0.00121994
0.00317885
-0.000814142
0.00157976
-0.000545466
0.000385722
-0.000366507
-0.000476374
-0.000247325
-0.00108756
-0.000163474
-0.00151336
-0.000100054
-0.00179858
-4.7664e-05
-0.00197358
-0.00205671
-0.00552403
0.0138214
-0.00553193
0.0138012
-0.00551818
0.0137489
-0.00545628
0.013626
-0.00530627
0.0133565
-0.0050168
0.0128345
-0.00454192
0.0119333
-0.00387002
0.0105573
-0.00305601
0.00871586
-0.00222576
0.00658692
-0.00151862
0.00447849
-0.000999941
0.00266017
-0.000651451
0.00123127
-0.000428196
0.000162466
-0.000283519
-0.000621052
-0.000187302
-0.00118378
-0.000121364
-0.0015793
-7.32137e-05
-0.00184673
-3.45984e-05
-0.00201219
-0.00209131
-0.00551578
0.0138252
-0.00550488
0.0137903
-0.00546202
0.013706
-0.00535599
0.01352
-0.00514446
0.0131449
-0.00478111
0.0124712
-0.00423635
0.0113885
-0.00352528
0.00984627
-0.00272753
0.00791811
-0.00196854
0.00582794
-0.00135173
0.00386168
-0.000903738
0.00221217
-0.000595771
0.000923305
-0.000386517
-4.67881e-05
-0.000249865
-0.000757703
-0.000160701
-0.00127294
-0.000101353
-0.00163865
-5.97575e-05
-0.00188832
-2.78031e-05
-0.00204415
-0.00211911
-0.00549849
0.0138156
-0.0054668
0.0137586
-0.00539107
0.0136303
-0.00523639
0.0133653
-0.00496061
0.0128691
-0.00452566
0.0120362
-0.00392006
0.0107829
-0.00318238
0.00910859
-0.00240716
0.00714289
-0.00170886
0.00512964
-0.00115915
0.00331197
-0.000764024
0.00181705
-0.000495279
0.000654559
-0.000320036
-0.000222031
-0.000205287
-0.000872452
-0.000131174
-0.00134706
-8.2606e-05
-0.00168721
-4.88662e-05
-0.00192206
-2.28437e-05
-0.00207017
-0.00214196
-0.00547141
0.0137915
-0.00541614
0.0137033
-0.00530394
0.0135181
-0.00509804
0.0131594
-0.0047597
0.0125308
-0.00426278
0.0115393
-0.00361564
0.0101358
-0.00287705
0.00837
-0.00214653
0.00641237
-0.00151848
0.00450158
-0.00103539
0.00282888
-0.00068909
0.00147075
-0.000450746
0.000416216
-0.000291722
-0.000381055
-0.000189588
-0.000974586
-0.000124164
-0.00141248
-8.0759e-05
-0.00173062
-4.93191e-05
-0.0019535
-2.35843e-05
-0.00209591
-0.00216554
-0.0054314
0.0137514
-0.00534942
0.0136214
-0.00519713
0.0133658
-0.00493814
0.0129004
-0.00454
0.0121327
-0.0039905
0.0109898
-0.00331657
0.00946186
-0.00259029
0.00764372
-0.00190689
0.00572897
-0.00133893
0.00393362
-0.000909115
0.00239906
-0.000604117
0.00116576
-0.000398576
0.000210674
-0.000264711
-0.00051492
-0.000178916
-0.00106038
-0.00012334
-0.00146806
-8.46661e-05
-0.00176929
-5.4083e-05
-0.00198409
-2.66124e-05
-0.00212338
-0.00219215
-0.00537553
0.0136928
-0.00526364
0.0135095
-0.0050688
0.013171
-0.0047573
0.0125889
-0.00430556
0.0116809
-0.00371655
0.0104008
-0.00303346
0.00877877
-0.0023355
0.00694576
-0.00170735
0.00510083
-0.00120052
0.00342679
-0.000823195
0.00202173
-0.000558127
0.000900688
-0.000379683
3.223e-05
-0.000264689
-0.000629914
-0.000191158
-0.00113391
-0.000141481
-0.00151773
-0.000103201
-0.00180757
-6.87706e-05
-0.00201852
-3.46457e-05
-0.0021575
-0.0022268
-0.00530041
0.0136133
-0.00515589
0.013365
-0.00491729
0.0129324
-0.0045559
0.0122275
-0.00405882
0.0111838
-0.00344386
0.00978581
-0.00276648
0.00810139
-0.00210619
0.00628547
-0.00153337
0.004528
-0.00108204
0.00297547
-0.000751782
0.00169147
-0.00052438
0.000673286
-0.000376104
-0.000116045
-0.000281227
-0.000724791
-0.000218874
-0.00119626
-0.000172664
-0.00156394
-0.000131678
-0.00184856
-9.00785e-05
-0.00206012
-4.597e-05
-0.00220161
-0.00227277
-0.005203
0.0135107
-0.00502421
0.0131862
-0.00474261
0.0126508
-0.00433654
0.0118215
-0.00380483
0.0106521
-0.00317869
0.00915968
-0.00252132
0.00744402
-0.00190737
0.00567152
-0.00139227
0.0040129
-0.000996599
0.0025798
-0.000713836
0.00140871
-0.0005239
0.00048335
-0.00040185
-0.000238096
-0.000323833
-0.000802808
-0.000268883
-0.00125121
-0.000221828
-0.001611
-0.000173578
-0.00189681
-0.00012025
-0.00211344
-6.16902e-05
-0.00226017
-0.00233446
-0.00508032
0.0133835
-0.00486706
0.0129729
-0.00454539
0.0123291
-0.00410227
0.0113783
-0.00354816
0.010098
-0.0029253
0.00853681
-0.00229981
0.00681853
-0.00173793
0.00510964
-0.00128121
0.00355617
-0.000940212
0.00223881
-0.000704015
0.00117251
-0.000550688
0.000330022
-0.000454273
-0.00033451
-0.000390016
-0.000867066
-0.000338249
-0.00130298
-0.000285862
-0.00166339
-0.000226109
-0.00195656
-0.000157219
-0.00218233
-8.07176e-05
-0.00233667
-0.00241518
-0.00493044
0.0132309
-0.00468434
0.0127268
-0.00432782
0.0119726
-0.00385742
0.0109079
-0.00329438
0.00953499
-0.00268883
0.00793126
-0.00210573
0.00623542
-0.0016012
0.00460512
-0.00120488
0.00315985
-0.000919507
0.00195343
-0.000729812
0.000982817
-0.000611087
0.000211297
-0.000536102
-0.000409495
-0.000480702
-0.000922465
-0.000427011
-0.00135667
-0.000364519
-0.00172588
-0.000289039
-0.00203204
-0.000200858
-0.00227052
-0.000103006
-0.00243452
-0.00251818
-0.00475204
0.0130535
-0.00447674
0.0124515
-0.00409281
0.0115886
-0.00360659
0.0104217
-0.0030485
0.00897689
-0.00247316
0.00735592
-0.00194122
0.00570349
-0.00149841
0.00416232
-0.00116424
0.00282568
-0.00093458
0.00172377
-0.000789623
0.00083786
-0.000701891
0.000123564
-0.000643336
-0.000468049
-0.000591195
-0.000974607
-0.000530445
-0.00141742
-0.000453644
-0.00180268
-0.00035913
-0.00212656
-0.000248983
-0.00238066
-0.000127462
-0.00255604
-0.00264564
-0.00454556
0.0128531
-0.00424661
0.0121526
-0.00384459
0.0111866
-0.00335506
0.00993219
-0.0028156
0.00843743
-0.00228211
0.00682243
-0.00180895
0.00523033
-0.00143183
0.0037852
-0.00116121
0.00255505
-0.000986232
0.00154879
-0.000882336
0.000733964
-0.000819747
6.0976e-05
-0.000771137
-0.000516659
-0.000716459
-0.00102929
-0.00064415
-0.00148973
-0.000549817
-0.00189701
-0.000433967
-0.00224241
-0.000300079
-0.00251455
-0.000153361
-0.00270276
-0.00279901
-0.00431215
0.0126331
-0.0039969
0.0118373
-0.00358751
0.0107772
-0.00310758
0.00945226
-0.0025996
0.00792945
-0.00211808
0.00634092
-0.00170989
0.00482214
-0.00140108
0.00347639
-0.00119349
0.00234746
-0.00106952
0.00142482
-0.00100051
0.000664955
-0.000955971
1.64412e-05
-0.000910767
-0.000561863
-0.000848601
-0.00109145
-0.000761564
-0.00157677
-0.000647923
-0.00201065
-0.00050982
-0.00238051
-0.000351711
-0.00267266
-0.000179498
-0.00287497
-0.0029785
-0.00405508
0.0123978
-0.00373205
0.0115143
-0.00332664
0.0103718
-0.00286885
0.00899447
-0.00240373
0.00746434
-0.00198247
0.00591966
-0.00164352
0.00448319
-0.00140349
0.00323636
-0.00125567
0.00219963
-0.0011763
0.00134546
-0.00113419
0.000622838
-0.00109998
-1.77647e-05
-0.00105247
-0.00060938
-0.000979433
-0.00116448
-0.000876221
-0.00167998
-0.000743077
-0.0021438
-0.000583185
-0.0025404
-0.000401608
-0.00285424
-0.000204754
-0.00307183
-0.00318326
-0.00377773
0.0121526
-0.0034562
0.0111928
-0.00306612
0.00998173
-0.00264197
0.00857032
-0.00222934
0.00705171
-0.00187412
0.00556444
-0.001606
0.00421507
-0.00143203
0.00306239
-0.00133747
0.00210507
-0.001294
0.00130198
-0.0012701
0.000598937
-0.0012396
-4.82554e-05
-0.00118584
-0.000663146
-0.0011005
-0.00124982
-0.000981424
-0.00179906
-0.000830096
-0.00229513
-0.00065024
-0.00272026
-0.000447237
-0.00305724
-0.000227866
-0.0032912
-0.00341112
-0.00348547
0.0119034
-0.00317448
0.0108818
-0.00281014
0.00961738
-0.00242921
0.00818939
-0.00207595
0.00669845
-0.00178953
0.00527802
-0.00159039
0.00401594
-0.0014763
0.00294829
-0.0014259
0.00205468
-0.00140859
0.00128467
-0.00139492
0.000585264
-0.00136323
-7.99475e-05
-0.00130133
-0.00072504
-0.00120414
-0.00134702
-0.00107109
-0.0019321
-0.000904247
-0.00246197
-0.000707477
-0.00291703
-0.000486271
-0.00327845
-0.00024767
-0.0035298
-0.00365879
-0.00318227
0.011656
-0.00289015
0.0105897
-0.00256045
0.00928769
-0.00223005
0.00785898
-0.00194005
0.00640845
-0.00172171
0.00505968
-0.00158618
0.00388041
-0.00152293
0.00288503
-0.00150625
0.002038
-0.0015059
0.00128432
-0.00149629
0.000575657
-0.00146071
-0.000115528
-0.00139084
-0.000794916
-0.0012838
-0.00145405
-0.00113989
-0.00207602
-0.000961266
-0.0026406
-0.000751666
-0.00312663
-0.000516534
-0.00351358
-0.000263071
-0.00378326
-0.00392186
-0.00287396
0.0114155
-0.00260727
0.010323
-0.00231867
0.0089991
-0.00204298
0.00758329
-0.00181643
0.0061819
-0.00166175
0.004905
-0.00158129
0.00379994
-0.00155811
0.00286186
-0.00156485
0.00204474
-0.00157385
0.00129332
-0.00156433
0.000566138
-0.00152417
-0.000155687
-0.00144799
-0.000871095
-0.00133427
-0.00156777
-0.00118354
-0.00222675
-0.000997716
-0.00282642
-0.000780218
-0.00334413
-0.00053629
-0.00375751
-0.000273199
-0.00404635
-0.00419506
-0.00256242
0.0111863
-0.00232599
0.0100865
-0.00208256
0.00875567
-0.00186289
0.00736361
-0.0016968
0.00601581
-0.00159851
0.00480672
-0.00156277
0.0037642
-0.00156892
0.002868
-0.00159026
0.00206608
-0.00160326
0.00130632
-0.00159203
0.00055491
-0.00154826
-0.000199462
-0.00146856
-0.000950793
-0.00135207
-0.00168427
-0.00119916
-0.00237965
-0.00101129
-0.00301429
-0.000791378
-0.00356404
-0.000544355
-0.00400453
-0.000277458
-0.00431325
-0.00447252
-0.00225212
0.0109711
-0.0020481
0.00988252
-0.00185075
0.00855832
-0.00168505
0.00719791
-0.00157331
0.00590407
-0.00152203
0.00475543
-0.0015202
0.00376237
-0.00154592
0.00289372
-0.00157513
0.00209529
-0.00158897
0.00132016
-0.00157596
0.000541892
-0.00153061
-0.000244807
-0.00145079
-0.00103062
-0.00133578
-0.00179927
-0.00118557
-0.00252986
-0.001001
-0.00319886
-0.000784376
-0.00378066
-0.000540199
-0.00424871
-0.000275575
-0.00457788
-0.0047481
-0.00194015
0.0107717
-0.00176917
0.00971154
-0.00161685
0.008406
-0.0015012
0.00708226
-0.00143634
0.0058392
-0.00142246
0.00474155
-0.00144491
0.00378483
-0.00148269
0.00293151
-0.00151548
0.00212808
-0.00152901
0.00133369
-0.0015154
0.000528286
-0.0014712
-0.000289012
-0.00139491
-0.0011069
-0.00128572
-0.00190847
-0.00114307
-0.00267251
-0.000967079
-0.00337485
-0.000759368
-0.00398837
-0.000523913
-0.00448416
-0.000267591
-0.0048342
-0.00501569
-0.00162926
0.0105882
-0.00148932
0.0095716
-0.00137829
0.00829497
-0.00130659
0.00701056
-0.00128002
0.00581263
-0.00129429
0.00475582
-0.00133293
0.00382346
-0.00137743
0.00297601
-0.00141147
0.00216213
-0.00142492
0.00134713
-0.00141265
0.00051602
-0.00137254
-0.000329126
-0.00130339
-0.00117605
-0.00120409
-0.00200776
-0.0010735
-0.0028031
-0.000910999
-0.00353735
-0.000717442
-0.00418193
-0.000496208
-0.00470539
-0.000253856
-0.00507655
-0.00526955
-0.00131032
0.0104208
-0.0011996
0.00946088
-0.00112618
0.00822155
-0.00109279
0.00697717
-0.00109727
0.00581712
-0.00113265
0.0047912
-0.00118205
0.00387286
-0.00123047
0.00302442
-0.00126533
0.00219699
-0.00128005
0.00136185
-0.00127152
0.000507496
-0.0012385
-0.000362152
-0.00117987
-0.00123468
-0.0010942
-0.00209344
-0.000979708
-0.00291759
-0.000835049
-0.00368201
-0.000660312
-0.00435667
-0.000458219
-0.00490749
-0.000234936
-0.00529983
-0.00550448
-0.000987588
0.0102688
-0.000901791
0.00937509
-0.000860405
0.00818016
-0.000858599
0.00697536
-0.000887347
0.00584587
-0.000938127
0.00484198
-0.000994663
0.0039294
-0.00104578
0.00307554
-0.00108207
0.00223328
-0.00109992
0.0013797
-0.0010976
0.000505177
-0.00107444
-0.000385315
-0.0010293
-0.00127982
-0.000960374
-0.00216236
-0.000865358
-0.0030126
-0.000742184
-0.00380519
-0.000590189
-0.00450866
-0.000411413
-0.00508626
-0.000211559
-0.00549969
-0.00571604
-0.000647157
0.0101337
-0.00058437
0.0093123
-0.000572386
0.00816818
-0.000597799
0.00700078
-0.000647092
0.00589516
-0.000710262
0.00490515
-0.000772978
0.00399211
-0.000827323
0.00312989
-0.000866762
0.00227272
-0.000890087
0.00140302
-0.000896469
0.000511559
-0.000885705
-0.00039608
-0.000856592
-0.00130893
-0.000807027
-0.00221192
-0.000734207
-0.00308542
-0.000635445
-0.00390395
-0.000509365
-0.00463474
-0.000357316
-0.00523831
-0.000184488
-0.00567251
-0.00590053
-0.000304533
0.0100156
-0.000256938
0.0092647
-0.00026919
0.00818043
-0.000314442
0.00704603
-0.000381057
0.00596177
-0.000453696
0.00497779
-0.000522639
0.00406106
-0.000581083
0.00318833
-0.000625694
0.00231734
-0.000656673
0.001434
-0.000674002
0.000528888
-0.000677774
-0.000392307
-0.000666716
-0.00131999
-0.000638496
-0.00224014
-0.000589925
-0.00313399
-0.000517787
-0.00397609
-0.000420056
-0.00473247
-0.000297404
-0.00536096
-0.000154459
-0.00581546
-0.00605499
5.47491e-05
0.00991873
8.99423e-05
0.00922951
5.46259e-05
0.00821575
-4.63449e-06
0.00710529
-8.96167e-05
0.00604676
-0.000169738
0.00505791
-0.000247219
0.00413854
-0.0003111
0.00325221
-0.000363571
0.00236981
-0.000404328
0.00147476
-0.000434736
0.000559296
-0.000454908
-0.000372135
-0.000463554
-0.00131134
-0.000458214
-0.00224548
-0.000435428
-0.00315678
-0.000391566
-0.00401995
-0.000324041
-0.0048
-0.000232864
-0.00545214
-0.000122064
-0.00592626
-0.00617705
0.000397818
0.00981234
0.00042846
0.00919887
0.000391592
0.00825261
0.000316829
0.00718005
0.000224926
0.00613866
0.000134605
0.00514824
4.95774e-05
0.00422357
-2.16264e-05
0.00332341
-8.43642e-05
0.00243254
-0.000136736
0.00152713
-0.000182194
0.000604754
-0.000220239
-0.000334091
-0.000249931
-0.00128165
-0.000268633
-0.00222678
-0.000272784
-0.00315263
-0.000258446
-0.00403429
-0.000222563
-0.00483588
-0.000164525
-0.00551018
-8.77183e-05
-0.00600307
-0.00626477
0.000730758
0.00969286
0.000770789
0.00915884
0.000737766
0.00828564
0.00065833
0.00725949
0.000560548
0.00623644
0.000460253
0.00524853
0.000367904
0.00431592
0.000284861
0.00340646
0.000211261
0.00250614
0.000144256
0.00159413
8.22662e-05
0.000666744
2.4864e-05
-0.000276689
-2.7009e-05
-0.00122978
-7.07795e-05
-0.00218301
-0.00010285
-0.00312056
-0.000119124
-0.00401801
-0.000116162
-0.00483884
-9.27373e-05
-0.0055336
-5.15958e-05
-0.00604421
-0.00631637
0.00107084
0.0095572
0.0011267
0.00910297
0.00110284
0.0083095
0.00102367
0.00733866
0.000920669
0.00633944
0.000811254
0.00535795
0.000707971
0.0044192
0.000611978
0.00350245
0.000523823
0.0025943
0.000440035
0.00167792
0.000359329
0.000747451
0.000280816
-0.000198176
0.000205446
-0.00115441
0.000135524
-0.00211309
7.45586e-05
-0.00305959
2.66223e-05
-0.00397008
-4.56357e-06
-0.00480766
-1.7339e-05
-0.00552083
-1.36073e-05
-0.00604794
-0.00632997
0.00142688
0.00940286
0.00150314
0.00902671
0.00149308
0.00831956
0.0014181
0.00741364
0.00131077
0.00644677
0.00119148
0.00547724
0.00107454
0.00453614
0.000962695
0.00361429
0.000856579
0.00270042
0.000753464
0.00178104
0.000651558
0.000849357
0.000550003
-9.6621e-05
0.000449444
-0.00105385
0.000351926
-0.00201557
0.00026067
-0.00296834
0.000179637
-0.00388904
0.000112675
-0.0047407
6.20356e-05
-0.00547019
2.64162e-05
-0.00601232
-0.00630356
0.00180305
0.00922816
0.0019035
0.00892626
0.001912
0.00831107
0.00184539
0.00748025
0.00173546
0.00655671
0.00160573
0.00560696
0.00147272
0.00466916
0.00134189
0.00374511
0.00121456
0.00282775
0.00108886
0.00190674
0.000963002
0.000975216
0.000836055
3.0326e-05
0.000708294
-0.000926088
0.000581363
-0.00188864
0.000458063
-0.00284504
0.000342083
-0.00377306
0.000237319
-0.00463593
0.000146476
-0.00537935
6.90307e-05
-0.00593487
-0.00623453
0.00219923
0.00903256
0.00232674
0.00879875
0.00235882
0.00827898
0.00230567
0.0075334
0.00219644
0.00666594
0.00205713
0.00574626
0.00190686
0.00481943
0.00175446
0.00389752
0.00160279
0.00297941
0.00145126
0.00205827
0.00129842
0.00112806
0.00114318
0.000185564
0.000985707
-0.000768616
0.000827043
-0.00172998
0.000669433
-0.00268743
0.000516156
-0.00361979
0.000371038
-0.00449082
0.000237168
-0.00524548
0.000114836
-0.00581254
-0.00611969
0.00261318
0.00881697
0.00276922
0.00864271
0.00282975
0.00821845
0.00279627
0.00756688
0.00269306
0.00676915
0.002547
0.00589232
0.00238004
0.00498639
0.00220453
0.00407303
0.00202598
0.00315796
0.00184552
0.00223873
0.00166248
0.0013111
0.00147596
0.000372088
0.00128576
-0.000578419
0.00109246
-0.00153668
0.000897673
-0.00249264
0.000704142
-0.00342625
0.000515517
-0.00430219
0.000335232
-0.00506519
0.000164395
-0.00564171
-0.0059553
0.00303707
0.00858418
0.00322103
0.00845875
0.00331388
0.0081256
0.00330706
0.00757369
0.00321745
0.00685876
0.00307048
0.00603929
0.00289011
0.00516677
0.00269229
0.00427085
0.00248585
0.00336439
0.00227431
0.00245027
0.00205831
0.00152709
0.00183744
0.000592963
0.00161133
-0.000352316
0.0013802
-0.00130555
0.00114498
-0.00225741
0.000907798
-0.00318908
0.000672068
-0.00406646
0.000441532
-0.00483465
0.000218136
-0.00541831
-0.00573716
0.00346167
0.00833912
0.00367012
0.0082503
0.00379695
0.00799878
0.00382343
0.00754721
0.00375668
0.00692552
0.00361772
0.00617825
0.00343052
0.00535397
0.0032142
0.00448716
0.00298112
0.00359748
0.00273779
0.0026936
0.00248688
0.001778
0.00222897
0.00085087
0.00196377
-8.7109e-05
0.00169139
-0.00103317
0.00141216
-0.00197818
0.00112765
-0.00290456
0.000840998
-0.00377981
0.000556231
-0.00454989
0.000276132
-0.00513821
-0.00546103
0.00387234
0.00808876
0.00409844
0.00802419
0.004257
0.00784022
0.0043209
0.0074833
0.00428618
0.00696023
0.00416632
0.00629811
0.00398265
0.00553764
0.00375574
0.00471408
0.00350102
0.0038522
0.00322829
0.00296633
0.00294276
0.00206354
0.00264659
0.00114704
0.00234024
0.000219245
0.00202368
-0.000716611
0.0016972
-0.0016517
0.00136197
-0.00256934
0.00102093
-0.00343877
0.000678376
-0.00420733
0.000337895
-0.00479773
-0.00512313
0.00425778
0.00784132
0.00449184
0.00779013
0.00467528
0.00765678
0.0047762
0.00738238
0.00478014
0.0069563
0.00469056
0.00638769
0.00452304
0.00570515
0.00429676
0.00494036
0.00402892
0.00412004
0.00373222
0.00326303
0.00341477
0.00238099
0.00308098
0.00148084
0.00273279
0.000567436
0.00237042
-0.000354249
0.00199457
-0.00127584
0.00160625
-0.00218103
0.00120839
-0.00304091
0.000805582
-0.00380452
0.000402215
-0.00439436
-0.00472092
0.00460304
0.00760542
0.00483342
0.00755976
0.00503005
0.00746015
0.00516089
0.00725153
0.00520388
0.00691331
0.00515206
0.00643952
0.00501263
0.00584459
0.00480036
0.00515263
0.00453179
0.00438862
0.00422124
0.00357357
0.0038793
0.00272293
0.00351274
0.0018474
0.0031253
0.000954881
0.00271812
5.29249e-05
0.00229306
-0.000850779
0.00185146
-0.00173943
0.00139652
-0.00258597
0.000933248
-0.00334124
0.000466782
-0.0039279
-0.00425413
0.00490304
0.00738855
0.00511884
0.00734396
0.00531507
0.00726392
0.00546372
0.00710288
0.00553954
0.00683749
0.00552701
0.00645205
0.00542384
0.00594776
0.00523771
0.00533875
0.00498152
0.00464481
0.00466902
0.00388607
0.00431213
0.00307982
0.00391979
0.00223974
0.003498
0.00137667
0.00305063
0.000500293
0.00257909
-0.000379232
0.00208664
-0.00124698
0.00157705
-0.00207638
0.00105583
-0.00282002
0.000528815
-0.00340088
-0.00372532
0.00514785
0.00719668
0.00533982
0.00715199
0.00552164
0.00708211
0.00567168
0.00695284
0.00576598
0.0067432
0.0057844
0.00643363
0.00571662
0.00601554
0.00556244
0.00549293
0.00532904
0.00487821
0.00502732
0.00418779
0.0046687
0.00343844
0.00426311
0.00264533
0.00381818
0.00182159
0.00333936
0.000979119
0.00283
0.000130128
0.00229436
-0.000711346
0.00173728
-0.0015193
0.00116502
-0.00224776
0.000584211
-0.00282007
-0.00314111
0.00534282
0.00703318
0.00550578
0.00698903
0.00566374
0.00692414
0.00580184
0.00681474
0.00590025
0.00664479
0.00593843
0.00639545
0.00590085
0.00605312
0.00578006
0.00561372
0.00557634
0.00508193
0.00529558
0.00446855
0.00494653
0.00378749
0.00453853
0.00305333
0.00408009
0.00228004
0.00357839
0.00148082
0.00303954
0.000668971
0.00246808
-0.000139886
0.00187147
-0.000922684
0.00125665
-0.00163294
0.000630791
-0.00219422
-0.00251032
0.00548213
0.00689995
0.00561278
0.00685838
0.00573951
0.0067974
0.00585268
0.00670157
0.00593772
0.00655975
0.00597663
0.00635654
0.00595245
0.00607729
0.00585331
0.00571286
0.00567392
0.00526132
0.00541514
0.00472733
0.00508219
0.00412043
0.00468267
0.00345284
0.00422484
0.00273787
0.00371659
0.00198907
0.00316519
0.00122037
0.00257765
0.000447658
0.00195968
-0.000304713
0.00131877
-0.000992032
0.000662986
-0.00153844
-0.00184733
0.00558095
0.0067965
0.00568037
0.00675896
0.00577579
0.00670198
0.00586125
0.00661611
0.00592704
0.00649396
0.00595912
0.00632446
0.00594176
0.00609465
0.00586103
0.00579359
0.00570735
0.005415
0.00547639
0.0049583
0.00516862
0.0044282
0.00478813
0.00383334
0.00434112
0.00318488
0.00383478
0.00249541
0.00327664
0.00177851
0.00267426
0.00105004
0.00203579
0.000333753
0.0013711
-0.000327343
0.000689681
-0.000857013
-0.00115765
0.00563199
0.00672222
0.00570031
0.00669065
0.00576244
0.00663985
0.0058142
0.00656436
0.00584898
0.00645917
0.00585661
0.00631684
0.00582415
0.00612711
0.00573844
0.0058793
0.0055885
0.00556494
0.00536728
0.00517952
0.00507224
0.00472323
0.00470495
0.00420062
0.0042701
0.00361973
0.00377443
0.00299108
0.0032259
0.00232704
0.00263323
0.00164271
0.00200577
0.000961215
0.00135233
0.000326094
0.000680959
-0.000185641
-0.000476691
0.00566176
0.00667378
0.00570412
0.00664829
0.00574004
0.00660393
0.00576661
0.00653778
0.00577934
0.00644644
0.00577112
0.00632506
0.005732
0.00616622
0.00565039
0.00596092
0.00551493
0.0057004
0.00531639
0.00537806
0.00504885
0.00499077
0.0047101
0.00453938
0.00430133
0.00402851
0.00382646
0.00346595
0.00329138
0.00286211
0.00270336
0.00223074
0.00207051
0.00159406
0.00140159
0.000995013
0.000707223
0.000508729
0.000230532
0.00565605
0.00665105
0.00567162
0.00663273
0.00567835
0.0065972
0.00567335
0.00654278
0.00565283
0.00646696
0.00561164
0.00636626
0.00554248
0.00623538
0.00543625
0.00606715
0.00528318
0.00585347
0.00507447
0.00558677
0.0048037
0.00526154
0.00446775
0.00487532
0.00406706
0.0044292
0.00360531
0.0039277
0.00308886
0.00337856
0.002526
0.0027936
0.00192611
0.00219395
0.00129885
0.00162227
0.000653745
0.00115384
0.000884277
0.00565112
0.00665097
0.00564754
0.00663631
0.00563753
0.00660721
0.00561781
0.0065625
0.00558496
0.0064998
0.00553492
0.0064163
0.00546213
0.00630817
0.00535927
0.00617001
0.0052177
0.00599504
0.0050285
0.00577598
0.00478372
0.00550631
0.00447752
0.00518152
0.00410679
0.00479993
0.00367137
0.00436312
0.00317388
0.00387605
0.00261934
0.00334814
0.00201471
0.00279858
0.00136877
0.00226821
0.000692541
0.00183006
0.00157682
0.00562068
0.00667126
0.00559599
0.006661
0.00556262
0.00664058
0.00551721
0.00660792
0.00545635
0.00656065
0.00537634
0.00649631
0.00527269
0.00641182
0.00513978
0.00630292
0.00497096
0.00616386
0.00475913
0.0059878
0.00449779
0.00576765
0.00418214
0.00549718
0.00380997
0.0051721
0.00338218
0.00479091
0.00290273
0.0043555
0.00237814
0.00387273
0.0018166
0.00336012
0.00122697
0.00285784
0.000618317
0.00243871
0.00219514
0.00560213
0.00670057
0.00556954
0.00669359
0.00553062
0.00667951
0.00548196
0.00665657
0.00542039
0.00662222
0.00534259
0.00657411
0.00524471
0.00650971
0.00512197
0.00642566
0.00496844
0.00631739
0.00477719
0.00617905
0.00454091
0.00600393
0.0042528
0.00578528
0.00390758
0.00551732
0.00350222
0.00519627
0.00303649
0.00482123
0.00251311
0.00439611
0.00193769
0.00393554
0.00131874
0.0034768
0.000667889
0.00308956
0.00286303
0.00556546
0.00673768
0.0055235
0.00673554
0.00547291
0.00673011
0.00541054
0.00671894
0.00533299
0.00669977
0.0052368
0.0066703
0.00511839
0.00662812
0.00497378
0.00657026
0.00479837
0.0064928
0.00458689
0.00639053
0.00433379
0.00625703
0.00403396
0.00608511
0.00368363
0.00586766
0.00328111
0.00559878
0.00282743
0.00527492
0.00232634
0.0048972
0.00178407
0.0044778
0.00120884
0.00405203
0.000610431
0.00368797
0.00347346
0.00554961
0.00677233
0.00550984
0.00677532
0.00546195
0.006778
0.0054035
0.00677739
0.00533175
0.00677151
0.0052436
0.00675845
0.00513563
0.00673609
0.00500398
0.00670192
0.00484405
0.00665273
0.00465038
0.0065842
0.00441671
0.00649071
0.00413647
0.00636534
0.00380365
0.00620048
0.00341377
0.00598867
0.00296481
0.00572387
0.00245795
0.00540406
0.00189786
0.0050379
0.00129288
0.004657
0.000655138
0.00432572
0.0041286
0.00554127
0.0055094
0.00546798
0.00541486
0.00534757
0.00526335
0.00515913
0.0050314
0.00487604
0.00468819
0.00446217
0.00419161
0.00386994
0.00349107
0.00305035
0.00254561
0.00197839
0.00135534
0.000689434
)
;

boundaryField
{
    inlet
    {
        type            calculated;
        value           uniform -0.01;
    }
    outlet
    {
        type            calculated;
        value           nonuniform List<scalar> 
40
(
0.00679775
0.00680718
0.00681942
0.00683052
0.0068388
0.00684267
0.00684031
0.00682965
0.00680808
0.00677205
0.00671673
0.0066359
0.00652215
0.00636754
0.00616459
0.00590881
0.00560512
0.00528005
0.00499162
0.00481803
0.00679775
0.00680718
0.00681942
0.00683052
0.0068388
0.00684267
0.00684031
0.00682965
0.00680808
0.00677205
0.00671673
0.0066359
0.00652215
0.00636754
0.00616459
0.00590881
0.00560512
0.00528005
0.00499162
0.00481803
)
;
    }
    polygon
    {
        type            calculated;
        value           uniform 0;
    }
    top
    {
        type            symmetryPlane;
        value           uniform 0;
    }
    bottom
    {
        type            symmetryPlane;
        value           uniform 0;
    }
    outside
    {
        type            calculated;
        value           nonuniform List<scalar> 
200
(
0.00110525
0.00113047
0.00115438
0.00117716
0.00119868
0.00121901
0.00123803
0.00125595
0.00127253
0.00128843
0.000840342
0.000868218
0.000895668
0.000922878
0.000949966
0.000976535
0.00100314
0.00102853
0.0010548
0.00107795
0.00107795
0.0010548
0.00102853
0.00100314
0.000976535
0.000949966
0.000922878
0.000895668
0.000868218
0.000840342
0.00128843
0.00127253
0.00125595
0.00123803
0.00121901
0.00119868
0.00117716
0.00115438
0.00113047
0.00110525
0.00413849
0.00319879
0.00261522
0.00187894
0.0015199
0.00104641
0.000837777
0.000569844
0.000445977
0.000308153
0.000230422
0.00016645
0.000114406
8.96074e-05
5.24675e-05
4.72073e-05
1.93041e-05
2.28666e-05
1.23004e-06
8.52674e-06
-0.00556669
-0.00558426
-0.00560258
-0.00563144
-0.00564097
-0.00565104
-0.00563332
-0.00561333
-0.00555772
-0.0054775
-0.0053489
-0.00517932
-0.00495598
-0.00468617
-0.00436715
-0.00401034
-0.00362198
-0.00321661
-0.00280429
-0.00239758
-0.00200363
-0.00162836
-0.00127254
-0.000935178
-0.000611276
-0.000291429
4.20892e-05
0.000422659
0.000782214
0.00113967
0.00147765
0.00181279
0.00213955
0.00246734
0.00279162
0.00311443
0.00342967
0.00373469
0.00402289
0.00429039
0.00453222
0.00474592
0.00492944
0.00508302
0.00520755
0.00530556
0.00537989
0.00543413
0.00547157
0.00549543
0.00550817
0.00551195
0.00550732
0.00549343
0.00546815
0.00543165
0.00537777
0.00530402
0.00520034
0.00506754
8.52674e-06
1.23004e-06
2.28666e-05
1.93041e-05
4.72073e-05
5.24675e-05
8.96074e-05
0.000114406
0.00016645
0.000230422
0.000308153
0.000445977
0.000569844
0.000837777
0.00104641
0.0015199
0.00187894
0.00261522
0.00319879
0.00413849
0.00506754
0.00520034
0.00530402
0.00537777
0.00543165
0.00546815
0.00549343
0.00550732
0.00551195
0.00550817
0.00549543
0.00547157
0.00543413
0.00537989
0.00530556
0.00520755
0.00508302
0.00492944
0.00474592
0.00453222
0.00429039
0.00402289
0.00373469
0.00342967
0.00311443
0.00279162
0.00246734
0.00213955
0.00181279
0.00147765
0.00113967
0.000782215
0.00042266
4.20895e-05
-0.000291429
-0.000611276
-0.000935178
-0.00127254
-0.00162836
-0.00200363
-0.00239758
-0.00280429
-0.00321661
-0.00362198
-0.00401034
-0.00436715
-0.00468617
-0.00495598
-0.00517932
-0.0053489
-0.0054775
-0.00555772
-0.00561333
-0.00563332
-0.00565104
-0.00564097
-0.00563144
-0.00560258
-0.00558426
-0.00556669
)
;
    }
}


// ************************************************************************* //
