/*--------------------------------*- C++ -*----------------------------------*\
  =========                 |
  \\      /  F ield         | OpenFOAM: The Open Source CFD Toolbox
   \\    /   O peration     | Website:  https://openfoam.org
    \\  /    A nd           | Version:  7
     \\/     M anipulation  |
\*---------------------------------------------------------------------------*/
FoamFile
{
    version     2.0;
    format      ascii;
    class       volVectorField;
    location    "14";
    object      U;
}
// * * * * * * * * * * * * * * * * * * * * * * * * * * * * * * * * * * * * * //

dimensions      [0 1 -1 0 0 0 0];

internalField   nonuniform List<vector> 
250
(
(0.815816 -0.221021 1.17787e-17)
(0.815239 -0.21197 1.05017e-17)
(0.814208 -0.206777 2.22387e-18)
(0.812153 -0.200149 9.54413e-18)
(0.80878 -0.193166 -2.96303e-18)
(0.80368 -0.185782 1.23866e-17)
(0.79648 -0.177809 1.34238e-17)
(0.786974 -0.169149 2.56994e-18)
(0.775208 -0.159755 1.30093e-17)
(0.761488 -0.149594 -3.81961e-18)
(0.827284 -0.205982 1.59196e-17)
(0.826992 -0.196904 1.65815e-17)
(0.826378 -0.191894 3.99354e-18)
(0.824915 -0.185316 1.54178e-17)
(0.822311 -0.178533 2.23203e-18)
(0.818151 -0.171425 1.79643e-17)
(0.812051 -0.163814 2.20949e-17)
(0.803777 -0.155625 5.2538e-18)
(0.793333 -0.146813 2.09677e-17)
(0.780979 -0.137342 3.34581e-18)
(0.838607 -0.191787 1.73157e-17)
(0.838553 -0.182812 1.85882e-17)
(0.838283 -0.178022 5.50594e-18)
(0.837319 -0.171565 1.74637e-17)
(0.835358 -0.165039 4.73285e-18)
(0.831985 -0.158244 2.0267e-17)
(0.826808 -0.151018 2.50916e-17)
(0.819577 -0.143301 7.55767e-18)
(0.810267 -0.135055 2.39585e-17)
(0.799098 -0.126239 6.84312e-18)
(0.849649 -0.178482 1.5857e-17)
(0.849791 -0.169705 1.69764e-17)
(0.849805 -0.165154 4.18186e-18)
(0.849257 -0.15887 1.57146e-17)
(0.847837 -0.152635 4.3504e-18)
(0.845124 -0.146175 1.87365e-17)
(0.840725 -0.139338 2.28395e-17)
(0.834382 -0.132087 5.80515e-18)
(0.826046 -0.124381 2.12677e-17)
(0.815909 -0.116183 6.20972e-18)
(0.860349 -0.166007 1.90354e-17)
(0.860651 -0.157495 2.07773e-17)
(0.8609 -0.153191 9.28669e-18)
(0.860702 -0.14712 2.04814e-17)
(0.859735 -0.141196 7.30273e-18)
(0.857577 -0.135076 2.34587e-17)
(0.853837 -0.128629 2.85957e-17)
(0.848253 -0.121829 1.3304e-17)
(0.840761 -0.11464 2.80585e-17)
(0.831527 -0.107021 9.90318e-18)
(0.87062 -0.154382 5.66074e-18)
(0.871051 -0.146183 5.1399e-18)
(0.871493 -0.142126 -6.46246e-18)
(0.871586 -0.136293 2.41467e-18)
(0.870999 -0.130688 1.65602e-18)
(0.869308 -0.124907 5.33158e-18)
(0.866128 -0.118842 5.89398e-18)
(0.861195 -0.112476 -9.71223e-18)
(0.854435 -0.105774 3.4352e-18)
(0.845993 -0.0986962 2.33385e-18)
(0.880469 -0.143477 1.00841e-17)
(0.881005 -0.135621 1.2536e-17)
(0.881605 -0.13181 1.07754e-18)
(0.881942 -0.126233 1.21623e-17)
(0.881674 -0.12095 6.6068e-18)
(0.880378 -0.115504 1.38028e-17)
(0.877675 -0.109812 1.75242e-17)
(0.873304 -0.103864 1.40099e-18)
(0.867183 -0.0976259 1.68628e-17)
(0.85944 -0.0910571 9.01296e-18)
(0.889815 -0.133383 1.03076e-17)
(0.890433 -0.125889 3.97326e-18)
(0.891162 -0.122314 6.64461e-19)
(0.8917 -0.117004 1.35007e-18)
(0.891696 -0.112036 -7.8352e-18)
(0.890731 -0.106916 1.14557e-17)
(0.888434 -0.101583 4.77783e-18)
(0.884546 -0.0960329 4.55991e-19)
(0.878982 -0.0902306 1.5793e-18)
(0.871854 -0.0841373 -1.05481e-17)
(0.898729 -0.123893 1.05155e-17)
(0.899415 -0.116772 1.04555e-17)
(0.90025 -0.113427 2.78926e-18)
(0.900955 -0.108389 9.67813e-18)
(0.901172 -0.103733 2.07053e-18)
(0.900489 -0.0989317 1.34112e-17)
(0.898539 -0.0939472 1.47084e-17)
(0.895071 -0.0887793 3.83509e-18)
(0.889996 -0.0833921 1.35624e-17)
(0.883415 -0.0777483 3.20306e-18)
(0.907098 -0.115245 8.72632e-18)
(0.907834 -0.1085 3.60136e-18)
(0.908751 -0.105372 1.29594e-18)
(0.909589 -0.100605 1.66636e-18)
(0.909985 -0.0962458 -6.67206e-18)
(0.909532 -0.0917483 9.86878e-18)
(0.907876 -0.0870935 4.56797e-18)
(0.904766 -0.0822831 1.7482e-18)
(0.900117 -0.0772811 2.12534e-18)
(0.894017 -0.0720515 -8.86753e-18)
(0.915081 -0.107065 9.54705e-18)
(0.915858 -0.100694 7.35773e-18)
(0.916844 -0.0977774 1.93045e-18)
(0.917794 -0.0932807 6.04478e-18)
(0.918342 -0.0892117 -5.38162e-19)
(0.918088 -0.08501 1.2131e-17)
(0.916686 -0.0806747 1.04679e-17)
(0.913894 -0.0762077 2.64589e-18)
(0.909626 -0.0715728 8.61609e-18)
(0.903963 -0.0667353 -5.53317e-19)
(0.922482 -0.0998242 2.98758e-18)
(0.923285 -0.0938195 6.69628e-18)
(0.924316 -0.0910966 2.00269e-18)
(0.925347 -0.0868611 7.00495e-18)
(0.926007 -0.083061 8.57678e-19)
(0.925909 -0.0791332 3.05652e-18)
(0.924715 -0.075091 9.89963e-18)
(0.922191 -0.0709358 2.95721e-18)
(0.918253 -0.0666312 1.00588e-17)
(0.912971 -0.0621438 1.27858e-18)
(0.929589 -0.0928287 5.65391e-18)
(0.930417 -0.0871825 6.69162e-18)
(0.931492 -0.0846489 2.18824e-18)
(0.9326 -0.0806728 6.99871e-18)
(0.933366 -0.0771351 2.0456e-18)
(0.933412 -0.0734754 8.42245e-18)
(0.932412 -0.0697186 1.0386e-17)
(0.930139 -0.0658645 3.30192e-18)
(0.926512 -0.0618769 1.0311e-17)
(0.921595 -0.0577233 3.04979e-18)
(0.936054 -0.0868987 2.00383e-18)
(0.93689 -0.0815991 5.24395e-18)
(0.937983 -0.0792335 1.73692e-18)
(0.93913 -0.0755005 5.94248e-18)
(0.939959 -0.0721979 1.2844e-18)
(0.940105 -0.0687773 2.45771e-18)
(0.939253 -0.0652718 8.21916e-18)
(0.937183 -0.0616795 2.72133e-18)
(0.933815 -0.0579647 8.81558e-18)
(0.92921 -0.0540958 1.85818e-18)
(0.942371 -0.080878 3.22893e-18)
(0.943225 -0.0759154 5.35471e-18)
(0.944354 -0.0737193 1.93993e-18)
(0.945562 -0.0702295 6.51524e-18)
(0.946476 -0.0671613 2.80445e-18)
(0.946742 -0.0639801 5.72861e-18)
(0.946053 -0.060725 9.16154e-18)
(0.9442 -0.0573924 3.26371e-18)
(0.941108 -0.0539469 1.0089e-17)
(0.936829 -0.0503586 4.20271e-18)
(0.947936 -0.0760634 3.25726e-18)
(0.948784 -0.0714243 1.81994e-18)
(0.949908 -0.0693723 9.43862e-19)
(0.951121 -0.0661041 1.56549e-18)
(0.952061 -0.0632379 -1.79661e-18)
(0.952386 -0.0602619 5.60282e-18)
(0.9518 -0.0572184 3.05112e-18)
(0.950103 -0.0541021 1.55207e-18)
(0.947219 -0.0508784 2.33613e-18)
(0.943196 -0.0475185 -2.62907e-18)
(0.953562 -0.0707942 1.79934e-18)
(0.954433 -0.0664722 2.83631e-18)
(0.955601 -0.0645748 9.88446e-19)
(0.956882 -0.0615355 3.12716e-18)
(0.957912 -0.0588806 -6.6621e-19)
(0.958357 -0.0561197 3.14232e-18)
(0.957933 -0.053297 5.45779e-18)
(0.956448 -0.0504059 1.77467e-18)
(0.953832 -0.0474133 5.11804e-18)
(0.950125 -0.0442924 -9.78146e-19)
(0.95824 -0.0668706 -4.18936e-19)
(0.959093 -0.0628515 1.02686e-18)
(0.960232 -0.0610771 6.38386e-19)
(0.961491 -0.0582393 1.52574e-18)
(0.962515 -0.0557587 2.85647e-18)
(0.962986 -0.0531763 -1.66627e-18)
(0.962629 -0.0505352 1.85188e-18)
(0.961257 -0.0478274 1.18586e-18)
(0.958801 -0.0450211 2.63092e-18)
(0.955295 -0.0420905 4.56567e-18)
(0.963277 -0.062281 5.99907e-19)
(0.964172 -0.0585674 2.87867e-19)
(0.965383 -0.0569401 2.52066e-19)
(0.966738 -0.0543241 1.78139e-19)
(0.967877 -0.0520394 -8.63296e-19)
(0.968491 -0.0496545 1.5939e-18)
(0.968316 -0.0472112 4.49466e-19)
(0.967177 -0.0447013 3.85044e-19)
(0.965004 -0.0420954 2.4987e-19)
(0.961827 -0.03937 -1.48423e-18)
(0.967047 -0.0591138 2.88854e-19)
(0.967908 -0.0556866 8.11046e-19)
(0.969061 -0.0541619 2.93357e-19)
(0.970362 -0.0517293 1.18581e-18)
(0.971466 -0.0495962 -9.0612e-20)
(0.972076 -0.0473699 7.02883e-19)
(0.971933 -0.0450877 1.99472e-18)
(0.970864 -0.04274 5.71463e-19)
(0.968799 -0.040298 2.20314e-18)
(0.965762 -0.0377387 -1.38474e-19)
(0.971598 -0.0553696 1.21236e-19)
(0.972544 -0.0522557 7.49163e-19)
(0.973822 -0.0508798 2.73792e-19)
(0.975269 -0.048673 1.23052e-18)
(0.976532 -0.0467257 1.29614e-19)
(0.977326 -0.0446822 4.48186e-19)
(0.977407 -0.0425756 2.09408e-18)
(0.97661 -0.0403967 6.2242e-19)
(0.974869 -0.0381201 2.4189e-18)
(0.972201 -0.0357255 2.45888e-19)
(0.974383 -0.0529713 1.49885e-19)
(0.975262 -0.0501278 5.72653e-19)
(0.976442 -0.0488307 2.58724e-19)
(0.977807 -0.046786 1.16175e-18)
(0.979013 -0.0449662 3.35048e-19)
(0.979779 -0.0430597 2.11024e-19)
(0.979862 -0.0410919 2.0073e-18)
(0.979097 -0.0390519 7.06142e-19)
(0.977413 -0.0369144 2.52386e-18)
(0.974825 -0.0346586 7.19587e-19)
(0.978539 -0.0503334 -2.76729e-20)
(0.979613 -0.047867 1.79625e-19)
(0.981017 -0.046729 1.38152e-19)
(0.982608 -0.0449252 3.83136e-19)
(0.984042 -0.0432793 -2.90466e-19)
(0.985058 -0.0415345 7.44549e-19)
(0.985429 -0.0397104 8.4162e-19)
(0.985003 -0.0377979 4.39679e-19)
(0.983712 -0.0357757 9.19377e-19)
(0.981566 -0.0336258 -5.21185e-19)
(0.98015 -0.0488635 -2.26967e-19)
(0.981101 -0.0466305 1.71784e-20)
(0.982382 -0.045544 6.1147e-20)
(0.983885 -0.0438627 1.14878e-19)
(0.985265 -0.0423074 -3.26094e-19)
(0.986249 -0.0406581 6.47656e-19)
(0.986607 -0.0389281 4.04821e-19)
(0.986184 -0.0371073 2.47746e-19)
(0.98491 -0.035175 3.09172e-19)
(0.982793 -0.033113 -6.69353e-19)
(0.983933 -0.0474377 -2.09259e-19)
(0.985438 -0.0458357 -3.05723e-20)
(0.987099 -0.0448396 1.54141e-20)
(0.988977 -0.0434135 2.36678e-20)
(0.990697 -0.0419898 -1.76896e-19)
(0.992031 -0.0404533 3.35073e-19)
(0.992775 -0.0388134 1.76172e-19)
(0.992789 -0.037062 1.09759e-19)
(0.992011 -0.0351819 8.00618e-20)
(0.990445 -0.0331574 -3.7997e-19)
)
;

boundaryField
{
    inlet
    {
        type            uniformFixedValue;
        uniformValue    constant (1 0 0);
        value           nonuniform 0();
    }
    outlet
    {
        type            pressureInletOutletVelocity;
        value           nonuniform List<vector> 10((0.983933 -0.0474377 -2.09259e-19) (0.985438 -0.0458357 -3.05723e-20) (0.987099 -0.0448396 1.54141e-20) (0.988977 -0.0434135 2.36678e-20) (0.990697 -0.0419898 -1.76896e-19) (0.992031 -0.0404533 3.35073e-19) (0.992775 -0.0388134 1.76172e-19) (0.992789 -0.037062 1.09759e-19) (0.992011 -0.0351819 8.00618e-20) (0.990445 -0.0331574 -3.7997e-19));
    }
    polygon
    {
        type            fixedValue;
        value           nonuniform 0();
    }
    top
    {
        type            symmetryPlane;
    }
    bottom
    {
        type            symmetryPlane;
    }
    outside
    {
        type            zeroGradient;
    }
    procBoundary15to11
    {
        type            processor;
        value           nonuniform List<vector> 
25
(
(0.746292 -0.13866 1.70364e-17)
(0.767152 -0.127198 2.44275e-17)
(0.786468 -0.116836 2.73865e-17)
(0.804332 -0.107468 2.5228e-17)
(0.820881 -0.0989461 3.09451e-17)
(0.836171 -0.0912158 7.1283e-18)
(0.850351 -0.0841323 1.84421e-17)
(0.863412 -0.0777279 1.52289e-17)
(0.875557 -0.0718235 1.79865e-17)
(0.886673 -0.0665703 1.33677e-17)
(0.897093 -0.0616715 1.62504e-17)
(0.906519 -0.0574498 4.15852e-18)
(0.915547 -0.0533803 1.16795e-17)
(0.923509 -0.0500495 3.47825e-18)
(0.931496 -0.0466048 8.07966e-18)
(0.938152 -0.0440007 7.9981e-18)
(0.945436 -0.0410229 4.6015e-18)
(0.950835 -0.039016 -2.44562e-18)
(0.957731 -0.0365076 2.40681e-18)
(0.961829 -0.0350446 1.07199e-18)
(0.968673 -0.0331971 6.96404e-19)
(0.971394 -0.0322683 3.49017e-19)
(0.97862 -0.0313338 1.28746e-18)
(0.979882 -0.0309061 1.13085e-18)
(0.988136 -0.030974 5.90011e-19)
)
;
    }
    procBoundary15to14
    {
        type            processor;
        value           nonuniform List<vector> 10((0.804359 -0.236851 4.54834e-20) (0.803445 -0.228007 -8.35588e-18) (0.801911 -0.222689 2.56946e-19) (0.799155 -0.216108 -9.72837e-18) (0.794861 -0.209011 -1.55366e-17) (0.788633 -0.201411 -4.01065e-18) (0.780119 -0.193113 -1.31784e-17) (0.769153 -0.184 -2.03534e-19) (0.755835 -0.174017 -1.44819e-17) (0.740531 -0.163141 -2.17697e-17));
    }
}


// ************************************************************************* //
