/*--------------------------------*- C++ -*----------------------------------*\
  =========                 |
  \\      /  F ield         | OpenFOAM: The Open Source CFD Toolbox
   \\    /   O peration     | Website:  https://openfoam.org
    \\  /    A nd           | Version:  7
     \\/     M anipulation  |
\*---------------------------------------------------------------------------*/
FoamFile
{
    version     2.0;
    format      ascii;
    class       surfaceScalarField;
    location    "60";
    object      phi;
}
// * * * * * * * * * * * * * * * * * * * * * * * * * * * * * * * * * * * * * //

dimensions      [0 3 -1 0 0 0 0];

internalField   nonuniform List<scalar> 
319
(
-0.000388859
-0.0106379
0.0107174
-0.000470442
-0.010636
0.0107176
-0.000551942
-0.0106172
0.0106987
-0.00063471
-0.0106085
0.0106913
-0.000717891
-0.0106013
0.0106845
-0.000802094
-0.0106028
0.010687
-0.000887054
-0.0106106
0.0106956
-0.0106279
0.0107139
-0.000387882
-0.0105583
-0.000469406
-0.0105545
-0.000550987
-0.0105356
-0.000633757
-0.0105257
-0.000717001
-0.010518
-0.000801246
-0.0105185
-0.000886292
-0.0105256
-0.0105418
-0.000386836
-0.0104785
-0.00046834
-0.010473
-0.000549995
-0.010454
-0.000632781
-0.010443
-0.000716087
-0.0104347
-0.000800383
-0.0104342
-0.000885515
-0.0104404
-0.0104556
-0.000385724
-0.0103986
-0.000467229
-0.0103915
-0.000548953
-0.0103722
-0.000631759
-0.0103602
-0.000715121
-0.0103514
-0.000799464
-0.0103499
-0.000884676
-0.0103552
-0.0103692
-0.000384548
-0.0103185
-0.000466072
-0.01031
-0.000547861
-0.0102905
-0.000630688
-0.0102773
-0.000714102
-0.010268
-0.000798488
-0.0102655
-0.000883772
-0.0102699
-0.0102828
-0.000383309
-0.0102382
-0.000464866
-0.0102284
-0.000546719
-0.0102086
-0.000629568
-0.0101945
-0.000713029
-0.0101845
-0.000797454
-0.0101811
-0.000882802
-0.0101846
-0.0101963
-0.000382009
-0.0101579
-0.000463612
-0.0101468
-0.000545526
-0.0101267
-0.000628398
-0.0101116
-0.0007119
-0.010101
-0.000796359
-0.0100966
-0.000881762
-0.0100992
-0.0101097
-0.000380651
-0.0100773
-0.000462309
-0.0100651
-0.000544283
-0.0100447
-0.000627175
-0.0100287
-0.000710713
-0.0100175
-0.0007952
-0.0100121
-0.000880649
-0.0100137
-0.010023
-0.000379231
-0.00999665
-0.000460957
-0.00998341
-0.000542985
-0.00996269
-0.000625898
-0.0099458
-0.000709465
-0.0099339
-0.000793975
-0.00992762
-0.000879463
-0.00992823
-0.0099363
-0.000377798
-0.000459512
-0.000541624
-0.000624521
-0.00070812
-0.000792636
-0.000878161
-0.010944
0.0026958
-0.0108822
0.00273174
-0.0108063
0.00277076
0.00281243
-0.0111163
0.00246413
-0.0111254
0.00248167
-0.0111268
0.00249926
-0.0111208
0.00251714
-0.0111075
0.00253558
-0.011087
0.00255482
-0.0110592
0.00257506
-0.0110237
0.00259641
-0.01098
0.00261899
-0.0109271
0.00264289
-0.0108635
0.0026681
-0.0107872
0.00269452
0.00272077
-0.0111487
0.00246732
-0.0111463
0.00247931
-0.0111385
0.00249146
-0.0111253
0.00250393
-0.0111066
0.00251685
-0.0110821
0.00253032
-0.0110514
0.00254437
-0.011014
0.00255896
-0.010969
0.00257399
-0.0109154
0.00258927
-0.0108518
0.00260451
-0.0107764
0.00261914
0.00263134
-0.0111587
0.00246381
-0.0111511
0.00247172
-0.0111394
0.0024797
-0.0111232
0.0024878
-0.0111024
0.00249602
-0.0110764
0.00250434
-0.0110447
0.00251269
-0.0110067
0.00252089
-0.0109613
0.00252866
-0.0109077
0.00253565
-0.0108447
0.00254152
-0.0107711
0.0025455
0.00254475
-0.0111605
0.00245746
-0.0111508
0.00246208
-0.0111376
0.00246651
-0.0111205
0.00247071
-0.0110991
0.00247461
-0.0110729
0.00247811
-0.0110412
0.00248103
-0.0110035
0.00248311
-0.0109588
0.00248397
-0.0109063
0.00248316
-0.010845
0.00248021
-0.0107736
0.00247411
0.00246245
-0.0111598
0.00245008
-0.0111495
0.00245176
-0.0111359
0.0024529
-0.0111186
0.00245341
-0.0110971
0.00245315
-0.011071
0.00245194
-0.0110395
0.00244954
-0.011002
0.00244562
-0.0109577
0.00243972
-0.0109059
0.00243132
-0.0108458
0.00242007
-0.0107771
0.00240546
0.00238405
-0.011159
0.0024425
-0.0111487
0.00244141
-0.0111352
0.00243941
-0.0111181
0.00243637
-0.0110971
0.0024321
-0.0110715
0.00242635
-0.0110408
0.00241886
-0.0110045
0.00240926
-0.0109618
0.00239712
-0.0109124
0.00238189
-0.0108553
0.00236292
-0.0107897
0.00233989
0.00231195
-0.011157
-0.0111466
-0.011133
-0.0111159
-0.0110948
-0.0110692
-0.0110384
-0.0110019
-0.010959
-0.0109092
-0.0108522
-0.0107881
)
;

boundaryField
{
    inlet
    {
        type            calculated;
        value           nonuniform 0();
    }
    outlet
    {
        type            calculated;
        value           nonuniform 0();
    }
    polygon
    {
        type            calculated;
        value           nonuniform 0();
    }
    top
    {
        type            symmetryPlane;
        value           uniform 0;
    }
    bottom
    {
        type            symmetryPlane;
        value           uniform 0;
    }
    outside
    {
        type            calculated;
        value           nonuniform List<scalar> 
23
(
0.0003094
0.000308253
0.000307053
0.000305789
0.000304462
0.000303075
0.000301627
0.00030012
0.000298555
0.000296876
0.0024348
0.00243096
0.00242585
0.00241927
0.00241098
0.00240071
0.0023881
0.00237276
0.00235423
0.00233205
0.00230596
0.00227574
0.00224125
)
;
    }
    procBoundary2to1
    {
        type            processor;
        value           nonuniform List<scalar> 5(-0.00991573 -0.0099017 -0.00988058 -0.0098629 -0.0098503);
    }
    procBoundary2to3
    {
        type            processor;
        value           nonuniform List<scalar> 7(0.011099 0.0111455 0.0111622 0.0111668 0.0111672 0.0111666 0.0111648);
    }
    procBoundary2to9
    {
        type            processor;
        value           nonuniform List<scalar> 3(-0.00984311 -0.00984271 -0.00984954);
    }
    procBoundary2to10
    {
        type            processor;
        value           nonuniform List<scalar> 
24
(
-0.000973047
-0.000972403
-0.000971744
-0.000971013
-0.000970207
-0.000969325
-0.00096836
-0.000967307
-0.000966176
-0.000964927
-0.00274573
-0.00279362
-0.00284663
-0.00290483
-0.00244689
-0.00247254
-0.00249787
-0.00252319
-0.00254887
-0.00257531
-0.00260288
-0.00263187
0.010994
-0.00266266
)
;
    }
}


// ************************************************************************* //
