/*--------------------------------*- C++ -*----------------------------------*\
  =========                 |
  \\      /  F ield         | OpenFOAM: The Open Source CFD Toolbox
   \\    /   O peration     | Website:  https://openfoam.org
    \\  /    A nd           | Version:  7
     \\/     M anipulation  |
\*---------------------------------------------------------------------------*/
FoamFile
{
    version     2.0;
    format      ascii;
    class       volVectorField;
    location    "102";
    object      U;
}
// * * * * * * * * * * * * * * * * * * * * * * * * * * * * * * * * * * * * * //

dimensions      [0 1 -1 0 0 0 0];

internalField   nonuniform List<vector> 
125
(
(-0.292478 0.000392044 3.65398e-18)
(-0.289547 0.000405937 -1.00141e-18)
(-0.286557 0.000418062 4.35732e-19)
(-0.283529 0.000428402 -3.48885e-19)
(-0.280481 0.00043693 -1.94665e-18)
(-0.277432 0.000443612 -8.70618e-20)
(-0.274401 0.000448403 -1.2059e-19)
(-0.271405 0.000451228 -2.55648e-19)
(-0.26846 0.000452193 -3.01198e-18)
(-0.265582 0.000451128 -2.91932e-19)
(-0.309757 -0.000317198 1.75016e-18)
(-0.307762 -0.000351304 -1.07848e-18)
(-0.305581 -0.0003825 -3.17747e-18)
(-0.30323 -0.000410453 -1.65209e-18)
(-0.300726 -0.000434869 1.76065e-19)
(-0.298087 -0.000455489 -7.2406e-19)
(-0.295331 -0.000472087 -1.55681e-18)
(-0.292478 -0.00048448 1.28747e-18)
(-0.289547 -0.000492536 -1.92369e-19)
(-0.286557 -0.000496182 -9.7561e-19)
(-0.283528 -0.000495421 7.21487e-19)
(-0.28048 -0.000490333 -6.79793e-19)
(-0.277431 -0.000481086 -1.07063e-18)
(-0.274399 -0.000467938 -2.02764e-18)
(-0.271403 -0.000451258 -1.0721e-18)
(-0.268458 -0.0004313 -2.7866e-18)
(-0.26558 -0.000408658 -6.67899e-19)
(-0.308455 -0.000900133 -6.61023e-20)
(-0.30648 -0.00099324 -4.24721e-18)
(-0.30432 -0.00107879 -5.65469e-18)
(-0.30199 -0.00115609 -1.34519e-18)
(-0.299507 -0.00122455 -2.24191e-18)
(-0.296889 -0.00128365 -3.21809e-18)
(-0.294155 -0.00133299 -3.60189e-18)
(-0.291323 -0.00137225 1.32306e-19)
(-0.288413 -0.00140119 2.49501e-19)
(-0.285444 -0.00141972 -2.86152e-18)
(-0.282435 -0.00142786 2.55118e-18)
(-0.279407 -0.00142578 5.63848e-20)
(-0.276378 -0.00141382 -2.754e-18)
(-0.273366 -0.00139245 -5.07681e-18)
(-0.270388 -0.00136229 -2.19641e-18)
(-0.267462 -0.00132416 -4.25752e-18)
(-0.264601 -0.00127888 -7.28572e-19)
(-0.305857 -0.00147131 -2.33432e-18)
(-0.303923 -0.00162366 -4.68746e-18)
(-0.301804 -0.00176377 -4.7815e-18)
(-0.299517 -0.00189055 -5.74866e-19)
(-0.297076 -0.00200313 3.49827e-19)
(-0.294501 -0.00210075 -1.28352e-18)
(-0.291809 -0.00218281 -7.05299e-19)
(-0.28902 -0.00224885 -8.30048e-21)
(-0.286152 -0.00229857 8.54748e-19)
(-0.283224 -0.00233184 1.69961e-20)
(-0.280257 -0.00234872 -4.5462e-21)
(-0.27727 -0.0023495 -1.3746e-20)
(-0.27428 -0.00233469 1.49107e-19)
(-0.271306 -0.00230499 -4.307e-18)
(-0.268366 -0.00226135 -3.90248e-18)
(-0.265475 -0.00220489 -1.16443e-18)
(-0.262648 -0.00213685 -3.09025e-19)
(-0.301978 -0.00202824 -1.36483e-18)
(-0.300105 -0.00223931 -2.10509e-18)
(-0.298048 -0.0024335 -5.94759e-18)
(-0.295823 -0.00260937 8.23096e-19)
(-0.293446 -0.00276573 3.32911e-18)
(-0.290935 -0.0029016 -3.56476e-19)
(-0.288306 -0.00301619 2.15622e-18)
(-0.28558 -0.00310889 2.0957e-20)
(-0.282775 -0.00317933 1.93017e-18)
(-0.27991 -0.00322733 2.7404e-18)
(-0.277004 -0.00325302 -2.71364e-18)
(-0.274076 -0.00325679 -1.9872e-19)
(-0.271145 -0.00323931 2.80069e-18)
(-0.268229 -0.00320155 -6.68535e-18)
(-0.265343 -0.00314475 -4.46896e-19)
(-0.262506 -0.00307038 1.94004e-18)
(-0.25973 -0.00298009 2.46302e-19)
(-0.296834 -0.00256463 -1.77559e-18)
(-0.295043 -0.00283399 -8.63345e-19)
(-0.293068 -0.00308186 -4.56408e-18)
(-0.290927 -0.00330645 -1.75776e-18)
(-0.288633 -0.00350629 1.90128e-18)
(-0.286206 -0.00368018 -3.42093e-19)
(-0.283662 -0.00382714 -1.55852e-19)
(-0.281019 -0.00394643 -4.40185e-19)
(-0.278297 -0.00403758 -2.10744e-18)
(-0.275514 -0.00410041 -4.67173e-20)
(-0.272689 -0.00413509 -1.17288e-18)
(-0.26984 -0.0041421 2.54544e-19)
(-0.266987 -0.00412231 2.88741e-19)
(-0.264145 -0.00407694 -7.69482e-18)
(-0.261332 -0.00400751 -2.50342e-18)
(-0.258564 -0.00391587 -1.96983e-19)
(-0.255854 -0.00380407 5.19101e-19)
(-0.290447 -0.00307418 -3.34898e-18)
(-0.288757 -0.00340132 -8.98732e-20)
(-0.286885 -0.00370242 -6.05119e-18)
(-0.284847 -0.00397537 -4.23951e-18)
(-0.282658 -0.00421842 2.34254e-18)
(-0.280334 -0.00443014 -1.11739e-18)
(-0.277894 -0.00460937 -2.61832e-18)
(-0.275356 -0.00475525 -1.22396e-18)
(-0.272736 -0.00486723 -8.00836e-19)
(-0.270054 -0.00494511 -2.44012e-18)
(-0.267329 -0.00498909 -4.96656e-19)
(-0.264577 -0.00499977 1.23183e-18)
(-0.261818 -0.00497821 -2.41197e-18)
(-0.259068 -0.00492585 -7.24222e-18)
(-0.256344 -0.00484455 -4.41641e-18)
(-0.253661 -0.00473651 -2.02248e-18)
(-0.251033 -0.00460418 1.08175e-18)
(-0.282844 -0.00355107 -1.26214e-18)
(-0.281274 -0.00393542 1.11189e-18)
(-0.279524 -0.00428925 -5.86796e-18)
(-0.277608 -0.00461015 -1.69934e-18)
(-0.275542 -0.00489612 5.31559e-18)
(-0.273343 -0.0051455 3.22292e-18)
(-0.271026 -0.00535697 -7.04072e-20)
(-0.26861 -0.00552953 -2.2807e-18)
(-0.266112 -0.00566255 2.4336e-19)
(-0.26355 -0.00575581 3.26902e-19)
(-0.260941 -0.00580956 4.50098e-19)
(-0.258305 -0.00582451 3.19184e-18)
(-0.255657 -0.00580189 -6.84272e-19)
)
;

boundaryField
{
    inlet
    {
        type            uniformFixedValue;
        uniformValue    constant (1 0 0);
        value           nonuniform 0();
    }
    outlet
    {
        type            pressureInletOutletVelocity;
        value           nonuniform 0();
    }
    polygon
    {
        type            fixedValue;
        value           nonuniform 0();
    }
    top
    {
        type            symmetryPlane;
    }
    bottom
    {
        type            symmetryPlane;
    }
    outside
    {
        type            zeroGradient;
    }
    procBoundary30to22
    {
        type            processor;
        value           nonuniform List<vector> 
18
(
(-0.253015 -0.00574343 -4.73935e-18)
(-0.250395 -0.00565126 -9.46054e-19)
(-0.247811 -0.00552795 2.80353e-18)
(-0.245277 -0.00537638 2.9765e-18)
(-0.274051 -0.00398959 2.44738e-19)
(-0.27262 -0.00443046 3.24841e-18)
(-0.271011 -0.00483646 -3.80726e-18)
(-0.269237 -0.00520488 1.39109e-18)
(-0.267314 -0.00553348 -1.81562e-19)
(-0.265256 -0.0058204 1.98324e-18)
(-0.263082 -0.00606413 1.60741e-18)
(-0.260806 -0.00626354 -4.97838e-18)
(-0.258447 -0.00641793 2.04228e-18)
(-0.256022 -0.00652705 3.34134e-18)
(-0.253548 -0.00659118 1.88681e-18)
(-0.251042 -0.00661117 5.05383e-19)
(-0.253015 -0.00574343 -4.73935e-18)
(-0.248522 -0.00658842 -3.20924e-19)
)
;
    }
    procBoundary30to29
    {
        type            processor;
        value           nonuniform List<vector> 6((-0.262782 -0.000383826 1.56921e-18) (-0.261819 -0.00122739 5.09126e-19) (-0.2599 -0.0020586 9.9413e-20) (-0.257029 -0.00287569 -1.88098e-19) (-0.253217 -0.00367435 -3.46296e-19) (-0.248472 -0.00445025 -8.69662e-19));
    }
    procBoundary30to31
    {
        type            processor;
        value           nonuniform List<vector> 7((-0.311552 -0.000280569 1.44607e-19) (-0.310229 -0.00080032 7.97598e-19) (-0.307592 -0.00130802 2.42883e-18) (-0.303652 -0.00180204 6.78217e-19) (-0.298428 -0.00227596 -2.31433e-19) (-0.291942 -0.00272357 -6.65672e-19) (-0.28422 -0.00313917 -5.33676e-19));
    }
    procBoundary30to37
    {
        type            processor;
        value           uniform (-0.262784 0.00044801 3.72313e-18);
    }
    procBoundary30to38
    {
        type            processor;
        value           nonuniform List<vector> 
18
(
(-0.291321 0.00127973 2.00489e-18)
(-0.288412 0.0013146 -3.53294e-18)
(-0.285444 0.00134171 -4.30483e-18)
(-0.282437 0.00136107 -1.88037e-18)
(-0.27941 0.00137275 -4.69562e-18)
(-0.276381 0.00137687 1.39018e-18)
(-0.27337 0.00137361 1.74688e-18)
(-0.270393 0.00136325 1.59174e-19)
(-0.267467 0.00134602 -5.31682e-18)
(-0.264606 0.00132235 7.55635e-19)
(-0.309755 0.000246402 4.62105e-18)
(-0.30776 0.00027218 7.03717e-19)
(-0.305579 0.000296397 -2.82559e-18)
(-0.303228 0.000318971 -2.12965e-18)
(-0.300725 0.000339846 3.10106e-18)
(-0.298086 0.000358992 1.31046e-18)
(-0.29533 0.000376394 -2.84696e-19)
(-0.29533 0.000376394 -2.84696e-19)
)
;
    }
}


// ************************************************************************* //
