/*--------------------------------*- C++ -*----------------------------------*\
  =========                 |
  \\      /  F ield         | OpenFOAM: The Open Source CFD Toolbox
   \\    /   O peration     | Website:  https://openfoam.org
    \\  /    A nd           | Version:  7
     \\/     M anipulation  |
\*---------------------------------------------------------------------------*/
FoamFile
{
    version     2.0;
    format      ascii;
    class       volVectorField;
    location    "38";
    object      U;
}
// * * * * * * * * * * * * * * * * * * * * * * * * * * * * * * * * * * * * * //

dimensions      [0 1 -1 0 0 0 0];

internalField   nonuniform List<vector> 
175
(
(-0.617217 -0.0360475 -2.24155e-17)
(-0.637885 -0.0298983 -3.03762e-17)
(-0.65478 -0.0238335 -5.75456e-17)
(-0.667962 -0.0178778 -2.61307e-17)
(-0.677511 -0.0120531 -1.52487e-17)
(-0.683504 -0.00638107 -1.06713e-17)
(-0.686055 -0.000901881 -2.3323e-18)
(-0.685283 0.00437638 -3.57934e-17)
(-0.681312 0.00940098 1.51413e-17)
(-0.674319 0.014138 -3.512e-19)
(-0.664488 0.018546 1.86276e-17)
(-0.652036 0.0225856 6.17622e-18)
(-0.637202 0.0262216 -1.42216e-17)
(-0.620247 0.0294226 4.32745e-18)
(-0.601448 0.0321619 -2.87019e-17)
(-0.5811 0.0344196 2.30882e-17)
(-0.559507 0.0361832 -3.93081e-18)
(-0.625288 -0.0323128 -1.92109e-17)
(-0.646043 -0.0267991 -1.70426e-17)
(-0.662998 -0.0213603 -4.16683e-17)
(-0.676212 -0.016019 -2.19105e-17)
(-0.685768 -0.0107949 -2.86394e-17)
(-0.691743 -0.00570762 1.71846e-18)
(-0.694252 -0.000791156 -2.31731e-19)
(-0.693416 0.00393917 -2.29426e-17)
(-0.68936 0.00844603 1.50803e-18)
(-0.682263 0.0126951 -6.02108e-18)
(-0.67231 0.0166494 2.02582e-17)
(-0.659719 0.0202736 -1.17574e-18)
(-0.64473 0.0235363 -1.7022e-17)
(-0.627604 0.0264095 8.90613e-18)
(-0.608621 0.0288691 -1.64599e-17)
(-0.588075 0.0308972 1.41619e-17)
(-0.566272 0.0324826 1.93856e-18)
(-0.63255 -0.0285815 -1.97023e-17)
(-0.653378 -0.0237046 -7.76339e-18)
(-0.670382 -0.0188929 -3.2732e-17)
(-0.683623 -0.0141667 -1.93495e-17)
(-0.69318 -0.0095439 -1.77404e-17)
(-0.699136 -0.00504199 1.87106e-17)
(-0.701604 -0.000691575 2.86796e-20)
(-0.700707 0.00349561 -1.42663e-17)
(-0.696572 0.00748494 1.73468e-17)
(-0.689379 0.0112458 -1.12348e-17)
(-0.679314 0.014746 2.71756e-17)
(-0.666596 0.0179545 1.24848e-17)
(-0.651465 0.0208434 1.1415e-18)
(-0.634185 0.0233878 1.54323e-17)
(-0.615035 0.0255666 -7.73409e-18)
(-0.594311 0.0273637 1.06498e-17)
(-0.572319 0.0287693 5.10325e-18)
(-0.638977 -0.0248257 -2.36447e-17)
(-0.659865 -0.0205903 1.86345e-18)
(-0.67691 -0.0164109 -3.08471e-17)
(-0.69017 -0.0123053 -1.70996e-17)
(-0.699727 -0.00828919 -6.63049e-18)
(-0.705663 -0.00437802 1.60656e-17)
(-0.708092 -0.00059796 -3.71637e-18)
(-0.707138 0.00303969 1.91992e-17)
(-0.702932 0.00650616 9.93071e-18)
(-0.695652 0.00977409 -1.81594e-17)
(-0.685486 0.0128158 4.06426e-17)
(-0.672654 0.0156044 2.50198e-17)
(-0.657397 0.0181157 -5.0307e-18)
(-0.639979 0.020328 2.38601e-17)
(-0.62068 0.0222231 -2.25278e-18)
(-0.599798 0.0237868 1.05549e-17)
(-0.577638 0.0250106 5.77703e-18)
(-0.644543 -0.0210507 -8.89752e-18)
(-0.665481 -0.0174605 1.11743e-17)
(-0.682557 -0.0139171 -1.30659e-17)
(-0.695832 -0.0104358 -1.4391e-17)
(-0.705386 -0.00703015 5.88746e-18)
(-0.711303 -0.00371328 1.73973e-17)
(-0.713698 -0.000506666 -9.1635e-18)
(-0.712694 0.00257706 3.12488e-17)
(-0.708423 0.0055175 5.53584e-19)
(-0.701067 0.00828953 -7.15922e-19)
(-0.690812 0.01087 4.12571e-17)
(-0.67788 0.013236 3.52949e-17)
(-0.662513 0.015367 -1.32014e-17)
(-0.644974 0.0172448 1.31494e-17)
(-0.625546 0.0188538 -4.503e-19)
(-0.604526 0.020182 1.20185e-17)
(-0.582221 0.0212222 5.12263e-18)
(-0.649224 -0.0172614 -1.68362e-17)
(-0.670202 -0.014319 7.78189e-20)
(-0.687304 -0.0114143 8.55311e-19)
(-0.700589 -0.0085601 -1.25263e-17)
(-0.71014 -0.00576759 -1.98347e-18)
(-0.71604 -0.00304762 1.89551e-17)
(-0.718404 -0.000417174 -1.69037e-17)
(-0.717356 0.00211039 2.41837e-17)
(-0.713031 0.00452258 1.37242e-17)
(-0.705609 0.00679655 1.98492e-17)
(-0.695279 0.00891357 2.65314e-17)
(-0.682262 0.0108549 2.10385e-17)
(-0.666801 0.0126037 -2.84522e-17)
(-0.649161 0.0141451 7.60117e-18)
(-0.629623 0.0154661 6.97559e-19)
(-0.608486 0.0165569 -5.0772e-18)
(-0.586058 0.0174117 -1.78891e-17)
(-0.653 -0.013459 -6.77066e-18)
(-0.674008 -0.0111665 -9.11971e-18)
(-0.691129 -0.00890281 1.29163e-17)
(-0.704423 -0.00667807 -1.30138e-17)
(-0.71397 -0.00450106 -6.74107e-18)
(-0.719855 -0.00238032 2.43699e-17)
(-0.722195 -0.000328564 -2.9409e-17)
(-0.721111 0.0016409 2.56615e-17)
(-0.716741 0.00352279 2.7896e-17)
(-0.709266 0.0052966 1.79787e-17)
(-0.698874 0.00694817 1.76279e-17)
(-0.685788 0.00846285 3.02694e-17)
(-0.670251 0.00982756 -2.60546e-17)
(-0.652527 0.0110306 6.83171e-18)
(-0.632901 0.0120618 8.03304e-19)
(-0.611669 0.0129137 -2.30157e-18)
(-0.589142 0.0135815 -2.40784e-17)
(-0.655851 -0.00964504 3.79928e-18)
(-0.676882 -0.00800392 -1.7586e-17)
(-0.694018 -0.00638298 2.88831e-17)
(-0.707317 -0.0047895 -1.90382e-17)
(-0.716861 -0.00322985 -9.30938e-18)
(-0.722735 -0.00171024 3.24501e-17)
(-0.725055 -0.000239399 -4.81563e-17)
(-0.723945 0.0011699 1.16818e-17)
(-0.71954 0.00252 1.9502e-17)
(-0.712025 0.00379187 1.74396e-17)
(-0.701586 0.00497618 1.13228e-17)
(-0.688447 0.00606245 4.10967e-17)
(-0.672852 0.00704131 -3.26238e-17)
(-0.655065 0.00790433 1.11963e-17)
(-0.635371 0.0086443 -1.63142e-18)
(-0.614067 0.00925573 -8.18601e-19)
(-0.591464 0.00973522 -3.59871e-17)
(-0.657763 -0.00582555 -7.41046e-18)
(-0.678809 -0.00483642 -2.84507e-17)
(-0.695954 -0.00385885 2.68739e-17)
(-0.709256 -0.00289729 -8.62464e-18)
(-0.718799 -0.00195566 -8.05692e-18)
(-0.724665 -0.0010377 4.41482e-17)
(-0.726973 -0.000147741 -5.34289e-17)
(-0.725844 0.000699056 7.85363e-18)
(-0.721416 0.00151697 1.57445e-17)
(-0.713873 0.00228632 -8.11417e-18)
(-0.703403 0.00300265 8.7145e-18)
(-0.690229 0.00365974 2.98388e-17)
(-0.674594 0.00425194 -2.54803e-17)
(-0.656765 0.00477413 -1.4641e-18)
(-0.637025 0.00522194 -5.87225e-18)
(-0.615672 0.00559203 -2.08832e-18)
(-0.593018 0.00588232 -3.51386e-17)
(-0.658722 -0.0019871 -2.01054e-18)
(-0.679776 -0.00165316 -4.07276e-17)
(-0.696926 -0.00132215 8.96159e-18)
(-0.71023 -0.000995652 -4.55013e-18)
(-0.719772 -0.000675089 -3.80292e-18)
(-0.725634 -0.000361791 3.59814e-17)
(-0.727936 -5.67924e-05 -4.71698e-17)
(-0.726799 0.000230889 1.5001e-17)
(-0.722359 0.000512157 1.29895e-17)
(-0.714802 0.000776489 -1.00012e-17)
(-0.704316 0.00102274 1.15542e-17)
(-0.691124 0.00124874 2.12049e-17)
(-0.675469 0.00145246 -4.21373e-18)
(-0.657618 0.00163208 -1.14133e-17)
(-0.637855 0.00178603 -1.14265e-17)
(-0.616478 0.00191312 1.66721e-17)
(-0.644162 0.0248571 1.1161e-17)
(-0.629481 0.0288524 -1.41229e-17)
(-0.612694 0.0323672 1.97701e-19)
(-0.594079 0.0353722 -2.33232e-17)
(-0.57393 0.0378452 1.77853e-17)
(-0.552547 0.0397728 7.00636e-18)
)
;

boundaryField
{
    inlet
    {
        type            uniformFixedValue;
        uniformValue    constant (1 0 0);
        value           nonuniform 0();
    }
    outlet
    {
        type            pressureInletOutletVelocity;
        value           nonuniform 0();
    }
    polygon
    {
        type            fixedValue;
        value           nonuniform 0();
    }
    top
    {
        type            symmetryPlane;
    }
    bottom
    {
        type            symmetryPlane;
    }
    outside
    {
        type            zeroGradient;
    }
    procBoundary38to30
    {
        type            processor;
        value           nonuniform List<vector> 
18
(
(-0.593798 0.00201263 -2.09073e-17)
(-0.658722 0.00198764 8.0642e-19)
(-0.679776 0.00165369 -3.82545e-17)
(-0.696926 0.00132266 -1.10814e-18)
(-0.71023 0.000996152 -1.90903e-18)
(-0.719772 0.000675571 2.8754e-18)
(-0.725634 0.000362251 5.66752e-17)
(-0.727936 5.72265e-05 -2.88847e-17)
(-0.726799 -0.000230496 3.36879e-17)
(-0.722359 -0.000511807 9.95936e-18)
(-0.714802 -0.000776192 1.12904e-17)
(-0.704316 -0.00102251 1.97004e-17)
(-0.691124 -0.00124859 1.5149e-17)
(-0.675469 -0.0014524 1.24532e-17)
(-0.657618 -0.00163213 -2.37847e-17)
(-0.637855 -0.0017862 -1.54858e-17)
(-0.593798 0.00201263 -2.09073e-17)
(-0.616478 -0.00191343 1.63257e-17)
)
;
    }
    procBoundary38to37
    {
        type            processor;
        value           nonuniform List<vector> 8((-0.543521 0.0336219 -1.67954e-17) (-0.54937 0.0297803 -2.06403e-17) (-0.554514 0.0258919 -2.89191e-17) (-0.558944 0.021972 -2.34257e-17) (-0.562653 0.0180284 -2.37909e-17) (-0.565633 0.0140637 -2.66783e-17) (-0.567876 0.0100816 -1.26741e-17) (-0.569377 0.00609214 -1.70066e-17));
    }
    procBoundary38to39
    {
        type            processor;
        value           nonuniform List<vector> 10((-0.592724 -0.0422521 -1.42604e-17) (-0.600683 -0.0378748 -1.76544e-17) (-0.60785 -0.0334997 -7.44751e-18) (-0.614196 -0.0290958 -2.39687e-18) (-0.619696 -0.0246695 -1.44509e-18) (-0.624324 -0.0202265 -3.86336e-18) (-0.628059 -0.0157685 -1.05819e-17) (-0.63088 -0.0112978 -3.12319e-18) (-0.632771 -0.00682095 9.8796e-19) (-0.63372 -0.0023221 1.06176e-18));
    }
    procBoundary38to45
    {
        type            processor;
        value           nonuniform List<vector> 2((-0.536977 0.037449 -1.61599e-17) (-0.530241 0.041151 -1.74344e-17));
    }
    procBoundary38to46
    {
        type            processor;
        value           nonuniform List<vector> 
18
(
(-0.60902 -0.0395663 -9.67588e-18)
(-0.629593 -0.0328192 -2.77216e-17)
(-0.646419 -0.0261624 -5.84371e-17)
(-0.659561 -0.0196229 -2.86472e-17)
(-0.669096 -0.0132244 -3.73011e-18)
(-0.675101 -0.00699119 -2.27456e-17)
(-0.677688 -0.000966568 -6.79001e-18)
(-0.676976 0.00483286 -2.76852e-17)
(-0.673084 0.0103597 1.17306e-17)
(-0.666191 0.0155693 3.4265e-18)
(-0.656478 0.0204164 2.1141e-17)
(-0.636299 0.0268786 1.45537e-17)
(-0.621765 0.0311783 -6.16226e-18)
(-0.605142 0.0349579 -3.44744e-18)
(-0.586707 0.0381857 -9.90576e-18)
(-0.566752 0.0408379 7.96848e-18)
(-0.545578 0.0429004 7.06913e-18)
(-0.656478 0.0204164 2.1141e-17)
)
;
    }
}


// ************************************************************************* //
