/*--------------------------------*- C++ -*----------------------------------*\
  =========                 |
  \\      /  F ield         | OpenFOAM: The Open Source CFD Toolbox
   \\    /   O peration     | Website:  https://openfoam.org
    \\  /    A nd           | Version:  7
     \\/     M anipulation  |
\*---------------------------------------------------------------------------*/
FoamFile
{
    version     2.0;
    format      ascii;
    class       volVectorField;
    location    "40";
    object      U;
}
// * * * * * * * * * * * * * * * * * * * * * * * * * * * * * * * * * * * * * //

dimensions      [0 1 -1 0 0 0 0];

internalField   nonuniform List<vector> 
175
(
(-0.418642 0.0663354 3.20453e-18)
(-0.399401 0.0666106 9.6352e-18)
(-0.380181 0.0661001 3.03644e-18)
(-0.361212 0.0648485 1.02412e-17)
(-0.342709 0.0629136 1.16181e-17)
(-0.324866 0.0603657 1.84668e-17)
(-0.307855 0.0572855 1.68191e-17)
(-0.291822 0.0537624 1.3131e-18)
(-0.276884 0.0498918 1.12145e-17)
(-0.263128 0.0457719 -3.2019e-18)
(0.252677 0.101554 2.33043e-17)
(0.249063 0.0946688 2.23327e-17)
(0.246116 0.0875229 2.13531e-17)
(0.244101 0.0803758 2.00609e-17)
(0.243254 0.0734667 1.75452e-17)
(0.243774 0.0670031 1.25163e-17)
(0.245803 0.0611514 1.23194e-18)
(0.249426 0.0560325 7.78282e-18)
(0.25467 0.0517205 1.77336e-17)
(0.261513 0.0482469 1.46551e-17)
(0.269893 0.0456065 8.34419e-18)
(0.279722 0.0437652 -2.57487e-18)
(0.195771 0.124496 6.98896e-17)
(0.194675 0.123115 6.65823e-17)
(0.192974 0.120209 6.35081e-17)
(0.190747 0.115943 5.94408e-17)
(0.188113 0.110513 5.68763e-17)
(0.18523 0.104138 5.38534e-17)
(0.182293 0.0970616 5.16348e-17)
(0.179524 0.0895399 4.90152e-17)
(0.177162 0.0818333 4.70638e-17)
(0.17545 0.0741948 4.34514e-17)
(0.174617 0.0668577 3.59513e-17)
(0.174863 0.0600231 1.96228e-18)
(0.176345 0.0538513 9.21209e-18)
(0.179166 0.0484567 4.07116e-17)
(0.183383 0.0439066 3.84199e-17)
(0.188999 0.0402244 2.98986e-17)
(0.195982 0.0373965 -7.90464e-18)
(0.117668 0.124203 7.316e-18)
(0.119041 0.123275 7.66292e-18)
(0.119798 0.120806 7.72414e-18)
(0.119946 0.116937 7.98049e-18)
(0.119528 0.111835 7.3063e-18)
(0.118619 0.105694 7.00117e-18)
(0.117333 0.09873 6.40134e-18)
(0.115817 0.091178 6.67282e-18)
(0.114249 0.0832825 6.38871e-18)
(0.112833 0.0752908 6.39138e-18)
(0.111783 0.0674414 4.68313e-18)
(0.111308 0.0599525 7.40231e-19)
(0.111601 0.0530106 2.55476e-18)
(0.112822 0.0467622 6.93749e-18)
(0.115092 0.0413109 6.04555e-18)
(0.118486 0.0367124 -1.58494e-18)
(0.123037 0.0329818 -3.43511e-17)
(0.0382974 0.122125 9.29331e-19)
(0.0422445 0.121608 1.72848e-18)
(0.0456343 0.119573 2.18826e-18)
(0.0484214 0.116144 1.64006e-18)
(0.0505866 0.111465 1.37061e-18)
(0.0521395 0.105708 7.4292e-19)
(0.0531216 0.0990633 1.1486e-18)
(0.0536064 0.091741 1.24358e-18)
(0.0537005 0.083963 7.11115e-19)
(0.0535434 0.0759585 1.20698e-18)
(0.0533004 0.0679556 8.47657e-19)
(0.0531524 0.0601707 2.06105e-19)
(0.0532857 0.0527993 4.81816e-19)
(0.0538797 0.0460047 4.23636e-19)
(0.0550914 0.0399174 5.00403e-19)
(0.0570477 0.0346205 -2.59975e-18)
(0.0598417 0.0301581 -1.32623e-17)
(-0.0411154 0.118261 1.3131e-18)
(-0.0346046 0.118079 6.10564e-19)
(-0.0285593 0.116436 6.26118e-19)
(-0.0230652 0.113438 -1.69026e-19)
(-0.0181866 0.109213 1.02168e-18)
(-0.0139638 0.103913 7.03849e-19)
(-0.0104104 0.097707 1.46414e-18)
(-0.00751347 0.0907831 8.8601e-19)
(-0.0052305 0.0833405 1.39771e-18)
(-0.00348563 0.0755867 5.18096e-19)
(-0.00217281 0.0677307 5.72034e-19)
(-0.00116038 0.0599752 4.46266e-19)
(-0.000297776 0.0525095 8.25235e-19)
(0.000580531 0.0455006 5.30871e-20)
(0.00163534 0.0390857 -2.61481e-19)
(0.00301395 0.0333675 -4.27639e-18)
(0.00484781 0.0284122 -3.57226e-17)
(-0.119171 0.112649 2.61219e-18)
(-0.110158 0.112718 2.55598e-18)
(-0.101508 0.111407 1.4222e-18)
(-0.0933399 0.108806 5.77576e-19)
(-0.0857526 0.10503 2.01779e-18)
(-0.0788247 0.100213 1.99164e-18)
(-0.0726119 0.0945088 2.26855e-18)
(-0.0671463 0.0880844 1.41495e-18)
(-0.0624341 0.0811194 1.37388e-18)
(-0.0584519 0.0738005 6.41491e-19)
(-0.0551468 0.0663156 1.80224e-18)
(-0.0524377 0.0588486 3.5305e-19)
(-0.0502179 0.0515736 2.62401e-19)
(-0.0483577 0.0446498 4.0787e-20)
(-0.0467155 0.0382086 1.03265e-18)
(-0.0451469 0.0323601 -2.14239e-18)
(-0.04351 0.0271813 -1.2661e-17)
(-0.194426 0.105351 7.87579e-18)
(-0.182994 0.10559 7.34694e-18)
(-0.171824 0.104547 6.57822e-18)
(-0.161063 0.102302 6.78487e-18)
(-0.150841 0.0989556 6.29934e-18)
(-0.141267 0.0946282 5.82027e-18)
(-0.13243 0.0894569 4.76904e-18)
(-0.124397 0.0835924 5.22871e-18)
(-0.11721 0.0771962 4.22347e-18)
(-0.110885 0.0704355 4.01233e-18)
(-0.105409 0.0634785 3.38186e-18)
(-0.100743 0.0564892 2.16228e-18)
(-0.0968202 0.0496238 3.82758e-19)
(-0.093547 0.0430252 1.11794e-18)
(-0.0908114 0.0368167 2.56826e-18)
(-0.0884873 0.0311023 8.45456e-20)
(-0.0864409 0.0259605 -3.36061e-17)
(-0.265438 0.0964439 2.27518e-17)
(-0.251679 0.0967787 2.26472e-17)
(-0.238092 0.0959496 2.0925e-17)
(-0.224848 0.0940246 1.97545e-17)
(-0.212103 0.0910911 1.92261e-17)
(-0.199996 0.0872555 1.70198e-17)
(-0.188641 0.08264 1.69072e-17)
(-0.178135 0.0773793 1.54693e-17)
(-0.168547 0.0716172 1.4224e-17)
(-0.159922 0.0655029 1.26487e-17)
(-0.152276 0.0591854 1.30651e-17)
(-0.145599 0.0528099 4.29359e-18)
(-0.139855 0.0465141 1.47428e-18)
(-0.13498 0.0404237 7.75079e-18)
(-0.130888 0.034649 9.67752e-18)
(-0.127476 0.0292832 9.7058e-18)
(-0.124626 0.0243996 -4.16796e-18)
(-0.330759 0.0859101 7.44305e-17)
(-0.314779 0.0862695 6.90171e-17)
(-0.298894 0.0856003 6.45888e-17)
(-0.283301 0.0839609 6.26385e-17)
(-0.268178 0.0814271 5.98821e-17)
(-0.253689 0.0780912 5.67888e-17)
(-0.239975 0.0740598 5.46828e-17)
(-0.227152 0.0694504 5.14663e-17)
(-0.215315 0.0643889 5.00452e-17)
(-0.204528 0.0590049 4.70305e-17)
(-0.194829 0.0534283 4.62889e-17)
(-0.186227 0.0477849 9.15004e-18)
(-0.178706 0.0421934 1.70183e-18)
(-0.172222 0.036762 3.44102e-17)
(-0.166711 0.0315856 3.96215e-17)
(-0.162086 0.0267446 4.02949e-17)
(-0.158243 0.0223031 1.00658e-18)
(-0.388938 0.0735751 1.0553e-17)
(-0.37086 0.0738485 1.26781e-17)
(-0.35282 0.0732489 8.63454e-18)
(-0.335038 0.0718263 1.07902e-17)
(-0.317715 0.0696457 1.17782e-17)
(-0.301037 0.0667856 1.40284e-17)
(-0.285165 0.0633366 1.40592e-17)
(-0.270236 0.0593986 8.828e-18)
(-0.25636 0.0550783 1.05259e-17)
(-0.243618 0.0504859 6.24937e-18)
(-0.232062 0.045731 9.18053e-18)
(-0.221715 0.0409195 2.09774e-18)
(-0.212571 0.036151 -1.64709e-19)
(-0.204601 0.0315157 4.40987e-18)
(-0.197751 0.0270921 7.00331e-18)
(-0.191945 0.0229466 9.08973e-18)
(-0.187091 0.0191314 -2.55616e-17)
)
;

boundaryField
{
    inlet
    {
        type            uniformFixedValue;
        uniformValue    constant (1 0 0);
        value           nonuniform 0();
    }
    outlet
    {
        type            pressureInletOutletVelocity;
        value           nonuniform 0();
    }
    polygon
    {
        type            fixedValue;
        value           nonuniform 0();
    }
    top
    {
        type            symmetryPlane;
    }
    bottom
    {
        type            symmetryPlane;
    }
    outside
    {
        type            zeroGradient;
    }
    procBoundary53to45
    {
        type            processor;
        value           nonuniform List<vector> 
18
(
(-0.428372 0.0635411 5.68578e-19)
(-0.408762 0.0638271 3.43099e-18)
(-0.389166 0.0633622 1.6112e-18)
(-0.369818 0.062188 5.3445e-18)
(-0.350936 0.0603593 1.27522e-17)
(-0.332718 0.0579425 1.63837e-17)
(-0.31534 0.0550143 1.37556e-17)
(-0.298949 0.0516596 -1.75697e-18)
(-0.283666 0.047969 8.08272e-18)
(-0.250612 0.0415007 8.07234e-18)
(-0.269581 0.0440362 -2.71555e-18)
(-0.250612 0.0415007 8.07234e-18)
(-0.239364 0.037173 -1.27799e-18)
(-0.229382 0.0328777 -1.4526e-18)
(-0.22064 0.0286955 -6.6842e-19)
(-0.213089 0.0246966 3.32987e-18)
(-0.206656 0.0209404 8.25292e-18)
(-0.201253 0.0174736 -9.33282e-19)
)
;
    }
    procBoundary53to46
    {
        type            processor;
        value           nonuniform List<vector> 2((-0.437663 0.0652445 1.386e-17) (-0.406825 0.0723944 1.53594e-17));
    }
    procBoundary53to52
    {
        type            processor;
        value           nonuniform List<vector> 10((0.290898 0.0426691 1.08178e-20) (0.204268 0.0353802 -1.26865e-18) (0.128741 0.0300979 -6.54773e-18) (0.063529 0.0265352 -4.57735e-18) (0.00723955 0.0242485 -8.05508e-18) (-0.0416772 0.0227173 -4.84779e-18) (-0.0845395 0.0214435 -6.95696e-18) (-0.122212 0.0200498 -1.58616e-18) (-0.155069 0.0183076 -4.95339e-19) (-0.183085 0.0156848 -2.22072e-18));
    }
    procBoundary53to54
    {
        type            processor;
        value           nonuniform List<vector> 8((0.19622 0.124215 7.562e-17) (0.115701 0.123475 8.39665e-18) (0.033862 0.12103 1.30442e-19) (-0.0479863 0.1169 6.0486e-19) (-0.128412 0.111128 3.3254e-18) (-0.205959 0.103772 7.87635e-18) (-0.279182 0.0948969 2.44136e-17) (-0.346626 0.0844816 7.8448e-17));
    }
    procBoundary53to61
    {
        type            processor;
        value           nonuniform List<vector> 
18
(
(0.322729 0.0987144 5.93547e-17)
(0.319662 0.0923893 5.55472e-17)
(0.317775 0.0859989 5.32722e-17)
(0.317305 0.0797793 5.00185e-17)
(0.318433 0.0739356 4.50304e-17)
(0.321282 0.0686336 3.41363e-17)
(0.325912 0.0639954 2.25689e-18)
(0.332323 0.0600995 1.48675e-17)
(0.340467 0.0569841 4.63751e-17)
(0.350259 0.0546533 3.8676e-17)
(0.361594 0.0530842 2.80312e-17)
(0.374353 0.0522345 -2.27293e-18)
(0.27183 0.123108 3.08798e-17)
(0.268587 0.121289 2.79051e-17)
(0.264865 0.118015 2.68522e-17)
(0.260829 0.113482 2.5903e-17)
(0.256687 0.107913 2.45637e-17)
(0.256687 0.107913 2.45637e-17)
)
;
    }
}


// ************************************************************************* //
