/*--------------------------------*- C++ -*----------------------------------*\
  =========                 |
  \\      /  F ield         | OpenFOAM: The Open Source CFD Toolbox
   \\    /   O peration     | Website:  https://openfoam.org
    \\  /    A nd           | Version:  7
     \\/     M anipulation  |
\*---------------------------------------------------------------------------*/
FoamFile
{
    version     2.0;
    format      ascii;
    class       volVectorField;
    location    "94";
    object      U;
}
// * * * * * * * * * * * * * * * * * * * * * * * * * * * * * * * * * * * * * //

dimensions      [0 1 -1 0 0 0 0];

internalField   nonuniform List<vector> 
175
(
(-0.240882 -0.0103881 -1.71517e-18)
(-0.23897 -0.0109674 -8.66939e-19)
(-0.236916 -0.0114661 -1.70878e-18)
(-0.234736 -0.0118782 -1.83982e-18)
(-0.232447 -0.0121984 -4.5588e-19)
(-0.230067 -0.0124231 -1.89385e-18)
(-0.227612 -0.0125502 -2.14449e-18)
(-0.225102 -0.0125793 -8.38146e-19)
(-0.222553 -0.0125117 -1.46365e-18)
(-0.219985 -0.0123504 4.1593e-19)
(-0.212727 -0.00370706 -7.02219e-18)
(-0.212996 -0.00481424 -8.25419e-18)
(-0.213039 -0.00589949 -1.62137e-18)
(-0.212862 -0.00695442 -8.31812e-18)
(-0.212473 -0.00797053 -1.8872e-18)
(-0.211878 -0.00893913 -8.59729e-18)
(-0.211087 -0.00985138 -9.12771e-18)
(-0.21011 -0.0106984 -1.87552e-18)
(-0.208958 -0.0114713 -7.59963e-18)
(-0.207642 -0.0121617 -1.6891e-18)
(-0.206175 -0.0127617 -7.40677e-18)
(-0.204572 -0.0132644 -8.53792e-18)
(-0.202848 -0.0136641 -1.68796e-18)
(-0.201017 -0.0139566 -7.22793e-18)
(-0.199097 -0.0141395 -8.30683e-18)
(-0.197104 -0.0142122 -1.71568e-18)
(-0.195055 -0.014176 -7.15092e-18)
(-0.192965 -0.0140344 -1.04643e-18)
(-0.170678 -0.00321113 -2.47516e-20)
(-0.171616 -0.00447655 -1.27535e-18)
(-0.172334 -0.0057169 -3.61345e-19)
(-0.172836 -0.00692314 -1.65155e-18)
(-0.173127 -0.00808618 -6.53472e-19)
(-0.173213 -0.00919667 -1.67213e-18)
(-0.173101 -0.0102451 -1.91632e-18)
(-0.172797 -0.0112219 -7.68851e-19)
(-0.172311 -0.0121176 -1.62624e-18)
(-0.171651 -0.0129228 -6.54538e-19)
(-0.170829 -0.0136289 -1.48016e-18)
(-0.169856 -0.0142281 -1.91324e-18)
(-0.168745 -0.014714 -6.68074e-19)
(-0.16751 -0.0150818 -1.5072e-18)
(-0.166166 -0.0153288 -1.78722e-18)
(-0.164727 -0.0154544 -6.54815e-19)
(-0.163208 -0.0154601 -1.58023e-18)
(-0.161623 -0.0153498 -5.18329e-19)
(-0.124008 -0.00222748 6.87924e-18)
(-0.125659 -0.00364641 1.05718e-18)
(-0.127097 -0.00503863 5.84299e-21)
(-0.128324 -0.00639441 -5.11926e-19)
(-0.129341 -0.00770412 -2.70856e-19)
(-0.130152 -0.00895785 -6.23531e-19)
(-0.130759 -0.0101455 -8.27065e-19)
(-0.131169 -0.0112568 -2.41985e-19)
(-0.131386 -0.0122815 -2.1291e-19)
(-0.131417 -0.0132095 -2.13858e-19)
(-0.131269 -0.0140312 -2.82714e-19)
(-0.130953 -0.0147379 -4.2847e-19)
(-0.130479 -0.0153226 -2.60503e-19)
(-0.129858 -0.01578 -4.34744e-19)
(-0.129102 -0.0161069 -3.76725e-19)
(-0.128224 -0.0163028 -2.53507e-19)
(-0.127235 -0.0163695 -2.80178e-19)
(-0.126149 -0.0163112 1.59585e-20)
(-0.0732451 -0.000728984 2.19146e-18)
(-0.0756364 -0.00229569 4.3197e-19)
(-0.0778197 -0.00383578 -1.24068e-20)
(-0.0797939 -0.00533938 -1.46901e-18)
(-0.0815585 -0.00679634 -5.11082e-19)
(-0.0831132 -0.00819599 -1.51278e-18)
(-0.0844584 -0.00952769 -4.7683e-19)
(-0.0855957 -0.0107806 -5.94475e-20)
(-0.086527 -0.0119436 -7.95693e-20)
(-0.0872557 -0.0130057 -2.32443e-20)
(-0.0877866 -0.0139564 -1.0217e-19)
(-0.0881257 -0.0147863 4.96774e-22)
(-0.0882804 -0.0154872 -1.50117e-19)
(-0.0882592 -0.0160535 -1.32907e-19)
(-0.0880713 -0.0164816 -8.29136e-20)
(-0.0877261 -0.0167709 -8.13188e-20)
(-0.0872329 -0.0169236 -1.57938e-19)
(-0.0866001 -0.0169445 1.40608e-20)
(-0.0187842 0.00129605 3.68758e-19)
(-0.0219159 -0.000415636 -9.00629e-20)
(-0.0248451 -0.0021017 -9.38775e-19)
(-0.0275663 -0.00375229 -7.64385e-18)
(-0.0300752 -0.0053583 -1.87044e-18)
(-0.0323679 -0.00690824 -7.89436e-18)
(-0.0344418 -0.00839077 -1.02673e-18)
(-0.0362943 -0.00979447 -6.19002e-20)
(-0.0379236 -0.0111076 8.35643e-20)
(-0.039329 -0.0123184 8.19707e-21)
(-0.0405111 -0.0134152 -7.11007e-20)
(-0.0414722 -0.0143876 -2.19202e-20)
(-0.0422159 -0.0152266 -1.06569e-19)
(-0.0427471 -0.0159258 -1.04978e-19)
(-0.0430714 -0.0164815 -8.30237e-20)
(-0.043195 -0.0168929 -1.25953e-19)
(-0.0431233 -0.0171626 3.53283e-20)
(-0.0428613 -0.0172962 -5.07448e-20)
(0.0391607 0.00384081 -3.61669e-19)
(0.0353111 0.00198786 -4.21244e-19)
(0.0316628 0.000155618 -2.24056e-18)
(0.0282228 -0.00164527 -3.3264e-18)
(0.0249992 -0.00340314 -2.40179e-18)
(0.0220012 -0.00510941 -3.02673e-18)
(0.0192352 -0.00675194 -7.32004e-19)
(0.0167081 -0.00831875 -7.72602e-20)
(0.0144263 -0.00979743 6.16426e-20)
(0.0123955 -0.0111752 9.10456e-20)
(0.0106199 -0.0124396 4.00083e-20)
(0.00910213 -0.013579 8.56665e-20)
(0.00784297 -0.0145835 -3.0684e-20)
(0.00684178 -0.0154458 2.96137e-20)
(0.006097 -0.0161617 -6.20365e-20)
(0.0056067 -0.0167308 9.61256e-20)
(0.00536924 -0.0171557 -3.45138e-20)
(0.00538376 -0.0174428 1.18324e-20)
(0.100562 0.00687772 -1.95194e-19)
(0.0960465 0.00488717 -1.50348e-18)
(0.0917321 0.00290933 -8.85877e-18)
(0.0876311 0.000954973 -9.07141e-18)
(0.0837534 -0.000963416 -9.20658e-18)
(0.0801112 -0.00283473 -8.02975e-18)
(0.076718 -0.00464867 -6.95604e-19)
(0.0735854 -0.00639395 -6.3667e-20)
(0.0707259 -0.0080576 9.29548e-21)
(0.0681507 -0.00962555 -8.10996e-20)
(0.0658702 -0.0110845 1.51598e-20)
(0.0638927 -0.0124214 -1.12264e-19)
(0.0622242 -0.0136251 -3.6706e-20)
(0.0608692 -0.0146875 -8.69581e-20)
(0.0598305 -0.0156039 -8.25668e-22)
(0.0591109 -0.0163736 -3.95559e-20)
(0.0587128 -0.0169999 8.77986e-20)
(0.0586398 -0.0174896 -3.80214e-20)
(0.16555 0.0103595 -2.69042e-19)
(0.160456 0.0082322 -1.00447e-18)
(0.155562 0.00610833 -3.26509e-18)
(0.150886 0.00399802 -2.29912e-18)
(0.146443 0.00191119 -2.99279e-18)
(0.142251 -0.000138798 -1.6464e-18)
(0.138325 -0.00214065 -1.57499e-19)
(0.134684 -0.00408169 -1.59762e-19)
(0.13135 -0.00595394 1.03772e-19)
(0.12834 -0.00774026 -1.1522e-19)
(0.125672 -0.0094264 -1.89101e-20)
(0.123361 -0.0109978 3.9974e-21)
(0.121419 -0.0124416 -1.12738e-20)
(0.119856 -0.0137485 1.09698e-19)
(0.11868 -0.0149131 9.41818e-21)
(0.117898 -0.0159344 -1.0879e-19)
(0.117518 -0.0168161 1.67807e-20)
(0.117546 -0.0175657 1.21376e-19)
(0.234342 0.0142126 -5.81153e-19)
(0.228792 0.0119499 -1.82572e-18)
(0.223442 0.00967793 -7.4924e-18)
(0.218312 0.00740659 -1.78421e-18)
(0.213424 0.00514575 -7.47116e-18)
(0.208802 0.00290496 -1.33807e-19)
(0.20447 0.000695976 -2.55393e-19)
(0.200449 -0.00146877 -1.3883e-19)
(0.196768 -0.00357314 -8.26086e-21)
(0.193459 -0.00560973 -4.63624e-20)
(0.190546 -0.00756133 -2.19718e-19)
(0.188051 -0.00941066 5.07755e-21)
(0.185996 -0.0111424 -5.61568e-20)
(0.184394 -0.0127454 -1.86459e-20)
(0.183259 -0.0142133 -1.51569e-19)
(0.182603 -0.0155446 6.53341e-20)
(0.182437 -0.0167429 -1.19567e-19)
(0.182772 -0.0178164 -1.24697e-19)
(0.307113 0.0183346 -3.67029e-19)
(0.301274 0.0159397 -6.32686e-19)
(0.295629 0.0135196 -1.24061e-18)
)
;

boundaryField
{
    inlet
    {
        type            uniformFixedValue;
        uniformValue    constant (1 0 0);
        value           nonuniform 0();
    }
    outlet
    {
        type            pressureInletOutletVelocity;
        value           nonuniform 0();
    }
    polygon
    {
        type            fixedValue;
        value           nonuniform 0();
    }
    top
    {
        type            symmetryPlane;
    }
    bottom
    {
        type            symmetryPlane;
    }
    outside
    {
        type            zeroGradient;
    }
    procBoundary14to6
    {
        type            processor;
        value           nonuniform List<vector> 
19
(
(0.290204 0.0110832 -4.46838e-19)
(0.285027 0.00863974 -1.27924e-18)
(0.280128 0.00619829 -2.26209e-20)
(0.275537 0.00376723 -3.38495e-19)
(0.271291 0.00135583 -3.96407e-19)
(0.267423 -0.00101768 -2.99865e-19)
(0.263969 -0.00333941 -1.21285e-19)
(0.260971 -0.00560098 -3.42408e-19)
(0.258462 -0.00777766 -1.99971e-19)
(0.256468 -0.00985084 -9.67211e-20)
(0.25501 -0.0118077 -3.42984e-19)
(0.254105 -0.0136399 -2.0538e-19)
(0.253771 -0.015345 -2.52575e-19)
(0.254019 -0.0169265 -2.37471e-19)
(0.254867 -0.0183929 -1.2844e-19)
(0.38383 0.0225904 -4.79348e-20)
(0.377913 0.0200703 -1.06561e-18)
(0.290204 0.0110832 -4.46838e-19)
(0.372179 0.0175055 6.38768e-19)
)
;
    }
    procBoundary14to7
    {
        type            processor;
        value           nonuniform List<vector> 2((0.240071 0.0164563 6.13361e-18) (0.313123 0.0206951 1.06022e-18));
    }
    procBoundary14to13
    {
        type            processor;
        value           nonuniform List<vector> 10((-0.217413 -0.0121001 -1.12932e-18) (-0.190851 -0.0137924 -6.80227e-18) (-0.159986 -0.0151291 -1.31211e-18) (-0.124974 -0.0161346 -3.61684e-19) (-0.0858353 -0.016841 -1.21546e-19) (-0.0424128 -0.0173018 1.47712e-19) (0.00565066 -0.0176013 2.59815e-21) (0.0588965 -0.0178532 7.85708e-21) (0.117992 -0.0181944 1.36546e-19) (0.18362 -0.0187771 -7.44947e-21));
    }
    procBoundary14to15
    {
        type            processor;
        value           nonuniform List<vector> 8((-0.212227 -0.00258631 3.1658e-19) (-0.169518 -0.00193008 5.89101e-19) (-0.122141 -0.000791912 3.00392e-18) (-0.0706495 0.000855826 7.89556e-18) (-0.0154546 0.00302363 7.98494e-19) (0.0432037 0.005703 -6.32887e-18) (0.105266 0.00887094 -7.8058e-19) (0.17083 0.0124801 7.93936e-19));
    }
    procBoundary14to22
    {
        type            processor;
        value           nonuniform List<vector> 
19
(
(-0.256876 -0.00947876 -1.66846e-18)
(-0.254656 -0.0100024 -1.10275e-18)
(-0.252298 -0.0104528 -1.06459e-18)
(-0.24982 -0.0108238 -1.35206e-18)
(-0.247238 -0.0111106 4.71786e-19)
(-0.244571 -0.0113096 -2.95026e-18)
(-0.241837 -0.0114188 -2.47646e-18)
(-0.239055 -0.0114376 -6.08785e-19)
(-0.236243 -0.0113672 -1.22551e-18)
(-0.23342 -0.0112102 2.70977e-18)
(-0.249532 -0.00378449 -7.27699e-18)
(-0.249199 -0.00472635 -2.62521e-18)
(-0.248633 -0.00565083 -1.78987e-19)
(-0.247844 -0.00655012 -7.54809e-18)
(-0.246839 -0.00741635 -1.71734e-18)
(-0.245629 -0.00824146 -8.06642e-18)
(-0.244225 -0.00901725 -2.95762e-18)
(-0.242639 -0.00973549 -4.7735e-19)
(-0.242639 -0.00973549 -4.7735e-19)
)
;
    }
}


// ************************************************************************* //
