/*--------------------------------*- C++ -*----------------------------------*\
  =========                 |
  \\      /  F ield         | OpenFOAM: The Open Source CFD Toolbox
   \\    /   O peration     | Website:  https://openfoam.org
    \\  /    A nd           | Version:  7
     \\/     M anipulation  |
\*---------------------------------------------------------------------------*/
FoamFile
{
    version     2.0;
    format      ascii;
    class       volVectorField;
    location    "12";
    object      U;
}
// * * * * * * * * * * * * * * * * * * * * * * * * * * * * * * * * * * * * * //

dimensions      [0 1 -1 0 0 0 0];

internalField   nonuniform List<vector> 
125
(
(1.00828 -0.0528062 6.17693e-18)
(1.01847 -0.0401578 6.03921e-18)
(1.02052 -0.0961039 3.7719e-18)
(1.00113 0.000252092 -2.23944e-19)
(0.999197 -0.000914076 -3.12063e-19)
(1.00139 -7.50694e-05 -3.59662e-19)
(0.998974 -0.00204336 -1.90715e-21)
(1.00169 -0.000216876 -2.44458e-18)
(0.999008 -0.00400302 1.64084e-17)
(1.0021 -0.00136944 7.84397e-18)
(0.999152 -0.00766943 5.45617e-18)
(1.00271 -0.00380059 -1.71787e-17)
(0.999629 -0.0150169 -2.68161e-18)
(1.00366 -0.00879918 -2.0137e-17)
(1.00084 -0.0281875 -3.03054e-18)
(1.00615 -0.019482 -2.10561e-17)
(1.00405 -0.0538763 4.35802e-18)
(1.01316 -0.0414281 1.73023e-17)
(1.01318 -0.100277 6.45207e-18)
(1.00145 0.000130043 -1.31134e-19)
(0.998838 -0.000762974 1.73735e-19)
(1.00175 -0.000261237 -8.25038e-19)
(0.998452 -0.0018455 1.42017e-18)
(1.00206 -0.000478676 -2.99876e-18)
(0.998268 -0.00374043 3.82895e-20)
(1.00235 -0.00171876 5.43478e-18)
(0.998057 -0.00733515 -8.40356e-18)
(1.00263 -0.00427028 -2.78476e-18)
(0.997947 -0.0146081 -1.22599e-17)
(1.00279 -0.00942503 -6.42109e-18)
(0.998174 -0.0278841 -9.92393e-18)
(1.0036 -0.0203171 -4.92212e-18)
(0.999598 -0.0542712 -4.33536e-18)
(1.00752 -0.0425005 1.77007e-17)
(1.00559 -0.103631 2.46277e-18)
(1.00184 8.97578e-06 -4.40862e-20)
(0.998377 -0.000603797 4.70471e-19)
(1.00222 -0.000442705 -1.27114e-18)
(0.99779 -0.00162688 3.74415e-18)
(1.00258 -0.000734158 -1.54044e-17)
(0.997338 -0.00343126 -3.70715e-18)
(1.00282 -0.0020539 1.24683e-17)
(0.996706 -0.00690665 1.9066e-17)
(1.00284 -0.00471272 -1.79448e-18)
(0.995929 -0.0140087 1.49911e-17)
(1.00227 -0.010004 -7.01162e-18)
(0.995097 -0.0272011 2.77049e-17)
(1.00136 -0.0210708 1.96804e-18)
(0.994737 -0.0539344 8.45088e-19)
(1.00174 -0.0434788 9.63685e-18)
(0.99766 -0.105837 -1.07573e-17)
(1.00231 -0.000105977 3.90368e-20)
(0.997807 -0.000442882 4.60052e-19)
(1.00281 -0.000612043 -9.39857e-19)
(0.996972 -0.00139644 2.47629e-18)
(1.00327 -0.000973325 -6.45646e-18)
(0.996183 -0.00308805 1.50649e-17)
(1.00356 -0.00236142 4.09784e-18)
(0.995034 -0.00640005 9.42396e-18)
(1.00345 -0.00511004 -1.54083e-17)
(0.993454 -0.0132363 3.60533e-18)
(1.0023 -0.0105157 -1.8302e-17)
(0.99139 -0.0261452 5.6105e-18)
(0.999775 -0.0217296 -1.89347e-17)
(0.989099 -0.0528191 1.296e-17)
(0.996338 -0.0444101 1.81198e-17)
(0.989012 -0.106587 2.062e-18)
(1.00284 -0.000209325 -6.06844e-21)
(0.997136 -0.000287605 9.04182e-20)
(1.0035 -0.000760998 -8.81699e-19)
(0.996005 -0.0011651 1.52463e-18)
(1.00415 -0.00118377 -4.89093e-18)
(0.994801 -0.00272775 1.68078e-17)
(1.00458 -0.00262267 2.16088e-18)
(0.993011 -0.00584008 6.69965e-18)
(1.00451 -0.00543436 -2.35353e-18)
(0.990434 -0.0123253 5.01957e-18)
(1.00304 -0.0109208 -2.8221e-18)
(0.986842 -0.024755 6.06341e-18)
(0.999242 -0.0222454 -6.14289e-18)
(0.982224 -0.0509292 2.18966e-17)
(0.992093 -0.0452207 -1.37963e-17)
(0.978866 -0.105709 -3.99134e-18)
(1.00342 -0.000295839 1.44104e-19)
(0.996391 -0.000145272 -1.80405e-19)
(1.00428 -0.000881529 5.44021e-19)
(0.994924 -0.000944132 5.99336e-19)
(1.00517 -0.00135225 -5.32691e-19)
(0.993232 -0.0023694 1.37719e-18)
(1.00586 -0.00281597 -4.62072e-18)
(0.990676 -0.00525765 1.93386e-17)
(1.00602 -0.00564972 3.80671e-19)
(0.986882 -0.0113264 2.05049e-17)
(1.00457 -0.0111596 1.98084e-18)
(0.981367 -0.0231056 1.92236e-17)
(1.00003 -0.0225272 2.07764e-18)
(0.973741 -0.0483317 8.48092e-18)
(0.989821 -0.045801 -1.93373e-17)
(0.966212 -0.103085 -3.64399e-18)
(1.00401 -0.000361279 2.19802e-18)
(0.99562 -2.15025e-05 -1.10624e-19)
(1.00509 -0.000967712 2.72652e-18)
(0.9938 -0.000742617 6.61903e-19)
(1.00625 -0.00146747 3.57872e-18)
(0.991575 -0.00203009 -1.36947e-17)
(1.00729 -0.00292153 -6.85052e-18)
(0.988165 -0.00468352 1.95067e-17)
(1.00784 -0.00571946 4.69586e-19)
(0.982972 -0.0102964 2.04965e-17)
(1.00671 -0.0111617 5.53703e-18)
(0.97514 -0.0213006 4.83403e-18)
(1.00208 -0.0224413 1.85422e-18)
(0.963648 -0.045181 7.25652e-19)
(0.989973 -0.0459462 1.1988e-18)
(0.950236 -0.0986946 3.35847e-18)
(1.00457 -0.000403688 1.3401e-17)
(0.994884 8.10824e-05 -1.66455e-19)
(1.00585 -0.00101744 1.59705e-17)
(0.992725 -0.00056577 3.33738e-18)
(1.00729 -0.0015245 4.10938e-18)
(0.989972 -0.00172016 -6.50863e-18)
(1.00869 -0.0029285 9.3364e-18)
(0.985701 -0.00413888 9.13511e-18)
(1.00968 -0.00561874 7.3703e-19)
(0.979051 -0.00928215 7.52286e-18)
)
;

boundaryField
{
    inlet
    {
        type            uniformFixedValue;
        uniformValue    constant (1 0 0);
        value           uniform (1 0 0);
    }
    outlet
    {
        type            pressureInletOutletVelocity;
        value           nonuniform 0();
    }
    polygon
    {
        type            fixedValue;
        value           nonuniform 0();
    }
    top
    {
        type            symmetryPlane;
    }
    bottom
    {
        type            symmetryPlane;
    }
    outside
    {
        type            zeroGradient;
    }
    procBoundary8to0
    {
        type            processor;
        value           nonuniform List<vector> 
17
(
(1.01234 -0.0511218 -3.12505e-18)
(1.0234 -0.0386357 1.07311e-17)
(1.02756 -0.0912998 3.87591e-18)
(1.00087 0.000371218 1.17345e-19)
(0.999469 -0.00105227 -1.11716e-19)
(1.00112 0.000110749 7.86283e-20)
(0.99938 -0.00221399 -1.51811e-18)
(1.00145 4.50243e-05 1.08798e-17)
(0.999599 -0.00421105 1.69823e-17)
(1.00201 -0.0010142 2.01654e-17)
(1.00006 -0.00790121 7.71632e-18)
(1.00297 -0.00331337 -1.68434e-17)
(1.00108 -0.015231 -3.44921e-18)
(1.0047 -0.00813422 -2.0349e-17)
(1.00326 -0.0281229 -3.63417e-18)
(1.00875 -0.0185681 -2.25356e-17)
(1.00875 -0.0185681 -2.25356e-17)
)
;
    }
    procBoundary8to9
    {
        type            processor;
        value           nonuniform List<vector> 3((1.04303 -0.082674 -2.40921e-19) (1.03404 -0.0851643 -5.72078e-18) (1.02404 -0.0871373 3.12527e-19));
    }
    procBoundary8to16
    {
        type            processor;
        value           nonuniform List<vector> 
17
(
(1.00907 -0.0108669 4.01273e-18)
(0.968675 -0.0194439 2.38361e-18)
(1.00485 -0.0218401 2.01519e-18)
(0.952572 -0.0416992 -3.32205e-18)
(0.992167 -0.0453121 2.03087e-17)
(0.931003 -0.0928315 1.07865e-17)
(1.00504 -0.000423762 2.42293e-18)
(0.994246 0.000163567 -4.00903e-19)
(1.0065 -0.00103299 3.4664e-18)
(0.991802 -0.000414307 3.99461e-19)
(1.00817 -0.00152864 5.73075e-18)
(0.988589 -0.00143825 -1.67813e-17)
(1.00987 -0.0028407 -8.77268e-18)
(0.983556 -0.00362615 1.92891e-17)
(1.01123 -0.00534663 4.30092e-19)
(1.00907 -0.0108669 4.01273e-18)
(0.975581 -0.00830151 2.10425e-17)
)
;
    }
    procBoundary8to17
    {
        type            processor;
        value           nonuniform List<vector> 5((1.01287 -0.0886784 -6.93285e-19) (1.00064 -0.0899331 2.70122e-19) (0.98806 -0.0910432 -5.06416e-19) (0.976627 -0.0922468 -8.72447e-19) (0.968255 -0.0937593 -3.70674e-18));
    }
}


// ************************************************************************* //
