/*--------------------------------*- C++ -*----------------------------------*\
  =========                 |
  \\      /  F ield         | OpenFOAM: The Open Source CFD Toolbox
   \\    /   O peration     | Website:  https://openfoam.org
    \\  /    A nd           | Version:  7
     \\/     M anipulation  |
\*---------------------------------------------------------------------------*/
FoamFile
{
    version     2.0;
    format      ascii;
    class       volVectorField;
    location    "70";
    object      U;
}
// * * * * * * * * * * * * * * * * * * * * * * * * * * * * * * * * * * * * * //

dimensions      [0 1 -1 0 0 0 0];

internalField   nonuniform List<vector> 
125
(
(-0.0737492 -0.0118174 -2.59001e-19)
(-0.0740916 -0.0127436 -1.03987e-19)
(-0.0742922 -0.013561 -1.28498e-19)
(-0.0743553 -0.0142639 -5.48105e-20)
(-0.0742858 -0.0148483 -1.20329e-20)
(-0.0740881 -0.0153131 -5.96613e-20)
(-0.0737665 -0.015659 2.9062e-20)
(-0.0733245 -0.0158893 -6.60079e-20)
(-0.0727645 -0.0160093 1.32446e-20)
(-0.0720878 -0.0160259 -3.88147e-20)
(-0.0138904 -0.00336373 2.10782e-19)
(-0.0157595 -0.00483382 2.82943e-20)
(-0.0174832 -0.0062623 -5.43606e-19)
(-0.0190569 -0.00763576 -4.27549e-18)
(-0.0204762 -0.00894134 -9.77956e-19)
(-0.0217374 -0.0101669 -4.34259e-18)
(-0.0228375 -0.0113011 -4.19399e-19)
(-0.0237745 -0.0123338 -8.58992e-21)
(-0.0245474 -0.0132565 -5.40714e-20)
(-0.0251558 -0.014063 1.46913e-20)
(-0.0255997 -0.0147495 -8.29911e-20)
(-0.0258788 -0.0153148 3.79379e-20)
(-0.0259928 -0.0157602 -6.51703e-20)
(-0.0259401 -0.0160897 -2.21035e-20)
(-0.0257184 -0.0163092 -1.68577e-20)
(-0.0253242 -0.0164266 -1.38912e-20)
(0.0440474 -0.00177248 -2.87474e-19)
(0.0415699 -0.00334183 -4.34651e-19)
(0.0392408 -0.00487477 -1.17827e-18)
(0.0370693 -0.00635757 -1.81652e-18)
(0.0350649 -0.00777699 -1.31055e-18)
(0.0332364 -0.00912051 -1.54028e-18)
(0.0315923 -0.0103762 -2.72997e-19)
(0.0301398 -0.0115332 1.34105e-20)
(0.0288852 -0.0125825 5.29745e-20)
(0.0278339 -0.0135175 9.21222e-20)
(0.0269909 -0.0143344 -4.42966e-20)
(0.0263611 -0.015032 2.56353e-20)
(0.0259501 -0.0156122 -2.95185e-20)
(0.0257639 -0.0160794 3.22236e-20)
(0.0258097 -0.0164404 -3.90616e-20)
(0.0260955 -0.0167041 -8.2691e-21)
(0.105223 0.000235173 -2.37849e-19)
(0.102198 -0.00143818 -8.60972e-19)
(0.0993319 -0.00308105 -4.83463e-18)
(0.0966403 -0.00468329 -5.09424e-18)
(0.0941381 -0.00623073 -5.13058e-18)
(0.0918399 -0.00771041 -4.45442e-18)
(0.0897604 -0.00910986 -2.78497e-19)
(0.0879128 -0.0104173 -4.25721e-21)
(0.0863087 -0.0116231 4.91451e-22)
(0.0849587 -0.0127201 -9.60785e-21)
(0.0838728 -0.0137041 -1.8746e-20)
(0.0830606 -0.0145744 -3.84427e-20)
(0.0825322 -0.0153331 -6.51927e-20)
(0.0822982 -0.0159851 2.42168e-20)
(0.0823698 -0.0165379 -5.78508e-20)
(0.0827592 -0.0170009 3.00385e-20)
(0.169862 0.00260658 -2.5246e-19)
(0.166389 0.000819693 -6.26444e-19)
(0.163093 -0.000948835 -1.81893e-18)
(0.159995 -0.00268594 -1.30616e-18)
(0.157118 -0.00438202 -1.73756e-18)
(0.154483 -0.0060236 -8.83996e-19)
(0.152112 -0.00759709 -6.76971e-20)
(0.150025 -0.00908945 1.81956e-20)
(0.148238 -0.0104899 -4.61118e-20)
(0.146767 -0.0117907 -1.34712e-20)
(0.145626 -0.0129872 1.22427e-20)
(0.144831 -0.0140785 5.18506e-21)
(0.144393 -0.0150669 3.56638e-20)
(0.144329 -0.0159579 -2.32499e-21)
(0.144652 -0.0167593 -9.28657e-20)
(0.145378 -0.0174812 2.32823e-20)
(0.23835 0.00526106 -3.98854e-19)
(0.23456 0.00334901 -1.02764e-18)
(0.230973 0.00143666 -4.21113e-18)
(0.227615 -0.000461802 -9.12157e-19)
(0.224515 -0.00233459 -4.04588e-18)
(0.221704 -0.00417011 -8.83363e-20)
(0.219212 -0.00595511 -3.67962e-20)
(0.217064 -0.00767431 -6.21547e-20)
(0.215283 -0.00931512 -6.26375e-20)
(0.213888 -0.0108686 -1.78451e-20)
(0.212899 -0.0123293 -2.34705e-20)
(0.212333 -0.0136961 2.18413e-20)
(0.212206 -0.0149713 -8.39721e-20)
(0.212536 -0.0161605 -3.10547e-20)
(0.213339 -0.0172718 -8.2559e-20)
(0.214634 -0.0183154 2.94519e-20)
(0.311078 0.00809434 -7.47181e-20)
(0.307131 0.00604094 -4.657e-19)
(0.303414 0.0039665 -6.3282e-19)
(0.299963 0.00187902 -3.42889e-19)
(0.296815 -0.000206131 -6.82812e-19)
(0.294006 -0.00227416 -3.39892e-21)
(0.291575 -0.00431447 -2.10208e-19)
(0.289556 -0.00630829 -1.07933e-19)
(0.287976 -0.00824026 -1.798e-19)
(0.286858 -0.0101001 -9.71729e-20)
(0.286224 -0.0118811 -1.42258e-19)
(0.286094 -0.0135813 -8.28598e-20)
(0.286486 -0.0152028 -7.03616e-20)
(0.287419 -0.016751 -1.64509e-19)
(0.288911 -0.0182343 -8.22443e-20)
(0.290981 -0.019663 -6.25114e-20)
(0.388241 0.0109837 9.08957e-20)
(0.384321 0.0087711 -5.63577e-19)
(0.380655 0.00651137 3.68776e-19)
(0.37729 0.0042096 4.99838e-19)
(0.374272 0.0018756 -3.04333e-20)
(0.371647 -0.00047137 3.93503e-20)
(0.36946 -0.00280977 -7.65569e-19)
(0.367755 -0.00512746 -1.90059e-19)
(0.366562 -0.00740388 -7.28242e-19)
(0.365906 -0.00962552 -3.71449e-19)
(0.365811 -0.0117834 -8.23608e-19)
(0.366298 -0.0138745 -3.99943e-19)
(0.367385 -0.0159005 -1.98256e-19)
(0.369092 -0.0178667 -7.10578e-19)
(0.371436 -0.0197812 -5.00516e-19)
(0.374436 -0.0216541 -1.74512e-19)
(0.469616 0.0137914 1.62376e-18)
(0.465923 0.0114059 -2.9623e-18)
(0.462502 0.00894202 1.63631e-18)
)
;

boundaryField
{
    inlet
    {
        type            uniformFixedValue;
        uniformValue    constant (1 0 0);
        value           nonuniform 0();
    }
    outlet
    {
        type            pressureInletOutletVelocity;
        value           nonuniform 0();
    }
    polygon
    {
        type            fixedValue;
        value           nonuniform 0();
    }
    top
    {
        type            symmetryPlane;
    }
    bottom
    {
        type            symmetryPlane;
    }
    outside
    {
        type            zeroGradient;
    }
    procBoundary14to6
    {
        type            processor;
        value           nonuniform List<vector> 
17
(
(0.459407 0.0064012 3.13816e-18)
(0.456698 0.00379098 2.28896e-19)
(0.454436 0.00112795 1.98802e-18)
(0.452667 -0.00156037 -3.92053e-18)
(0.45144 -0.00425799 -6.26577e-19)
(0.450794 -0.00693092 -3.59824e-18)
(0.450755 -0.00956571 -9.38811e-19)
(0.451346 -0.0121529 -4.21943e-18)
(0.452587 -0.0146879 -2.89061e-18)
(0.454495 -0.0171711 -8.65874e-19)
(0.457089 -0.0196075 -3.89447e-18)
(0.460386 -0.0220049 -2.64742e-18)
(0.464402 -0.0243732 -6.79173e-19)
(0.55435 0.0163645 -1.31147e-19)
(0.551104 0.0137986 -3.15767e-19)
(0.459407 0.0064012 3.13816e-18)
(0.548133 0.0111155 4.76194e-19)
)
;
    }
    procBoundary14to7
    {
        type            processor;
        value           uniform (0.473537 0.0160971 3.65468e-18);
    }
    procBoundary14to13
    {
        type            processor;
        value           nonuniform List<vector> 6((0.0266304 -0.0168808 4.22711e-20) (0.0834793 -0.0173853 4.4275e-20) (0.146523 -0.0181349 -4.17999e-20) (0.216438 -0.0193031 -1.17683e-20) (0.293646 -0.0210485 -3.78408e-20) (0.37811 -0.0234968 -5.45351e-19));
    }
    procBoundary14to15
    {
        type            processor;
        value           nonuniform List<vector> 7((-0.0118805 -0.00186609 5.64928e-19) (0.0466644 -0.000179308 -3.65506e-18) (0.108392 0.00192518 -4.85282e-19) (0.173493 0.00439807 4.60702e-19) (0.242317 0.00716276 3.49123e-18) (0.315223 0.0101189 6.64707e-19) (0.392378 0.013144 7.73026e-19));
    }
    procBoundary14to21
    {
        type            processor;
        value           nonuniform List<vector> 2((-0.0712943 -0.015948 6.65925e-22) (-0.0247527 -0.0164518 1.80362e-20));
    }
    procBoundary14to22
    {
        type            processor;
        value           nonuniform List<vector> 
17
(
(-0.121098 -0.0118883 -3.23477e-19)
(-0.120809 -0.0127183 -1.73803e-19)
(-0.120391 -0.013444 -2.56972e-19)
(-0.119851 -0.0140599 -1.22711e-19)
(-0.1192 -0.0145624 -1.31549e-19)
(-0.118446 -0.0149499 -1.74463e-19)
(-0.117598 -0.015223 -1.99622e-20)
(-0.116665 -0.0153842 -1.26882e-19)
(-0.115652 -0.0154381 -1.60186e-19)
(-0.114567 -0.0153907 -1.24291e-19)
(-0.0685778 -0.00451234 1.35123e-18)
(-0.0698152 -0.00588054 2.0156e-19)
(-0.0709026 -0.00720516 -1.10835e-19)
(-0.0718394 -0.00847316 -7.95295e-19)
(-0.0726253 -0.00967213 -2.6342e-19)
(-0.0732614 -0.0107905 -7.79903e-19)
(-0.0732614 -0.0107905 -7.79903e-19)
)
;
    }
}


// ************************************************************************* //
