/*--------------------------------*- C++ -*----------------------------------*\
  =========                 |
  \\      /  F ield         | OpenFOAM: The Open Source CFD Toolbox
   \\    /   O peration     | Website:  https://openfoam.org
    \\  /    A nd           | Version:  7
     \\/     M anipulation  |
\*---------------------------------------------------------------------------*/
FoamFile
{
    version     2.0;
    format      ascii;
    class       volVectorField;
    location    "14";
    object      U;
}
// * * * * * * * * * * * * * * * * * * * * * * * * * * * * * * * * * * * * * //

dimensions      [0 1 -1 0 0 0 0];

internalField   nonuniform List<vector> 
175
(
(0.927245 0.0441167 -3.0222e-18)
(0.923795 0.0455342 -2.84897e-19)
(0.920234 0.0470419 -2.51394e-18)
(0.967995 0.0339883 3.68686e-19)
(0.963934 0.0346373 4.61638e-19)
(0.962889 0.0350632 7.63903e-19)
(0.959666 0.0357803 3.58219e-19)
(0.957887 0.0364347 8.77252e-19)
(0.955 0.0372232 -1.58739e-19)
(0.952792 0.0379882 4.25544e-19)
(0.950004 0.0388369 5.05942e-19)
(0.947514 0.0396816 9.06779e-19)
(0.944693 0.0406137 1.57771e-18)
(0.941972 0.041577 2.69878e-18)
(0.939033 0.0426533 5.1161e-19)
(0.936082 0.0438032 2.18589e-18)
(0.932959 0.0450857 -1.41947e-18)
(0.929761 0.046467 -5.69847e-20)
(0.92641 0.0479746 -1.28295e-19)
(0.922954 0.0495734 -1.05376e-19)
(0.968818 0.0355121 2.90748e-19)
(0.964957 0.0362076 3.37495e-19)
(0.963956 0.0366573 6.35856e-19)
(0.960882 0.0374201 2.30424e-19)
(0.959173 0.0381103 7.41222e-19)
(0.956406 0.0389438 -3.27695e-19)
(0.954277 0.0397511 1.89089e-19)
(0.951591 0.0406477 3.47455e-19)
(0.94918 0.0415422 6.17723e-19)
(0.94645 0.0425303 1.42345e-18)
(0.943808 0.0435547 2.25458e-18)
(0.940955 0.0446991 3.15746e-19)
(0.938086 0.0459228 1.97044e-18)
(0.935051 0.047285 -1.53847e-18)
(0.931943 0.0487495 -3.17372e-19)
(0.92869 0.0503433 -3.96527e-19)
(0.925336 0.0520284 -5.62518e-19)
(0.96935 0.0369598 1.11141e-19)
(0.965685 0.0377021 1.19309e-19)
(0.964726 0.0381774 1.10416e-19)
(0.961796 0.0389885 -4.95742e-20)
(0.960151 0.039717 -1.15171e-19)
(0.957497 0.0405988 -6.33469e-19)
(0.955439 0.0414509 -9.66469e-19)
(0.952846 0.0423982 -5.24601e-20)
(0.950507 0.0433443 -8.82196e-19)
(0.947859 0.04439 9.69288e-19)
(0.945289 0.0454757 2.36453e-19)
(0.942514 0.0466877 -2.58127e-19)
(0.939721 0.0479834 -4.21784e-19)
(0.936768 0.0494227 -2.14098e-18)
(0.933745 0.050967 -3.06558e-18)
(0.930583 0.0526426 -1.07316e-18)
(0.927325 0.0544096 -3.90571e-18)
(0.969584 0.0383327 2.37787e-19)
(0.966111 0.0391231 2.74857e-19)
(0.96519 0.039627 5.17431e-19)
(0.962396 0.0404901 1.41389e-19)
(0.960808 0.04126 5.62329e-19)
(0.958258 0.042194 -4.36102e-19)
(0.956261 0.0430935 1.30878e-20)
(0.953752 0.0440946 2.61066e-19)
(0.951474 0.045094 4.53647e-19)
(0.948899 0.0461988 1.40646e-18)
(0.94639 0.0473458 1.9942e-18)
(0.943685 0.0486248 2.02902e-19)
(0.940957 0.0499905 1.72246e-18)
(0.938078 0.0515041 -1.72132e-18)
(0.935129 0.0531245 -4.97918e-19)
(0.932049 0.0548781 -4.25468e-19)
(0.928877 0.0567227 -6.97591e-19)
(0.969533 0.0396321 2.26392e-19)
(0.966249 0.0404746 2.65325e-19)
(0.965359 0.0410105 4.85027e-19)
(0.962695 0.0419313 8.97909e-20)
(0.961153 0.0427461 4.49152e-19)
(0.958697 0.0437374 -7.14096e-19)
(0.95675 0.0446871 -7.36535e-19)
(0.954314 0.0457454 5.65716e-20)
(0.952084 0.0467997 -4.14236e-19)
(0.949571 0.047965 1.67014e-18)
(0.947112 0.0491734 1.95081e-18)
(0.944465 0.0505187 2.21643e-19)
(0.941792 0.0519525 1.55273e-18)
(0.938973 0.0535379 -2.33558e-18)
(0.936087 0.0552312 -2.28212e-18)
(0.933075 0.0570591 -5.65736e-19)
(0.929977 0.0589777 -2.40339e-18)
(0.96923 0.0408603 1.42393e-19)
(0.966137 0.0417627 1.63255e-19)
(0.965269 0.0423347 3.40816e-19)
(0.962729 0.0433215 9.04713e-20)
(0.961222 0.0441852 4.28681e-19)
(0.958851 0.04524 -2.36192e-19)
(0.95694 0.0462428 6.05428e-20)
(0.954566 0.0473623 1.38947e-19)
(0.952373 0.0484732 3.19209e-19)
(0.94991 0.0497007 8.54455e-19)
(0.947488 0.0509705 1.5164e-18)
(0.944887 0.0523817 2.37009e-19)
(0.942255 0.0538823 1.50258e-18)
(0.939485 0.0555373 -8.34106e-19)
(0.936647 0.0573008 -7.3796e-21)
(0.93369 0.0592001 4.95747e-20)
(0.930649 0.0611896 9.33584e-20)
(0.968735 0.0420143 -8.01972e-20)
(0.965838 0.042986 -1.00949e-19)
(0.964983 0.0435987 -2.67281e-19)
(0.962563 0.0446625 -1.21841e-19)
(0.961077 0.0455791 -3.99459e-19)
(0.958782 0.0467043 8.40092e-20)
(0.956895 0.0477629 -7.24226e-20)
(0.954572 0.0489472 -1.01268e-19)
(0.952403 0.0501161 -2.63578e-19)
(0.949979 0.0514071 -6.03154e-19)
(0.947583 0.0527384 -1.28935e-18)
(0.945016 0.0542146 -2.93485e-19)
(0.942413 0.0557803 -1.55059e-18)
(0.939678 0.0575026 3.55468e-19)
(0.936876 0.0593337 -1.55051e-19)
(0.933959 0.0613013 8.72326e-20)
(0.93096 0.0633586 1.69476e-19)
(0.968123 0.0430657 -6.63576e-21)
(0.965439 0.044119 -8.7994e-21)
(0.96458 0.0447778 -2.83585e-20)
(0.962282 0.0459326 -2.65551e-21)
(0.960799 0.0469036 -6.05838e-20)
(0.958574 0.0481051 1.91201e-20)
(0.956697 0.0492201 -3.83143e-20)
(0.954418 0.0504712 -3.4311e-20)
(0.952262 0.051698 -6.40102e-20)
(0.949867 0.0530522 -7.88936e-20)
(0.947486 0.0544434 -5.97448e-20)
(0.944942 0.0559827 4.1487e-20)
(0.942359 0.0576106 -3.64147e-19)
(0.939648 0.0593971 -3.1081e-20)
(0.936868 0.0612921 -3.63816e-19)
(0.933979 0.0633244 -5.85186e-19)
(0.931008 0.0654459 -1.25866e-18)
(0.967469 0.0440298 3.50326e-20)
(0.965046 0.045226 8.24411e-20)
(0.964155 0.0459375 4.92825e-20)
(0.961982 0.0472061 1.60577e-19)
(0.960485 0.0482348 -6.57364e-20)
(0.958323 0.049521 1.02765e-20)
(0.956446 0.0506958 -2.64219e-20)
(0.954199 0.052018 -5.15155e-21)
(0.952049 0.0533057 1.65559e-20)
(0.949674 0.0547259 1.25333e-19)
(0.947301 0.0561793 3.70033e-19)
(0.944772 0.057784 8.96837e-19)
(0.942198 0.0594764 -4.09662e-19)
(0.939502 0.0613294 -7.5562e-20)
(0.936736 0.063291 -3.07881e-19)
(0.933863 0.065391 -3.73305e-19)
(0.930909 0.0675803 -5.32002e-19)
(0.927856 0.0698593 -7.30671e-19)
(0.966886 0.0451213 -3.63843e-21)
(0.964796 0.0466235 -1.1247e-20)
(0.963835 0.0474287 -5.59421e-20)
(0.961767 0.0488512 -8.80669e-20)
(0.960249 0.0499786 1.43287e-20)
(0.95813 0.0513745 -4.6937e-20)
(0.956249 0.0526422 -5.93367e-20)
(0.954024 0.0540579 -9.46192e-20)
(0.951875 0.0554334 -1.51422e-19)
(0.949511 0.0569405 -3.03991e-19)
(0.947142 0.0584789 -5.90223e-19)
(0.944621 0.0601679 -1.05325e-18)
(0.942052 0.061944 2.71197e-19)
(0.939363 0.0638804 -2.61168e-19)
(0.936604 0.0659248 -2.29275e-19)
(0.933739 0.0681072 -4.40264e-19)
(0.930793 0.0703782 -7.02891e-19)
(0.92775 0.0727381 -1.19349e-18)
)
;

boundaryField
{
    inlet
    {
        type            uniformFixedValue;
        uniformValue    constant (1 0 0);
        value           nonuniform 0();
    }
    outlet
    {
        type            pressureInletOutletVelocity;
        value           nonuniform List<vector> 10((0.967995 0.0339883 3.68686e-19) (0.968818 0.0355121 2.90748e-19) (0.96935 0.0369598 1.11141e-19) (0.969584 0.0383327 2.37787e-19) (0.969533 0.0396321 2.26392e-19) (0.96923 0.0408603 1.42393e-19) (0.968735 0.0420143 -8.01972e-20) (0.968123 0.0430657 -6.63576e-21) (0.967469 0.0440298 3.50326e-20) (0.966886 0.0451213 -3.63843e-21));
    }
    polygon
    {
        type            fixedValue;
        value           nonuniform 0();
    }
    top
    {
        type            symmetryPlane;
    }
    bottom
    {
        type            symmetryPlane;
    }
    outside
    {
        type            zeroGradient;
    }
    procBoundary7to6
    {
        type            processor;
        value           nonuniform List<vector> 10((0.92185 0.0538053 2.02596e-19) (0.923943 0.0562678 -7.82464e-19) (0.925587 0.0586579 4.54804e-19) (0.926765 0.0609864 1.21688e-18) (0.9275 0.0632689 8.33224e-19) (0.927857 0.0655053 9.29427e-19) (0.927937 0.0676567 -2.42744e-18) (0.927937 0.0676567 -2.42744e-18) (0.924717 0.0721876 -6.01693e-19) (0.92462 0.0751464 -2.06536e-18));
    }
    procBoundary7to14
    {
        type            processor;
        value           nonuniform List<vector> 2((0.916526 0.0486425 2.47406e-18) (0.919358 0.0512645 6.26962e-19));
    }
    procBoundary7to15
    {
        type            processor;
        value           nonuniform List<vector> 
18
(
(0.924429 0.0416982 -9.46038e-20)
(0.92088 0.0430219 -1.63313e-20)
(0.917216 0.0444341 6.33803e-19)
(0.966898 0.0323874 3.68083e-19)
(0.962636 0.0329896 6.5782e-19)
(0.961544 0.033393 4.79863e-19)
(0.958169 0.0340661 7.67333e-19)
(0.956315 0.0346866 8.37475e-20)
(0.953303 0.0354326 1.24223e-19)
(0.951011 0.0361575 3.47545e-19)
(0.948115 0.036961 3.92693e-19)
(0.945539 0.0377576 7.70362e-19)
(0.942622 0.0386355 1.03676e-18)
(0.939816 0.0395385 1.54054e-18)
(0.936787 0.0405467 1.73385e-18)
(0.93375 0.0416216 -9.88049e-19)
(0.930536 0.0428222 -1.76167e-18)
(0.930536 0.0428222 -1.76167e-18)
)
;
    }
}


// ************************************************************************* //
