/*--------------------------------*- C++ -*----------------------------------*\
  =========                 |
  \\      /  F ield         | OpenFOAM: The Open Source CFD Toolbox
   \\    /   O peration     | Website:  https://openfoam.org
    \\  /    A nd           | Version:  7
     \\/     M anipulation  |
\*---------------------------------------------------------------------------*/
FoamFile
{
    version     2.0;
    format      ascii;
    class       volVectorField;
    location    "106";
    object      U;
}
// * * * * * * * * * * * * * * * * * * * * * * * * * * * * * * * * * * * * * //

dimensions      [0 1 -1 0 0 0 0];

internalField   nonuniform List<vector> 
115
(
(-0.225868 0.00785009 -3.65942e-18)
(-0.223616 0.00765093 -1.01953e-19)
(-0.221403 0.00741788 5.17096e-19)
(-0.219241 0.00715549 -3.30125e-18)
(-0.217135 0.00686841 1.00936e-19)
(-0.215093 0.00656127 -1.64483e-19)
(-0.213119 0.00623865 -5.74139e-18)
(-0.211217 0.00590494 -8.33835e-19)
(-0.209388 0.00556434 1.5573e-19)
(-0.207635 0.00522077 1.75369e-19)
(-0.205956 0.00487784 7.21558e-20)
(-0.204349 0.00453887 9.96411e-18)
(-0.202813 0.0042068 2.35687e-18)
(-0.201344 0.0038843 9.56518e-19)
(-0.199937 0.00357367 2.57678e-20)
(-0.198588 0.00327685 8.22979e-19)
(-0.197292 0.00299546 2.73842e-18)
(0.0581837 0.0157761 1.20866e-20)
(0.0636285 0.016128 4.38017e-19)
(-0.031178 0.0130972 1.14045e-19)
(-0.030503 0.0131488 4.42398e-20)
(-0.0296175 0.0131516 8.83455e-20)
(-0.0285175 0.0131148 1.18182e-19)
(-0.027198 0.013048 -5.85751e-20)
(-0.0256536 0.0129605 -3.99058e-20)
(-0.023878 0.0128611 4.37316e-21)
(-0.0218643 0.0127585 1.63627e-19)
(-0.0196051 0.0126607 1.22992e-19)
(-0.0170927 0.012575 1.62059e-19)
(-0.014319 0.0125081 7.22427e-20)
(-0.0112758 0.0124661 1.02878e-19)
(-0.00795464 0.0124541 1.33638e-20)
(-0.00434704 0.0124768 2.8854e-20)
(-0.000444445 0.0125379 -8.50468e-21)
(0.00376169 0.0126409 5.02566e-20)
(-0.0763443 0.012671 8.91473e-20)
(-0.0755643 0.0125991 1.32947e-19)
(-0.0746388 0.0124767 3.48419e-20)
(-0.0735665 0.0123127 4.1066e-20)
(-0.0723449 0.0121157 2.8278e-20)
(-0.0709709 0.0118944 1.86135e-19)
(-0.0694401 0.0116575 1.25799e-19)
(-0.0677477 0.0114128 1.65487e-19)
(-0.0658879 0.0111681 2.44103e-19)
(-0.0638545 0.0109304 -9.26558e-21)
(-0.0616406 0.0107061 -1.0553e-20)
(-0.0592391 0.0105011 -2.01135e-20)
(-0.0566426 0.0103204 1.54539e-19)
(-0.0538431 0.0101686 6.68519e-20)
(-0.050833 0.0100494 1.48824e-19)
(-0.047604 0.00996614 5.95946e-20)
(-0.116608 0.0121008 4.45812e-19)
(-0.115603 0.011947 4.23973e-19)
(-0.114508 0.0117431 3.89735e-19)
(-0.113325 0.0114972 5.0826e-19)
(-0.112054 0.0112172 4.18963e-19)
(-0.110692 0.0109111 4.38466e-19)
(-0.10924 0.0105867 4.05551e-19)
(-0.107693 0.0102516 4.55042e-19)
(-0.106048 0.00991269 4.13502e-19)
(-0.1043 0.00957671 4.28357e-19)
(-0.102443 0.00924967 3.4959e-19)
(-0.100473 0.00893705 4.02841e-19)
(-0.0983812 0.00864371 4.69983e-19)
(-0.096162 0.00837394 1.88192e-19)
(-0.0938081 0.00813147 -8.08432e-20)
(-0.091312 0.00791937 3.05458e-19)
(-0.152236 0.0113193 1.98928e-18)
(-0.150926 0.0111187 1.79018e-18)
(-0.149572 0.0108704 1.64695e-18)
(-0.148178 0.0105813 1.70898e-18)
(-0.146747 0.0102587 1.66082e-18)
(-0.14528 0.00990976 1.84559e-18)
(-0.143777 0.00954145 1.75543e-18)
(-0.142238 0.00916057 1.85918e-18)
(-0.140659 0.00877353 1.96382e-18)
(-0.139039 0.00838635 1.97034e-18)
(-0.137373 0.00800455 1.87951e-18)
(-0.135656 0.00763315 2.15089e-18)
(-0.133883 0.00727666 2.10788e-18)
(-0.132049 0.00693905 6.95209e-19)
(-0.130146 0.0066238 3.00036e-19)
(-0.128168 0.00633384 1.53545e-18)
(-0.183333 0.0102842 7.7002e-18)
(-0.181675 0.0100653 7.67358e-18)
(-0.18001 0.00980273 7.63961e-18)
(-0.178346 0.00950262 7.5756e-18)
(-0.176687 0.0091712 7.95897e-18)
(-0.175035 0.00881471 7.85115e-18)
(-0.173394 0.00843929 7.56765e-18)
(-0.171764 0.00805086 7.84768e-18)
(-0.170145 0.00765509 8.26975e-18)
(-0.168535 0.00725727 8.09764e-18)
(-0.166931 0.00686232 8.22655e-18)
(-0.165331 0.00647471 8.88209e-18)
(-0.16373 0.00609847 8.76524e-18)
(-0.162123 0.00573707 1.73349e-18)
(-0.160505 0.00539348 4.53853e-19)
(-0.158869 0.00507029 7.47852e-18)
(-0.209867 0.00897356 8.12093e-19)
(-0.207853 0.00875768 1.2235e-18)
(-0.205864 0.00850384 1.56466e-18)
(-0.203906 0.00821724 6.84402e-19)
(-0.201986 0.00790321 1.21509e-18)
(-0.20011 0.00756706 1.30836e-18)
(-0.198281 0.00721403 7.13478e-20)
(-0.196502 0.00684917 1.08105e-18)
(-0.194774 0.0064773 1.47757e-18)
(-0.193096 0.00610291 1.53622e-18)
(-0.191468 0.00573019 1.56763e-18)
(-0.189888 0.00536292 3.94966e-18)
(-0.188351 0.0050045 2.67163e-18)
(-0.186855 0.00465791 1.04283e-18)
(-0.185394 0.00432571 2.03563e-19)
(-0.183963 0.0040101 1.43486e-18)
)
;

boundaryField
{
    inlet
    {
        type            uniformFixedValue;
        uniformValue    constant (1 0 0);
        value           nonuniform 0();
    }
    outlet
    {
        type            pressureInletOutletVelocity;
        value           nonuniform 0();
    }
    polygon
    {
        type            fixedValue;
        value           nonuniform 0();
    }
    top
    {
        type            symmetryPlane;
    }
    bottom
    {
        type            symmetryPlane;
    }
    outside
    {
        type            zeroGradient;
    }
    procBoundary45to37
    {
        type            processor;
        value           nonuniform List<vector> 
17
(
(-0.235261 0.00709693 -2.1906e-18)
(-0.232879 0.00691475 -2.52968e-19)
(-0.230546 0.00670205 2.14464e-19)
(-0.228273 0.00646285 -6.26266e-19)
(-0.226068 0.00620127 2.29426e-19)
(-0.223937 0.00592141 -1.66626e-18)
(-0.221887 0.00562733 -6.0693e-18)
(-0.219922 0.00532293 -1.29869e-18)
(-0.218044 0.00501192 -4.41866e-19)
(-0.216255 0.00469779 -4.14807e-19)
(-0.214554 0.00438376 -2.75327e-19)
(-0.212942 0.00407277 4.512e-18)
(-0.211416 0.00376747 1.71673e-18)
(-0.209972 0.0034702 9.49355e-19)
(-0.208608 0.00318302 -3.15848e-19)
(-0.207319 0.00290767 9.1774e-19)
(-0.2061 0.00264557 5.22963e-18)
)
;
    }
    procBoundary45to38
    {
        type            processor;
        value           uniform (-0.22815 0.00801104 3.11813e-18);
    }
    procBoundary45to44
    {
        type            processor;
        value           nonuniform List<vector> 7((-0.196041 0.00273079 -5.08698e-19) (-0.182556 0.00371292 2.39989e-18) (-0.0441482 0.00992135 -9.7871e-20) (-0.0886661 0.00774022 3.27929e-19) (-0.126109 0.00607158 1.86865e-18) (-0.157209 0.00476966 8.80343e-18) (-0.182556 0.00371292 2.39989e-18));
    }
    procBoundary45to46
    {
        type            processor;
        value           nonuniform List<vector> 6((-0.0316455 0.0129877 5.60001e-20) (-0.076979 0.0126842 7.39788e-20) (-0.11752 0.012197 6.65281e-19) (-0.153498 0.0114655 1.96598e-18) (-0.184978 0.0104536 8.04788e-18) (-0.211894 0.00914652 2.42134e-18));
    }
    procBoundary45to52
    {
        type            processor;
        value           nonuniform List<vector> 2((0.0694768 0.0165305 1.90633e-19) (0.0082799 0.0127882 4.27831e-20));
    }
    procBoundary45to53
    {
        type            processor;
        value           nonuniform List<vector> 
17
(
(0.125818 0.0199499 7.15881e-19)
(0.13276 0.0206173 1.64754e-18)
(0.0193202 0.0134739 4.41961e-19)
(0.0200452 0.0136974 2.75509e-19)
(0.0210547 0.0138754 4.07521e-19)
(0.0223552 0.014018 3.45224e-19)
(0.0239537 0.014135 3.85251e-19)
(0.025858 0.0142361 2.21654e-19)
(0.0280761 0.0143309 3.02527e-19)
(0.0306167 0.014428 4.78312e-19)
(0.0334886 0.0145358 4.20258e-19)
(0.0367006 0.0146617 2.70862e-19)
(0.040262 0.0148127 2.97143e-19)
(0.0441819 0.0149946 3.91983e-19)
(0.0484695 0.0152129 3.69537e-19)
(0.0531337 0.0154721 1.76395e-19)
(0.0531337 0.0154721 1.76395e-19)
)
;
    }
}


// ************************************************************************* //
