/*--------------------------------*- C++ -*----------------------------------*\
  =========                 |
  \\      /  F ield         | OpenFOAM: The Open Source CFD Toolbox
   \\    /   O peration     | Website:  https://openfoam.org
    \\  /    A nd           | Version:  7
     \\/     M anipulation  |
\*---------------------------------------------------------------------------*/
FoamFile
{
    version     2.0;
    format      ascii;
    class       vectorField;
    location    "constant/polyMesh";
    object      points;
}
// * * * * * * * * * * * * * * * * * * * * * * * * * * * * * * * * * * * * * //


302
(
(12.87556349 0.6585786438 -0.05)
(12.75909903 0.6585786438 -0.05)
(12.64263456 0.6585786438 -0.05)
(12.52617009 0.6585786438 -0.05)
(12.40970563 0.6585786438 -0.05)
(12.29324116 0.6585786438 -0.05)
(12.1767767 0.6585786438 -0.05)
(14.15667262 0.5762563133 -0.05)
(14.04020815 0.5762563133 -0.05)
(13.92374369 0.5762563133 -0.05)
(13.80727922 0.5762563133 -0.05)
(13.69081475 0.5762563133 -0.05)
(13.57435029 0.5762563133 -0.05)
(13.45788582 0.5762563133 -0.05)
(13.34142136 0.5762563133 -0.05)
(13.22495689 0.5762563133 -0.05)
(13.10849242 0.5762563133 -0.05)
(12.99202796 0.5762563133 -0.05)
(12.87556349 0.5762563133 -0.05)
(12.75909903 0.5762563133 -0.05)
(12.64263456 0.5762563133 -0.05)
(12.52617009 0.5762563133 -0.05)
(12.40970563 0.5762563133 -0.05)
(12.29324116 0.5762563133 -0.05)
(12.1767767 0.5762563133 -0.05)
(14.15667262 0.4939339828 -0.05)
(14.04020815 0.4939339828 -0.05)
(13.92374369 0.4939339828 -0.05)
(13.80727922 0.4939339828 -0.05)
(13.69081475 0.4939339828 -0.05)
(13.57435029 0.4939339828 -0.05)
(13.45788582 0.4939339828 -0.05)
(13.34142136 0.4939339828 -0.05)
(13.22495689 0.4939339828 -0.05)
(13.10849242 0.4939339828 -0.05)
(12.99202796 0.4939339828 -0.05)
(12.87556349 0.4939339828 -0.05)
(12.75909903 0.4939339828 -0.05)
(12.64263456 0.4939339828 -0.05)
(12.52617009 0.4939339828 -0.05)
(12.40970563 0.4939339828 -0.05)
(12.29324116 0.4939339828 -0.05)
(12.1767767 0.4939339828 -0.05)
(14.15667262 0.4116116524 -0.05)
(14.04020815 0.4116116524 -0.05)
(13.92374369 0.4116116524 -0.05)
(13.80727922 0.4116116524 -0.05)
(13.69081475 0.4116116524 -0.05)
(13.57435029 0.4116116524 -0.05)
(13.45788582 0.4116116524 -0.05)
(13.34142136 0.4116116524 -0.05)
(13.22495689 0.4116116524 -0.05)
(13.10849242 0.4116116524 -0.05)
(12.99202796 0.4116116524 -0.05)
(12.87556349 0.4116116524 -0.05)
(12.75909903 0.4116116524 -0.05)
(12.64263456 0.4116116524 -0.05)
(12.52617009 0.4116116524 -0.05)
(12.40970563 0.4116116524 -0.05)
(12.29324116 0.4116116524 -0.05)
(12.1767767 0.4116116524 -0.05)
(14.15667262 0.3292893219 -0.05)
(14.04020815 0.3292893219 -0.05)
(13.92374369 0.3292893219 -0.05)
(13.80727922 0.3292893219 -0.05)
(13.69081475 0.3292893219 -0.05)
(13.57435029 0.3292893219 -0.05)
(13.45788582 0.3292893219 -0.05)
(13.34142136 0.3292893219 -0.05)
(13.22495689 0.3292893219 -0.05)
(13.10849242 0.3292893219 -0.05)
(12.99202796 0.3292893219 -0.05)
(12.87556349 0.3292893219 -0.05)
(12.75909903 0.3292893219 -0.05)
(12.64263456 0.3292893219 -0.05)
(12.52617009 0.3292893219 -0.05)
(12.40970563 0.3292893219 -0.05)
(12.29324116 0.3292893219 -0.05)
(12.1767767 0.3292893219 -0.05)
(14.15667262 0.2469669914 -0.05)
(14.04020815 0.2469669914 -0.05)
(13.92374369 0.2469669914 -0.05)
(13.80727922 0.2469669914 -0.05)
(13.69081475 0.2469669914 -0.05)
(13.57435029 0.2469669914 -0.05)
(13.45788582 0.2469669914 -0.05)
(13.34142136 0.2469669914 -0.05)
(13.22495689 0.2469669914 -0.05)
(13.10849242 0.2469669914 -0.05)
(12.99202796 0.2469669914 -0.05)
(12.87556349 0.2469669914 -0.05)
(12.75909903 0.2469669914 -0.05)
(12.64263456 0.2469669914 -0.05)
(12.52617009 0.2469669914 -0.05)
(12.40970563 0.2469669914 -0.05)
(12.29324116 0.2469669914 -0.05)
(12.1767767 0.2469669914 -0.05)
(14.15667262 0.1646446609 -0.05)
(14.04020815 0.1646446609 -0.05)
(13.92374369 0.1646446609 -0.05)
(13.80727922 0.1646446609 -0.05)
(13.69081475 0.1646446609 -0.05)
(13.57435029 0.1646446609 -0.05)
(13.45788582 0.1646446609 -0.05)
(13.34142136 0.1646446609 -0.05)
(13.22495689 0.1646446609 -0.05)
(13.10849242 0.1646446609 -0.05)
(12.99202796 0.1646446609 -0.05)
(12.87556349 0.1646446609 -0.05)
(12.75909903 0.1646446609 -0.05)
(12.64263456 0.1646446609 -0.05)
(12.52617009 0.1646446609 -0.05)
(12.40970563 0.1646446609 -0.05)
(12.29324116 0.1646446609 -0.05)
(12.1767767 0.1646446609 -0.05)
(14.15667262 0.08232233047 -0.05)
(14.04020815 0.08232233047 -0.05)
(13.92374369 0.08232233047 -0.05)
(13.80727922 0.08232233047 -0.05)
(13.69081475 0.08232233047 -0.05)
(13.57435029 0.08232233047 -0.05)
(13.45788582 0.08232233047 -0.05)
(13.34142136 0.08232233047 -0.05)
(13.22495689 0.08232233047 -0.05)
(13.10849242 0.08232233047 -0.05)
(12.99202796 0.08232233047 -0.05)
(12.87556349 0.08232233047 -0.05)
(12.75909903 0.08232233047 -0.05)
(12.64263456 0.08232233047 -0.05)
(12.52617009 0.08232233047 -0.05)
(12.40970563 0.08232233047 -0.05)
(12.29324116 0.08232233047 -0.05)
(12.1767767 0.08232233047 -0.05)
(14.15667262 0 -0.05)
(14.04020815 0 -0.05)
(13.92374369 0 -0.05)
(13.80727922 0 -0.05)
(13.69081475 0 -0.05)
(13.57435029 0 -0.05)
(13.45788582 0 -0.05)
(13.34142136 0 -0.05)
(13.22495689 0 -0.05)
(13.10849242 0 -0.05)
(12.99202796 0 -0.05)
(12.87556349 0 -0.05)
(12.75909903 0 -0.05)
(12.64263456 0 -0.05)
(12.52617009 0 -0.05)
(12.40970563 0 -0.05)
(12.29324116 0 -0.05)
(12.1767767 0 -0.05)
(12.87556349 0.6585786438 0.05)
(12.75909903 0.6585786438 0.05)
(12.64263456 0.6585786438 0.05)
(12.52617009 0.6585786438 0.05)
(12.40970563 0.6585786438 0.05)
(12.29324116 0.6585786438 0.05)
(12.1767767 0.6585786438 0.05)
(14.15667262 0.5762563133 0.05)
(14.04020815 0.5762563133 0.05)
(13.92374369 0.5762563133 0.05)
(13.80727922 0.5762563133 0.05)
(13.69081475 0.5762563133 0.05)
(13.57435029 0.5762563133 0.05)
(13.45788582 0.5762563133 0.05)
(13.34142136 0.5762563133 0.05)
(13.22495689 0.5762563133 0.05)
(13.10849242 0.5762563133 0.05)
(12.99202796 0.5762563133 0.05)
(12.87556349 0.5762563133 0.05)
(12.75909903 0.5762563133 0.05)
(12.64263456 0.5762563133 0.05)
(12.52617009 0.5762563133 0.05)
(12.40970563 0.5762563133 0.05)
(12.29324116 0.5762563133 0.05)
(12.1767767 0.5762563133 0.05)
(14.15667262 0.4939339828 0.05)
(14.04020815 0.4939339828 0.05)
(13.92374369 0.4939339828 0.05)
(13.80727922 0.4939339828 0.05)
(13.69081475 0.4939339828 0.05)
(13.57435029 0.4939339828 0.05)
(13.45788582 0.4939339828 0.05)
(13.34142136 0.4939339828 0.05)
(13.22495689 0.4939339828 0.05)
(13.10849242 0.4939339828 0.05)
(12.99202796 0.4939339828 0.05)
(12.87556349 0.4939339828 0.05)
(12.75909903 0.4939339828 0.05)
(12.64263456 0.4939339828 0.05)
(12.52617009 0.4939339828 0.05)
(12.40970563 0.4939339828 0.05)
(12.29324116 0.4939339828 0.05)
(12.1767767 0.4939339828 0.05)
(14.15667262 0.4116116524 0.05)
(14.04020815 0.4116116524 0.05)
(13.92374369 0.4116116524 0.05)
(13.80727922 0.4116116524 0.05)
(13.69081475 0.4116116524 0.05)
(13.57435029 0.4116116524 0.05)
(13.45788582 0.4116116524 0.05)
(13.34142136 0.4116116524 0.05)
(13.22495689 0.4116116524 0.05)
(13.10849242 0.4116116524 0.05)
(12.99202796 0.4116116524 0.05)
(12.87556349 0.4116116524 0.05)
(12.75909903 0.4116116524 0.05)
(12.64263456 0.4116116524 0.05)
(12.52617009 0.4116116524 0.05)
(12.40970563 0.4116116524 0.05)
(12.29324116 0.4116116524 0.05)
(12.1767767 0.4116116524 0.05)
(14.15667262 0.3292893219 0.05)
(14.04020815 0.3292893219 0.05)
(13.92374369 0.3292893219 0.05)
(13.80727922 0.3292893219 0.05)
(13.69081475 0.3292893219 0.05)
(13.57435029 0.3292893219 0.05)
(13.45788582 0.3292893219 0.05)
(13.34142136 0.3292893219 0.05)
(13.22495689 0.3292893219 0.05)
(13.10849242 0.3292893219 0.05)
(12.99202796 0.3292893219 0.05)
(12.87556349 0.3292893219 0.05)
(12.75909903 0.3292893219 0.05)
(12.64263456 0.3292893219 0.05)
(12.52617009 0.3292893219 0.05)
(12.40970563 0.3292893219 0.05)
(12.29324116 0.3292893219 0.05)
(12.1767767 0.3292893219 0.05)
(14.15667262 0.2469669914 0.05)
(14.04020815 0.2469669914 0.05)
(13.92374369 0.2469669914 0.05)
(13.80727922 0.2469669914 0.05)
(13.69081475 0.2469669914 0.05)
(13.57435029 0.2469669914 0.05)
(13.45788582 0.2469669914 0.05)
(13.34142136 0.2469669914 0.05)
(13.22495689 0.2469669914 0.05)
(13.10849242 0.2469669914 0.05)
(12.99202796 0.2469669914 0.05)
(12.87556349 0.2469669914 0.05)
(12.75909903 0.2469669914 0.05)
(12.64263456 0.2469669914 0.05)
(12.52617009 0.2469669914 0.05)
(12.40970563 0.2469669914 0.05)
(12.29324116 0.2469669914 0.05)
(12.1767767 0.2469669914 0.05)
(14.15667262 0.1646446609 0.05)
(14.04020815 0.1646446609 0.05)
(13.92374369 0.1646446609 0.05)
(13.80727922 0.1646446609 0.05)
(13.69081475 0.1646446609 0.05)
(13.57435029 0.1646446609 0.05)
(13.45788582 0.1646446609 0.05)
(13.34142136 0.1646446609 0.05)
(13.22495689 0.1646446609 0.05)
(13.10849242 0.1646446609 0.05)
(12.99202796 0.1646446609 0.05)
(12.87556349 0.1646446609 0.05)
(12.75909903 0.1646446609 0.05)
(12.64263456 0.1646446609 0.05)
(12.52617009 0.1646446609 0.05)
(12.40970563 0.1646446609 0.05)
(12.29324116 0.1646446609 0.05)
(12.1767767 0.1646446609 0.05)
(14.15667262 0.08232233047 0.05)
(14.04020815 0.08232233047 0.05)
(13.92374369 0.08232233047 0.05)
(13.80727922 0.08232233047 0.05)
(13.69081475 0.08232233047 0.05)
(13.57435029 0.08232233047 0.05)
(13.45788582 0.08232233047 0.05)
(13.34142136 0.08232233047 0.05)
(13.22495689 0.08232233047 0.05)
(13.10849242 0.08232233047 0.05)
(12.99202796 0.08232233047 0.05)
(12.87556349 0.08232233047 0.05)
(12.75909903 0.08232233047 0.05)
(12.64263456 0.08232233047 0.05)
(12.52617009 0.08232233047 0.05)
(12.40970563 0.08232233047 0.05)
(12.29324116 0.08232233047 0.05)
(12.1767767 0.08232233047 0.05)
(14.15667262 0 0.05)
(14.04020815 0 0.05)
(13.92374369 0 0.05)
(13.80727922 0 0.05)
(13.69081475 0 0.05)
(13.57435029 0 0.05)
(13.45788582 0 0.05)
(13.34142136 0 0.05)
(13.22495689 0 0.05)
(13.10849242 0 0.05)
(12.99202796 0 0.05)
(12.87556349 0 0.05)
(12.75909903 0 0.05)
(12.64263456 0 0.05)
(12.52617009 0 0.05)
(12.40970563 0 0.05)
(12.29324116 0 0.05)
(12.1767767 0 0.05)
)


// ************************************************************************* //
