/*--------------------------------*- C++ -*----------------------------------*\
  =========                 |
  \\      /  F ield         | OpenFOAM: The Open Source CFD Toolbox
   \\    /   O peration     | Website:  https://openfoam.org
    \\  /    A nd           | Version:  7
     \\/     M anipulation  |
\*---------------------------------------------------------------------------*/
FoamFile
{
    version     2.0;
    format      ascii;
    class       volVectorField;
    location    "44";
    object      U;
}
// * * * * * * * * * * * * * * * * * * * * * * * * * * * * * * * * * * * * * //

dimensions      [0 1 -1 0 0 0 0];

internalField   nonuniform List<vector> 
115
(
(-0.028198 0.176425 5.69882e-19)
(-0.141372 0.240499 -1.18234e-18)
(-0.157426 0.233468 -5.92861e-18)
(-0.223598 0.205214 -4.16391e-18)
(-0.256508 0.175369 -1.31311e-17)
(-0.301773 0.149781 -5.36682e-18)
(-0.338516 0.127763 -8.85557e-18)
(-0.372689 0.109061 -8.9786e-18)
(-0.403153 0.0929166 3.69422e-17)
(-0.42982 0.0787559 -4.06821e-18)
(-0.452962 0.0661566 2.1187e-17)
(-0.47278 0.0547786 1.86214e-17)
(-0.489463 0.044364 -2.10092e-17)
(-0.503188 0.0347195 -8.83206e-18)
(-0.514109 0.0257013 -1.75832e-17)
(-0.52236 0.0172035 -1.64773e-17)
(-0.528064 0.00915476 1.63209e-17)
(-0.0203776 0.208905 6.97898e-18)
(-0.136758 0.270024 -2.32696e-18)
(-0.138408 0.255268 -1.06951e-17)
(-0.197382 0.226249 -7.82345e-18)
(-0.223159 0.195261 -2.92968e-17)
(-0.263864 0.168394 -5.89291e-18)
(-0.296837 0.144772 -1.48136e-18)
(-0.328185 0.124211 -5.74985e-20)
(-0.356555 0.106226 5.06777e-18)
(-0.381633 0.090289 8.45418e-18)
(-0.403587 0.0760106 -4.87338e-17)
(-0.422547 0.0630632 -1.3533e-17)
(-0.43864 0.0511831 -7.56735e-17)
(-0.451998 0.0401671 -2.64758e-17)
(-0.462743 0.0298607 -1.27848e-17)
(-0.470984 0.0201504 -9.12652e-18)
(-0.00188123 0.245621 7.07987e-18)
(-0.114102 0.303181 -7.7483e-18)
(-0.0999379 0.276404 -9.82981e-18)
(-0.151238 0.249854 -1.83567e-17)
(-0.170145 0.219007 -2.46056e-17)
(-0.20577 0.191617 5.63147e-19)
(-0.23403 0.166968 2.19231e-18)
(-0.261792 0.144599 6.25544e-18)
(-0.287218 0.124662 4.52815e-18)
(-0.309974 0.106732 1.00258e-17)
(-0.330124 0.0904649 -4.38225e-17)
(-0.347707 0.0755779 -5.89889e-17)
(-0.362782 0.0618226 -8.16438e-17)
(-0.375426 0.0489957 -2.15519e-17)
(-0.385717 0.03694 -5.72266e-18)
(-0.393732 0.0255397 -5.01636e-19)
(0.0157538 0.301418 -4.18421e-19)
(-0.0692397 0.328695 1.62403e-19)
(-0.0541301 0.291235 -4.16998e-19)
(-0.0982823 0.269457 2.72587e-19)
(-0.11287 0.238508 1.15489e-18)
(-0.143862 0.211294 1.62637e-17)
(-0.167811 0.185784 9.87862e-18)
(-0.192158 0.162103 2.18412e-17)
(-0.214589 0.140647 1.25105e-17)
(-0.234909 0.121089 2.2709e-17)
(-0.253088 0.103159 1.99439e-17)
(-0.26909 0.0866166 1.14723e-18)
(-0.282924 0.0712329 3.1769e-18)
(-0.29462 0.0568129 1.8063e-17)
(-0.304222 0.0432025 8.54536e-18)
(-0.31178 0.0302878 2.00122e-17)
(0.0403139 0.313335 -2.3254e-19)
(-0.0126104 0.345066 -7.17355e-19)
(-0.00465953 0.303393 -2.08691e-18)
(-0.0406065 0.286294 -4.87128e-19)
(-0.0528303 0.254745 1.78901e-18)
(-0.0792141 0.2282 4.6985e-17)
(-0.0993643 0.201965 2.37408e-17)
(-0.120488 0.177384 6.52749e-17)
(-0.139989 0.154747 2.90585e-17)
(-0.157847 0.133865 7.85233e-17)
(-0.173952 0.114548 7.30602e-17)
(-0.188219 0.0965967 1.46785e-17)
(-0.200621 0.0798025 6.35369e-17)
(-0.211154 0.0639857 9.86084e-17)
(-0.219834 0.0490023 3.52345e-17)
(-0.226692 0.0347476 9.75145e-17)
(0.0788333 0.333521 -4.01761e-19)
(0.043659 0.355697 -9.24895e-19)
(0.0473685 0.314179 -4.57384e-18)
(0.0203342 0.300128 -3.27902e-19)
(0.00903861 0.268073 -3.15651e-18)
(-0.0125445 0.242642 4.30671e-17)
(-0.0295577 0.215702 4.58682e-17)
(-0.0475981 0.190548 6.32689e-17)
(-0.0643091 0.166993 6.0909e-17)
(-0.0797319 0.145041 7.50904e-17)
(-0.093713 0.124573 1.86792e-17)
(-0.106137 0.105422 7.03214e-18)
(-0.116957 0.0874054 1.21468e-17)
(-0.126148 0.0703616 9.29401e-17)
(-0.133712 0.0541602 8.7105e-17)
(-0.139668 0.0387078 1.0954e-16)
(0.123928 0.345173 -5.32419e-19)
(0.10179 0.361047 -7.28868e-19)
(0.102327 0.324205 -1.20948e-17)
(0.0828781 0.31053 8.87951e-19)
(0.0723531 0.279461 -1.86618e-17)
(0.0554483 0.254557 2.24056e-17)
(0.0408611 0.22728 -1.23582e-18)
(0.0258666 0.201711 3.34298e-17)
(0.0117621 0.177429 4.83961e-18)
(-0.00127359 0.154608 4.41229e-17)
(-0.0131097 0.133173 4.22724e-18)
(-0.0236159 0.112996 1.2922e-17)
(-0.032741 0.0939195 4.68548e-18)
(-0.0404509 0.075804 6.39696e-17)
(-0.0467438 0.0585348 7.88713e-18)
(-0.0516367 0.0420331 7.10236e-17)
(0.173251 0.353387 -2.20923e-18)
(0.160871 0.363396 2.31585e-18)
)
;

boundaryField
{
    inlet
    {
        type            uniformFixedValue;
        uniformValue    constant (1 0 0);
        value           nonuniform 0();
    }
    outlet
    {
        type            pressureInletOutletVelocity;
        value           nonuniform List<vector> 8((-0.028198 0 0) (-0.0203776 0 0) (-0.00188123 0 0) (0.0157538 0.301418 -4.18421e-19) (0.0403139 0.313335 -2.3254e-19) (0.0788333 0.333521 -4.01761e-19) (0.123928 0.345173 -5.32419e-19) (0.173251 0.353387 -2.20923e-18));
    }
    polygon
    {
        type            fixedValue;
        value           nonuniform 0();
    }
    top
    {
        type            symmetryPlane;
    }
    bottom
    {
        type            symmetryPlane;
    }
    outside
    {
        type            zeroGradient;
    }
    procBoundary23to15
    {
        type            processor;
        value           nonuniform List<vector> 
17
(
(0.159328 0.332778 4.41693e-18)
(0.146306 0.318001 9.94911e-18)
(0.1367 0.289241 1.13328e-17)
(0.123817 0.264029 -2.53194e-17)
(0.111524 0.236933 -1.70339e-17)
(0.0993239 0.21099 -3.39021e-17)
(0.0876754 0.186129 -1.92249e-17)
(0.0769601 0.162585 -3.97855e-17)
(0.0672553 0.140327 -6.28156e-18)
(0.0587032 0.119265 4.15319e-17)
(0.0513437 0.0992716 -5.40917e-18)
(0.045208 0.0802271 -4.83859e-17)
(0.0402902 0.0620346 -7.17124e-17)
(0.0365672 0.0446312 -5.56234e-17)
(0.224798 0.358268 -7.97281e-18)
(0.159328 0.332778 4.41693e-18)
(0.220203 0.363766 -1.98212e-17)
)
;
    }
    procBoundary23to22
    {
        type            processor;
        value           nonuniform List<vector> 7((-0.476827 0.0109569 1.25e-17) (-0.476827 0.0109569 1.25e-17) (-0.399548 0.0147141 1.05102e-17) (-0.317351 0.0179904 1.37585e-17) (-0.23177 0.0211535 3.79379e-17) (-0.144053 0.0239469 9.18434e-17) (-0.0551671 0.0262551 9.37045e-18));
    }
    procBoundary23to30
    {
        type            processor;
        value           uniform (-0.531332 0.00151296 -7.33324e-18);
    }
    procBoundary23to31
    {
        type            processor;
        value           nonuniform List<vector> 
17
(
(-0.0309227 0.156899 2.90187e-19)
(-0.140439 0.220653 -7.27127e-19)
(-0.166272 0.217185 -6.04082e-18)
(-0.23785 0.189898 -2.63988e-18)
(-0.275882 0.161357 -6.81231e-18)
(-0.324356 0.136678 -6.29896e-18)
(-0.363602 0.116014 -2.51699e-17)
(-0.399556 0.0985808 -1.53752e-17)
(-0.431315 0.083704 3.87436e-17)
(-0.458931 0.0707689 -2.91635e-17)
(-0.48276 0.0593221 2.75377e-17)
(-0.503059 0.0490287 4.64909e-17)
(-0.520059 0.0396382 -8.5157e-18)
(-0.533966 0.0309649 2.06399e-18)
(-0.544956 0.0228726 -3.47679e-17)
(-0.55318 0.0152617 -2.54868e-17)
(-0.558772 0.00806671 3.78955e-17)
)
;
    }
}


// ************************************************************************* //
