/*--------------------------------*- C++ -*----------------------------------*\
  =========                 |
  \\      /  F ield         | OpenFOAM: The Open Source CFD Toolbox
   \\    /   O peration     | Website:  https://openfoam.org
    \\  /    A nd           | Version:  7
     \\/     M anipulation  |
\*---------------------------------------------------------------------------*/
FoamFile
{
    version     2.0;
    format      ascii;
    class       volVectorField;
    location    "106";
    object      U;
}
// * * * * * * * * * * * * * * * * * * * * * * * * * * * * * * * * * * * * * //

dimensions      [0 1 -1 0 0 0 0];

internalField   nonuniform List<vector> 
175
(
(1.20918 -0.298434 -2.60876e-17)
(1.20977 -0.319759 -8.67635e-18)
(1.21189 -0.344241 -9.25342e-18)
(1.21575 -0.371124 1.09239e-17)
(1.22086 -0.404772 1.21414e-17)
(1.22823 -0.438728 1.5976e-17)
(1.20481 -0.299874 -2.83892e-17)
(1.20497 -0.321801 -8.64482e-18)
(1.2066 -0.346996 -7.43407e-18)
(1.20972 -0.374877 1.42722e-17)
(1.21399 -0.40961 1.28954e-17)
(1.21958 -0.445453 1.59624e-17)
(1.20033 -0.30123 -3.12328e-17)
(1.20004 -0.323727 -8.45657e-18)
(1.20111 -0.349586 -7.93193e-18)
(1.20343 -0.378392 1.57854e-17)
(1.20672 -0.414087 1.33025e-17)
(1.21047 -0.451627 1.70766e-17)
(1.19572 -0.302523 -3.41987e-17)
(1.19493 -0.325576 -8.21114e-18)
(1.19538 -0.352079 -8.63467e-18)
(1.19684 -0.381777 1.75384e-17)
(1.19903 -0.418367 1.38901e-17)
(1.20078 -0.457502 1.94486e-17)
(1.19097 -0.303746 -3.74193e-17)
(1.18964 -0.327339 -7.65491e-18)
(1.18942 -0.35446 -9.31232e-18)
(1.18995 -0.385007 1.94217e-17)
(1.19092 -0.422411 1.6539e-17)
(1.19056 -0.462998 2.05311e-17)
(1.18611 -0.304891 -4.0797e-17)
(1.18419 -0.329003 -1.01766e-17)
(1.18324 -0.356713 -7.20817e-18)
(1.18275 -0.388057 2.16641e-17)
(1.18237 -0.426188 1.72679e-17)
(1.17982 -0.468058 2.18365e-17)
(1.1813 -0.30595 -4.43554e-17)
(1.17879 -0.330556 -9.41548e-18)
(1.17708 -0.35882 -7.85514e-18)
(1.17553 -0.3909 2.12453e-17)
(1.17371 -0.429662 1.78178e-17)
(1.17668 -0.306928 -4.80564e-17)
(1.17365 -0.332001 -8.95256e-18)
(1.17124 -0.36078 -2.37709e-18)
(1.1687 -0.393525 2.02738e-17)
(1.16545 -0.432809 1.86585e-17)
(1.17174 -0.307843 -4.87495e-17)
(1.1682 -0.333361 -4.91254e-18)
(1.16513 -0.362616 -2.64933e-18)
(1.16168 -0.39595 2.2341e-17)
(1.15706 -0.435633 1.95862e-17)
(1.16493 -0.30868 -5.31273e-17)
(1.1605 -0.334621 -3.68087e-18)
(1.15636 -0.364321 -3.10317e-18)
(1.15162 -0.398169 2.46153e-17)
(1.14528 -0.438141 2.05131e-17)
(1.25873 -0.305562 -6.57154e-18)
(1.26568 -0.323816 -1.79684e-18)
(1.27544 -0.342571 6.26924e-18)
(1.28704 -0.365142 7.40307e-18)
(1.30003 -0.383315 9.10284e-18)
(1.2955 -0.403824 7.51407e-18)
(1.25448 -0.307505 -7.15799e-18)
(1.26116 -0.326496 -3.05481e-18)
(1.27061 -0.346194 6.18168e-18)
(1.28204 -0.370093 7.70612e-18)
(1.29514 -0.390043 9.8692e-18)
(1.2924 -0.414203 7.84608e-18)
(1.25 -0.30927 -6.20954e-18)
(1.25632 -0.328964 -2.29629e-18)
(1.26537 -0.349567 6.58863e-18)
(1.27651 -0.374767 8.08634e-18)
(1.28984 -0.396531 9.80231e-18)
(1.24536 -0.310967 -6.85409e-18)
(1.25128 -0.331354 -2.90787e-18)
(1.25985 -0.352853 6.94472e-18)
(1.27057 -0.379322 8.50422e-18)
(1.28383 -0.402863 1.05453e-17)
(1.24056 -0.312574 -7.47349e-18)
(1.24603 -0.333636 -3.5351e-18)
(1.25406 -0.356015 6.45008e-18)
(1.26424 -0.383711 8.59995e-18)
(1.27723 -0.408991 1.12537e-17)
(1.23562 -0.314084 -7.96092e-18)
(1.24059 -0.335799 -4.16672e-18)
(1.24801 -0.359033 7.92101e-18)
(1.25753 -0.387908 8.98891e-18)
(1.27002 -0.41487 1.19661e-17)
(1.2305 -0.315486 -8.50535e-18)
(1.23491 -0.337828 -3.29258e-18)
(1.24164 -0.361888 7.16294e-18)
(1.25037 -0.391883 9.42733e-18)
(1.26211 -0.420458 1.2776e-17)
(1.22519 -0.316765 -9.12675e-18)
(1.22898 -0.339704 -4.04991e-18)
(1.23493 -0.364551 6.26845e-18)
(1.24272 -0.395596 1.06379e-17)
(1.25344 -0.425704 1.35875e-17)
(1.21978 -0.317908 -9.68946e-18)
(1.22291 -0.341406 -2.84696e-18)
(1.22803 -0.366993 8.27648e-18)
(1.23478 -0.399006 1.10922e-17)
(1.24428 -0.430551 1.45885e-17)
(1.2145 -0.318915 -8.13408e-18)
(1.21704 -0.342934 -5.96799e-18)
(1.22143 -0.369209 1.0363e-17)
(1.22723 -0.4021 1.15828e-17)
(1.23556 -0.43496 1.49662e-17)
(1.29663 -0.292591 -7.56926e-19)
(1.30498 -0.304224 2.49804e-18)
(1.31243 -0.313571 4.76443e-18)
(1.31013 -0.317947 5.56533e-18)
(1.27563 -0.304995 7.16865e-18)
(1.29351 -0.294292 -1.07007e-18)
(1.30202 -0.306646 2.46535e-18)
(1.31027 -0.317058 5.06604e-18)
(1.31047 -0.323384 5.9501e-18)
(1.28229 -0.313702 6.98328e-18)
(1.29015 -0.295857 -1.45467e-18)
(1.29877 -0.308952 2.35259e-18)
(1.30788 -0.320499 5.72299e-18)
(1.31103 -0.329005 6.0886e-18)
(1.29053 -0.322963 7.26235e-18)
(1.28664 -0.29737 -1.93377e-18)
(1.29526 -0.311184 2.16766e-18)
(1.30497 -0.323812 5.43813e-18)
(1.31046 -0.334406 6.40221e-18)
(1.29667 -0.331926 7.72451e-18)
(1.28298 -0.298812 -2.40686e-18)
(1.29152 -0.313332 1.9792e-18)
(1.30165 -0.327 5.29833e-18)
(1.30909 -0.339617 6.65899e-18)
(1.30136 -0.34062 8.18574e-18)
(1.27917 -0.300178 -3.63297e-18)
(1.28755 -0.315383 1.78044e-18)
(1.29791 -0.330043 5.22908e-18)
(1.30689 -0.344599 6.02935e-18)
(1.30446 -0.348975 6.89548e-18)
(1.27519 -0.301458 -4.27518e-18)
(1.28334 -0.317326 1.5413e-18)
(1.29375 -0.332928 5.41369e-18)
(1.30385 -0.349325 6.42684e-18)
(1.30592 -0.356925 5.68427e-18)
(1.27103 -0.302641 -5.02035e-18)
(1.27886 -0.319147 1.20829e-18)
(1.28915 -0.335631 5.55638e-18)
(1.29995 -0.35376 7.50503e-18)
(1.30571 -0.364398 7.59901e-18)
(1.26677 -0.303713 -5.89182e-18)
(1.27422 -0.320826 8.12893e-19)
(1.28426 -0.33813 5.64427e-18)
(1.29542 -0.357868 7.32523e-18)
(1.30412 -0.371324 7.97384e-18)
(1.28449 -0.378637 6.93491e-18)
(1.26263 -0.304676 -5.66348e-18)
(1.26977 -0.322369 -3.4485e-19)
(1.27961 -0.340425 5.7823e-18)
(1.29098 -0.361645 7.39161e-18)
(1.30205 -0.377648 9.54362e-18)
(1.2908 -0.391795 7.29923e-18)
(1.01994 -0.20019 -6.14481e-17)
(1.06277 -0.181688 -3.15659e-17)
(1.08795 -0.314297 -6.17267e-17)
(1.00435 -0.208841 1.7725e-17)
(1.04511 -0.188398 -7.92774e-17)
(1.07202 -0.343602 -2.64938e-17)
(0.985273 -0.215372 4.61624e-18)
(1.02584 -0.195381 -6.42077e-17)
(1.05458 -0.376776 -8.59657e-18)
(0.961543 -0.218838 -1.80547e-17)
(1.00588 -0.20339 2.03592e-17)
(1.03467 -0.414442 1.41791e-17)
(0.932387 -0.218946 -3.48124e-17)
(0.986129 -0.212979 7.85904e-17)
(1.01102 -0.456191 2.95209e-17)
)
;

boundaryField
{
    inlet
    {
        type            uniformFixedValue;
        uniformValue    constant (1 0 0);
        value           nonuniform 0();
    }
    outlet
    {
        type            pressureInletOutletVelocity;
        value           nonuniform 0();
    }
    polygon
    {
        type            fixedValue;
        value           nonuniform 0();
    }
    top
    {
        type            symmetryPlane;
    }
    bottom
    {
        type            symmetryPlane;
    }
    outside
    {
        type            zeroGradient;
    }
    procBoundary17to8
    {
        type            processor;
        value           nonuniform List<vector> 5((1.01075 -0.0969648 -1.7299e-18) (1.00089 -0.0998929 -3.48186e-18) (0.992567 -0.102887 -5.71475e-18) (0.986394 -0.105846 -5.31175e-18) (0.982294 -0.108147 -1.09381e-17));
    }
    procBoundary17to9
    {
        type            processor;
        value           nonuniform List<vector> 
34
(
(1.20988 -0.279144 -2.04519e-18)
(1.21355 -0.297972 -2.13282e-17)
(1.20585 -0.280107 -2.16561e-18)
(1.20175 -0.281006 -2.21858e-18)
(1.19755 -0.281853 -5.37066e-18)
(1.19323 -0.282641 -5.72743e-18)
(1.18884 -0.283364 -9.35321e-18)
(1.1845 -0.284018 -1.34345e-17)
(1.1803 -0.284608 -1.46024e-17)
(1.17577 -0.285149 -1.20662e-17)
(1.16971 -0.285622 -1.65061e-17)
(1.25401 -0.289206 -1.43803e-17)
(1.25002 -0.29057 -1.72105e-17)
(1.24587 -0.291783 -1.69968e-17)
(1.24159 -0.292935 -1.70461e-17)
(1.23719 -0.294009 -1.87278e-17)
(1.23267 -0.295001 -1.85836e-17)
(1.22802 -0.295902 -1.84415e-17)
(1.22323 -0.296702 -2.03058e-17)
(1.21835 -0.297392 -2.18864e-17)
(1.21355 -0.297972 -2.13282e-17)
(1.28969 -0.280868 -5.92661e-18)
(1.28662 -0.282056 -6.62216e-18)
(1.28338 -0.283115 -7.93926e-18)
(1.28002 -0.284128 -8.09835e-18)
(1.27656 -0.285081 -8.9875e-18)
(1.27299 -0.285968 -9.93499e-18)
(1.26929 -0.286783 -1.0895e-17)
(1.26546 -0.287517 -1.20358e-17)
(1.26155 -0.288161 -1.18791e-17)
(1.2577 -0.288716 -1.1725e-17)
(1.03323 -0.190299 -2.43545e-17)
(1.07834 -0.174867 -8.03196e-18)
(1.10262 -0.288301 -2.85458e-17)
)
;
    }
    procBoundary17to10
    {
        type            processor;
        value           nonuniform List<vector> 5((1.29931 -0.291758 -2.04276e-19) (1.30721 -0.302618 2.97892e-18) (1.31286 -0.310499 5.42488e-18) (1.30536 -0.311665 6.46736e-18) (1.2583 -0.292971 5.3021e-18));
    }
    procBoundary17to25
    {
        type            processor;
        value           nonuniform List<vector> 
36
(
(1.23293 -0.492651 1.35169e-17)
(1.22264 -0.501081 1.41683e-17)
(1.21164 -0.508607 1.48224e-17)
(1.19972 -0.51552 1.54873e-17)
(1.18705 -0.521712 1.61343e-17)
(1.17366 -0.527124 1.67082e-17)
(1.16884 -0.472631 2.10854e-17)
(1.16884 -0.472631 2.10854e-17)
(1.15827 -0.476667 2.47168e-17)
(1.14772 -0.480124 2.62254e-17)
(1.13376 -0.482975 3.06996e-17)
(1.23422 -0.381749 1.02858e-17)
(1.2363 -0.396229 1.06895e-17)
(1.28975 -0.424601 8.12962e-18)
(1.28975 -0.424601 8.12962e-18)
(1.28585 -0.434744 8.56814e-18)
(1.28101 -0.444597 1.04383e-17)
(1.27514 -0.454072 1.09714e-17)
(1.26813 -0.46308 1.16077e-17)
(1.25985 -0.471549 1.13214e-17)
(1.25049 -0.479425 1.20723e-17)
(1.24111 -0.486642 1.27673e-17)
(1.15669 -0.263407 9.97722e-18)
(1.17513 -0.276822 8.02832e-18)
(1.19789 -0.291379 6.13452e-18)
(1.2181 -0.306175 6.62112e-18)
(1.23631 -0.321071 9.96087e-18)
(1.25223 -0.335921 1.07982e-17)
(1.26565 -0.350561 6.28669e-18)
(1.27635 -0.364839 6.73787e-18)
(1.27635 -0.364839 6.73787e-18)
(1.18328 -0.337016 1.06921e-17)
(1.21145 -0.35985 1.04322e-17)
(0.898222 -0.215912 -3.9697e-17)
(0.967149 -0.223935 3.44496e-17)
(0.980626 -0.502216 2.33837e-17)
)
;
    }
}


// ************************************************************************* //
