/*--------------------------------*- C++ -*----------------------------------*\
  =========                 |
  \\      /  F ield         | OpenFOAM: The Open Source CFD Toolbox
   \\    /   O peration     | Website:  https://openfoam.org
    \\  /    A nd           | Version:  7
     \\/     M anipulation  |
\*---------------------------------------------------------------------------*/
FoamFile
{
    version     2.0;
    format      ascii;
    class       volVectorField;
    location    "62";
    object      U;
}
// * * * * * * * * * * * * * * * * * * * * * * * * * * * * * * * * * * * * * //

dimensions      [0 1 -1 0 0 0 0];

internalField   nonuniform List<vector> 
175
(
(-0.212502 0.000147164 1.23057e-18)
(-0.212083 0.000201319 8.50094e-19)
(-0.211609 0.000272567 -2.04398e-19)
(-0.211067 0.000361742 8.37173e-19)
(-0.210447 0.000470562 -3.8917e-19)
(-0.209736 0.000601553 5.83115e-19)
(-0.140585 0.00556383 -2.07943e-21)
(-0.136699 0.00633085 -2.33288e-21)
(-0.132538 0.00721383 -4.3544e-20)
(-0.128089 0.00824072 8.60183e-20)
(-0.123325 0.00942925 4.61555e-20)
(-0.118243 0.0108305 -1.81656e-20)
(-0.112803 0.0124608 3.37712e-19)
(-0.173914 0.00141822 -1.21103e-20)
(-0.172116 0.00158704 -1.45202e-19)
(-0.170197 0.00178701 -2.02764e-19)
(-0.168146 0.0020205 -2.23838e-19)
(-0.165953 0.00229078 -2.23248e-19)
(-0.163606 0.00260223 -1.37146e-20)
(-0.161091 0.00295998 4.95641e-20)
(-0.158396 0.0033708 -3.40513e-19)
(-0.155504 0.00384209 -5.58768e-20)
(-0.152402 0.00438419 3.66542e-21)
(-0.149069 0.00500748 -1.83901e-20)
(-0.14549 0.00572819 -1.98533e-20)
(-0.141642 0.0065602 -6.43022e-21)
(-0.137509 0.00753104 2.49316e-20)
(-0.133059 0.0086577 6.65775e-20)
(-0.128288 0.0099909 -3.77608e-20)
(-0.123145 0.011546 4.62246e-19)
(-0.117663 0.0134254 6.41744e-19)
(-0.179454 0.00118648 1.10229e-19)
(-0.177858 0.00133805 -2.27893e-19)
(-0.176151 0.00151921 -4.55972e-20)
(-0.174321 0.00173217 -1.15322e-19)
(-0.172358 0.00198001 -3.24085e-19)
(-0.170251 0.00226692 1.467e-19)
(-0.167985 0.00259779 1.43811e-19)
(-0.165547 0.0029791 -2.80066e-19)
(-0.162922 0.00341797 -6.59594e-20)
(-0.160094 0.00392435 6.06263e-21)
(-0.157043 0.00450821 -8.47381e-21)
(-0.153752 0.0051853 -4.41803e-20)
(-0.150196 0.00596892 2.63125e-20)
(-0.146357 0.00688596 -2.81069e-20)
(-0.142199 0.00795265 9.13523e-20)
(-0.137716 0.00921885 -2.4479e-19)
(-0.132848 0.010699 4.10621e-19)
(-0.127625 0.0124943 6.29706e-19)
(-0.18466 0.000976874 -4.38728e-20)
(-0.183253 0.00111217 -3.60023e-19)
(-0.181743 0.0012755 1.57565e-19)
(-0.18012 0.00146888 -3.4894e-19)
(-0.178373 0.00169523 -4.67638e-19)
(-0.176489 0.00195856 9.47123e-20)
(-0.174456 0.0022635 2.67306e-19)
(-0.172259 0.00261626 -2.86337e-19)
(-0.169883 0.00302364 -7.78133e-20)
(-0.167311 0.00349521 -8.05504e-20)
(-0.164523 0.00404051 -1.20237e-20)
(-0.161501 0.00467479 -6.74464e-20)
(-0.158216 0.00541075 2.39874e-20)
(-0.154651 0.00627456 -8.42407e-21)
(-0.150765 0.00728164 1.34446e-19)
(-0.14655 0.00848088 -3.11012e-19)
(-0.141935 0.00988563 2.3247e-19)
(-0.136949 0.0115958 6.92047e-19)
(-0.18954 0.000793352 -1.28865e-19)
(-0.188309 0.000913625 -1.59429e-19)
(-0.186984 0.00106034 3.92669e-20)
(-0.185553 0.00123536 -3.2215e-19)
(-0.184007 0.00144144 -6.75272e-19)
(-0.182332 0.00168237 9.41732e-20)
(-0.180516 0.00196253 2.34123e-19)
(-0.178544 0.00228787 -2.2272e-19)
(-0.1764 0.00266483 -9.49393e-20)
(-0.174068 0.00310257 -9.52767e-20)
(-0.171524 0.00361018 2.6626e-20)
(-0.168752 0.00420234 -8.65297e-20)
(-0.16572 0.00489111 -1.61501e-20)
(-0.16241 0.00570185 -6.55056e-20)
(-0.158776 0.00664907 7.39327e-20)
(-0.154809 0.00778048 -2.56811e-19)
(-0.150427 0.00910823 1.26173e-19)
(-0.14566 0.0107304 5.83673e-19)
(-0.194102 0.000634193 -1.68497e-19)
(-0.193035 0.000740692 -1.71281e-20)
(-0.191882 0.00087206 -6.18497e-20)
(-0.190631 0.00102999 -3.75098e-19)
(-0.189271 0.00121707 -7.46058e-19)
(-0.187791 0.00143688 1.25796e-19)
(-0.186177 0.00169357 2.62563e-19)
(-0.184414 0.00199274 -4.67952e-20)
(-0.182486 0.00234051 -1.19659e-19)
(-0.180376 0.00274559 -5.65048e-20)
(-0.178061 0.00321659 2.77609e-20)
(-0.17552 0.00376755 -9.89078e-20)
(-0.172724 0.00440985 -5.18665e-20)
(-0.16965 0.00516793 -1.3225e-19)
(-0.16625 0.00605532 3.30104e-20)
(-0.162511 0.00711828 -2.51323e-19)
(-0.158345 0.00836765 3.81552e-20)
(-0.153779 0.00989912 5.45107e-19)
(-0.198355 0.000497269 -2.14903e-19)
(-0.19744 0.000591133 1.31806e-19)
(-0.196446 0.000708302 1.79842e-19)
(-0.195362 0.000850305 -1.75145e-19)
(-0.194176 0.00101957 -6.4636e-19)
(-0.192876 0.00121945 2.24431e-19)
(-0.191449 0.00145385 1.19816e-19)
(-0.189881 0.00172804 1.00174e-19)
(-0.188153 0.00204778 -3.56305e-20)
(-0.186249 0.00242133 -3.63211e-20)
(-0.184145 0.00285676 -1.69239e-20)
(-0.18182 0.00336746 -1.10234e-19)
(-0.179241 0.00396406 -5.2135e-20)
(-0.176386 0.00466999 -1.41139e-19)
(-0.173202 0.00549771 1.9716e-21)
(-0.169675 0.00649185 -1.33726e-19)
(-0.165708 0.0076618 -3.32374e-20)
(-0.161326 0.00910038 5.85942e-19)
(-0.202306 0.00038114 1.44054e-19)
(-0.201532 0.000463506 2.99825e-19)
(-0.200685 0.000567617 1.24539e-19)
(-0.199755 0.000694837 -2.25652e-20)
(-0.198729 0.000847414 -6.88484e-19)
(-0.197597 0.00102851 1.47723e-19)
(-0.196344 0.00124175 -2.2229e-20)
(-0.194955 0.00149208 2.59462e-19)
(-0.193412 0.00178487 4.30527e-20)
(-0.191699 0.00212793 -1.22629e-19)
(-0.18979 0.00252875 -6.09334e-21)
(-0.187664 0.00300005 -1.20058e-19)
(-0.185286 0.00355168 -5.26813e-20)
(-0.182634 0.00420592 -8.54543e-20)
(-0.179648 0.00497419 -2.39655e-20)
(-0.176317 0.00589923 -3.49363e-20)
(-0.172531 0.00698895 9.17203e-20)
(-0.16832 0.00833278 6.86623e-19)
(-0.205963 0.000284951 1.32862e-19)
(-0.205318 0.00035663 5.48611e-19)
(-0.204607 0.000448463 4.46555e-20)
(-0.203819 0.000561665 1.11963e-19)
(-0.202942 0.000698324 -5.83854e-19)
(-0.201963 0.0008614 1.31944e-19)
(-0.200869 0.00105424 -1.4969e-19)
(-0.199646 0.00128146 2.88356e-19)
(-0.198275 0.00154806 1.29531e-19)
(-0.196737 0.00186132 -1.42015e-19)
(-0.195008 0.0022282 1.39397e-20)
(-0.193065 0.00266064 -1.19736e-19)
(-0.190872 0.00316771 -7.4956e-20)
(-0.188406 0.00377049 -1.0104e-19)
(-0.185603 0.00447926 6.70724e-20)
(-0.182451 0.00533468 -9.41646e-20)
(-0.178832 0.00634317 2.24953e-19)
(-0.174777 0.00759022 6.57846e-19)
(-0.209331 0.000200725 6.12706e-19)
(-0.208806 0.000262457 8.34033e-19)
(-0.20822 0.000342814 -5.36632e-20)
(-0.207561 0.000442841 2.70995e-19)
(-0.20682 0.000564441 -5.89524e-19)
(-0.205983 0.000710358 4.30368e-19)
(-0.205036 0.000883653 -3.23239e-19)
(-0.203964 0.0010886 1.85627e-19)
(-0.202749 0.00132977 2.35039e-19)
(-0.201373 0.00161392 -1.05569e-19)
(-0.199808 0.00194743 4.1812e-20)
(-0.198034 0.00234141 -1.24077e-19)
(-0.196011 0.00280413 -1.01306e-19)
(-0.193714 0.00335529 -1.22797e-19)
(-0.19108 0.00400402 6.00844e-20)
(-0.188092 0.00478861 -3.2421e-19)
(-0.184625 0.005714 2.20174e-19)
(-0.180712 0.006861 7.04312e-19)
)
;

boundaryField
{
    inlet
    {
        type            uniformFixedValue;
        uniformValue    constant (1 0 0);
        value           nonuniform 0();
    }
    outlet
    {
        type            pressureInletOutletVelocity;
        value           nonuniform 0();
    }
    polygon
    {
        type            fixedValue;
        value           nonuniform 0();
    }
    top
    {
        type            symmetryPlane;
    }
    bottom
    {
        type            symmetryPlane;
    }
    outside
    {
        type            zeroGradient;
    }
    procBoundary43to34
    {
        type            processor;
        value           nonuniform List<vector> 4((-0.156322 0.0107962 1.46692e-18) (-0.163452 0.00991784 1.61002e-18) (-0.170031 0.00906157 1.64717e-18) (-0.176077 0.00821421 1.64453e-18));
    }
    procBoundary43to35
    {
        type            processor;
        value           nonuniform List<vector> 
19
(
(-0.215474 8.6554e-05 1.19084e-18)
(-0.215153 0.000132368 9.94346e-19)
(-0.21478 0.0001936 3.64093e-19)
(-0.214345 0.000270905 9.21118e-19)
(-0.213835 0.000365843 -3.57765e-19)
(-0.20892 0.000757485 -5.90022e-19)
(-0.213238 0.000480736 3.28854e-19)
(-0.20892 0.000757485 -5.90022e-19)
(-0.207984 0.000942259 1.32499e-19)
(-0.206908 0.00116002 3.86812e-19)
(-0.205674 0.00141697 -1.24734e-19)
(-0.204255 0.00171887 2.98945e-20)
(-0.202629 0.00207597 -1.36598e-19)
(-0.200754 0.00249563 -1.25586e-19)
(-0.198608 0.00299616 -9.56887e-20)
(-0.196118 0.0035854 6.78103e-20)
(-0.193273 0.00429921 -4.49264e-19)
(-0.189937 0.00514072 4.37245e-19)
(-0.186147 0.00618626 8.16057e-19)
)
;
    }
    procBoundary43to36
    {
        type            processor;
        value           nonuniform List<vector> 2((-0.212875 0.0001096 -2.19712e-19) (-0.209806 0.000156983 1.35385e-19));
    }
    procBoundary43to42
    {
        type            processor;
        value           nonuniform List<vector> 7((-0.107038 0.0144222 4.81153e-19) (-0.107038 0.0144222 4.81153e-19) (-0.111744 0.0156234 3.51776e-19) (-0.121927 0.0145986 6.35003e-19) (-0.131451 0.0136041 9.79778e-19) (-0.140343 0.0126385 1.17735e-18) (-0.148626 0.0117028 1.24861e-18));
    }
    procBoundary43to44
    {
        type            processor;
        value           nonuniform List<vector> 8((-0.1756 0.00127921 -1.62885e-18) (-0.180949 0.00106329 -1.83623e-18) (-0.185974 0.000868481 -1.89778e-18) (-0.190686 0.000698509 -1.32104e-18) (-0.195092 0.000551646 -9.10804e-19) (-0.1992 0.000425882 -6.69108e-19) (-0.203018 0.00031978 -5.43043e-19) (-0.206551 0.000232732 2.07452e-20));
    }
    procBoundary43to51
    {
        type            processor;
        value           nonuniform List<vector> 
18
(
(-0.168029 0.00168211 -7.68911e-20)
(-0.166015 0.00187027 -1.18935e-19)
(-0.16387 0.00209125 -3.81449e-19)
(-0.161584 0.00234756 -3.95731e-19)
(-0.159145 0.00264266 -1.64358e-19)
(-0.156542 0.00298114 -1.69654e-19)
(-0.153762 0.00336835 1.55746e-19)
(-0.150791 0.00381132 -3.21727e-19)
(-0.147615 0.00431777 -4.94437e-20)
(-0.144219 0.00489834 9.15533e-22)
(-0.144219 0.00489834 9.15533e-22)
(-0.116407 0.00737866 1.02678e-20)
(-0.111707 0.00826935 1.15142e-20)
(-0.106724 0.00928485 -1.67353e-20)
(-0.101449 0.0104527 2.53716e-20)
(-0.0958661 0.0117918 1.65059e-20)
(-0.0899796 0.0133509 1.49269e-20)
(-0.0837736 0.0151484 1.18455e-19)
)
;
    }
}


// ************************************************************************* //
