/*--------------------------------*- C++ -*----------------------------------*\
  =========                 |
  \\      /  F ield         | OpenFOAM: The Open Source CFD Toolbox
   \\    /   O peration     | Website:  https://openfoam.org
    \\  /    A nd           | Version:  7
     \\/     M anipulation  |
\*---------------------------------------------------------------------------*/
FoamFile
{
    version     2.0;
    format      ascii;
    class       volVectorField;
    location    "56";
    object      U;
}
// * * * * * * * * * * * * * * * * * * * * * * * * * * * * * * * * * * * * * //

dimensions      [0 1 -1 0 0 0 0];

internalField   nonuniform List<vector> 
125
(
(-0.194436 0.00443165 -1.50837e-18)
(-0.193108 0.00356073 2.3654e-18)
(-0.191924 0.002832 2.65461e-18)
(-0.190843 0.00223629 5.20482e-18)
(-0.18983 0.0017614 3.32178e-18)
(-0.188856 0.00139344 2.67955e-19)
(-0.187896 0.00111785 3.27792e-18)
(-0.186929 0.000920373 -4.49822e-19)
(-0.185939 0.000787684 1.31501e-18)
(-0.184914 0.000708191 -1.25815e-18)
(-0.183844 0.000671449 -1.07179e-17)
(-0.182721 0.000669151 -2.53332e-18)
(-0.18154 0.000694403 -1.12452e-17)
(-0.180293 0.000741851 -6.57824e-20)
(-0.178977 0.000808036 -1.05367e-18)
(-0.177585 0.000891099 -5.65148e-18)
(-0.176112 0.000991499 -2.82695e-18)
(-0.202873 0.0040629 -9.93083e-19)
(-0.20153 0.00324321 -3.27844e-18)
(-0.200373 0.00255222 4.10708e-18)
(-0.199358 0.00198235 9.90312e-19)
(-0.198448 0.00152321 5.84738e-18)
(-0.197609 0.00116266 1.05097e-18)
(-0.196814 0.000887775 9.43646e-18)
(-0.19604 0.000685692 6.48241e-19)
(-0.195267 0.000544148 5.07181e-18)
(-0.19448 0.000452722 -6.07066e-19)
(-0.193668 0.000402808 -3.00527e-18)
(-0.192822 0.000384527 -1.1701e-18)
(-0.191934 0.000391775 -4.80463e-18)
(-0.190997 0.000420241 3.61633e-18)
(-0.190005 0.000466678 3.26835e-19)
(-0.188953 0.00052865 -1.05064e-17)
(-0.187836 0.000604571 -2.44164e-18)
(-0.21036 0.00367187 -1.31969e-18)
(-0.208986 0.00291384 -1.05755e-17)
(-0.207836 0.00227067 8.36619e-18)
(-0.206864 0.00173627 -3.04087e-18)
(-0.20603 0.00130191 1.26291e-17)
(-0.205298 0.00095717 1.34e-18)
(-0.204638 0.000690797 2.05843e-18)
(-0.204023 0.000491435 -1.09582e-19)
(-0.203432 0.00034828 -6.46538e-18)
(-0.202847 0.000251906 -1.67347e-18)
(-0.202255 0.000191318 2.58443e-18)
(-0.201646 0.000162484 3.18394e-19)
(-0.201009 0.000157997 -2.10303e-18)
(-0.200338 0.000171687 1.13162e-17)
(-0.199627 0.000200077 1.0359e-18)
(-0.198869 0.000241213 -4.566e-18)
(-0.19806 0.000299693 -2.34206e-18)
(-0.216903 0.0032544 -1.65894e-18)
(-0.215489 0.00257114 -3.41463e-18)
(-0.214331 0.00198853 -5.78876e-19)
(-0.213384 0.0015017 -1.04195e-17)
(0.0191093 0.0121943 2.51631e-19)
(0.0263261 0.0127839 -3.40212e-19)
(0.0338857 0.0134162 5.28537e-19)
(0.0417976 0.0140895 -2.47992e-19)
(0.0500728 0.0148034 -1.15278e-19)
(0.0587239 0.0155589 -4.42242e-19)
(-0.08084 0.00874057 1.08226e-19)
(-0.0781681 0.00800156 1.85014e-17)
(-0.0752155 0.00746956 3.90485e-18)
(-0.0719828 0.00712091 1.9345e-17)
(-0.0684737 0.00693093 5.26737e-18)
(-0.0646936 0.00687543 8.26049e-19)
(-0.0606482 0.00693195 2.49279e-18)
(-0.0563425 0.00708065 4.29246e-19)
(-0.05178 0.0073047 2.28664e-18)
(-0.0469625 0.00759047 -2.90782e-18)
(-0.0418898 0.00792735 1.58194e-18)
(-0.0365596 0.00830751 -3.00546e-18)
(-0.0309674 0.00872568 1.95449e-18)
(-0.0251069 0.00917878 1.98957e-19)
(-0.0189703 0.00966547 -6.13251e-19)
(-0.0125485 0.0101858 -9.64587e-19)
(-0.119791 0.00725522 -4.40217e-18)
(-0.117865 0.00635959 2.63456e-18)
(-0.115772 0.00566485 1.50367e-18)
(-0.113501 0.00515108 4.4405e-18)
(-0.111043 0.00479609 1.57697e-17)
(-0.108395 0.00457721 -8.67255e-19)
(-0.105557 0.00447279 1.28945e-17)
(-0.102529 0.00446297 -1.01759e-18)
(-0.0993107 0.0045303 1.25007e-17)
(-0.0959035 0.00466018 -1.76018e-17)
(-0.0923068 0.00484081 1.18538e-17)
(-0.0885191 0.00506308 -1.61582e-17)
(-0.0845378 0.00532046 1.26842e-17)
(-0.0803584 0.00560876 -9.19486e-19)
(-0.0759757 0.00592567 -3.56907e-18)
(-0.0713829 0.00627039 -4.4713e-18)
(-0.152319 0.00612692 -2.20539e-17)
(-0.150819 0.00516537 9.03028e-20)
(-0.149273 0.00438901 7.80631e-19)
(-0.147655 0.0037815 3.99392e-18)
(-0.145948 0.00332426 -1.28583e-17)
(-0.144136 0.00299772 -1.91412e-17)
(-0.142211 0.00278251 -1.76716e-17)
(-0.140166 0.00266034 -1.98744e-17)
(-0.137996 0.00261458 -1.75591e-17)
(-0.135697 0.00263099 -2.1898e-17)
(-0.133267 0.00269752 -2.32619e-18)
(-0.130705 0.00280454 -1.88963e-17)
(-0.128005 0.00294478 -1.8591e-18)
(-0.125166 0.00311318 -1.61044e-17)
(-0.122183 0.00330663 -1.84826e-17)
(-0.11905 0.00352364 -1.86254e-17)
(-0.179094 0.00512509 -4.6608e-18)
(-0.177766 0.00419397 1.53106e-17)
(-0.176508 0.00342471 2.80539e-18)
(-0.175284 0.0028051 1.78109e-17)
(-0.174067 0.00232035 1.78184e-18)
(-0.172831 0.00195416 -2.81984e-18)
(-0.171557 0.00168974 -2.68624e-18)
(-0.170232 0.00151097 -3.54715e-18)
(-0.168843 0.00140299 -2.95859e-18)
(-0.167382 0.0013531 -3.92921e-18)
(-0.165843 0.00135025 -3.7716e-18)
(-0.164221 0.00138482 -4.32472e-18)
(-0.162511 0.00144972 -3.77897e-18)
(-0.160708 0.00153998 -3.41917e-18)
(-0.158809 0.00165226 -3.46988e-18)
(-0.156808 0.00178438 -4.84983e-18)
)
;

boundaryField
{
    inlet
    {
        type            uniformFixedValue;
        uniformValue    constant (1 0 0);
        value           nonuniform 0();
    }
    outlet
    {
        type            pressureInletOutletVelocity;
        value           nonuniform 0();
    }
    polygon
    {
        type            fixedValue;
        value           nonuniform 0();
    }
    top
    {
        type            symmetryPlane;
    }
    bottom
    {
        type            symmetryPlane;
    }
    outside
    {
        type            zeroGradient;
    }
    procBoundary44to36
    {
        type            processor;
        value           nonuniform List<vector> 
18
(
(-0.212605 0.00110338 8.13472e-18)
(-0.211956 0.000784713 -1.38567e-19)
(-0.211403 0.000535991 -4.30613e-18)
(-0.210919 0.000347176 -1.39721e-18)
(-0.210478 0.000208321 -3.27624e-18)
(-0.210063 0.000110821 -2.1075e-18)
(-0.209656 5.39636e-05 1.09622e-17)
(-0.209246 1.94322e-05 1.506e-18)
(-0.208824 5.08018e-06 -1.04653e-18)
(-0.20838 8.57763e-06 9.36061e-18)
(-0.207908 2.71807e-05 5.56201e-19)
(-0.207399 5.99065e-05 -2.53507e-18)
(-0.206849 9.75938e-05 -2.90236e-18)
(-0.222508 0.00281317 -2.42744e-18)
(-0.221049 0.00221553 2.06839e-18)
(-0.219875 0.00170373 -9.41495e-18)
(-0.212605 0.00110338 8.13472e-18)
(-0.21894 0.00127397 -2.52701e-17)
)
;
    }
    procBoundary44to37
    {
        type            processor;
        value           nonuniform List<vector> 2((-0.212004 0.00454742 -2.47664e-18) (-0.218623 0.00404012 -4.94935e-18));
    }
    procBoundary44to43
    {
        type            processor;
        value           nonuniform List<vector> 9((-0.174554 0.00110827 -1.14514e-17) (-0.154699 0.00193576 -4.42182e-18) (-0.186649 0.000694619 -5.54056e-18) (-0.197193 0.000371069 -2.91605e-18) (0.0677644 0.0163579 -3.83172e-19) (-0.00583112 0.010741 -1.07086e-18) (-0.0665723 0.00664343 -4.4455e-18) (-0.115761 0.00376421 -1.83902e-17) (-0.154699 0.00193576 -4.42182e-18));
    }
    procBoundary44to45
    {
        type            processor;
        value           nonuniform List<vector> 6((-0.195952 0.00545008 -1.69913e-18) (-0.204448 0.0050151 -1.69643e-18) (-0.0832354 0.00970746 -1.14467e-18) (-0.121569 0.00836797 -4.88265e-18) (-0.153803 0.00728505 -2.15843e-17) (-0.180532 0.00622572 -4.23782e-18));
    }
    procBoundary44to52
    {
        type            processor;
        value           nonuniform List<vector> 
17
(
(0.0917454 0.0178909 -2.53199e-20)
(0.101202 0.0187504 -9.19139e-20)
(0.111094 0.01966 -8.89234e-20)
(0.121435 0.0206191 -4.81375e-19)
(0.13224 0.0216285 -2.17386e-19)
(0.143525 0.02269 -9.447e-20)
(-0.0345538 0.0108324 1.27245e-18)
(-0.0307836 0.0103315 7.17488e-18)
(-0.0266324 0.0100342 3.12143e-18)
(-0.0221114 0.00991461 7.00724e-18)
(-0.0172325 0.00994728 2.24646e-18)
(-0.0120066 0.0101082 1.47501e-19)
(-0.00644272 0.0103758 3.21287e-19)
(-0.000547224 0.0107316 -8.06474e-20)
(0.00567646 0.0111607 6.02963e-19)
(0.0122278 0.0116512 -4.55642e-19)
(0.0122278 0.0116512 -4.55642e-19)
)
;
    }
}


// ************************************************************************* //
