/*--------------------------------*- C++ -*----------------------------------*\
  =========                 |
  \\      /  F ield         | OpenFOAM: The Open Source CFD Toolbox
   \\    /   O peration     | Website:  https://openfoam.org
    \\  /    A nd           | Version:  7
     \\/     M anipulation  |
\*---------------------------------------------------------------------------*/
FoamFile
{
    version     2.0;
    format      ascii;
    class       volVectorField;
    location    "16";
    object      U;
}
// * * * * * * * * * * * * * * * * * * * * * * * * * * * * * * * * * * * * * //

dimensions      [0 1 -1 0 0 0 0];

internalField   nonuniform List<vector> 
125
(
(0.501322 0.311469 -3.88113e-18)
(0.482479 0.325777 -7.39227e-18)
(0.462801 0.337046 -2.79186e-18)
(0.442391 0.344098 -3.14526e-18)
(0.421437 0.34581 2.01799e-17)
(0.400256 0.341253 1.02479e-17)
(0.379312 0.329842 2.10865e-17)
(0.359169 0.311473 -4.59522e-19)
(0.340455 0.286608 2.78479e-18)
(0.323774 0.256188 -4.38153e-19)
(0.309639 0.221554 -5.48086e-19)
(0.298429 0.184194 5.64561e-18)
(0.618858 0.235889 9.94076e-20)
(0.607927 0.252548 -2.24447e-19)
(0.596985 0.269965 -2.43358e-19)
(0.585977 0.287759 -1.40669e-18)
(0.574825 0.305369 -6.19086e-18)
(0.563443 0.322035 -4.40635e-18)
(0.551741 0.336795 -1.73285e-17)
(0.539652 0.348515 -4.42079e-18)
(0.527141 0.355964 -2.03693e-17)
(0.51422 0.357942 4.34647e-17)
(0.500994 0.353434 1.04725e-17)
(0.487692 0.341774 5.72819e-17)
(0.474662 0.322799 -7.0189e-18)
(0.462349 0.296936 1.82701e-18)
(0.45125 0.265158 1.43948e-18)
(0.441849 0.228857 3.49137e-18)
(0.434565 0.189611 7.10286e-18)
(0.650581 0.242246 1.52065e-19)
(0.643541 0.258703 -1.43545e-19)
(0.637063 0.275937 3.21173e-19)
(0.631131 0.293588 1.11587e-18)
(0.625694 0.311114 1.23567e-18)
(0.620663 0.327772 1.08338e-18)
(0.615914 0.342608 1.06311e-18)
(0.611303 0.354484 -2.93814e-18)
(0.606672 0.362144 -4.99872e-18)
(0.601861 0.364345 -1.29228e-17)
(0.596761 0.360007 -6.28618e-18)
(0.591353 0.348388 -9.32141e-18)
(0.585736 0.329247 4.26921e-18)
(0.580142 0.302942 -1.5293e-18)
(0.574916 0.270413 -5.85506e-19)
(0.570483 0.233057 -2.61533e-18)
(0.567276 0.192499 6.7541e-18)
(0.679025 0.246173 7.21273e-20)
(0.675425 0.262049 -2.76644e-19)
(0.67293 0.278684 2.72968e-19)
(0.671579 0.295746 2.01181e-18)
(0.671359 0.312729 3.06661e-18)
(0.672199 0.328926 2.232e-18)
(0.673964 0.343416 3.76924e-18)
(0.676457 0.355088 -3.38503e-18)
(0.679425 0.362702 -4.47935e-18)
(0.682565 0.365003 -2.26539e-17)
(0.685569 0.360877 -6.5617e-18)
(0.688183 0.349516 -1.9255e-17)
(0.690249 0.330595 6.43024e-18)
(0.691754 0.304375 -5.19163e-18)
(0.692857 0.27171 -4.399e-18)
(0.693869 0.233943 -7.413e-18)
(0.695196 0.192692 -8.22854e-18)
(0.704422 0.248013 2.54083e-19)
(0.703722 0.262959 2.25546e-19)
(0.704617 0.278604 1.05128e-18)
(0.707206 0.294649 2.52295e-18)
(0.711529 0.310636 8.0119e-18)
(0.717553 0.325907 3.60241e-18)
(0.725153 0.339601 1.51071e-17)
(0.734113 0.350662 -2.34812e-18)
(0.744118 0.357895 8.29443e-18)
(0.754762 0.360074 -5.21295e-17)
(0.765584 0.356081 -1.60793e-17)
(0.776125 0.345069 -5.7739e-17)
(0.785995 0.326633 7.29371e-18)
(0.794933 0.300924 -7.95089e-18)
(0.802879 0.268668 -4.31974e-18)
(0.809988 0.231099 -8.97838e-18)
(0.816581 0.189779 -1.40359e-17)
(0.727104 0.248144 8.56803e-20)
(0.728726 0.261864 -3.5484e-19)
(0.732348 0.276174 1.86586e-19)
(0.738137 0.290816 -7.70069e-19)
(0.746198 0.30538 -1.25537e-18)
(0.756549 0.319278 -1.78092e-18)
(0.769101 0.33172 -3.71135e-18)
(0.783645 0.34173 -4.48944e-18)
(0.799844 0.348188 -6.78067e-18)
(0.817235 0.349925 -4.97546e-18)
(0.835255 0.345855 -8.35284e-18)
(0.853302 0.335123 -1.11445e-17)
(0.870795 0.317263 -1.16357e-17)
(0.887256 0.292317 -1.26652e-17)
(0.902405 0.260863 -8.96619e-18)
(0.916214 0.223985 -1.03826e-17)
(0.928873 0.18314 -1.21364e-17)
(0.747467 0.24695 9.30278e-19)
(0.75084 0.259214 -8.07924e-19)
(0.756514 0.271912 1.13913e-18)
(0.764723 0.284824 -3.07975e-20)
(0.775642 0.297596 -1.21133e-18)
(0.789354 0.309711 -1.70967e-18)
(0.805822 0.320469 -3.78933e-18)
(0.824874 0.328988 -7.26273e-18)
(0.846183 0.334247 -1.34086e-17)
(0.869268 0.33516 -1.90728e-17)
(0.893519 0.330699 -1.6232e-17)
(0.918249 0.320029 -2.81968e-17)
(0.942753 0.302652 -2.06356e-17)
(0.966382 0.278517 -3.54209e-17)
(0.988668 0.248054 -1.9758e-17)
(1.0094 0.212174 -1.78005e-17)
(1.02862 0.172196 -2.56711e-17)
(0.7659 0.244782 3.20508e-18)
(0.770522 0.25544 -1.94612e-18)
(0.777622 0.266333 2.86258e-18)
(0.787495 0.277271 2.97018e-18)
(0.800386 0.287957 -1.18618e-18)
(0.816451 0.297949 -9.76819e-19)
(0.835725 0.306642 -2.6776e-18)
(0.858089 0.313267 -6.76718e-18)
(0.883255 0.316912 -1.75806e-17)
(0.910756 0.316598 -3.93351e-17)
(0.939974 0.311376 -1.87512e-17)
)
;

boundaryField
{
    inlet
    {
        type            uniformFixedValue;
        uniformValue    constant (1 0 0);
        value           nonuniform 0();
    }
    outlet
    {
        type            pressureInletOutletVelocity;
        value           nonuniform 0();
    }
    polygon
    {
        type            fixedValue;
        value           nonuniform 0();
    }
    top
    {
        type            symmetryPlane;
    }
    bottom
    {
        type            symmetryPlane;
    }
    outside
    {
        type            zeroGradient;
    }
    procBoundary12to4
    {
        type            processor;
        value           nonuniform List<vector> 
18
(
(0.97019 0.300451 -6.26031e-17)
(1.00063 0.283322 -3.01059e-17)
(1.03053 0.259871 -9.81545e-17)
(1.05928 0.230389 -6.53913e-17)
(1.08652 0.195614 -3.3445e-17)
(1.11214 0.156712 -9.45239e-17)
(0.782718 0.241924 1.06188e-19)
(0.788201 0.25091 -1.16537e-20)
(0.796211 0.2599 3.93544e-20)
(0.807088 0.268723 -1.84433e-19)
(0.82114 0.277128 -1.08556e-19)
(0.838597 0.284749 1.3821e-19)
(0.85957 0.29108 2.62515e-19)
(0.884019 0.295469 4.87008e-19)
(0.911717 0.297132 1.57126e-18)
(0.942237 0.29521 1.89243e-18)
(0.97019 0.300451 -6.26031e-17)
(0.97498 0.28885 3.3478e-19)
)
;
    }
    procBoundary12to5
    {
        type            processor;
        value           uniform (0.763437 0.234473 -1.01371e-18);
    }
    procBoundary12to11
    {
        type            processor;
        value           nonuniform List<vector> 7((0.29036 0.145526 1.12586e-17) (0.42969 0.148943 1.76126e-17) (0.565666 0.150342 2.5296e-17) (0.697251 0.149607 -8.46094e-18) (0.823058 0.146352 -2.6893e-17) (0.940707 0.139923 -1.19052e-17) (1.04652 0.129627 -7.73203e-18));
    }
    procBoundary12to13
    {
        type            processor;
        value           nonuniform List<vector> 6((0.629812 0.220226 -8.42617e-19) (0.658162 0.226784 -1.58604e-18) (0.683651 0.231251 -1.17181e-18) (0.706571 0.233933 -7.76031e-19) (0.727274 0.235158 -5.35303e-19) (0.746124 0.235245 -7.19645e-19));
    }
    procBoundary12to20
    {
        type            processor;
        value           nonuniform List<vector> 
18
(
(0.435309 0.296002 1.1574e-17)
(0.409381 0.309532 1.80002e-17)
(0.382251 0.320106 2.5999e-17)
(0.354151 0.326631 2.67295e-17)
(0.325434 0.328083 -4.88317e-18)
(0.296612 0.323634 -4.82352e-17)
(0.26835 0.312776 -3.81288e-18)
(0.241386 0.295439 -7.53969e-17)
(0.2165 0.272092 1.56746e-18)
(0.194376 0.243586 2.74542e-18)
(0.175537 0.211178 1.03147e-19)
(0.160339 0.176225 4.09136e-18)
(0.583754 0.226826 1.08315e-19)
(0.568602 0.243294 -1.56744e-19)
(0.552867 0.260473 -2.89129e-19)
(0.536463 0.277969 -1.2592e-18)
(0.519306 0.295219 -2.90008e-18)
(0.519306 0.295219 -2.90008e-18)
)
;
    }
}


// ************************************************************************* //
