/*--------------------------------*- C++ -*----------------------------------*\
  =========                 |
  \\      /  F ield         | OpenFOAM: The Open Source CFD Toolbox
   \\    /   O peration     | Website:  https://openfoam.org
    \\  /    A nd           | Version:  7
     \\/     M anipulation  |
\*---------------------------------------------------------------------------*/
FoamFile
{
    version     2.0;
    format      ascii;
    class       volVectorField;
    location    "12";
    object      U;
}
// * * * * * * * * * * * * * * * * * * * * * * * * * * * * * * * * * * * * * //

dimensions      [0 1 -1 0 0 0 0];

internalField   nonuniform List<vector> 
125
(
(0.985021 -0.056348 -1.79978e-18)
(0.982687 -0.0580302 -8.8622e-19)
(0.980284 -0.0597345 -2.13202e-18)
(0.977806 -0.0614558 -2.73678e-18)
(0.975258 -0.0631842 -5.48861e-18)
(0.972636 -0.0649276 -1.77946e-18)
(0.969943 -0.0666981 -5.69707e-18)
(0.967178 -0.0685194 9.338e-21)
(0.96434 -0.0704176 -2.2362e-18)
(0.961429 -0.0724204 -1.52512e-18)
(0.958444 -0.0745493 -1.83867e-18)
(0.955387 -0.0768164 -1.6939e-18)
(0.952258 -0.0792204 -1.87438e-18)
(0.949059 -0.0817456 -1.89309e-18)
(0.945792 -0.0843637 -2.11394e-18)
(0.942461 -0.0870378 -2.19387e-18)
(0.939072 -0.0897296 -2.23367e-18)
(0.985099 -0.0542001 -1.08615e-18)
(0.982756 -0.0558161 -1.47733e-18)
(0.980344 -0.0574546 -3.73922e-18)
(0.977858 -0.0591104 4.70723e-20)
(0.975301 -0.0607735 -1.98439e-18)
(0.972671 -0.0624517 -2.15751e-18)
(0.969969 -0.064157 -4.50276e-18)
(0.967194 -0.065913 -8.20069e-18)
(0.964346 -0.0677461 -7.71083e-18)
(0.961422 -0.069684 -8.36339e-18)
(0.958424 -0.0717488 -8.67053e-18)
(0.955351 -0.0739534 -8.98824e-18)
(0.952204 -0.076297 -9.47259e-18)
(0.948984 -0.078765 -1.00614e-17)
(0.945695 -0.0813299 -1.05158e-17)
(0.94234 -0.0839558 -1.08778e-17)
(0.938924 -0.0866051 -1.12661e-17)
(0.985132 -0.0525655 1.33974e-18)
(0.98277 -0.0541289 2.99532e-18)
(0.980339 -0.055715 -2.37766e-19)
(0.977833 -0.0573183 2.45688e-18)
(0.975256 -0.0589289 3.32635e-18)
(0.972606 -0.0605541 -1.88751e-19)
(0.969884 -0.062206 2.07408e-18)
(0.967087 -0.0639077 -3.45135e-18)
(0.964215 -0.0656854 -1.80061e-18)
(0.961266 -0.0675669 -2.7512e-18)
(0.958239 -0.0695744 -2.40739e-18)
(0.955133 -0.0717211 -2.6782e-18)
(0.95195 -0.0740071 -2.73598e-18)
(0.948689 -0.0764184 -3.01891e-18)
(0.945354 -0.0789285 -3.17893e-18)
(0.94195 -0.0815022 -3.29149e-18)
(0.938481 -0.0841027 -3.39219e-18)
(0.985011 -0.0509562 1.35767e-18)
(0.982617 -0.0524693 1.80464e-18)
(0.980153 -0.0540057 2.15357e-18)
(0.977613 -0.0555593 5.05544e-18)
(0.975003 -0.0571203 1.3106e-18)
(0.972319 -0.0586955 3.91832e-18)
(0.969561 -0.0602965 -9.8705e-19)
(0.966727 -0.0619464 -9.44266e-19)
(0.963816 -0.063671 -4.49595e-19)
(0.960824 -0.0654982 -6.96641e-19)
(0.95775 -0.0674505 -6.61175e-19)
(0.954592 -0.0695417 -7.87974e-19)
(0.95135 -0.0717727 -8.31489e-19)
(0.948025 -0.0741304 -7.96823e-19)
(0.94462 -0.0765891 -9.39449e-19)
(0.94114 -0.0791145 -1.02885e-18)
(0.937589 -0.0816705 -8.77293e-19)
(0.984647 -0.0492779 2.15475e-18)
(0.982206 -0.0507387 3.88469e-18)
(0.979694 -0.0522234 7.58828e-19)
(0.977106 -0.0537257 3.18126e-18)
(0.974447 -0.0552353 4.46669e-18)
(0.971713 -0.0567584 1.04773e-18)
(0.968904 -0.0583062 3.70766e-18)
(0.966016 -0.0599012 -1.6509e-18)
(0.963048 -0.0615689 2.29129e-19)
(0.959995 -0.0633375 -3.25005e-19)
(0.956855 -0.0652296 -1.70696e-19)
(0.953624 -0.0672599 -4.79273e-19)
(0.950302 -0.0694302 -2.52064e-19)
(0.94689 -0.0717286 -1.37912e-19)
(0.943391 -0.0741305 -3.24038e-19)
(0.939809 -0.0766028 -4.57519e-19)
(0.936149 -0.0791097 -1.2421e-19)
(0.983976 -0.0475579 2.3408e-18)
(0.981474 -0.0489653 -1.67916e-19)
(0.978899 -0.0503974 1.24288e-19)
(0.976248 -0.0518473 2.78363e-19)
(0.973525 -0.0533044 7.57435e-21)
(0.970725 -0.0547741 -1.26665e-19)
(0.967849 -0.0562669 -2.76072e-19)
(0.964892 -0.0578045 -5.31452e-19)
(0.961851 -0.0594122 -4.13821e-19)
(0.958721 -0.0611179 -2.67471e-19)
(0.955497 -0.0629448 -3.47787e-19)
(0.952175 -0.0649084 -4.52845e-19)
(0.948755 -0.0670117 -2.82504e-19)
(0.945237 -0.0692444 -3.61355e-19)
(0.941622 -0.0715831 -4.81801e-19)
(0.937917 -0.0739958 -4.81791e-19)
(0.934126 -0.0764475 -4.83922e-19)
(0.982969 -0.0457938 -1.41916e-18)
(0.980392 -0.0471468 -6.9499e-19)
(0.977742 -0.0485255 -1.65309e-18)
(0.975015 -0.0499225 -2.54102e-18)
(0.972214 -0.0513267 -5.58885e-18)
(0.969336 -0.0527422 -1.60605e-18)
(0.96638 -0.0541787 -6.10549e-18)
(0.963342 -0.0556569 -6.0148e-20)
(0.960216 -0.0572016 -2.01562e-18)
(0.956995 -0.0588405 -1.5385e-18)
(0.953674 -0.0605975 -1.75187e-18)
(0.950249 -0.0624891 -1.90025e-18)
(0.946717 -0.0645197 -1.82491e-18)
(0.943078 -0.0666805 -1.73624e-18)
(0.939335 -0.06895 -1.93985e-18)
(0.935491 -0.0712974 -2.06444e-18)
(0.931555 -0.0736886 -1.89266e-18)
(0.981635 -0.0439737 -1.91364e-18)
(0.978973 -0.0452714 -2.3296e-18)
(0.976238 -0.0465962 -5.01044e-18)
(0.973424 -0.0479399 -9.6268e-19)
(0.970536 -0.0492905 -3.35124e-18)
(0.967571 -0.0506512 -2.94495e-18)
)
;

boundaryField
{
    inlet
    {
        type            uniformFixedValue;
        uniformValue    constant (1 0 0);
        value           nonuniform 0();
    }
    outlet
    {
        type            pressureInletOutletVelocity;
        value           nonuniform 0();
    }
    polygon
    {
        type            fixedValue;
        value           nonuniform 0();
    }
    top
    {
        type            symmetryPlane;
    }
    bottom
    {
        type            symmetryPlane;
    }
    outside
    {
        type            zeroGradient;
    }
    procBoundary62to54
    {
        type            processor;
        value           nonuniform List<vector> 
18
(
(0.964528 -0.0520301 -6.43236e-18)
(0.9614 -0.0534471 -9.38289e-18)
(0.958181 -0.054926 -9.26529e-18)
(0.954863 -0.0564945 -1.00668e-17)
(0.95144 -0.058177 -1.03117e-17)
(0.947905 -0.059991 -1.08974e-17)
(0.944255 -0.0619429 -1.14667e-17)
(0.940489 -0.0640258 -1.17281e-17)
(0.93661 -0.0662202 -1.24388e-17)
(0.932623 -0.0684969 -1.27823e-17)
(0.928537 -0.0708226 -1.2993e-17)
(0.980015 -0.042091 -2.56514e-18)
(0.977262 -0.0433326 -1.47666e-18)
(0.974435 -0.044603 -2.94243e-18)
(0.971529 -0.045893 -3.13416e-18)
(0.96855 -0.0471901 -7.20771e-18)
(0.964528 -0.0520301 -6.43236e-18)
(0.965494 -0.0484956 -3.15426e-18)
)
;
    }
    procBoundary62to55
    {
        type            processor;
        value           uniform (0.984211 -0.0427295 -6.83762e-20);
    }
    procBoundary62to61
    {
        type            processor;
        value           nonuniform List<vector> 7((0.93563 -0.0924069 -2.33996e-18) (0.935453 -0.0892462 -1.16279e-17) (0.934952 -0.086699 -3.47919e-18) (0.933973 -0.0842263 -9.80661e-19) (0.932418 -0.0816209 -3.63061e-19) (0.930257 -0.0789081 -3.86618e-19) (0.927534 -0.0760934 -2.09082e-18));
    }
    procBoundary62to63
    {
        type            processor;
        value           nonuniform List<vector> 7((0.987279 -0.0547165 2.0878e-18) (0.987365 -0.0526352 -1.47954e-20) (0.987417 -0.0510531 6.37002e-19) (0.987327 -0.0494941 7.48982e-19) (0.987008 -0.0478684 1.36541e-18) (0.986397 -0.0462025 3.98314e-18) (0.985462 -0.0444933 3.20665e-18));
    }
}


// ************************************************************************* //
