/*--------------------------------*- C++ -*----------------------------------*\
  =========                 |
  \\      /  F ield         | OpenFOAM: The Open Source CFD Toolbox
   \\    /   O peration     | Website:  https://openfoam.org
    \\  /    A nd           | Version:  7
     \\/     M anipulation  |
\*---------------------------------------------------------------------------*/
FoamFile
{
    version     2.0;
    format      ascii;
    class       volVectorField;
    location    "60";
    object      U;
}
// * * * * * * * * * * * * * * * * * * * * * * * * * * * * * * * * * * * * * //

dimensions      [0 1 -1 0 0 0 0];

internalField   nonuniform List<vector> 
125
(
(1.24166 -0.221808 2.29017e-17)
(1.2409 -0.234621 7.98101e-18)
(1.24096 -0.248234 1.73043e-18)
(1.24202 -0.262754 -2.18489e-17)
(1.24442 -0.278546 -2.54328e-17)
(1.23552 -0.22268 3.74763e-17)
(1.23444 -0.236204 6.71229e-18)
(1.23416 -0.250641 2.17597e-18)
(1.23484 -0.266144 -2.58815e-17)
(1.23687 -0.283098 -2.8248e-17)
(1.22925 -0.222609 1.60947e-17)
(1.22783 -0.236643 -5.55346e-18)
(1.22716 -0.251675 4.46589e-18)
(1.22738 -0.26788 -4.13433e-17)
(1.22885 -0.285656 -3.31199e-17)
(1.22513 -0.209086 8.86921e-18)
(1.22269 -0.222714 2.88926e-17)
(1.22084 -0.237318 9.55727e-18)
(1.2197 -0.253014 -4.54926e-18)
(1.21936 -0.270007 -2.01e-17)
(1.22017 -0.288709 -3.7877e-17)
(1.21878 -0.208456 2.09645e-17)
(1.21593 -0.222543 3.10124e-17)
(1.21361 -0.237666 6.30354e-18)
(1.21192 -0.253968 -1.63961e-18)
(1.21092 -0.271678 -1.8003e-17)
(1.21095 -0.291218 -4.56912e-17)
(1.21235 -0.207708 1.95777e-17)
(1.20907 -0.222235 3.72489e-17)
(1.20624 -0.237857 7.87957e-18)
(1.20393 -0.254741 1.19894e-17)
(1.2022 -0.273142 -2.12445e-17)
(1.20596 -0.206793 2.22352e-17)
(1.20226 -0.221727 4.3124e-17)
(1.19894 -0.237804 5.81397e-18)
(1.19602 -0.255219 1.06251e-17)
(1.19355 -0.274244 -2.28088e-17)
(1.19942 -0.205747 2.35315e-17)
(1.19533 -0.221061 5.06518e-17)
(1.19155 -0.237562 5.15112e-18)
(1.1881 -0.255465 1.54195e-17)
(1.18498 -0.275059 -1.02527e-17)
(1.19211 -0.204566 -5.46305e-18)
(1.1875 -0.220239 4.63057e-17)
(1.18315 -0.237142 1.88842e-17)
(1.17906 -0.25551 3.25959e-18)
(1.17522 -0.275641 -2.92056e-17)
(1.18346 -0.20316 1.49669e-17)
(1.17798 -0.219158 4.43686e-17)
(1.1726 -0.236432 5.00063e-19)
(1.16729 -0.255235 -5.61528e-18)
(1.16201 -0.275877 -2.55098e-17)
(1.29036 -0.217896 2.07481e-17)
(1.2913 -0.227394 -3.10103e-18)
(1.29329 -0.237271 1.99794e-18)
(1.29666 -0.247378 -5.38823e-18)
(1.30196 -0.257698 -5.38709e-18)
(1.2863 -0.217469 2.58306e-17)
(1.28705 -0.22724 3.88087e-18)
(1.2888 -0.23743 3.42184e-18)
(1.29187 -0.247918 -6.07157e-18)
(1.29683 -0.258741 -6.40772e-18)
(1.28206 -0.217217 2.25361e-17)
(1.28258 -0.227316 2.29186e-18)
(1.28409 -0.237886 -2.59484e-18)
(1.28685 -0.248816 -6.52211e-18)
(1.29143 -0.260161 -1.39792e-17)
(1.27769 -0.216735 1.32967e-17)
(1.27798 -0.227128 4.83688e-18)
(1.27922 -0.238039 7.63508e-18)
(1.28166 -0.249377 -5.62255e-18)
(1.28582 -0.261229 -7.99975e-18)
(1.27316 -0.216176 1.15073e-17)
(1.27321 -0.226864 4.53584e-18)
(1.27417 -0.238114 -1.44381e-18)
(1.27626 -0.249856 -5.37661e-18)
(1.27996 -0.262185 -1.24958e-17)
(1.26849 -0.215469 1.51298e-17)
(1.26829 -0.226432 6.81592e-18)
(1.26895 -0.238002 2.88153e-18)
(1.27067 -0.250127 -4.45435e-18)
(1.27388 -0.262918 -1.41671e-17)
(1.2793 -0.276544 4.22725e-18)
(1.26368 -0.214629 1.72312e-17)
(1.26319 -0.225854 8.14108e-18)
(1.26353 -0.237725 3.20335e-18)
(1.26484 -0.25021 5.19428e-18)
(1.26751 -0.263426 -1.82862e-17)
(1.27218 -0.277588 2.09277e-18)
(1.25874 -0.213635 1.98425e-17)
(1.25794 -0.225097 2.03057e-17)
(1.25791 -0.237242 3.22847e-18)
(1.25878 -0.250056 6.39455e-18)
(1.26085 -0.263661 -2.1686e-17)
(1.2647 -0.278313 -5.53233e-18)
(1.25257 -0.224153 2.20131e-17)
(1.25218 -0.236538 4.14802e-18)
(1.25261 -0.249639 1.62877e-18)
(1.2541 -0.263576 -1.61112e-17)
(1.25712 -0.278643 -1.59085e-17)
(1.24714 -0.223033 1.66439e-17)
(1.2465 -0.235631 5.47328e-18)
(1.24665 -0.248986 -3.29699e-18)
(1.24779 -0.263211 -2.0439e-17)
(1.25031 -0.278638 -1.76911e-17)
(1.05805 -0.0742982 1.94069e-17)
(1.07027 -0.13945 -2.46597e-17)
(1.11884 -0.137239 1.3088e-16)
(1.14216 -0.194996 5.50486e-17)
(1.0507 -0.0777527 4.10854e-18)
(1.06043 -0.150506 1.73147e-17)
(1.11073 -0.144852 1.38271e-17)
(1.13137 -0.212038 2.86768e-17)
(1.04269 -0.0807143 -2.222e-17)
(1.04982 -0.161525 6.47632e-17)
(1.10181 -0.152087 1.46255e-17)
(1.11947 -0.230491 9.86243e-17)
(1.03387 -0.083171 -6.94259e-17)
(1.03845 -0.172443 -3.99867e-17)
(1.09193 -0.15889 6.13384e-17)
(1.1062 -0.250661 9.59115e-18)
(1.02407 -0.0851344 2.30151e-18)
(1.02644 -0.183186 -2.81617e-17)
(1.08077 -0.165169 -9.43958e-18)
(1.09122 -0.272879 -3.25794e-17)
)
;

boundaryField
{
    inlet
    {
        type            uniformFixedValue;
        uniformValue    constant (1 0 0);
        value           nonuniform 0();
    }
    outlet
    {
        type            pressureInletOutletVelocity;
        value           nonuniform 0();
    }
    polygon
    {
        type            fixedValue;
        value           nonuniform 0();
    }
    top
    {
        type            symmetryPlane;
    }
    bottom
    {
        type            symmetryPlane;
    }
    outside
    {
        type            zeroGradient;
    }
    procBoundary9to0
    {
        type            processor;
        value           nonuniform List<vector> 2((1.03396 -0.0851884 2.57501e-17) (1.02744 -0.0904857 4.22467e-17));
    }
    procBoundary9to1
    {
        type            processor;
        value           nonuniform List<vector> 
26
(
(1.24313 -0.209755 1.47059e-17)
(1.23728 -0.210005 1.67355e-17)
(1.23132 -0.209482 5.27734e-18)
(1.23132 -0.209482 5.27734e-18)
(1.22817 -0.196112 7.72595e-20)
(1.22218 -0.195087 -1.27683e-18)
(1.21613 -0.193962 1.00063e-17)
(1.21009 -0.192703 1.93056e-17)
(1.20388 -0.191337 3.19621e-17)
(1.19701 -0.189855 1.86149e-17)
(1.18909 -0.188183 1.30664e-17)
(1.29026 -0.208518 8.07768e-18)
(1.28639 -0.207862 6.94794e-18)
(1.28236 -0.207323 -2.67826e-18)
(1.2782 -0.206587 -3.00163e-18)
(1.27389 -0.205775 -5.5308e-18)
(1.26946 -0.20483 1.47769e-18)
(1.2649 -0.203767 -3.22172e-18)
(1.26023 -0.202569 -4.65749e-18)
(1.25368 -0.21248 1.10392e-17)
(1.25368 -0.21248 1.10392e-17)
(1.24847 -0.211172 1.38239e-17)
(1.06477 -0.0703551 2.36808e-17)
(1.07938 -0.128424 -1.04495e-17)
(1.12626 -0.129263 3.07425e-17)
(1.15204 -0.179176 2.69973e-17)
)
;
    }
    procBoundary9to2
    {
        type            processor;
        value           nonuniform List<vector> 3((1.29895 -0.217102 1.34876e-17) (1.30031 -0.225676 -1.25791e-18) (1.30277 -0.234493 5.80182e-19));
    }
    procBoundary9to8
    {
        type            processor;
        value           nonuniform List<vector> 3((1.02053 -0.0952761 4.3128e-17) (1.0133 -0.0994502 5.93877e-17) (1.00581 -0.102822 1.84051e-17));
    }
    procBoundary9to10
    {
        type            processor;
        value           nonuniform List<vector> 2((1.30666 -0.243395 -4.38708e-18) (1.31239 -0.25232 -3.29335e-18));
    }
    procBoundary9to17
    {
        type            processor;
        value           nonuniform List<vector> 
26
(
(1.24893 -0.295694 -4.91525e-18)
(1.24093 -0.301701 -7.39943e-19)
(1.23223 -0.305248 -1.22634e-17)
(1.22276 -0.309444 -9.79649e-18)
(1.21257 -0.31297 -2.51389e-17)
(1.20131 -0.293489 -5.38224e-17)
(1.20131 -0.293489 -5.38224e-17)
(1.19173 -0.295318 -6.41524e-17)
(1.18236 -0.296787 -6.328e-17)
(1.17176 -0.297979 -6.65092e-17)
(1.15685 -0.298802 -8.2403e-17)
(1.30947 -0.267899 -3.96329e-18)
(1.30428 -0.269768 -2.81831e-18)
(1.2985 -0.271857 -4.04158e-18)
(1.29248 -0.273639 -3.11235e-19)
(1.28602 -0.275209 -2.38767e-18)
(1.28602 -0.275209 -2.38767e-18)
(1.28802 -0.291053 -5.64053e-19)
(1.27998 -0.292822 -1.53109e-18)
(1.27142 -0.294181 3.42824e-18)
(1.2627 -0.295006 -5.17321e-19)
(1.25514 -0.295392 7.62951e-18)
(1.01311 -0.086688 -3.75566e-18)
(1.014 -0.193645 -7.59855e-17)
(1.06767 -0.170772 -3.8386e-17)
(1.07428 -0.297568 -7.63919e-17)
)
;
    }
}


// ************************************************************************* //
