/*--------------------------------*- C++ -*----------------------------------*\
  =========                 |
  \\      /  F ield         | OpenFOAM: The Open Source CFD Toolbox
   \\    /   O peration     | Website:  https://openfoam.org
    \\  /    A nd           | Version:  7
     \\/     M anipulation  |
\*---------------------------------------------------------------------------*/
FoamFile
{
    version     2.0;
    format      ascii;
    class       volVectorField;
    location    "30";
    object      U;
}
// * * * * * * * * * * * * * * * * * * * * * * * * * * * * * * * * * * * * * //

dimensions      [0 1 -1 0 0 0 0];

internalField   nonuniform List<vector> 
125
(
(-0.128089 0.0101268 1.49246e-17)
(-0.12291 0.0113684 1.54472e-17)
(-0.117416 0.0128226 2.0291e-17)
(-0.111593 0.0145496 -6.65713e-18)
(-0.105428 0.0166187 1.38386e-17)
(-0.0989292 0.0191248 -1.27701e-17)
(-0.0920986 0.0221756 -2.63624e-18)
(-0.0850386 0.025941 -3.30621e-18)
(-0.0777467 0.0305782 -8.46113e-19)
(-0.0707677 0.0363998 -1.19624e-20)
(-0.0635763 0.0436169 -2.45778e-19)
(-0.0591321 0.0522102 5.90852e-18)
(-0.0526815 0.0634226 -1.23247e-19)
(-0.0560089 0.0711262 -2.96922e-17)
(-0.0470359 0.0839124 -7.94906e-18)
(-0.0370043 0.0508103 -4.31642e-17)
(-0.148913 0.00857371 -4.39616e-18)
(-0.144268 0.00969325 -6.78372e-18)
(-0.13928 0.0110122 5.10585e-18)
(-0.13392 0.0125888 -1.97203e-17)
(-0.128154 0.0144916 -5.41751e-18)
(-0.121961 0.0168153 -3.20985e-17)
(-0.115298 0.0196714 -4.94405e-18)
(-0.108218 0.0232335 -6.42683e-18)
(-0.100609 0.0276867 -2.13788e-18)
(-0.0929391 0.0333244 6.08738e-20)
(-0.0844418 0.0405243 -1.92356e-19)
(-0.0777843 0.0490539 1.34533e-17)
(-0.0681437 0.0607802 6.24368e-19)
(-0.0652328 0.0684388 -2.37771e-17)
(-0.0500904 0.0804104 -7.02461e-18)
(-0.0252868 0.0465856 -1.90988e-17)
(-0.166971 0.00719363 -2.06615e-17)
(-0.162778 0.00819043 -3.3197e-17)
(-0.158215 0.00937037 -3.63199e-18)
(0.929566 0.145402 8.99363e-19)
(0.991297 0.162752 6.37302e-19)
(1.05582 0.182671 2.3267e-18)
(1.12083 0.205075 2.69159e-18)
(1.17881 0.233182 4.31285e-18)
(0.30005 0.0423764 4.51738e-19)
(0.319572 0.0448157 3.52407e-19)
(0.340129 0.0474507 7.37836e-19)
(0.361845 0.0503219 1.63357e-19)
(0.384876 0.0534723 3.56363e-19)
(0.409425 0.05695 3.12994e-19)
(0.435766 0.0608119 3.91585e-19)
(0.464268 0.0651321 2.2029e-19)
(0.495443 0.0700153 6.63087e-20)
(0.529998 0.0756096 -3.12849e-19)
(0.568877 0.082141 -1.21957e-19)
(0.613279 0.0899736 2.08975e-19)
(0.664656 0.0997339 1.70137e-19)
(0.724938 0.112163 5.13441e-19)
(0.795537 0.128499 2.30238e-18)
(0.879982 0.146811 2.97922e-18)
(0.959726 0.178325 4.52035e-18)
(0.166675 0.0309006 3.18008e-19)
(0.181028 0.0328188 -7.4475e-20)
(0.195979 0.0348877 1.6615e-19)
(0.211562 0.0371378 2.79487e-19)
(0.22782 0.0395959 6.94739e-20)
(0.244802 0.0422849 8.2211e-20)
(0.262574 0.0452189 1.52228e-19)
(0.281235 0.0484008 4.90626e-19)
(0.30093 0.0518182 3.70375e-19)
(0.321911 0.0554255 5.75311e-19)
(0.344588 0.0591451 -6.01272e-20)
(0.369704 0.0628496 3.22564e-20)
(0.398431 0.0666012 1.02762e-19)
(0.434103 0.0700236 1.895e-19)
(0.477314 0.0760281 2.01138e-18)
(0.547687 0.0783145 3.93791e-18)
(0.61056 0.100782 9.52451e-18)
(0.0577526 0.022475 7.65317e-19)
(0.0682634 0.0240923 4.07448e-19)
(0.0791275 0.0258585 2.96359e-19)
(0.0903337 0.0278081 3.72051e-19)
(0.101862 0.0299731 -2.09288e-19)
(0.113674 0.0323856 6.62952e-19)
(0.125709 0.0350686 4.58988e-19)
(0.137881 0.0380339 8.11162e-19)
(0.150053 0.0412777 -5.84865e-19)
(0.162052 0.0447426 7.043e-19)
(0.173603 0.0483212 5.70797e-19)
(0.184543 0.0516532 -4.6721e-19)
(0.193815 0.0546204 -4.05421e-19)
(0.204541 0.0547462 -3.00321e-19)
(0.207247 0.0547861 2.41874e-19)
(0.233637 0.0412181 2.64784e-18)
(0.222596 0.0336844 1.00236e-17)
(-0.0289908 0.0162779 -1.47837e-19)
(-0.0212176 0.0176936 8.13015e-19)
(-0.0131755 0.0192701 8.58089e-19)
(-0.00488371 0.0210501 1.47152e-18)
(0.00362865 0.0230801 -7.80796e-19)
(0.0123117 0.0254087 4.91845e-19)
(0.021078 0.0280901 -2.2395e-19)
(0.0298026 0.0311759 -1.76698e-20)
(0.0382692 0.0347285 -5.01252e-19)
(0.0461902 0.0387683 5.31895e-19)
(0.0529757 0.0433671 2.74015e-19)
(0.0583627 0.0482343 -5.64954e-20)
(0.0594591 0.0537333 5.71094e-20)
(0.060481 0.0576733 -6.89087e-19)
(0.0434797 0.0606271 -1.84363e-18)
(0.0439421 0.0581583 -6.79413e-20)
(-0.0249169 0.028007 3.1236e-18)
(-0.0964244 0.011823 -1.92393e-18)
(-0.0905792 0.0130574 3.64802e-18)
(-0.0844599 0.0144631 3.11766e-18)
(-0.0780697 0.016088 5.39992e-18)
(-0.0714187 0.0179907 -1.53569e-18)
(-0.0645268 0.0202343 3.43015e-18)
(-0.0574445 0.022904 -2.53057e-18)
(-0.0502434 0.0260902 -3.9093e-19)
(-0.0430928 0.0299347 -1.15139e-18)
(-0.0361625 0.0345341 1.20127e-19)
(-0.0300841 0.0401974 1.27606e-18)
(-0.0246866 0.0468165 3.07545e-19)
(-0.0233014 0.0548859 7.15424e-19)
(-0.0213287 0.0640171 -3.13388e-20)
(-0.0340581 0.0712638 -8.59648e-18)
(-0.036323 0.0837888 -3.67335e-18)
(-0.0752323 0.0529115 -1.12979e-17)
)
;

boundaryField
{
    inlet
    {
        type            uniformFixedValue;
        uniformValue    constant (1 0 0);
        value           nonuniform 0();
    }
    outlet
    {
        type            pressureInletOutletVelocity;
        value           nonuniform 0();
    }
    polygon
    {
        type            fixedValue;
        value           uniform (0 0 0);
    }
    top
    {
        type            symmetryPlane;
    }
    bottom
    {
        type            symmetryPlane;
    }
    outside
    {
        type            zeroGradient;
    }
    procBoundary42to33
    {
        type            processor;
        value           nonuniform List<vector> 4((0.720574 0.111777 1.31357e-17) (0.309277 0.0285316 2.71977e-17) (0.00605273 0.0196691 2.80584e-17) (-0.0692558 0.030633 -5.44185e-18));
    }
    procBoundary42to34
    {
        type            processor;
        value           nonuniform List<vector> 
17
(
(-0.153239 0.0107881 -9.45255e-18)
(-0.147794 0.0125088 -2.3652e-17)
(-0.141834 0.0146231 -3.38207e-17)
(-0.135269 0.0172405 -4.25397e-18)
(-0.128107 0.0205281 -1.36616e-17)
(-0.120125 0.024685 -3.11033e-18)
(-0.111707 0.0299825 5.28918e-20)
(-0.101863 0.0369097 -6.06111e-19)
(-0.0929455 0.0450836 2.75168e-17)
(-0.0801453 0.0566702 2.47739e-18)
(-0.0714151 0.0640794 -3.555e-17)
(-0.0512652 0.0744219 -7.39446e-18)
(-0.0196699 0.0431428 -1.51232e-17)
(-0.182428 0.00594398 -9.16475e-18)
(-0.178615 0.00681279 -4.27877e-17)
(-0.153239 0.0107881 -9.45255e-18)
(-0.174407 0.00784573 -8.50698e-18)
)
;
    }
    procBoundary42to35
    {
        type            processor;
        value           uniform (-0.170828 0.00633736 -2.61829e-17);
    }
    procBoundary42to41
    {
        type            processor;
        value           nonuniform List<vector> 2((1.2206 0.248331 4.50177e-18) (1.03927 0.192216 5.12898e-18));
    }
    procBoundary42to43
    {
        type            processor;
        value           nonuniform List<vector> 8((-0.132966 0.00904971 -9.75171e-18) (-0.132966 0.00904971 -9.75171e-18) (-0.153239 0.0076077 -2.65506e-17) (0.281464 0.040093 -1.14974e-19) (0.152886 0.0291001 5.31312e-19) (0.0475998 0.0209712 6.35721e-20) (-0.0364837 0.0149835 1.07615e-18) (-0.101995 0.0107178 5.20521e-18));
    }
    procBoundary42to50
    {
        type            processor;
        value           nonuniform List<vector> 
18
(
(1.13053 0.185194 1.56913e-18)
(1.17563 0.201827 1.10181e-18)
(1.21786 0.219811 2.28855e-18)
(1.25521 0.239465 2.36161e-18)
(1.28458 0.261172 4.96269e-18)
(0.457856 0.0578325 3.86116e-19)
(0.483614 0.0611425 -6.57882e-20)
(0.510917 0.0647612 3.41931e-19)
(0.539962 0.0687596 4.77833e-19)
(0.570982 0.0732227 8.8156e-20)
(0.604256 0.0782563 3.05488e-19)
(0.640115 0.0839935 -3.45118e-20)
(0.678936 0.0906045 -2.84042e-19)
(0.721132 0.0983006 -2.28581e-19)
(0.767107 0.10733 -1.63148e-19)
(0.817172 0.117974 1.37427e-19)
(0.871399 0.130551 8.57025e-19)
(0.871399 0.130551 8.57025e-19)
)
;
    }
}


// ************************************************************************* //
