/*--------------------------------*- C++ -*----------------------------------*\
  =========                 |
  \\      /  F ield         | OpenFOAM: The Open Source CFD Toolbox
   \\    /   O peration     | Website:  https://openfoam.org
    \\  /    A nd           | Version:  7
     \\/     M anipulation  |
\*---------------------------------------------------------------------------*/
FoamFile
{
    version     2.0;
    format      ascii;
    class       volVectorField;
    location    "80";
    object      U;
}
// * * * * * * * * * * * * * * * * * * * * * * * * * * * * * * * * * * * * * //

dimensions      [0 1 -1 0 0 0 0];

internalField   nonuniform List<vector> 
175
(
(-0.176092 -0.0080859 -2.27956e-18)
(-0.170936 -0.00983835 2.38294e-18)
(-0.164582 -0.0119075 1.22861e-19)
(-0.157772 -0.0146503 -1.85914e-18)
(-0.148731 -0.0179734 1.30341e-18)
(-0.139794 -0.0222628 -5.92339e-19)
(-0.126377 -0.0281636 -3.81319e-18)
(-0.114607 -0.0341216 -2.20624e-18)
(-0.0946813 -0.045229 -1.49466e-19)
(-0.0767569 -0.0493018 4.39093e-19)
(-0.0512042 -0.0602534 -2.34702e-18)
(-0.0127204 -0.0402132 -6.29283e-20)
(-0.170047 -0.0089344 -2.92035e-18)
(-0.164799 -0.0108342 2.1932e-18)
(-0.158427 -0.0130756 -2.47451e-18)
(-0.151636 -0.0160456 -1.45186e-18)
(-0.142774 -0.0196239 2.03812e-18)
(-0.134112 -0.0242781 6.04213e-19)
(-0.121243 -0.0305544 -4.06389e-18)
(-0.110398 -0.0370395 -1.30478e-18)
(-0.091591 -0.0487069 -1.2555e-18)
(-0.075927 -0.0528574 3.35165e-19)
(-0.0519069 -0.0643648 -5.90771e-19)
(-0.0133297 -0.039927 1.66479e-18)
(-0.163468 -0.00979181 -3.97276e-18)
(-0.15812 -0.0118316 2.56799e-18)
(-0.151725 -0.0142358 -1.70605e-18)
(-0.144956 -0.0174179 -1.24591e-18)
(-0.136282 -0.0212272 3.26503e-18)
(-0.12792 -0.026219 1.91594e-18)
(-0.115646 -0.0328068 -2.85286e-18)
(-0.105804 -0.0397827 -2.24919e-18)
(-0.0882153 -0.0518534 -5.48564e-19)
(-0.0750316 -0.0560582 4.98339e-19)
(-0.0524987 -0.0680385 -1.11782e-18)
(-0.0140165 -0.0394343 1.8265e-18)
(-0.15634 -0.0106714 -3.64736e-18)
(-0.150882 -0.0128459 3.55407e-18)
(-0.144458 -0.0154056 -1.37287e-18)
(-0.13771 -0.0187875 -1.24424e-18)
(-0.129234 -0.0228099 3.2536e-18)
(-0.121194 -0.0281123 1.29998e-18)
(-0.109557 -0.0349669 -6.16973e-20)
(-0.100785 -0.0423823 -1.45582e-18)
(-0.0845101 -0.054741 -1.12161e-20)
(-0.0740094 -0.058977 8.06539e-19)
(-0.0529501 -0.0714489 2.5281e-19)
(-0.0148903 -0.0390561 2.75996e-18)
(-0.148645 -0.0115792 -1.59086e-20)
(-0.143065 -0.0138833 3.31296e-18)
(-0.136606 -0.016591 8.05574e-19)
(-0.129877 -0.0201603 -1.71084e-18)
(-0.121605 -0.0243776 5.85675e-18)
(-0.113904 -0.0299634 9.32129e-19)
(-0.102939 -0.0370353 6.94264e-19)
(-0.0952925 -0.0448418 -9.32481e-19)
(-0.20185 -0.000317267 2.75965e-18)
(-0.195493 -0.000440857 2.4972e-18)
(-0.188495 -0.000597552 4.80226e-19)
(-0.178501 -0.000798942 3.35042e-18)
(-0.168017 -0.0010325 1.86975e-18)
(-0.151946 -0.00138588 9.22685e-18)
(-0.13525 -0.00170237 -2.25373e-18)
(-0.109935 -0.00232869 -2.32957e-18)
(-0.0813987 -0.00261424 3.00463e-18)
(-0.0465144 -0.0030905 3.27507e-18)
(-0.00938392 -0.0023292 9.24544e-19)
(-0.206075 -0.000968525 6.1822e-18)
(-0.201297 -0.00124259 3.76118e-18)
(-0.194941 -0.00157266 3.44041e-18)
(-0.187945 -0.00200421 2.04779e-19)
(-0.177967 -0.00255217 7.50622e-18)
(-0.167511 -0.00321862 2.73803e-18)
(-0.151483 -0.00421482 1.01515e-17)
(-0.134879 -0.00514614 -1.37708e-18)
(-0.109656 -0.00697437 -3.33496e-18)
(-0.0813045 -0.00781215 2.7635e-18)
(-0.046618 -0.00921856 4.28233e-18)
(-0.00946249 -0.00681608 2.57614e-19)
(-0.204983 -0.0017252 6.36906e-18)
(-0.200191 -0.0021727 5.1518e-18)
(-0.193834 -0.00270875 8.91595e-19)
(-0.186845 -0.00341451 8.38236e-20)
(-0.176898 -0.00430232 9.08199e-18)
(-0.166499 -0.00540113 -2.93167e-19)
(-0.150559 -0.007026 9.11078e-18)
(-0.134139 -0.00857129 2.54229e-18)
(-0.109103 -0.0115782 -5.12953e-18)
(-0.0811202 -0.0129444 3.2816e-18)
(-0.0468198 -0.0152584 6.20484e-18)
(-0.00961243 -0.0110948 3.04696e-18)
(-0.203342 -0.00248936 3.75086e-18)
(-0.198528 -0.00310958 3.18902e-18)
(-0.192171 -0.00385039 -1.74382e-18)
(-0.185192 -0.00482949 -3.67913e-19)
(-0.175295 -0.00605418 8.3411e-18)
(-0.164982 -0.0075846 6.01977e-20)
(-0.149177 -0.00982942 5.74472e-18)
(-0.133035 -0.0119863 2.86202e-18)
(-0.10828 -0.0161552 -4.18124e-18)
(-0.0808506 -0.0180221 7.69641e-19)
(-0.0471151 -0.0212479 5.49276e-18)
(-0.00982679 -0.0152398 2.91922e-18)
(-0.201148 -0.0032626 1.42686e-18)
(-0.196307 -0.00405425 1.64748e-18)
(-0.18995 -0.00499767 -1.15534e-18)
(-0.182986 -0.00624779 -6.73598e-19)
(-0.173155 -0.00780411 5.28321e-18)
(-0.16296 -0.00976274 5.54586e-21)
(-0.147336 -0.0126124 3.5399e-18)
(-0.131565 -0.0153738 -4.83976e-19)
(-0.107188 -0.0206799 -1.33614e-19)
(-0.0804997 -0.0230136 2.15432e-18)
(-0.0474992 -0.0271763 5.83634e-18)
(-0.0100993 -0.0192733 3.27013e-18)
(-0.198395 -0.00404567 -7.5412e-19)
(-0.19352 -0.00500683 3.17701e-19)
(-0.187164 -0.00614989 -4.94191e-19)
(-0.180219 -0.00766725 -1.0423e-18)
(-0.170473 -0.00954737 3.34381e-18)
(-0.160426 -0.0119279 -4.83879e-19)
(-0.145034 -0.0153616 1.93476e-18)
(-0.129725 -0.0187153 -3.51417e-19)
(-0.105824 -0.0251257 3.93691e-18)
(-0.0800705 -0.0278849 3.97977e-18)
(-0.0479662 -0.0330267 3.46285e-18)
(-0.0104243 -0.0232025 4.15328e-18)
(-0.195075 -0.00483983 -3.17555e-18)
(-0.190161 -0.00596794 -8.10165e-19)
(-0.183806 -0.00730684 -1.09752e-20)
(-0.176885 -0.00908626 -1.71041e-18)
(-0.167242 -0.0112803 1.91353e-18)
(-0.157372 -0.0140736 -1.16548e-18)
(-0.142263 -0.0180662 9.45431e-19)
(-0.127507 -0.0219953 -4.08547e-19)
(-0.104184 -0.0294693 5.02006e-18)
(-0.0795634 -0.0326072 2.79229e-18)
(-0.048508 -0.0387872 1.41497e-18)
(-0.010796 -0.0270272 2.61106e-18)
(-0.191181 -0.00564736 -2.29538e-18)
(-0.186219 -0.00693897 -2.03216e-18)
(-0.179865 -0.00846858 6.86476e-19)
(-0.172972 -0.0105029 -2.63015e-18)
(-0.163452 -0.0129979 1.04939e-18)
(-0.153787 -0.0161915 -2.18133e-18)
(-0.139015 -0.0207118 -1.31109e-19)
(-0.124899 -0.0251943 -5.59026e-19)
(-0.102257 -0.0336833 3.18892e-18)
(-0.0789774 -0.0371527 1.90961e-18)
(-0.0491115 -0.0444665 -5.68434e-19)
(-0.0112079 -0.0307866 1.51235e-18)
(-0.186699 -0.00646806 -2.001e-18)
(-0.181682 -0.0079179 4.83411e-19)
(-0.175331 -0.0096305 1.50751e-18)
(-0.168468 -0.0119094 -4.12829e-18)
(-0.159091 -0.0146875 7.321e-19)
(-0.149654 -0.0182622 -3.76645e-18)
(-0.135278 -0.02327 -1.19059e-18)
(-0.121883 -0.0282724 -8.71623e-19)
(-0.100033 -0.037722 1.76131e-18)
(-0.0783124 -0.0414762 1.22026e-18)
(-0.0497655 -0.0501012 -3.01256e-18)
(-0.0116578 -0.0346686 7.96118e-19)
(-0.181617 -0.00728928 -1.97481e-18)
(-0.176537 -0.00889115 3.04667e-18)
(-0.170187 -0.0107797 2.58833e-18)
(-0.163355 -0.0132917 -2.64829e-18)
(-0.154141 -0.0163371 9.18237e-19)
(-0.144954 -0.0202697 -1.86415e-18)
(-0.131034 -0.0257254 -2.46375e-18)
(-0.118434 -0.031204 -1.47393e-18)
(-0.0974952 -0.0415472 7.47058e-19)
(-0.0775732 -0.045518 6.76141e-19)
(-0.0504786 -0.0555868 -2.38723e-18)
(-0.0121636 -0.0386233 3.10726e-19)
)
;

boundaryField
{
    inlet
    {
        type            uniformFixedValue;
        uniformValue    constant (1 0 0);
        value           nonuniform 0();
    }
    outlet
    {
        type            pressureInletOutletVelocity;
        value           nonuniform 0();
    }
    polygon
    {
        type            fixedValue;
        value           uniform (0 0 0);
    }
    top
    {
        type            symmetryPlane;
    }
    bottom
    {
        type            symmetryPlane;
    }
    outside
    {
        type            zeroGradient;
    }
    procBoundary26to18
    {
        type            processor;
        value           nonuniform List<vector> 
13
(
(-0.0804174 -0.0573592 4.86574e-19)
(-0.0727838 -0.0616217 1.44019e-18)
(-0.0532118 -0.0745908 1.77608e-18)
(-0.0160985 -0.0386657 2.19783e-18)
(-0.140362 -0.0125162 1.80349e-18)
(-0.13465 -0.0149437 3.49696e-18)
(-0.128143 -0.0177908 1.07015e-18)
(-0.121431 -0.0215331 -2.48899e-18)
(-0.113364 -0.025924 7.59788e-18)
(-0.106011 -0.0317628 3.41734e-19)
(-0.095749 -0.0389957 -5.03574e-19)
(-0.0804174 -0.0573592 4.86574e-19)
(-0.0892644 -0.0471406 -6.50952e-19)
)
;
    }
    procBoundary26to19
    {
        type            processor;
        value           nonuniform List<vector> 6((-0.180726 -0.00672103 -2.25761e-18) (-0.174792 -0.00745091 -1.78271e-18) (-0.168336 -0.00819411 -1.70743e-18) (-0.161344 -0.00896241 -1.78301e-19) (-0.153798 -0.00976194 -7.26884e-19) (-0.18616 -0.00604606 -1.22663e-18));
    }
    procBoundary26to27
    {
        type            processor;
        value           nonuniform List<vector> 10((-0.206621 -0.000216177 3.00499e-18) (-0.206621 -0.000216177 3.00499e-18) (-0.210244 -0.000757932 4.70428e-18) (-0.209169 -0.00138073 6.08468e-18) (-0.207553 -0.00201166 4.29999e-18) (-0.205392 -0.00265251 2.9981e-18) (-0.202681 -0.00330432 1.82868e-18) (-0.199412 -0.00396869 8.01255e-19) (-0.195577 -0.00464845 3.09484e-20) (-0.191164 -0.00534492 -5.48991e-19));
    }
    procBoundary26to34
    {
        type            processor;
        value           nonuniform List<vector> 
11
(
(-0.201848 0.000570182 2.09527e-18)
(-0.195492 0.000657403 1.97606e-18)
(-0.188494 0.000773756 5.89536e-19)
(-0.178499 0.000933175 -4.87706e-20)
(-0.168016 0.00112561 1.35971e-18)
(-0.151945 0.00144045 6.22543e-18)
(-0.135249 0.00172324 -4.0298e-18)
(-0.109934 0.00232139 -1.71834e-18)
(-0.0813983 0.00258339 4.00423e-19)
(-0.0465137 0.00304309 2.74198e-18)
(-0.0093834 0.00227802 -1.56293e-18)
)
;
    }
}


// ************************************************************************* //
