/*--------------------------------*- C++ -*----------------------------------*\
  =========                 |
  \\      /  F ield         | OpenFOAM: The Open Source CFD Toolbox
   \\    /   O peration     | Website:  https://openfoam.org
    \\  /    A nd           | Version:  7
     \\/     M anipulation  |
\*---------------------------------------------------------------------------*/
FoamFile
{
    version     2.0;
    format      ascii;
    class       volVectorField;
    location    "54";
    object      U;
}
// * * * * * * * * * * * * * * * * * * * * * * * * * * * * * * * * * * * * * //

dimensions      [0 1 -1 0 0 0 0];

internalField   nonuniform List<vector> 
125
(
(-0.416608 0.0137928 -5.8295e-19)
(-0.412324 0.0155029 1.51507e-18)
(-0.407328 0.0172112 6.37981e-19)
(-0.401642 0.0189179 1.17484e-18)
(-0.395295 0.0206186 2.04291e-18)
(-0.388322 0.0223027 1.04771e-18)
(-0.380766 0.0239533 6.19636e-20)
(-0.372674 0.0255469 1.3774e-19)
(-0.364102 0.0270551 1.7472e-19)
(-0.35511 0.0284457 3.35337e-19)
(-0.345767 0.0296851 -6.62223e-19)
(-0.336143 0.0307397 1.67064e-19)
(-0.326316 0.0315782 2.43632e-19)
(-0.316366 0.0321724 -8.11541e-19)
(-0.306378 0.0324978 3.09006e-19)
(-0.296439 0.0325352 -5.47051e-18)
(-0.28664 0.0322707 1.36172e-18)
(-0.434006 0.0125316 -3.20105e-20)
(-0.429587 0.0140197 3.44391e-18)
(-0.424477 0.0155114 4.6147e-19)
(-0.418694 0.0170085 -2.27879e-19)
(-0.41226 0.0185085 4.0432e-18)
(-0.405202 0.020003 2.99148e-18)
(-0.397555 0.0214773 1.30825e-19)
(-0.38936 0.0229106 1.7391e-19)
(-0.380664 0.0242767 9.36414e-20)
(-0.371524 0.0255456 5.1516e-19)
(-0.362 0.0266858 -1.65742e-18)
(-0.352162 0.0276656 6.92856e-19)
(-0.342084 0.0284552 6.32016e-19)
(-0.331847 0.0290279 -1.37528e-18)
(-0.321534 0.0293604 1.04858e-18)
(-0.311236 0.029434 -1.77144e-18)
(-0.301046 0.0292354 5.12036e-18)
(-0.449677 0.0112307 -2.4669e-19)
(-0.015335 0.058424 -1.15038e-20)
(-0.0126047 0.0588431 -3.57386e-20)
(-0.0102373 0.058737 -1.07126e-19)
(-0.00825956 0.0580985 -8.21375e-20)
(-0.00668262 0.0569323 2.23666e-20)
(-0.132563 0.0210711 -2.81835e-19)
(-0.129869 0.0251223 -3.32142e-18)
(-0.126671 0.0290616 -1.32978e-18)
(-0.123018 0.032866 -7.54652e-18)
(-0.11897 0.0365089 -3.83396e-18)
(-0.11459 0.0399603 -6.26906e-18)
(-0.109948 0.0431868 -2.74311e-18)
(-0.10512 0.046153 -6.97987e-19)
(-0.10018 0.0488217 -8.73021e-20)
(-0.0952049 0.0511554 3.7952e-20)
(-0.09027 0.053117 5.48849e-20)
(-0.0854484 0.0546711 5.67438e-20)
(-0.0808097 0.0557847 1.15253e-19)
(-0.0764188 0.0564289 -1.30867e-20)
(-0.0723341 0.0565804 -1.46847e-19)
(-0.0686052 0.0562233 -1.76962e-19)
(-0.0652703 0.0553517 -2.74998e-20)
(-0.205914 0.0192879 -1.3542e-19)
(-0.203022 0.0229294 -8.32801e-18)
(-0.199521 0.0264889 -1.62949e-18)
(-0.195454 0.0299499 -1.58311e-18)
(-0.190875 0.0332917 -5.3658e-18)
(-0.185846 0.0364891 -1.91123e-18)
(-0.180436 0.0395128 -3.67422e-18)
(-0.174717 0.0423297 -5.83321e-19)
(-0.168768 0.044904 5.27238e-20)
(-0.162667 0.0471986 1.67025e-19)
(-0.156493 0.0491757 1.25399e-19)
(-0.150324 0.0507985 8.28665e-20)
(-0.144237 0.052032 2.3165e-20)
(-0.138304 0.0528443 -1.99312e-19)
(-0.132596 0.0532081 -3.85881e-19)
(-0.127177 0.0531017 -5.16756e-19)
(-0.122106 0.052512 -4.71743e-19)
(-0.27388 0.0174347 4.21507e-19)
(-0.270865 0.0205983 -1.23434e-18)
(-0.267153 0.0237063 8.684e-19)
(-0.262784 0.0267486 1.81205e-19)
(-0.257805 0.029711 4.32625e-18)
(-0.252274 0.0325741 7.69411e-19)
(-0.246255 0.0353131 2.65328e-18)
(-0.23982 0.0378987 1.08417e-18)
(-0.233044 0.0402971 7.7753e-19)
(-0.226005 0.0424723 5.34164e-19)
(-0.218785 0.0443867 2.2946e-19)
(-0.211462 0.0460027 -1.26962e-19)
(-0.204116 0.0472844 -4.97411e-19)
(-0.196825 0.0481984 -9.3665e-19)
(-0.189667 0.048715 -1.26723e-18)
(-0.182714 0.0488096 -1.76413e-18)
(-0.176038 0.0484643 -2.16932e-18)
(-0.335022 0.0155336 1.06408e-17)
(-0.331895 0.0181673 9.2516e-19)
(-0.328016 0.0207683 6.65549e-18)
(-0.323419 0.0233322 2.02925e-18)
(-0.318145 0.0258512 4.64329e-19)
(-0.312243 0.0283119 2.29344e-19)
(-0.30577 0.0306948 -2.94364e-19)
(-0.298793 0.0329749 2.02473e-18)
(-0.29138 0.0351217 1.88135e-18)
(-0.283607 0.0371008 8.8339e-19)
(-0.275552 0.0388756 -4.40333e-19)
(-0.267292 0.040409 -1.91666e-18)
(-0.258907 0.0416648 -3.35859e-18)
(-0.250478 0.0426091 -4.78722e-18)
(-0.242085 0.0432115 -6.30346e-18)
(-0.233806 0.0434462 -7.68187e-18)
(-0.225721 0.0432932 -9.05258e-18)
(-0.388268 0.0135813 4.37125e-18)
(-0.384953 0.0156592 -5.13522e-18)
(-0.380877 0.0177221 -3.02617e-20)
(-0.376065 0.0197712 8.60645e-19)
(-0.37055 0.0218039 -3.79583e-18)
(-0.36437 0.0238127 -1.41585e-19)
(-0.357571 0.0257838 -2.52597e-18)
(-0.350207 0.0276968 -3.95642e-19)
(-0.342337 0.0295252 2.33115e-19)
(-0.334027 0.0312377 3.31123e-19)
(-0.325347 0.0327997 2.24443e-19)
(-0.31637 0.0341754 -1.87306e-19)
(-0.307174 0.0353297 -3.43717e-19)
(-0.297837 0.0362295 -4.75054e-19)
(-0.288441 0.0368451 -1.15757e-18)
(-0.279068 0.0371509 -9.68721e-19)
(-0.269803 0.0371267 -2.47344e-18)
)
;

boundaryField
{
    inlet
    {
        type            uniformFixedValue;
        uniformValue    constant (1 0 0);
        value           nonuniform 0();
    }
    outlet
    {
        type            pressureInletOutletVelocity;
        value           nonuniform 0();
    }
    polygon
    {
        type            fixedValue;
        value           nonuniform 0();
    }
    top
    {
        type            symmetryPlane;
    }
    bottom
    {
        type            symmetryPlane;
    }
    outside
    {
        type            zeroGradient;
    }
    procBoundary46to38
    {
        type            processor;
        value           nonuniform List<vector> 
18
(
(-0.445109 0.0125076 7.61851e-19)
(-0.439878 0.0137919 -4.18771e-19)
(-0.433996 0.0150869 -1.34885e-18)
(-0.427479 0.0163913 4.62132e-18)
(-0.420347 0.0176989 2.30684e-18)
(-0.412625 0.0189972 1.22545e-18)
(-0.404347 0.0202676 2.96464e-19)
(-0.395552 0.0214866 -1.05322e-19)
(-0.386291 0.0226268 1.05531e-18)
(-0.376618 0.0236589 -8.75206e-19)
(-0.366599 0.0245536 2.35139e-18)
(-0.356307 0.0252831 1.2716e-18)
(-0.345819 0.0258223 -2.86257e-18)
(-0.335223 0.0261497 2.91057e-18)
(-0.324607 0.0262476 -2.1509e-20)
(-0.314067 0.0261031 2.52795e-18)
(-0.445109 0.0125076 7.61851e-19)
(-0.463565 0.00988773 -1.09621e-18)
)
;
    }
    procBoundary46to45
    {
        type            processor;
        value           nonuniform List<vector> 8((-0.277069 0.0316977 5.24715e-18) (-0.260732 0.0367587 -1.37741e-18) (-0.291055 0.0287573 7.64867e-19) (-0.062354 0.0539724 -2.28491e-19) (-0.117429 0.0514362 -4.91078e-19) (-0.169702 0.0476704 -2.48643e-18) (-0.217907 0.04274 -1.03151e-17) (-0.260732 0.0367587 -1.37741e-18));
    }
    procBoundary46to47
    {
        type            processor;
        value           nonuniform List<vector> 9((-0.420162 0.0120775 6.64983e-18) (-0.420162 0.0120775 6.64983e-18) (-0.43772 0.0110426 3.48786e-18) (-0.453572 0.00995599 1.68726e-18) (-0.134713 0.0169277 -4.651e-19) (-0.208161 0.0155775 -1.67888e-18) (-0.276167 0.0142227 -6.87976e-18) (-0.337371 0.0128692 8.38086e-18) (-0.390804 0.0114866 1.28869e-18));
    }
    procBoundary46to53
    {
        type            processor;
        value           uniform (-0.00549963 0.0552572 -4.57498e-20);
    }
    procBoundary46to54
    {
        type            processor;
        value           nonuniform List<vector> 
18
(
(0.0509217 0.0598828 -3.25649e-20)
(0.0519801 0.06004 -4.08579e-20)
(0.0526623 0.0596573 -1.57367e-19)
(0.0529728 0.0587392 -1.9054e-19)
(0.0529354 0.0573037 -2.06209e-19)
(-0.0554905 0.0227206 -7.30236e-19)
(-0.0530966 0.0271043 -9.50594e-18)
(-0.050315 0.031342 -1.83761e-18)
(-0.0472008 0.035405 -3.77348e-18)
(-0.0438157 0.0392618 -7.82509e-18)
(-0.0402266 0.0428787 -3.74646e-18)
(-0.0365039 0.0462196 -5.0441e-18)
(-0.0327196 0.0492477 -8.23318e-19)
(-0.0289463 0.0519255 -1.32473e-19)
(-0.0252551 0.054216 6.91308e-21)
(-0.0217144 0.0560839 3.52413e-20)
(-0.0183883 0.0574963 3.25257e-20)
(-0.0183883 0.0574963 3.25257e-20)
)
;
    }
}


// ************************************************************************* //
