/*--------------------------------*- C++ -*----------------------------------*\
  =========                 |
  \\      /  F ield         | OpenFOAM: The Open Source CFD Toolbox
   \\    /   O peration     | Website:  https://openfoam.org
    \\  /    A nd           | Version:  7
     \\/     M anipulation  |
\*---------------------------------------------------------------------------*/
FoamFile
{
    version     2.0;
    format      ascii;
    class       volVectorField;
    location    "16";
    object      U;
}
// * * * * * * * * * * * * * * * * * * * * * * * * * * * * * * * * * * * * * //

dimensions      [0 1 -1 0 0 0 0];

internalField   nonuniform List<vector> 
115
(
(1.4067 0.265157 -6.39551e-19)
(1.41578 0.276425 -7.01533e-19)
(1.42246 0.284775 7.4915e-19)
(1.42673 0.290382 5.82493e-19)
(1.06662 -0.173686 1.38313e-16)
(1.08942 -0.130833 1.32475e-16)
(1.11102 -0.0865737 1.10895e-16)
(1.13173 -0.0423511 6.40398e-17)
(1.15177 0.000633892 -2.75183e-17)
(1.17131 0.0415981 1.16767e-17)
(1.19052 0.0797975 -3.89051e-18)
(1.20949 0.114864 3.37002e-18)
(1.22828 0.146597 -4.38903e-19)
(1.24688 0.174919 -1.959e-18)
(1.26523 0.199881 8.41114e-19)
(1.28323 0.22158 8.25075e-19)
(1.30069 0.240146 -1.33194e-18)
(1.31735 0.255714 -3.25862e-18)
(1.3329 0.268407 2.48154e-18)
(1.34697 0.278337 -1.54954e-18)
(1.35925 0.285614 5.83234e-19)
(0.977495 -0.188171 5.02238e-17)
(0.994121 -0.144515 3.89772e-17)
(1.00999 -0.0996587 2.64943e-17)
(1.02547 -0.0550406 7.62666e-18)
(1.04086 -0.0118543 -6.99314e-18)
(1.05637 0.0290939 7.74178e-18)
(1.07211 0.067222 -2.25797e-18)
(1.08823 0.102129 4.70605e-18)
(1.1048 0.133658 -4.27751e-19)
(1.12191 0.161753 -1.44316e-18)
(1.13965 0.186492 -4.31524e-18)
(1.15809 0.208027 3.38177e-19)
(1.17726 0.226553 5.32628e-19)
(1.19708 0.242282 -5.86838e-19)
(1.21736 0.255412 1.51924e-18)
(1.23778 0.266099 -1.307e-18)
(1.25787 0.27446 8.81781e-19)
(0.87467 -0.198186 1.66187e-16)
(0.885476 -0.154061 1.5357e-16)
(0.896127 -0.108992 1.33617e-16)
(0.906988 -0.0643849 8.08845e-17)
(0.918328 -0.021367 -2.69153e-17)
(0.930267 0.0192574 8.28903e-18)
(0.942845 0.0569936 -3.45859e-18)
(0.95608 0.0914543 3.76161e-18)
(0.970005 0.122467 -7.67364e-19)
(0.984671 0.149964 -6.04761e-19)
(1.0002 0.173992 -1.17646e-18)
(1.0168 0.194699 6.01655e-19)
(1.0347 0.212309 1.16807e-18)
(1.05415 0.227108 3.46387e-19)
(1.07534 0.239406 -9.62576e-19)
(1.09833 0.2495 6.12226e-21)
(1.12295 0.257644 -5.30171e-19)
(0.761505 -0.204113 6.62101e-17)
(0.767282 -0.15999 5.22299e-17)
(0.773637 -0.115171 3.89041e-17)
(0.780864 -0.0709994 1.37415e-17)
(0.789133 -0.0285123 -1.17725e-17)
(0.79847 0.0115478 4.67907e-18)
(0.808776 0.0487243 -8.43697e-19)
(0.819918 0.0826732 3.27613e-18)
(0.831795 0.113182 -2.47469e-20)
(0.844321 0.140139 -5.39029e-19)
(0.857505 0.163514 2.01916e-18)
(0.871468 0.183377 -7.77547e-19)
(0.886455 0.199886 3.988e-19)
(0.902846 0.213291 -5.78193e-19)
(0.921131 0.223929 -1.85043e-18)
(0.941848 0.232207 -5.35735e-19)
(0.965466 0.238564 1.68745e-18)
(0.640832 -0.206526 1.79911e-16)
(0.642404 -0.162961 1.70038e-16)
(0.64533 -0.118903 1.58989e-16)
(0.649803 -0.0756092 1.0434e-16)
(0.655877 -0.034014 -2.5569e-17)
(0.66348 0.0052307 6.47014e-18)
(0.672406 0.0416843 -2.21953e-19)
(0.682404 0.0750564 2.8657e-18)
(0.693252 0.105114 -1.49204e-18)
(0.704726 0.131702 2.23959e-18)
(0.71667 0.154725 3.18482e-18)
(0.729002 0.174159 8.09608e-19)
(0.74175 0.190048 4.50592e-19)
(0.755094 0.202506 1.52551e-18)
(0.769416 0.211739 7.88767e-19)
(0.785336 0.218065 -2.78874e-19)
(0.803691 0.221936 -2.10194e-18)
(0.514695 -0.205926 6.33662e-17)
(0.512639 -0.163487 5.44251e-17)
(0.512676 -0.120689 3.8014e-17)
(0.514887 -0.078697 1.80408e-17)
(0.519223 -0.0383532 -7.77943e-18)
(0.525526 -0.000229237 1.02918e-18)
(0.533537 0.0352793 -1.68326e-18)
(0.542952 0.0678985 2.8794e-19)
(0.553484 0.0974009 -4.44679e-19)
(0.564845 0.123613 6.12209e-19)
(0.57677 0.146411 2.54871e-18)
(0.589023 0.165725 -6.30743e-19)
(0.601396 0.181528 -6.01767e-19)
(0.613751 0.19382 1.9799e-18)
(0.626079 0.202631 1.73142e-18)
(0.638603 0.20805 -2.17599e-19)
(0.651879 0.210291 -3.96189e-18)
(0.384574 -0.202603 2.48689e-17)
(0.379134 -0.161823 1.66411e-17)
(0.376454 -0.120745 1.07599e-17)
(0.37651 -0.0804436 5.29427e-18)
(0.379166 -0.0416861 -3.36932e-18)
(0.384218 -0.00498859 -1.56967e-19)
(0.391385 0.0292953 1.13365e-18)
(0.400338 0.0609024 -7.4459e-19)
(0.410793 0.0896125 5.94411e-19)
)
;

boundaryField
{
    inlet
    {
        type            uniformFixedValue;
        uniformValue    constant (1 0 0);
        value           nonuniform 0();
    }
    outlet
    {
        type            pressureInletOutletVelocity;
        value           nonuniform 0();
    }
    polygon
    {
        type            fixedValue;
        value           nonuniform 0();
    }
    top
    {
        type            symmetryPlane;
    }
    bottom
    {
        type            symmetryPlane;
    }
    outside
    {
        type            zeroGradient;
    }
    procBoundary51to43
    {
        type            processor;
        value           nonuniform List<vector> 
18
(
(0.422441 0.115243 1.57215e-19)
(0.434989 0.137667 1.44405e-18)
(0.448132 0.156817 -1.98972e-20)
(0.461547 0.172662 6.73436e-20)
(0.474897 0.185178 2.52229e-19)
(0.487852 0.194311 -6.4271e-19)
(0.500172 0.199979 -1.58896e-18)
(0.511829 0.202123 7.74182e-19)
(0.251782 -0.196641 7.62066e-18)
(0.242933 -0.158005 4.80178e-18)
(0.237448 -0.119063 8.1234e-20)
(0.23522 -0.080812 1.13685e-18)
(0.236053 -0.0439631 -5.13399e-19)
(0.23971 -0.00899929 -9.56703e-19)
(0.245919 0.0237749 -8.22101e-20)
(0.254357 0.0540815 -7.91983e-20)
(0.422441 0.115243 1.57215e-19)
(0.264733 0.0816958 1.85037e-18)
)
;
    }
    procBoundary51to50
    {
        type            processor;
        value           nonuniform List<vector> 5((1.2771 0.28058 6.13144e-19) (1.1488 0.264017 -1.05304e-18) (0.992236 0.243423 -2.22235e-18) (0.825431 0.223932 -2.88095e-18) (0.666858 0.209772 -2.18081e-18));
    }
    procBoundary51to52
    {
        type            processor;
        value           nonuniform List<vector> 7((1.0424 -0.213583 1.23284e-16) (0.959772 -0.229028 3.90424e-17) (0.86332 -0.239743 1.43258e-16) (0.755927 -0.245931 5.07709e-17) (0.640297 -0.248041 1.56815e-16) (0.518625 -0.24653 6.25761e-17) (0.392663 -0.241699 2.56457e-17));
    }
    procBoundary51to58
    {
        type            processor;
        value           nonuniform List<vector> 2((1.42866 0.293464 5.1291e-19) (1.36946 0.29037 -2.02037e-18));
    }
    procBoundary51to59
    {
        type            processor;
        value           nonuniform List<vector> 
18
(
(1.4654 0.270112 9.06427e-19)
(1.46848 0.279487 2.72384e-18)
(1.46891 0.286008 3.9721e-19)
(1.46695 0.289922 2.24678e-19)
(1.13899 -0.154817 1.61326e-17)
(1.16762 -0.112969 1.19664e-17)
(1.19476 -0.0696025 1.15003e-17)
(1.22056 -0.0261239 3.74806e-18)
(1.24503 0.0162779 -2.57067e-18)
(1.2683 0.056735 -2.34153e-19)
(1.29045 0.0944594 1.80753e-18)
(1.31143 0.129083 2.16704e-18)
(1.3312 0.160328 2.54963e-19)
(1.34965 0.188096 2.4605e-18)
(1.36662 0.21239 -1.84361e-18)
(1.38193 0.233263 -3.14918e-18)
(1.39536 0.250814 -1.25988e-18)
(1.39536 0.250814 -1.25988e-18)
)
;
    }
}


// ************************************************************************* //
