/*--------------------------------*- C++ -*----------------------------------*\
  =========                 |
  \\      /  F ield         | OpenFOAM: The Open Source CFD Toolbox
   \\    /   O peration     | Website:  https://openfoam.org
    \\  /    A nd           | Version:  7
     \\/     M anipulation  |
\*---------------------------------------------------------------------------*/
FoamFile
{
    version     2.0;
    format      ascii;
    class       labelList;
    note        "nPoints: 134 nCells: 50 nFaces: 216 nInternalFaces: 84";
    location    "constant/polyMesh";
    object      owner;
}
// * * * * * * * * * * * * * * * * * * * * * * * * * * * * * * * * * * * * * //


216
(
0
0
1
1
2
2
3
3
4
4
6
6
7
7
8
8
9
9
10
11
11
12
12
13
13
14
14
15
16
16
17
17
18
18
19
19
20
21
21
22
22
23
23
24
24
25
26
26
27
27
28
28
29
29
30
31
31
32
32
33
33
34
34
35
36
36
37
37
38
38
39
39
40
41
41
42
42
43
43
44
44
46
47
48
0
6
11
16
21
26
31
36
41
46
1
7
12
17
22
27
32
37
42
47
2
8
13
18
23
28
33
38
43
48
3
9
14
19
24
29
34
39
44
49
4
10
15
20
25
30
35
40
45
5
0
6
11
16
21
26
31
36
41
46
1
7
12
17
22
27
32
37
42
47
2
8
13
18
23
28
33
38
43
48
3
9
14
19
24
29
34
39
44
49
4
10
15
20
25
30
35
40
45
5
0
6
11
16
21
26
31
36
41
46
46
47
48
49
0
1
2
3
4
5
5
5
10
15
20
25
30
35
40
45
45
49
)


// ************************************************************************* //
