/*--------------------------------*- C++ -*----------------------------------*\
  =========                 |
  \\      /  F ield         | OpenFOAM: The Open Source CFD Toolbox
   \\    /   O peration     | Website:  https://openfoam.org
    \\  /    A nd           | Version:  7
     \\/     M anipulation  |
\*---------------------------------------------------------------------------*/
FoamFile
{
    version     2.0;
    format      ascii;
    class       volVectorField;
    location    "96";
    object      U;
}
// * * * * * * * * * * * * * * * * * * * * * * * * * * * * * * * * * * * * * //

dimensions      [0 1 -1 0 0 0 0];

internalField   nonuniform List<vector> 
175
(
(0.658291 0.0845428 1.19804e-17)
(0.684361 0.0885985 1.10374e-17)
(0.711107 0.0927901 9.4472e-18)
(0.738496 0.0971114 5.91972e-18)
(0.766491 0.101556 -1.77701e-18)
(0.292442 0.0363284 -1.34856e-20)
(0.305438 0.0377461 -3.16137e-19)
(0.319242 0.0392975 -3.05858e-18)
(0.333865 0.0409934 2.18665e-18)
(0.349313 0.0428431 -3.28449e-18)
(0.365592 0.0448538 2.79734e-18)
(0.382708 0.0470313 -1.93639e-18)
(0.400662 0.049379 8.69056e-18)
(0.419454 0.0518989 -5.14883e-18)
(0.439083 0.0545905 9.68969e-18)
(0.459546 0.057452 -6.09057e-18)
(0.480841 0.0604802 6.92152e-18)
(0.502962 0.0636703 4.27488e-18)
(0.525907 0.0670173 4.68729e-18)
(0.54967 0.0705155 4.32123e-18)
(0.574249 0.0741595 3.20811e-18)
(0.59964 0.0779444 1.29394e-18)
(0.625841 0.0818662 -7.39775e-19)
(0.203679 0.0282739 -2.82841e-19)
(0.214309 0.0291578 3.1824e-19)
(0.225642 0.0301659 7.66348e-18)
(0.237695 0.0313097 8.34452e-18)
(0.250481 0.0325993 8.05452e-18)
(0.264011 0.034043 8.82155e-18)
(0.278299 0.0356474 8.38673e-18)
(0.293353 0.0374173 8.35459e-18)
(0.309185 0.0393553 1.10266e-18)
(0.325801 0.0414621 9.68722e-18)
(0.34321 0.0437362 1.77107e-18)
(0.361418 0.0461747 1.23604e-17)
(0.380432 0.0487729 1.15411e-17)
(0.400259 0.0515251 1.16919e-17)
(0.420908 0.0544248 1.15362e-17)
(0.442387 0.0574653 1.0758e-17)
(0.46471 0.0606405 7.49861e-18)
(0.487891 0.0639452 -1.24663e-18)
(0.125416 0.0217986 -1.50815e-18)
(0.133882 0.0222303 -6.35639e-18)
(0.142936 0.0227751 1.27542e-18)
(0.152593 0.0234446 1.57074e-18)
(0.162868 0.024249 1.47156e-18)
(0.173778 0.0251973 1.82901e-18)
(0.185338 0.0262966 1.60729e-18)
(0.197562 0.0275521 1.35923e-18)
(0.210463 0.0289671 3.38352e-19)
(0.224056 0.0305427 1.64708e-18)
(0.238353 0.0322781 7.29695e-19)
(0.253366 0.0341705 2.29043e-18)
(0.269107 0.0362152 2.15412e-18)
(0.285588 0.0384059 2.05086e-18)
(0.302822 0.0407352 1.9055e-18)
(0.320824 0.0431949 1.53168e-18)
(0.339608 0.0457769 6.98216e-19)
(0.359195 0.0484734 -2.08817e-19)
(0.0574002 0.0167169 -9.13373e-19)
(0.0639917 0.0167816 -2.56391e-18)
(0.0710518 0.016948 -2.08015e-19)
(0.0785963 0.0172276 2.18258e-19)
(0.0866412 0.0176308 1.9483e-19)
(0.0952025 0.0181665 5.72332e-19)
(0.104296 0.0188418 2.49834e-19)
(0.113938 0.0196624 1.36807e-19)
(0.124144 0.0206318 8.95001e-20)
(0.134929 0.0217515 2.88513e-19)
(0.146308 0.0230209 2.76531e-19)
(0.158295 0.0244377 4.54971e-19)
(0.170905 0.0259972 3.00493e-19)
(0.18415 0.0276931 4.24492e-19)
(0.198046 0.0295175 2.89033e-19)
(0.212606 0.0314613 1.89286e-19)
(0.227846 0.033515 3.65813e-20)
(0.243782 0.0356687 -7.49137e-20)
(-0.00106676 0.0128069 -1.63909e-18)
(0.00397341 0.0125869 -7.44671e-18)
(0.00936942 0.0124579 -9.02955e-19)
(0.0151363 0.012431 -1.93575e-19)
(0.0212893 0.0125165 9.42458e-20)
(0.027844 0.0127232 1.69545e-19)
(0.0348161 0.0130581 5.73649e-21)
(0.0422214 0.013527 5.84679e-20)
(0.0500754 0.0141336 1.00763e-20)
(0.0583938 0.0148794 2.33178e-19)
(0.0671918 0.0157642 8.1901e-21)
(0.0764843 0.016786 1.39912e-19)
(0.0862859 0.0179404 1.21938e-19)
(0.0966103 0.0192212 1.66221e-19)
(0.107471 0.0206207 6.65163e-20)
(0.118882 0.0221295 1.29711e-19)
(0.130857 0.0237376 1.68671e-19)
(0.14341 0.0254341 -1.61796e-20)
(-0.0509054 0.00983761 -8.72668e-19)
(-0.0470926 0.00940944 -2.57711e-18)
(-0.0430271 0.00906208 -9.06451e-19)
(-0.0386948 0.00880653 -3.45532e-19)
(-0.0340813 0.00865268 -2.95444e-19)
(-0.0291719 0.00860913 -7.37728e-20)
(-0.0239514 0.00868304 -2.0462e-19)
(-0.0184049 0.00888001 2.53117e-19)
(-0.0125173 0.00920356 -3.74494e-20)
(-0.00627369 0.00965551 2.48635e-19)
(0.000341129 0.0102359 -1.90441e-19)
(0.00734186 0.0109427 2.66801e-19)
(0.0147425 0.0117722 7.61771e-20)
(0.0225566 0.0127184 1.65926e-19)
(0.0307974 0.013774 3.16543e-19)
(0.0394774 0.01493 1.189e-19)
(0.0486088 0.0161763 1.26076e-19)
(0.0582034 0.0175019 -6.51113e-20)
(-0.0930865 0.00758878 -1.5382e-18)
(-0.0902002 0.00702115 -7.54395e-18)
(-0.0871527 0.00652491 -2.31783e-18)
(-0.0839311 0.00611071 -4.02841e-19)
(-0.0805216 0.00578819 -1.08557e-18)
(-0.0769102 0.00556573 -2.04347e-19)
(-0.0730827 0.0054505 -9.85262e-19)
(-0.0690249 0.0054481 1.559e-18)
(-0.0647226 0.00556197 -8.74461e-19)
(-0.060161 0.00579385 1.3426e-18)
(-0.0553259 0.00614396 -1.05189e-18)
(-0.050203 0.00661044 2.25493e-19)
(-0.0447787 0.00718971 4.70319e-19)
(-0.0390398 0.00787649 5.17676e-19)
(-0.0329739 0.00866385 5.72084e-19)
(-0.026569 0.00954243 6.99543e-19)
(-0.0198137 0.0105035 5.77484e-19)
(-0.0126976 0.0115363 2.2093e-19)
(-0.128512 0.00586612 -3.39836e-19)
(-0.126289 0.00521884 -1.73053e-18)
(-0.123984 0.00463416 -6.26652e-18)
(-0.121585 0.00412235 2.8759e-19)
(-0.119079 0.00369275 -5.55289e-18)
(-0.116453 0.00335345 6.20123e-19)
(-0.113692 0.003111 -5.66715e-18)
(-0.110785 0.00297215 8.4533e-18)
(-0.107717 0.0029406 -6.13071e-18)
(-0.104473 0.00301788 8.63652e-18)
(-0.101041 0.00320371 -6.81865e-18)
(-0.0974067 0.00349613 7.39342e-19)
(-0.0935563 0.00389178 2.22917e-18)
(-0.0894775 0.00438569 2.554e-18)
(-0.0851585 0.00497096 2.5984e-18)
(-0.0805871 0.00563619 2.83653e-18)
(-0.0757518 0.00637765 2.86675e-18)
(-0.0706434 0.00718414 9.04177e-19)
(-0.157944 0.00450398 2.97092e-20)
(-0.156167 0.00382839 -1.51537e-18)
(-0.154374 0.00320699 5.25505e-18)
(-0.152555 0.00264953 8.17453e-18)
(-0.150697 0.00216524 7.55686e-18)
(-0.148788 0.00176164 8.86172e-18)
(-0.146813 0.00144333 8.01244e-18)
(-0.144761 0.00121764 1.04172e-17)
(-0.142619 0.00108806 8.14085e-19)
(-0.140373 0.00105669 9.90822e-18)
(-0.138011 0.00112432 5.25364e-19)
(-0.135518 0.0012897 8.9693e-18)
(-0.132882 0.00154968 1.07783e-17)
(-0.130091 0.00189943 1.12947e-17)
(-0.127134 0.00233717 1.16282e-17)
(-0.123996 0.00285614 1.22141e-17)
(-0.120665 0.00344026 1.2489e-17)
(-0.117134 0.00408082 2.47704e-18)
(-0.181967 0.00332127 -5.67337e-19)
(-0.180468 0.00266477 -6.93155e-18)
(-0.179007 0.00205601 -8.11931e-19)
(-0.177573 0.00150372 1.23449e-18)
(-0.176155 0.00101657 1.94292e-18)
(-0.174744 0.00059682 2.13136e-18)
(-0.173326 0.000276692 1.84564e-18)
(-0.171888 2.86263e-05 2.21651e-18)
)
;

boundaryField
{
    inlet
    {
        type            uniformFixedValue;
        uniformValue    constant (1 0 0);
        value           nonuniform 0();
    }
    outlet
    {
        type            pressureInletOutletVelocity;
        value           nonuniform 0();
    }
    polygon
    {
        type            fixedValue;
        value           nonuniform 0();
    }
    top
    {
        type            symmetryPlane;
    }
    bottom
    {
        type            symmetryPlane;
    }
    outside
    {
        type            zeroGradient;
    }
    procBoundary52to44
    {
        type            processor;
        value           nonuniform List<vector> 
18
(
(-0.191965 0.00210593 -2.66963e-18)
(-0.19062 0.00151395 -1.71358e-18)
(-0.189328 0.000974215 2.5737e-19)
(-0.18808 0.000496722 2.35815e-18)
(-0.186859 9.83574e-05 1.66345e-18)
(-0.185661 -0.000251191 7.22863e-19)
(-0.184473 -0.0005156 9.92419e-19)
(-0.170416 -0.000132538 2.00128e-19)
(-0.168899 -0.000204647 2.38291e-18)
(-0.167323 -0.000186485 3.82232e-19)
(-0.165675 -7.89788e-05 1.61852e-18)
(-0.163944 0.000115931 2.07192e-18)
(-0.162114 0.000393522 1.56148e-18)
(-0.16017 0.000745605 2.26714e-18)
(-0.15811 0.00113721 2.86025e-18)
(-0.155927 0.00161244 3.402e-18)
(-0.153602 0.00213642 2.07936e-18)
(-0.170416 -0.000132538 2.00128e-19)
)
;
    }
    procBoundary52to45
    {
        type            processor;
        value           uniform (-0.193373 0.00274139 1.39197e-18);
    }
    procBoundary52to51
    {
        type            processor;
        value           nonuniform List<vector> 8((0.511947 0.0673758 2.75025e-19) (0.379607 0.0512781 2.95091e-19) (0.260436 0.0379135 3.41936e-20) (0.156555 0.0272086 8.42041e-20) (0.068273 0.0188959 2.01827e-20) (-0.00521047 0.0126301 8.5817e-20) (-0.0652524 0.0080453 1.96626e-19) (-0.113395 0.00477017 4.75348e-19));
    }
    procBoundary52to53
    {
        type            processor;
        value           nonuniform List<vector> 10((0.280243 0.0350325 -5.99311e-19) (0.193739 0.0275016 -1.54073e-18) (0.117521 0.0214672 -6.94146e-18) (0.0512619 0.0167414 -2.58496e-18) (-0.00576569 0.0131055 -7.22288e-18) (-0.0544791 0.0103346 -2.32836e-18) (-0.0958245 0.00821623 -6.81488e-18) (-0.130665 0.00656492 -8.20175e-19) (-0.159716 0.00522326 3.22148e-19) (-0.183515 0.00401573 -5.51972e-18));
    }
    procBoundary52to59
    {
        type            processor;
        value           nonuniform List<vector> 2((0.795047 0.106119 4.814e-19) (0.652846 0.0859225 2.16791e-19));
    }
    procBoundary52to60
    {
        type            processor;
        value           nonuniform List<vector> 
19
(
(0.791232 0.103377 4.50063e-18)
(0.818271 0.107852 3.26072e-18)
(0.845703 0.112428 2.1918e-18)
(0.873461 0.117095 6.93492e-19)
(0.901466 0.121841 -6.99506e-19)
(0.391243 0.0460729 7.54925e-19)
(0.40666 0.0480922 2.01584e-18)
(0.422957 0.0502505 7.37357e-18)
(0.440135 0.0525568 7.99225e-18)
(0.45819 0.0550189 7.04705e-18)
(0.477117 0.0576423 9.10018e-18)
(0.496906 0.060431 7.66274e-18)
(0.517546 0.063387 8.8453e-18)
(0.539023 0.0665104 8.07933e-19)
(0.561319 0.0697998 1.11708e-17)
(0.584416 0.0732523 1.44562e-18)
(0.608293 0.0768638 1.45904e-17)
(0.632926 0.0806292 1.11829e-17)
(0.632926 0.0806292 1.11829e-17)
)
;
    }
}


// ************************************************************************* //
