/*--------------------------------*- C++ -*----------------------------------*\
  =========                 |
  \\      /  F ield         | OpenFOAM: The Open Source CFD Toolbox
   \\    /   O peration     | Website:  https://openfoam.org
    \\  /    A nd           | Version:  7
     \\/     M anipulation  |
\*---------------------------------------------------------------------------*/
FoamFile
{
    version     2.0;
    format      ascii;
    class       vectorField;
    location    "constant/polyMesh";
    object      points;
}
// * * * * * * * * * * * * * * * * * * * * * * * * * * * * * * * * * * * * * //


346
(
(4.95 2 -0.05)
(5.5 2 -0.05)
(4.95 2 0.05)
(5.5 2 0.05)
(4.430448187 1.808658284 -0.05)
(4.98425421 1.808658284 -0.05)
(5.538060234 1.808658284 -0.05)
(4.980828789 1.827792455 -0.05)
(5.53425421 1.827792455 -0.05)
(4.977403368 1.846926627 -0.05)
(5.530448187 1.846926627 -0.05)
(4.973977947 1.866060799 -0.05)
(5.526642164 1.866060799 -0.05)
(4.970552526 1.88519497 -0.05)
(5.52283614 1.88519497 -0.05)
(4.967127105 1.904329142 -0.05)
(5.519030117 1.904329142 -0.05)
(4.963701684 1.923463314 -0.05)
(5.515224093 1.923463314 -0.05)
(4.960276263 1.942597485 -0.05)
(5.51141807 1.942597485 -0.05)
(4.956850842 1.961731657 -0.05)
(5.507612047 1.961731657 -0.05)
(4.953425421 1.980865828 -0.05)
(5.503806023 1.980865828 -0.05)
(4.430448187 1.808658284 0.05)
(4.98425421 1.808658284 0.05)
(5.538060234 1.808658284 0.05)
(4.980828789 1.827792455 0.05)
(5.53425421 1.827792455 0.05)
(4.977403368 1.846926627 0.05)
(5.530448187 1.846926627 0.05)
(4.973977947 1.866060799 0.05)
(5.526642164 1.866060799 0.05)
(4.970552526 1.88519497 0.05)
(5.52283614 1.88519497 0.05)
(4.967127105 1.904329142 0.05)
(5.519030117 1.904329142 0.05)
(4.963701684 1.923463314 0.05)
(5.515224093 1.923463314 0.05)
(4.960276263 1.942597485 0.05)
(5.51141807 1.942597485 0.05)
(4.956850842 1.961731657 0.05)
(5.507612047 1.961731657 0.05)
(4.953425421 1.980865828 0.05)
(5.503806023 1.980865828 0.05)
(4.517157288 1.646446609 -0.05)
(5.081801948 1.646446609 -0.05)
(5.646446609 1.646446609 -0.05)
(4.508486377 1.662667777 -0.05)
(5.072047175 1.662667777 -0.05)
(5.635607972 1.662667777 -0.05)
(4.499815467 1.678888944 -0.05)
(5.062292401 1.678888944 -0.05)
(5.624769334 1.678888944 -0.05)
(4.491144557 1.695110112 -0.05)
(5.052537627 1.695110112 -0.05)
(5.613930697 1.695110112 -0.05)
(4.482473647 1.711331279 -0.05)
(5.042782853 1.711331279 -0.05)
(5.603092059 1.711331279 -0.05)
(4.473802737 1.727552447 -0.05)
(5.033028079 1.727552447 -0.05)
(5.592253422 1.727552447 -0.05)
(4.465131827 1.743773614 -0.05)
(5.023273306 1.743773614 -0.05)
(5.581414784 1.743773614 -0.05)
(4.456460917 1.759994781 -0.05)
(5.013518532 1.759994781 -0.05)
(5.570576146 1.759994781 -0.05)
(4.447790007 1.776215949 -0.05)
(5.003763758 1.776215949 -0.05)
(5.559737509 1.776215949 -0.05)
(4.439119097 1.792437116 -0.05)
(4.994008984 1.792437116 -0.05)
(5.548898871 1.792437116 -0.05)
(4.517157288 1.646446609 0.05)
(5.081801948 1.646446609 0.05)
(5.646446609 1.646446609 0.05)
(4.508486377 1.662667777 0.05)
(5.072047175 1.662667777 0.05)
(5.635607972 1.662667777 0.05)
(4.499815467 1.678888944 0.05)
(5.062292401 1.678888944 0.05)
(5.624769334 1.678888944 0.05)
(4.491144557 1.695110112 0.05)
(5.052537627 1.695110112 0.05)
(5.613930697 1.695110112 0.05)
(4.482473647 1.711331279 0.05)
(5.042782853 1.711331279 0.05)
(5.603092059 1.711331279 0.05)
(4.473802737 1.727552447 0.05)
(5.033028079 1.727552447 0.05)
(5.592253422 1.727552447 0.05)
(4.465131827 1.743773614 0.05)
(5.023273306 1.743773614 0.05)
(5.581414784 1.743773614 0.05)
(4.456460917 1.759994781 0.05)
(5.013518532 1.759994781 0.05)
(5.570576146 1.759994781 0.05)
(4.447790007 1.776215949 0.05)
(5.003763758 1.776215949 0.05)
(5.559737509 1.776215949 0.05)
(4.439119097 1.792437116 0.05)
(4.994008984 1.792437116 0.05)
(5.548898871 1.792437116 0.05)
(5.808658284 0.9228361402 -0.05)
(5.808658284 1.076642164 -0.05)
(5.808658284 1.230448187 -0.05)
(5.808658284 1.38425421 -0.05)
(5.808658284 1.538060234 -0.05)
(5.792437116 0.9293393228 -0.05)
(5.792437116 1.08422921 -0.05)
(5.792437116 1.239119097 -0.05)
(5.792437116 1.394008984 -0.05)
(5.792437116 1.548898871 -0.05)
(5.776215949 0.9358425053 -0.05)
(5.776215949 1.091816256 -0.05)
(5.776215949 1.247790007 -0.05)
(5.776215949 1.403763758 -0.05)
(5.776215949 1.559737509 -0.05)
(5.759994781 0.9423456879 -0.05)
(5.759994781 1.099403303 -0.05)
(5.759994781 1.256460917 -0.05)
(5.759994781 1.413518532 -0.05)
(5.759994781 1.570576146 -0.05)
(5.743773614 0.9488488704 -0.05)
(5.743773614 1.106990349 -0.05)
(5.743773614 1.265131827 -0.05)
(5.743773614 1.423273306 -0.05)
(5.743773614 1.581414784 -0.05)
(5.727552447 0.7961267108 -0.05)
(5.727552447 0.9553520529 -0.05)
(5.727552447 1.114577395 -0.05)
(5.727552447 1.273802737 -0.05)
(5.727552447 1.433028079 -0.05)
(5.727552447 1.592253422 -0.05)
(5.711331279 0.8015460296 -0.05)
(5.711331279 0.9618552355 -0.05)
(5.711331279 1.122164441 -0.05)
(5.711331279 1.282473647 -0.05)
(5.711331279 1.442782853 -0.05)
(5.711331279 1.603092059 -0.05)
(5.695110112 0.8069653484 -0.05)
(5.695110112 0.968358418 -0.05)
(5.695110112 1.129751488 -0.05)
(5.695110112 1.291144557 -0.05)
(5.695110112 1.452537627 -0.05)
(5.695110112 1.613930697 -0.05)
(5.678888944 0.8123846671 -0.05)
(5.678888944 0.9748616006 -0.05)
(5.678888944 1.137338534 -0.05)
(5.678888944 1.299815467 -0.05)
(5.678888944 1.462292401 -0.05)
(5.678888944 1.624769334 -0.05)
(5.662667777 0.8178039859 -0.05)
(5.662667777 0.9813647831 -0.05)
(5.662667777 1.14492558 -0.05)
(5.662667777 1.308486377 -0.05)
(5.662667777 1.472047175 -0.05)
(5.662667777 1.635607972 -0.05)
(5.646446609 0.8232233047 -0.05)
(5.646446609 0.9878679656 -0.05)
(5.646446609 1.152512627 -0.05)
(5.646446609 1.317157288 -0.05)
(5.646446609 1.481801948 -0.05)
(5.808658284 0.9228361402 0.05)
(5.808658284 1.076642164 0.05)
(5.808658284 1.230448187 0.05)
(5.808658284 1.38425421 0.05)
(5.808658284 1.538060234 0.05)
(5.792437116 0.9293393228 0.05)
(5.792437116 1.08422921 0.05)
(5.792437116 1.239119097 0.05)
(5.792437116 1.394008984 0.05)
(5.792437116 1.548898871 0.05)
(5.776215949 0.9358425053 0.05)
(5.776215949 1.091816256 0.05)
(5.776215949 1.247790007 0.05)
(5.776215949 1.403763758 0.05)
(5.776215949 1.559737509 0.05)
(5.759994781 0.9423456879 0.05)
(5.759994781 1.099403303 0.05)
(5.759994781 1.256460917 0.05)
(5.759994781 1.413518532 0.05)
(5.759994781 1.570576146 0.05)
(5.743773614 0.9488488704 0.05)
(5.743773614 1.106990349 0.05)
(5.743773614 1.265131827 0.05)
(5.743773614 1.423273306 0.05)
(5.743773614 1.581414784 0.05)
(5.727552447 0.7961267108 0.05)
(5.727552447 0.9553520529 0.05)
(5.727552447 1.114577395 0.05)
(5.727552447 1.273802737 0.05)
(5.727552447 1.433028079 0.05)
(5.727552447 1.592253422 0.05)
(5.711331279 0.8015460296 0.05)
(5.711331279 0.9618552355 0.05)
(5.711331279 1.122164441 0.05)
(5.711331279 1.282473647 0.05)
(5.711331279 1.442782853 0.05)
(5.711331279 1.603092059 0.05)
(5.695110112 0.8069653484 0.05)
(5.695110112 0.968358418 0.05)
(5.695110112 1.129751488 0.05)
(5.695110112 1.291144557 0.05)
(5.695110112 1.452537627 0.05)
(5.695110112 1.613930697 0.05)
(5.678888944 0.8123846671 0.05)
(5.678888944 0.9748616006 0.05)
(5.678888944 1.137338534 0.05)
(5.678888944 1.299815467 0.05)
(5.678888944 1.462292401 0.05)
(5.678888944 1.624769334 0.05)
(5.662667777 0.8178039859 0.05)
(5.662667777 0.9813647831 0.05)
(5.662667777 1.14492558 0.05)
(5.662667777 1.308486377 0.05)
(5.662667777 1.472047175 0.05)
(5.662667777 1.635607972 0.05)
(5.646446609 0.8232233047 0.05)
(5.646446609 0.9878679656 0.05)
(5.646446609 1.152512627 0.05)
(5.646446609 1.317157288 0.05)
(5.646446609 1.481801948 0.05)
(6 0.9 -0.05)
(6 1.05 -0.05)
(6 1.2 -0.05)
(6 1.35 -0.05)
(6 1.5 -0.05)
(5.980865828 0.902283614 -0.05)
(5.980865828 1.052664216 -0.05)
(5.980865828 1.203044819 -0.05)
(5.980865828 1.353425421 -0.05)
(5.980865828 1.503806023 -0.05)
(5.961731657 0.904567228 -0.05)
(5.961731657 1.055328433 -0.05)
(5.961731657 1.206089637 -0.05)
(5.961731657 1.356850842 -0.05)
(5.961731657 1.507612047 -0.05)
(5.942597485 0.9068508421 -0.05)
(5.942597485 1.057992649 -0.05)
(5.942597485 1.209134456 -0.05)
(5.942597485 1.360276263 -0.05)
(5.942597485 1.51141807 -0.05)
(5.923463314 0.9091344561 -0.05)
(5.923463314 1.060656865 -0.05)
(5.923463314 1.212179275 -0.05)
(5.923463314 1.363701684 -0.05)
(5.923463314 1.515224093 -0.05)
(5.904329142 0.9114180701 -0.05)
(5.904329142 1.063321082 -0.05)
(5.904329142 1.215224093 -0.05)
(5.904329142 1.367127105 -0.05)
(5.904329142 1.519030117 -0.05)
(5.88519497 0.9137016841 -0.05)
(5.88519497 1.065985298 -0.05)
(5.88519497 1.218268912 -0.05)
(5.88519497 1.370552526 -0.05)
(5.88519497 1.52283614 -0.05)
(5.866060799 0.9159852982 -0.05)
(5.866060799 1.068649515 -0.05)
(5.866060799 1.221313731 -0.05)
(5.866060799 1.373977947 -0.05)
(5.866060799 1.526642164 -0.05)
(5.846926627 0.9182689122 -0.05)
(5.846926627 1.071313731 -0.05)
(5.846926627 1.22435855 -0.05)
(5.846926627 1.377403368 -0.05)
(5.846926627 1.530448187 -0.05)
(5.827792455 0.9205525262 -0.05)
(5.827792455 1.073977947 -0.05)
(5.827792455 1.227403368 -0.05)
(5.827792455 1.380828789 -0.05)
(5.827792455 1.53425421 -0.05)
(6 0.9 0.05)
(6 1.05 0.05)
(6 1.2 0.05)
(6 1.35 0.05)
(6 1.5 0.05)
(5.980865828 0.902283614 0.05)
(5.980865828 1.052664216 0.05)
(5.980865828 1.203044819 0.05)
(5.980865828 1.353425421 0.05)
(5.980865828 1.503806023 0.05)
(5.961731657 0.904567228 0.05)
(5.961731657 1.055328433 0.05)
(5.961731657 1.206089637 0.05)
(5.961731657 1.356850842 0.05)
(5.961731657 1.507612047 0.05)
(5.942597485 0.9068508421 0.05)
(5.942597485 1.057992649 0.05)
(5.942597485 1.209134456 0.05)
(5.942597485 1.360276263 0.05)
(5.942597485 1.51141807 0.05)
(5.923463314 0.9091344561 0.05)
(5.923463314 1.060656865 0.05)
(5.923463314 1.212179275 0.05)
(5.923463314 1.363701684 0.05)
(5.923463314 1.515224093 0.05)
(5.904329142 0.9114180701 0.05)
(5.904329142 1.063321082 0.05)
(5.904329142 1.215224093 0.05)
(5.904329142 1.367127105 0.05)
(5.904329142 1.519030117 0.05)
(5.88519497 0.9137016841 0.05)
(5.88519497 1.065985298 0.05)
(5.88519497 1.218268912 0.05)
(5.88519497 1.370552526 0.05)
(5.88519497 1.52283614 0.05)
(5.866060799 0.9159852982 0.05)
(5.866060799 1.068649515 0.05)
(5.866060799 1.221313731 0.05)
(5.866060799 1.373977947 0.05)
(5.866060799 1.526642164 0.05)
(5.846926627 0.9182689122 0.05)
(5.846926627 1.071313731 0.05)
(5.846926627 1.22435855 0.05)
(5.846926627 1.377403368 0.05)
(5.846926627 1.530448187 0.05)
(5.827792455 0.9205525262 0.05)
(5.827792455 1.073977947 0.05)
(5.827792455 1.227403368 0.05)
(5.827792455 1.380828789 0.05)
(5.827792455 1.53425421 0.05)
(4.517157288 0.8232233047 -0.05)
(5.081801948 0.8232233047 -0.05)
(4.517157288 0.9878679656 -0.05)
(5.081801948 0.9878679656 -0.05)
(4.517157288 1.152512627 -0.05)
(5.081801948 1.152512627 -0.05)
(4.517157288 1.317157288 -0.05)
(5.081801948 1.317157288 -0.05)
(4.517157288 1.481801948 -0.05)
(5.081801948 1.481801948 -0.05)
(4.517157288 0.8232233047 0.05)
(5.081801948 0.8232233047 0.05)
(4.517157288 0.9878679656 0.05)
(5.081801948 0.9878679656 0.05)
(4.517157288 1.152512627 0.05)
(5.081801948 1.152512627 0.05)
(4.517157288 1.317157288 0.05)
(5.081801948 1.317157288 0.05)
(4.517157288 1.481801948 0.05)
(5.081801948 1.481801948 0.05)
)


// ************************************************************************* //
