/*--------------------------------*- C++ -*----------------------------------*\
  =========                 |
  \\      /  F ield         | OpenFOAM: The Open Source CFD Toolbox
   \\    /   O peration     | Website:  https://openfoam.org
    \\  /    A nd           | Version:  7
     \\/     M anipulation  |
\*---------------------------------------------------------------------------*/
FoamFile
{
    version     2.0;
    format      ascii;
    class       volVectorField;
    location    "42";
    object      U;
}
// * * * * * * * * * * * * * * * * * * * * * * * * * * * * * * * * * * * * * //

dimensions      [0 1 -1 0 0 0 0];

internalField   nonuniform List<vector> 
125
(
(0.0525999 -0.012737 6.24999e-18)
(0.0596761 -0.0130718 3.08649e-18)
(0.0672282 -0.0136141 6.80001e-18)
(0.0752431 -0.0143224 3.41587e-18)
(0.0837124 -0.0151617 4.69178e-18)
(0.092633 -0.0161044 -4.83495e-18)
(0.102006 -0.0171296 1.91113e-18)
(0.111835 -0.0182213 -6.53296e-18)
(0.122129 -0.0193686 -6.52747e-19)
(0.132898 -0.0205645 -1.17054e-19)
(0.144153 -0.0218048 -4.02107e-19)
(0.15591 -0.0230879 2.8369e-19)
(0.0876384 -0.0195956 -1.08936e-19)
(0.0938971 -0.0184866 3.25414e-19)
(0.10085 -0.0178723 4.10881e-19)
(0.108457 -0.0176815 -4.12694e-18)
(0.11668 -0.0178469 -2.81672e-17)
(0.125488 -0.0183076 -3.68239e-18)
(0.134855 -0.0190102 -2.81157e-17)
(0.144765 -0.019909 -2.62949e-18)
(0.155206 -0.0209666 -2.22336e-17)
(0.166172 -0.0221519 3.04585e-17)
(0.177665 -0.0234411 5.04995e-18)
(0.189689 -0.0248161 3.0046e-17)
(0.202253 -0.0262636 -1.35864e-18)
(0.215371 -0.0277747 2.18067e-19)
(0.229055 -0.0293439 -2.36081e-19)
(0.243323 -0.0309687 -2.55509e-19)
(0.258193 -0.0326486 1.22365e-18)
(0.160227 -0.0244805 4.0219e-19)
(0.168744 -0.0239119 2.54029e-18)
(0.178021 -0.0238026 4.27659e-18)
(0.18801 -0.024085 -2.02108e-18)
(0.198669 -0.0246972 -5.15511e-18)
(0.209966 -0.025584 -1.29007e-18)
(0.221878 -0.0266979 -3.64424e-18)
(0.234391 -0.0279988 -2.92748e-19)
(0.247498 -0.029454 -2.99652e-18)
(0.261199 -0.0310371 5.89593e-18)
(0.275498 -0.0327277 1.65128e-18)
(0.290403 -0.0345107 5.04575e-18)
(0.305928 -0.0363752 -1.30134e-18)
(0.322087 -0.038314 1.66585e-19)
(0.338896 -0.0403235 -1.35622e-19)
(0.356375 -0.0424022 3.17487e-19)
(0.374544 -0.0445513 1.47964e-18)
(0.243557 -0.0310545 1.7011e-18)
(0.254563 -0.0310619 7.30603e-18)
(0.266361 -0.0314889 2.82884e-17)
(0.278903 -0.0322749 2.23444e-19)
(0.29215 -0.0333654 3.34841e-18)
(0.306074 -0.0347125 1.00299e-18)
(0.320658 -0.0362751 3.44531e-18)
(0.33589 -0.0380189 3.8975e-19)
(0.351768 -0.0399159 1.23801e-18)
(0.368293 -0.0419435 -4.06005e-18)
(0.385472 -0.0440846 -6.35157e-19)
(0.403312 -0.0463263 -2.18748e-18)
(0.421827 -0.0486596 7.33207e-19)
(0.44103 -0.0510789 -7.62988e-20)
(0.460934 -0.0535817 2.79482e-19)
(0.481556 -0.0561676 1.20217e-19)
(0.502909 -0.0588384 7.12451e-19)
(0.337606 -0.0394334 1.72894e-18)
(0.351147 -0.0400286 4.10841e-18)
(0.365488 -0.0410057 8.70375e-18)
(0.380584 -0.0423125 7.87101e-18)
(0.396401 -0.0439023 2.9693e-17)
(0.412917 -0.0457341 5.19903e-18)
(0.430115 -0.0477729 2.80764e-17)
(0.447986 -0.0499889 1.51234e-18)
(0.466526 -0.052358 1.66899e-17)
(0.485734 -0.0548605 -3.46907e-17)
(0.505612 -0.0574815 -4.74288e-18)
(0.526165 -0.0602095 -2.67058e-17)
(0.547394 -0.0630365 4.60206e-18)
(0.569306 -0.0659575 -1.20845e-18)
(0.591903 -0.0689699 1.23077e-19)
(0.615186 -0.0720733 -3.40873e-19)
(0.639156 -0.0752687 -8.43108e-19)
(0.441355 -0.0495895 1.58292e-18)
(0.45727 -0.0507673 2.98961e-18)
(0.473966 -0.0522936 2.65387e-18)
(0.491405 -0.0541241 3.80023e-18)
(0.509555 -0.0562187 6.82779e-18)
(0.528392 -0.058542 2.33199e-18)
(0.547896 -0.0610631 5.35933e-18)
(0.568055 -0.0637559 -1.07882e-18)
(0.588856 -0.0665983 -3.75651e-19)
(0.610289 -0.0695724 -9.6157e-18)
(0.632343 -0.0726637 -1.63375e-18)
(0.655009 -0.0758608 -5.72666e-18)
(0.678273 -0.0791553 1.70028e-18)
(0.702121 -0.0825408 -1.47213e-18)
(0.726535 -0.0860131 -3.61368e-19)
(0.751492 -0.0895694 -8.25001e-19)
(0.776965 -0.0932082 -1.57556e-18)
(0.552625 -0.0613387 2.18681e-18)
(0.570518 -0.0630764 7.03114e-18)
(0.589145 -0.0651317 2.68237e-18)
(0.608464 -0.0674663 3.03136e-18)
(0.628441 -0.0700447 3.77823e-19)
(0.649044 -0.0728351 8.97536e-19)
(0.670244 -0.0758089 -3.03921e-19)
(0.692016 -0.0789416 -2.08715e-18)
(0.714332 -0.0822117 -3.24974e-18)
(0.737165 -0.0856008 -5.35303e-18)
(0.760486 -0.0890935 -2.22899e-18)
(0.784261 -0.0926768 -4.08857e-18)
(0.808456 -0.0963397 -1.24146e-18)
(0.83303 -0.100073 -3.99758e-18)
(0.857936 -0.103869 -1.39941e-18)
(0.883125 -0.10772 -1.7278e-18)
(0.908538 -0.111621 -3.36035e-18)
(0.668053 -0.074328 -7.84086e-18)
(0.687287 -0.0765784 4.16937e-17)
(0.707163 -0.079114 2.37615e-17)
(0.727634 -0.0818996 1.78359e-17)
(0.748653 -0.0849022 -5.88491e-18)
(0.770177 -0.0880915 -3.5733e-19)
(0.792161 -0.0914396 -3.85506e-18)
(0.814562 -0.0949214 -7.09904e-18)
(0.837332 -0.0985145 -1.45462e-17)
(0.860424 -0.102199 -2.99598e-17)
(0.883785 -0.105957 -8.57612e-18)
)
;

boundaryField
{
    inlet
    {
        type            uniformFixedValue;
        uniformValue    constant (1 0 0);
        value           nonuniform 0();
    }
    outlet
    {
        type            pressureInletOutletVelocity;
        value           nonuniform 0();
    }
    polygon
    {
        type            fixedValue;
        value           nonuniform 0();
    }
    top
    {
        type            symmetryPlane;
    }
    bottom
    {
        type            symmetryPlane;
    }
    outside
    {
        type            zeroGradient;
    }
    procBoundary12to4
    {
        type            processor;
        value           nonuniform List<vector> 
18
(
(0.907362 -0.109772 -3.27536e-17)
(0.931093 -0.11363 -9.71453e-18)
(0.954917 -0.117518 -3.79037e-17)
(0.978763 -0.121425 -1.93247e-17)
(1.00256 -0.125339 -9.94561e-18)
(1.02623 -0.129249 -2.87145e-17)
(0.783289 -0.0880357 3.23876e-18)
(0.80301 -0.0907208 1.30014e-17)
(0.823237 -0.093652 4.47327e-18)
(0.84391 -0.0967956 9.59199e-19)
(0.864969 -0.100119 -2.15444e-18)
(0.886355 -0.103592 -1.44114e-18)
(0.908007 -0.107186 -3.22161e-18)
(0.929862 -0.110875 -4.15087e-18)
(0.951856 -0.114634 -6.59641e-18)
(0.973925 -0.118441 -8.26846e-18)
(0.907362 -0.109772 -3.27536e-17)
(0.995998 -0.122276 -5.17456e-18)
)
;
    }
    procBoundary12to5
    {
        type            processor;
        value           uniform (0.649515 -0.0723995 4.7015e-18);
    }
    procBoundary12to11
    {
        type            processor;
        value           nonuniform List<vector> 7((0.168183 -0.024414 8.48079e-19) (0.273686 -0.0343851 1.56995e-18) (0.393425 -0.0467734 4.15395e-18) (0.525011 -0.0615977 2.3689e-18) (0.66381 -0.078559 -1.879e-18) (0.80292 -0.0969285 -2.54415e-18) (0.934112 -0.115565 -2.20882e-18));
    }
    procBoundary12to13
    {
        type            processor;
        value           nonuniform List<vector> 6((0.0821143 -0.0212712 -2.128e-19) (0.152528 -0.0255797 -7.67669e-20) (0.233404 -0.0315319 3.57543e-19) (0.32492 -0.0392767 6.71029e-19) (0.426273 -0.0488083 8.77884e-19) (0.535514 -0.0599601 1.94467e-18));
    }
    procBoundary12to20
    {
        type            processor;
        value           nonuniform List<vector> 
18
(
(-0.00938163 -0.00865334 3.55444e-17)
(-0.00426207 -0.00867076 3.6081e-17)
(0.00125818 -0.0089063 3.56357e-17)
(0.00716915 -0.00931519 3.23254e-17)
(0.0134622 -0.00985989 4.42874e-19)
(0.0201329 -0.0105104 -3.14873e-17)
(0.0271794 -0.0112428 -6.15509e-18)
(0.0346027 -0.012039 -3.24566e-17)
(0.0424069 -0.0128861 -2.96444e-18)
(0.0505981 -0.0137754 -2.9228e-19)
(0.0591838 -0.0147016 -3.71625e-19)
(0.0681736 -0.0156618 1.46734e-19)
(0.0250665 -0.0161567 1.17785e-19)
(0.0294505 -0.0145768 1.54431e-18)
(0.034418 -0.0135137 2.85783e-19)
(0.0399481 -0.0128974 1.64581e-18)
(0.0460167 -0.0126598 2.47573e-18)
(0.0460167 -0.0126598 2.47573e-18)
)
;
    }
}


// ************************************************************************* //
