/*--------------------------------*- C++ -*----------------------------------*\
  =========                 |
  \\      /  F ield         | OpenFOAM: The Open Source CFD Toolbox
   \\    /   O peration     | Website:  https://openfoam.org
    \\  /    A nd           | Version:  7
     \\/     M anipulation  |
\*---------------------------------------------------------------------------*/
FoamFile
{
    version     2.0;
    format      ascii;
    class       volVectorField;
    location    "14";
    object      U;
}
// * * * * * * * * * * * * * * * * * * * * * * * * * * * * * * * * * * * * * //

dimensions      [0 1 -1 0 0 0 0];

internalField   nonuniform List<vector> 
125
(
(-0.755007 -0.003323 9.03225e-17)
(-0.767506 -0.00191801 9.84508e-17)
(-0.772667 -0.000523263 2.50656e-18)
(-0.770554 0.000658361 8.71696e-17)
(-0.76144 0.00190436 6.50746e-17)
(-0.746027 0.00310527 7.9177e-17)
(-0.72467 0.00418977 3.68163e-18)
(-0.697834 0.00515899 -2.84857e-17)
(-0.666087 0.00600624 6.40789e-17)
(-0.630051 0.00672003 4.90572e-17)
(-0.468609 0.0109973 -1.31018e-17)
(-0.527373 0.010377 1.48833e-17)
(-0.581505 0.00954804 3.48987e-17)
(-0.630026 0.00853323 1.66009e-17)
(-0.672127 0.0073651 8.8971e-17)
(-0.707215 0.00608173 4.05341e-17)
(-0.734895 0.00472251 1.14621e-16)
(-0.755007 0.003323 1.32249e-16)
(-0.767506 0.00191801 6.19177e-17)
(-0.772667 0.000523264 -1.68242e-17)
(-0.770554 -0.000658358 5.3989e-17)
(-0.76144 -0.00190436 3.0275e-17)
(-0.746027 -0.00310527 1.54982e-16)
(-0.72467 -0.00418977 5.33954e-17)
(-0.697834 -0.00515898 -3.48148e-17)
(-0.666087 -0.00600623 6.76806e-18)
(-0.630051 -0.00672002 2.63404e-17)
(-0.461469 0.0285807 -3.02036e-17)
(-0.519873 0.0266035 1.82017e-17)
(-0.57363 0.0241278 2.26198e-17)
(-0.621775 0.0212288 1.43155e-17)
(-0.663512 0.018002 2.119e-17)
(-0.698265 0.0145497 1.59634e-17)
(-0.725653 0.0109733 4.5294e-17)
(-0.745528 0.00736036 6.92354e-17)
(-0.757864 0.00380131 2.1953e-20)
(-0.762872 0.00032739 -5.89149e-17)
(-0.760714 -0.00289249 7.70356e-17)
(-0.751709 -0.0060268 3.68759e-17)
(-0.736433 -0.00897381 -5.6071e-18)
(-0.71526 -0.0116619 5.19858e-17)
(-0.688682 -0.0140832 -9.10004e-17)
(-0.65726 -0.016222 -3.22545e-17)
(-0.621607 -0.0180508 1.50231e-17)
(-0.447479 0.047693 4.36664e-18)
(-0.505271 0.0444185 4.70888e-17)
(-0.558405 0.0403063 2.23805e-17)
(-0.605929 0.0354809 1.9482e-17)
(-0.647068 0.0301013 -3.04099e-17)
(-0.681265 0.0243381 3.80902e-18)
(-0.708165 0.0183611 2.20181e-17)
(-0.727633 0.0123171 3.29766e-17)
(-0.739666 0.00635479 4.99711e-17)
(-0.744505 0.000521673 -1.1283e-16)
(-0.742301 -0.00492368 2.04043e-17)
(-0.733347 -0.010192 2.90152e-17)
(-0.718261 -0.015084 -3.34747e-18)
(-0.697404 -0.0195594 6.48613e-17)
(-0.671263 -0.0235888 -8.48891e-17)
(-0.640392 -0.0271353 -4.27677e-17)
(-0.605394 -0.0301496 2.26112e-17)
(-0.427337 0.0655881 4.34948e-17)
(-0.484283 0.0609154 2.5145e-17)
(-0.536556 0.0551007 2.19878e-17)
(-0.583223 0.0483253 2.22063e-17)
(-0.623534 0.0408156 2.16187e-17)
(-0.656962 0.0328106 1.50684e-17)
(-0.683181 0.0245449 2.37423e-17)
(-0.702082 0.0162181 2.6336e-17)
(-0.713707 0.00802956 7.97098e-17)
(-0.71822 3.92058e-06 -9.29934e-17)
(-0.715892 -0.00739444 4.89075e-17)
(-0.70706 -0.0145604 3.47561e-17)
(-0.692227 -0.0212269 -3.5184e-19)
(-0.671783 -0.0273217 1.03119e-16)
(-0.646224 -0.0328025 -2.37365e-18)
(-0.616094 -0.0376183 -4.27313e-17)
(-0.581987 -0.0417005 4.74808e-17)
(-0.401749 0.0833072 3.59322e-17)
(-0.457634 0.0772359 1.46816e-17)
(-0.508831 0.0697197 3.3183e-17)
(-0.554431 0.060998 3.68778e-17)
(-0.593713 0.0513658 7.81029e-17)
(-0.626181 0.0411307 3.33885e-17)
(-0.651547 0.0305927 4.58984e-17)
(-0.669731 0.0200056 4.85438e-17)
(-0.680815 0.00961982 1.25958e-16)
(-0.684956 -0.000474943 8.82618e-19)
(-0.68248 -0.0099574 -4.48209e-18)
(-0.67372 -0.0190301 4.07354e-17)
(-0.659152 -0.0274216 1.02072e-17)
(-0.639187 -0.0350867 4.99145e-17)
(-0.614316 -0.0419704 2.03009e-17)
(-0.585072 -0.0480044 -5.7017e-17)
(-0.552035 -0.0531008 1.1205e-16)
(-0.371491 0.100439 -1.33331e-17)
(-0.426105 0.0929192 8.7907e-18)
(-0.476017 0.0836643 6.32033e-17)
(-0.520345 0.0729772 7.94253e-17)
(-0.558399 0.0612246 4.35315e-17)
(-0.589723 0.0487842 4.5916e-17)
(-0.614071 0.0360193 9.40757e-17)
(-0.631395 0.023236 1.13602e-16)
(-0.641819 0.0107212 7.59881e-17)
(-0.645486 -0.00137943 3.45305e-17)
(-0.642802 -0.0127796 -5.69092e-17)
(-0.634095 -0.0236293 8.45384e-17)
(-0.619797 -0.0336467 2.46695e-17)
(-0.600352 -0.0427852 2.52258e-17)
(-0.576244 -0.0509756 2.96028e-17)
(-0.547995 -0.0581349 -1.04954e-16)
(-0.51617 -0.0641568 1.28057e-16)
(-0.337268 0.117039 7.18246e-18)
(-0.390402 0.108041 2.30503e-17)
(-0.438824 0.0970276 3.7854e-17)
(-0.48168 0.0843701 4.16286e-17)
(-0.518317 0.0705093 2.44686e-17)
(-0.548322 0.0558941 9.04298e-17)
(-0.571493 0.0409505 5.98362e-17)
(-0.587819 0.0260368 6.19444e-17)
(-0.597463 0.0114745 4.459e-17)
(-0.600584 -0.00253078 4.27431e-17)
(-0.597633 -0.0158156 3.46568e-17)
(-0.588927 -0.0283451 4.47578e-17)
(-0.574887 -0.0398928 2.4495e-17)
)
;

boundaryField
{
    inlet
    {
        type            uniformFixedValue;
        uniformValue    constant (1 0 0);
        value           nonuniform 0();
    }
    outlet
    {
        type            pressureInletOutletVelocity;
        value           nonuniform 0();
    }
    polygon
    {
        type            fixedValue;
        value           nonuniform 0();
    }
    top
    {
        type            symmetryPlane;
    }
    bottom
    {
        type            symmetryPlane;
    }
    outside
    {
        type            zeroGradient;
    }
    procBoundary27to19
    {
        type            processor;
        value           nonuniform List<vector> 
18
(
(-0.555982 -0.0504073 2.05572e-17)
(-0.532686 -0.0598081 2.24521e-17)
(-0.505508 -0.0679989 -5.31866e-17)
(-0.475001 -0.0748548 1.24489e-16)
(-0.299678 0.132962 1.90692e-17)
(-0.351131 0.122462 4.89717e-17)
(-0.397867 0.109683 4.11106e-17)
(-0.439063 0.0950646 3.46374e-17)
(-0.474106 0.0791237 2.56025e-17)
(-0.50263 0.0623797 5.19823e-17)
(-0.52448 0.0453181 4.4287e-17)
(-0.539682 0.0283439 4.95045e-17)
(-0.548439 0.0118015 2.85961e-17)
(-0.550935 -0.00403291 7.15146e-17)
(-0.547645 -0.0190897 -3.24875e-17)
(-0.538886 -0.0331628 2.66231e-17)
(-0.555982 -0.0504073 2.05572e-17)
(-0.525084 -0.0461396 2.3711e-17)
)
;
    }
    procBoundary27to26
    {
        type            processor;
        value           nonuniform List<vector> 6((-0.5904 -0.00728801 -3.28966e-17) (-0.582392 -0.0195354 -4.24725e-17) (-0.56693 -0.0325752 -9.92526e-17) (-0.544549 -0.044971 -9.6236e-17) (-0.51584 -0.0571562 -2.77076e-17) (-0.48139 -0.0689154 3.86091e-18));
    }
    procBoundary27to28
    {
        type            processor;
        value           nonuniform List<vector> 7((-0.406324 0.0113968 4.21138e-18) (-0.399524 0.0300078 3.17498e-18) (-0.386122 0.0500458 1.32273e-18) (-0.366799 0.0689926 1.794e-18) (-0.342243 0.087765 6.62809e-18) (-0.313226 0.106008 1.88754e-17) (-0.280448 0.123758 3.5793e-17));
    }
    procBoundary27to34
    {
        type            processor;
        value           uniform (-0.5904 0.00728802 -6.90318e-17);
    }
    procBoundary27to35
    {
        type            processor;
        value           nonuniform List<vector> 
18
(
(-0.745528 -0.00736036 7.3864e-17)
(-0.757864 -0.00380131 -6.80929e-18)
(-0.762872 -0.000327388 -4.26376e-18)
(-0.760714 0.00289249 3.6313e-17)
(-0.751709 0.00602681 -4.87302e-17)
(-0.736433 0.00897382 2.62017e-17)
(-0.71526 0.0116619 -9.43466e-17)
(-0.688682 0.0140832 -2.64269e-17)
(-0.65726 0.016222 3.71186e-17)
(-0.621607 0.0180508 6.64417e-17)
(-0.468609 -0.0109973 -5.72069e-18)
(-0.527373 -0.010377 3.28738e-17)
(-0.581505 -0.00954805 6.85802e-17)
(-0.630026 -0.00853323 4.10507e-17)
(-0.672127 -0.0073651 9.78125e-17)
(-0.707215 -0.00608173 8.6427e-17)
(-0.734895 -0.00472252 1.35296e-16)
(-0.734895 -0.00472252 1.35296e-16)
)
;
    }
}


// ************************************************************************* //
