/*--------------------------------*- C++ -*----------------------------------*\
  =========                 |
  \\      /  F ield         | OpenFOAM: The Open Source CFD Toolbox
   \\    /   O peration     | Website:  https://openfoam.org
    \\  /    A nd           | Version:  7
     \\/     M anipulation  |
\*---------------------------------------------------------------------------*/
FoamFile
{
    version     2.0;
    format      ascii;
    class       labelList;
    note        "nPoints: 406 nCells: 175 nFaces: 727 nInternalFaces: 323";
    location    "constant/polyMesh";
    object      owner;
}
// * * * * * * * * * * * * * * * * * * * * * * * * * * * * * * * * * * * * * //


727
(
0
0
0
1
1
1
2
2
2
3
3
3
4
4
4
5
5
5
6
6
6
7
7
7
8
8
8
9
9
9
10
10
10
11
11
12
12
13
13
14
14
15
15
16
16
17
17
18
18
19
19
20
20
21
21
22
22
23
24
24
25
25
26
26
27
27
28
28
29
29
30
30
31
31
32
32
33
33
34
34
35
36
36
37
37
38
38
39
39
40
40
41
41
42
42
43
43
44
44
45
45
46
46
47
48
48
49
49
50
50
51
51
52
52
53
53
54
54
55
55
56
56
57
57
58
58
59
60
60
61
61
62
62
63
63
64
64
65
65
66
66
67
67
68
68
69
69
70
70
71
72
72
73
73
74
74
75
75
76
76
77
77
78
78
79
79
80
80
81
81
82
82
83
84
84
85
85
86
86
87
87
88
88
89
89
90
90
91
91
92
92
93
93
94
94
95
96
97
97
98
98
99
99
100
100
101
101
102
102
103
103
104
104
105
105
106
106
107
108
109
110
111
112
113
114
115
116
117
119
119
120
120
121
121
122
122
123
123
124
124
125
125
126
127
127
128
128
129
129
130
130
131
131
132
132
133
133
134
134
135
135
136
136
137
137
138
139
139
140
140
141
141
142
142
143
143
144
144
145
145
146
146
147
147
148
148
149
149
150
151
151
152
152
153
153
154
154
155
155
156
156
157
157
158
158
159
159
160
160
161
161
162
163
164
165
166
167
168
169
170
171
172
173
11
23
35
47
59
71
83
95
107
118
126
138
150
162
174
0
12
24
36
48
60
72
84
96
1
13
25
37
49
61
73
85
97
108
2
14
26
38
50
62
74
86
98
109
3
15
27
39
51
63
75
87
99
110
4
16
28
40
52
64
76
88
100
111
5
17
29
41
53
65
77
89
101
112
6
18
30
42
54
66
78
90
102
113
7
19
31
43
55
67
79
91
103
114
8
20
32
44
56
68
80
92
104
115
9
21
33
45
57
69
81
93
105
116
10
22
34
46
58
70
82
94
106
117
11
23
35
47
59
71
83
95
107
118
127
139
151
163
128
140
152
164
129
141
153
165
130
142
154
166
119
131
143
155
167
120
132
144
156
168
121
133
145
157
169
122
134
146
158
170
123
135
147
159
171
124
136
148
160
172
125
137
149
161
173
126
138
150
162
174
0
12
24
36
48
60
72
84
96
1
13
25
37
49
61
73
85
97
108
2
14
26
38
50
62
74
86
98
109
3
15
27
39
51
63
75
87
99
110
4
16
28
40
52
64
76
88
100
111
5
17
29
41
53
65
77
89
101
112
6
18
30
42
54
66
78
90
102
113
7
19
31
43
55
67
79
91
103
114
8
20
32
44
56
68
80
92
104
115
9
21
33
45
57
69
81
93
105
116
10
22
34
46
58
70
82
94
106
117
11
23
35
47
59
71
83
95
107
118
127
139
151
163
128
140
152
164
129
141
153
165
130
142
154
166
119
131
143
155
167
120
132
144
156
168
121
133
145
157
169
122
134
146
158
170
123
135
147
159
171
124
136
148
160
172
125
137
149
161
173
126
138
150
162
174
108
109
110
111
112
113
114
115
116
117
118
0
12
24
36
48
60
72
84
96
96
108
119
120
121
122
123
124
125
126
127
128
129
119
130
127
139
151
163
)


// ************************************************************************* //
