/*--------------------------------*- C++ -*----------------------------------*\
  =========                 |
  \\      /  F ield         | OpenFOAM: The Open Source CFD Toolbox
   \\    /   O peration     | Website:  https://openfoam.org
    \\  /    A nd           | Version:  7
     \\/     M anipulation  |
\*---------------------------------------------------------------------------*/
FoamFile
{
    version     2.0;
    format      ascii;
    class       volVectorField;
    location    "4";
    object      U;
}
// * * * * * * * * * * * * * * * * * * * * * * * * * * * * * * * * * * * * * //

dimensions      [0 1 -1 0 0 0 0];

internalField   nonuniform List<vector> 
115
(
(0.718248 -0.00706938 6.13937e-18)
(0.682613 -0.00802574 5.07648e-18)
(0.642187 -0.00914099 -1.52933e-18)
(0.596186 -0.0104507 4.12772e-19)
(0.543697 -0.0119924 3.54199e-20)
(0.483722 -0.0138091 -1.60476e-18)
(0.415171 -0.0159047 -5.52286e-18)
(0.336995 -0.0182334 4.07172e-18)
(0.908041 0.0265396 -4.1627e-18)
(0.899068 0.0300591 -5.33221e-18)
(0.889128 0.0340116 -4.40258e-18)
(0.878126 0.0384254 -3.50786e-19)
(0.86596 0.0433375 1.42465e-18)
(0.852521 0.0488004 -6.78297e-18)
(0.837683 0.0548919 -3.46152e-19)
(0.904417 0.0192865 -8.18985e-19)
(0.894443 0.0219348 -3.1107e-18)
(0.883236 0.0249237 -2.37367e-18)
(0.870654 0.0282746 -4.38201e-18)
(0.856548 0.0320141 -6.46325e-19)
(0.840756 0.0361794 -8.872e-19)
(0.823098 0.0408255 -1.2403e-18)
(0.803369 0.0460333 -7.78313e-18)
(0.781323 0.051919 -2.08065e-18)
(0.756658 0.0586446 -5.02213e-18)
(0.728984 0.0664265 -1.50305e-18)
(0.697788 0.0755351 -1.34968e-18)
(0.662407 0.0862763 -3.79159e-18)
(0.621989 0.0989908 -1.42787e-18)
(0.575522 0.113927 3.52789e-18)
(0.521909 0.130965 -2.83581e-18)
(0.906257 0.0231076 1.10752e-18)
(0.896794 0.0262264 -3.08547e-18)
(0.886232 0.0297376 -1.8451e-18)
(0.874456 0.0336661 -1.02304e-18)
(0.86134 0.0380434 1.23153e-19)
(0.846748 0.0429136 -1.74578e-18)
(0.830529 0.0483421 3.04062e-18)
(0.812509 0.054425 -4.7347e-18)
(0.792477 0.0613004 -3.5797e-18)
(0.770168 0.0691617 -9.98774e-18)
(0.745228 0.0782684 -4.78062e-18)
(0.717179 0.0889505 -1.10627e-18)
(0.685392 0.101593 -8.52116e-18)
(0.649069 0.116623 -6.76409e-18)
(0.607153 0.134254 -3.83117e-18)
(0.558493 0.154329 -2.06246e-18)
(0.901133 0.0110895 -1.11826e-18)
(0.890231 0.012655 -3.69954e-18)
(0.877843 0.014429 -5.38798e-18)
(0.863785 0.0164242 -3.71848e-19)
(0.847859 0.0186561 -2.20597e-18)
(0.829854 0.0211458 7.78066e-21)
(0.809535 0.0239244 -1.78015e-18)
(0.786639 0.0270378 -2.71736e-18)
(0.760852 0.0305516 -1.76282e-18)
(0.731797 0.0345565 -4.33841e-18)
(0.699003 0.0391723 -9.44058e-19)
(0.661879 0.0445481 -3.39921e-18)
(0.619691 0.0508542 -1.85149e-18)
(0.571559 0.0582706 -4.64792e-19)
(0.516484 0.0669399 -1.93229e-18)
(0.453369 0.0768208 -5.3398e-18)
(0.381145 0.0877048 -7.52327e-19)
(0.902655 0.0153442 -1.5351e-18)
(0.892186 0.0174826 -6.12574e-18)
(0.880349 0.0199011 -4.99519e-18)
(0.86698 0.0226171 -1.79152e-18)
(0.851905 0.0256513 -4.25018e-18)
(0.834936 0.0290326 2.98318e-20)
(0.815864 0.0328039 -1.89258e-18)
(0.794452 0.0370278 -3.60329e-18)
(0.770419 0.0417945 -2.45349e-18)
(0.743422 0.0472288 -7.49292e-18)
(0.713028 0.0534968 -7.01709e-20)
(0.678683 0.0608062 -1.54629e-18)
(0.639688 0.0693914 -1.87919e-18)
(0.595197 0.0794864 -4.31056e-19)
(0.544195 0.0912148 -6.19525e-19)
(0.485551 0.104525 -7.58428e-18)
(0.418189 0.119107 2.62137e-19)
(0.899406 0.00223405 5.03579e-18)
(0.888004 0.00255418 -2.9657e-18)
(0.874981 0.00291769 -2.24409e-19)
(0.860123 0.00332731 1.40581e-19)
(0.843208 0.00378625 -1.32469e-19)
(0.823994 0.00429891 1.0704e-18)
(0.802218 0.00487178 -8.30811e-19)
(0.77758 0.00551445 -4.52951e-19)
(0.749731 0.00624065 9.9714e-19)
(0.718248 0.00706938 -5.29813e-19)
(0.682613 0.00802574 1.31542e-19)
(0.642187 0.00914099 -3.28691e-18)
(0.596186 0.0104507 -1.14805e-18)
(0.543697 0.0119924 -5.68965e-19)
(0.483722 0.0138091 -2.28336e-18)
(0.415171 0.0159047 -4.24111e-18)
(0.336995 0.0182334 3.85681e-19)
(0.900005 0.00677229 3.88221e-19)
(0.888777 0.0077362 -3.22365e-18)
(0.875975 0.00882974 -4.44589e-18)
(0.861396 0.0100608 -4.30677e-19)
(0.844826 0.0114387 -4.25823e-18)
(0.826034 0.012976 3.19162e-19)
(0.804767 0.0146912 -2.40557e-18)
(0.780738 0.0166116 -5.51873e-18)
(0.753609 0.018776 -1.18792e-18)
(0.722975 0.0212378 -6.97e-18)
(0.688333 0.024067 -1.56766e-18)
(0.649061 0.0273494 -9.52135e-18)
(0.604392 0.0311808 -6.10006e-18)
(0.553431 0.0356561 -1.78346e-19)
(0.495181 0.0408343 -3.21327e-18)
(0.428537 0.0466893 -9.34046e-18)
(0.35244 0.0530848 -4.24757e-18)
)
;

boundaryField
{
    inlet
    {
        type            uniformFixedValue;
        uniformValue    constant (1 0 0);
        value           nonuniform 0();
    }
    outlet
    {
        type            pressureInletOutletVelocity;
        value           nonuniform 0();
    }
    polygon
    {
        type            fixedValue;
        value           nonuniform 0();
    }
    top
    {
        type            symmetryPlane;
    }
    bottom
    {
        type            symmetryPlane;
    }
    outside
    {
        type            zeroGradient;
    }
    procBoundary27to19
    {
        type            processor;
        value           nonuniform List<vector> 
17
(
(0.909666 0.0300515 -1.35078e-18)
(0.901139 0.033972 -2.82398e-18)
(0.891763 0.0383639 -2.66844e-18)
(0.881465 0.0432602 -3.01815e-18)
(0.870165 0.0487043 -2.69039e-18)
(0.857774 0.0547588 -5.02551e-18)
(0.821304 0.0617275 -3.9471e-18)
(0.844196 0.0615169 -3.09358e-18)
(0.821304 0.0617275 -3.9471e-18)
(0.803206 0.0694755 -4.07203e-18)
(0.783162 0.0783765 -8.9997e-18)
(0.760854 0.0887624 -6.05269e-19)
(0.735847 0.10107 5.86257e-19)
(0.707557 0.115807 -2.26333e-18)
(0.675155 0.1333 -2.38001e-18)
(0.637589 0.1536 4.0354e-19)
(0.593821 0.176628 5.38482e-18)
)
;
    }
    procBoundary27to26
    {
        type            processor;
        value           nonuniform List<vector> 6((0.460092 0.149616 5.04569e-19) (0.460092 0.149616 5.04569e-19) (0.502114 0.17617 1.77133e-19) (0.299082 0.0990549 -6.86191e-20) (0.341361 0.134162 -1.1777e-18) (0.266194 0.0596975 9.17065e-19));
    }
    procBoundary27to28
    {
        type            processor;
        value           nonuniform List<vector> 7((0.916134 0.0234268 -2.80599e-18) (0.913289 0.0169579 -1.47054e-18) (0.914733 0.0203574 -1.06597e-18) (0.910725 0.00971922 -1.62998e-18) (0.911912 0.0134687 -3.48574e-18) (0.909383 0.00195454 3.78668e-18) (0.909849 0.00592984 -2.16777e-18));
    }
    procBoundary27to34
    {
        type            processor;
        value           nonuniform List<vector> 2((0.248514 -0.0206955 4.28762e-18) (0.248514 0.0206955 1.77342e-18));
    }
    procBoundary27to35
    {
        type            processor;
        value           nonuniform List<vector> 
18
(
(0.722975 -0.0212378 1.92459e-18)
(0.688333 -0.024067 2.15009e-18)
(0.649061 -0.0273494 -9.01161e-19)
(0.604392 -0.0311808 1.56351e-18)
(0.553431 -0.0356561 2.57726e-18)
(0.495181 -0.0408343 6.61382e-19)
(0.428537 -0.0466893 2.78313e-18)
(0.35244 -0.0530848 8.61395e-18)
(0.899406 -0.00223405 1.95859e-18)
(0.888004 -0.00255418 -4.30642e-18)
(0.874981 -0.00291769 1.24069e-18)
(0.860123 -0.00332731 1.02477e-18)
(0.843208 -0.00378625 2.29027e-18)
(0.823994 -0.00429891 4.6768e-18)
(0.802218 -0.00487178 -2.70542e-20)
(0.77758 -0.00551445 2.57162e-18)
(0.749731 -0.00624065 5.77312e-18)
(0.749731 -0.00624065 5.77312e-18)
)
;
    }
}


// ************************************************************************* //
