/*--------------------------------*- C++ -*----------------------------------*\
  =========                 |
  \\      /  F ield         | OpenFOAM: The Open Source CFD Toolbox
   \\    /   O peration     | Website:  https://openfoam.org
    \\  /    A nd           | Version:  7
     \\/     M anipulation  |
\*---------------------------------------------------------------------------*/
FoamFile
{
    version     2.0;
    format      ascii;
    class       volVectorField;
    location    "80";
    object      U;
}
// * * * * * * * * * * * * * * * * * * * * * * * * * * * * * * * * * * * * * //

dimensions      [0 1 -1 0 0 0 0];

internalField   nonuniform List<vector> 
125
(
(-0.214112 -0.00288111 9.48959e-19)
(-0.212842 -0.00259683 4.26444e-18)
(-0.211662 -0.00232506 7.69032e-19)
(-0.231992 -0.00724965 4.04633e-18)
(-0.229573 -0.00704036 2.7222e-18)
(-0.227216 -0.00680055 -3.4529e-18)
(-0.224931 -0.00653408 -1.01758e-18)
(-0.222725 -0.00624491 1.03961e-18)
(-0.220605 -0.00593707 2.89002e-18)
(-0.218576 -0.00561456 6.14063e-18)
(-0.216641 -0.00528135 1.29839e-18)
(-0.214801 -0.00494132 1.71687e-18)
(-0.213057 -0.00459821 1.98835e-18)
(-0.211408 -0.00425559 3.91095e-18)
(-0.209853 -0.00391683 9.98993e-20)
(-0.208387 -0.00358503 -6.18447e-19)
(-0.207007 -0.00326304 3.60465e-18)
(-0.205708 -0.0029534 2.17078e-18)
(-0.204483 -0.00265834 4.96136e-19)
(-0.223289 -0.00796843 2.07655e-18)
(-0.220986 -0.00774085 1.30141e-18)
(-0.218737 -0.00747985 -1.78035e-18)
(-0.216552 -0.00718976 -7.95479e-19)
(-0.214436 -0.00687502 9.96094e-20)
(-0.212396 -0.00654012 1.22967e-18)
(-0.210436 -0.00618953 2.69987e-18)
(-0.208557 -0.0058277 5.50595e-19)
(-0.206762 -0.00545894 7.09477e-19)
(-0.205049 -0.00508739 6.94579e-19)
(-0.203418 -0.00471703 1.82972e-18)
(-0.201866 -0.00435157 -3.34095e-20)
(-0.200389 -0.00399447 -7.13372e-19)
(-0.198982 -0.00364884 1.43555e-18)
(-0.19764 -0.00331747 9.35365e-19)
(-0.196356 -0.0030028 2.00882e-19)
(-0.20959 -0.00931285 -2.08284e-19)
(-0.207467 -0.00910477 2.78569e-19)
(-0.205375 -0.00885442 -5.77808e-19)
(-0.203321 -0.00856663 -1.55816e-18)
(-0.201313 -0.00824642 -7.64183e-19)
(-0.199358 -0.00789894 -1.025e-18)
(-0.197458 -0.00752941 -5.53112e-20)
(-0.195617 -0.00714302 -1.89176e-19)
(-0.193836 -0.00674488 -1.04147e-18)
(-0.192116 -0.00633998 -1.96012e-19)
(-0.190454 -0.0059331 -8.38164e-19)
(-0.188848 -0.00552878 6.24904e-20)
(-0.187294 -0.00513125 -8.58767e-19)
(-0.185789 -0.00474442 -1.4419e-18)
(-0.184326 -0.00437182 -1.67625e-19)
(-0.182899 -0.0040166 -8.28629e-19)
(-0.181501 -0.00368146 -1.39215e-19)
(-0.182397 -0.0107039 -5.81628e-18)
(-0.180612 -0.0104864 -1.04488e-18)
(-0.178831 -0.0102207 -5.80143e-18)
(-0.17706 -0.0099127 -6.84474e-18)
(-0.175304 -0.00956829 -1.44996e-18)
(-0.173565 -0.00919368 -5.93062e-18)
(-0.171847 -0.00879508 -1.03639e-18)
(-0.170149 -0.00837866 -5.84396e-18)
(-0.168471 -0.00795049 -6.86628e-18)
(-0.166811 -0.00751644 -1.42177e-18)
(-0.165166 -0.00708214 -6.12946e-18)
(-0.163531 -0.00665288 -1.36393e-18)
(-0.161902 -0.00623357 -6.40114e-18)
(-0.160272 -0.00582871 -7.40611e-18)
(-0.158634 -0.00544234 -1.54032e-18)
(-0.156982 -0.00507801 -6.6846e-18)
(-0.155307 -0.00473876 -1.28888e-18)
(-0.150611 -0.0118375 -1.19085e-18)
(-0.149158 -0.0116308 -4.54908e-19)
(-0.147673 -0.0113717 -1.22231e-18)
(-0.14616 -0.0110672 -1.53135e-18)
(-0.14462 -0.0107242 -5.34295e-19)
(-0.143055 -0.0103498 -1.20037e-18)
(-0.141464 -0.00995138 -4.04645e-19)
(-0.139845 -0.00953595 -1.20733e-18)
(-0.138196 -0.00911047 -1.50351e-18)
(-0.136512 -0.00868163 -4.45172e-19)
(-0.134787 -0.00825579 -1.16537e-18)
(-0.133017 -0.0078389 -4.12485e-19)
(-0.131193 -0.00743647 -1.18963e-18)
(-0.12931 -0.00705347 -1.47754e-18)
(-0.127358 -0.00669434 -6.86005e-19)
(-0.125331 -0.00636291 -1.26416e-18)
(-0.12322 -0.00606243 -4.16832e-19)
(-0.114305 -0.0127308 -2.48049e-19)
(-0.113138 -0.012562 -1.22906e-19)
(-0.111894 -0.0123389 -2.98628e-19)
(-0.110574 -0.0120693 -2.67152e-19)
(-0.109176 -0.0117611 -1.92033e-19)
(-0.107698 -0.0114225 -2.21393e-19)
(-0.106138 -0.0110615 -1.3795e-19)
(-0.104491 -0.0106862 -2.57224e-19)
(-0.102751 -0.0103042 -3.09718e-19)
(-0.100912 -0.0099229 -1.21204e-19)
(-0.098968 -0.0095492 -6.241e-20)
(-0.0969099 -0.00918955 -8.59306e-20)
(-0.0947303 -0.00884982 -2.2343e-19)
(-0.0924205 -0.0085353 -2.2489e-19)
(-0.0899719 -0.00825057 -6.46487e-20)
(-0.0873758 -0.0079996 -2.14609e-19)
(-0.0846234 -0.00778567 -1.64575e-19)
(-0.0734021 -0.0134277 -7.81507e-20)
(-0.072435 -0.0133315 -1.80811e-20)
(-0.0713345 -0.0131812 1.75168e-20)
(-0.0700982 -0.0129854 -9.63492e-20)
(-0.0687221 -0.0127532 2.19654e-21)
(-0.0672014 -0.0124935 -5.21801e-20)
(-0.0655301 -0.0122151 -8.65873e-20)
(-0.0637013 -0.0119266 -6.94898e-20)
(-0.0617074 -0.0116364 -1.13746e-19)
(-0.05954 -0.0113523 -6.44636e-20)
(-0.0571906 -0.0110817 8.67347e-20)
(-0.0546499 -0.0108311 -5.51563e-20)
(-0.0519088 -0.0106068 -1.47483e-19)
(-0.0489579 -0.010414 -2.83043e-19)
(-0.045788 -0.0102575 -1.20986e-19)
(-0.0423898 -0.0101411 6.17312e-20)
(-0.0387541 -0.010068 -7.5579e-20)
(-0.027649 -0.0140013 -1.12186e-20)
(-0.0267506 -0.0140199 4.64715e-20)
(-0.025652 -0.0139869 8.74461e-20)
(-0.0243475 -0.013912 -6.51683e-21)
(-0.0228302 -0.0138047 5.26453e-20)
)
;

boundaryField
{
    inlet
    {
        type            uniformFixedValue;
        uniformValue    constant (1 0 0);
        value           nonuniform 0();
    }
    outlet
    {
        type            pressureInletOutletVelocity;
        value           nonuniform 0();
    }
    polygon
    {
        type            fixedValue;
        value           nonuniform 0();
    }
    top
    {
        type            symmetryPlane;
    }
    bottom
    {
        type            symmetryPlane;
    }
    outside
    {
        type            zeroGradient;
    }
    procBoundary21to13
    {
        type            processor;
        value           nonuniform List<vector> 
18
(
(-0.0210925 -0.0136747 1.18647e-20)
(-0.0191259 -0.0135315 -4.69743e-20)
(-0.0169213 -0.0133843 -5.85722e-20)
(-0.0144691 -0.0132416 -5.79102e-21)
(-0.0117595 -0.0131116 -2.05092e-20)
(-0.00878245 -0.0130018 -4.23161e-20)
(-0.00552787 -0.012919 1.80825e-20)
(-0.00198575 -0.0128693 -3.39635e-20)
(0.00185382 -0.0128579 -2.03045e-19)
(0.0060005 -0.0128895 1.10892e-19)
(0.0104637 -0.0129678 2.94739e-21)
(0.0152525 -0.0130958 -2.96804e-20)
(0.0233911 -0.014555 1.46494e-20)
(0.024391 -0.0147383 4.97037e-20)
(0.0256681 -0.0148749 5.09144e-20)
(0.027231 -0.014975 -3.20486e-21)
(-0.0210925 -0.0136747 1.18647e-20)
(0.0290893 -0.0150489 3.75528e-20)
)
;
    }
    procBoundary21to14
    {
        type            processor;
        value           nonuniform List<vector> 2((-0.0742374 -0.0134615 -3.29669e-20) (-0.0283519 -0.013922 -7.95169e-21));
    }
    procBoundary21to20
    {
        type            processor;
        value           nonuniform List<vector> 7((-0.203326 -0.00237974 2.65445e-18) (-0.195124 -0.00270687 8.49037e-19) (-0.180124 -0.00336869 -8.82211e-19) (-0.153603 -0.00442713 -6.83191e-18) (-0.121015 -0.00579556 -1.24878e-18) (-0.0817059 -0.00761142 2.5574e-19) (-0.0348723 -0.0100408 1.95915e-19));
    }
    procBoundary21to22
    {
        type            processor;
        value           nonuniform List<vector> 7((-0.234464 -0.00742474 5.95519e-18) (-0.225636 -0.00815847 2.79353e-18) (-0.225636 -0.00815847 2.79353e-18) (-0.211734 -0.0094742 4.22369e-20) (-0.184177 -0.0108678 -1.25424e-18) (-0.152027 -0.0119856 -5.18457e-19) (-0.115392 -0.0128378 -2.35819e-19));
    }
    procBoundary21to28
    {
        type            processor;
        value           uniform (-0.210563 -0.00206754 6.12444e-18);
    }
    procBoundary21to29
    {
        type            processor;
        value           nonuniform List<vector> 
17
(
(-0.220309 -0.00249971 -6.06821e-19)
(-0.219059 -0.00224512 1.58698e-18)
(-0.21791 -0.00200117 8.16297e-19)
(-0.239786 -0.00649621 1.19206e-18)
(-0.237257 -0.00630744 4.99634e-18)
(-0.234799 -0.00609119 -1.53281e-18)
(-0.232419 -0.00585085 -1.07257e-18)
(-0.230128 -0.0055899 3.00228e-18)
(-0.227931 -0.00531188 6.50545e-18)
(-0.225834 -0.00502034 6.42788e-18)
(-0.223842 -0.00471876 1.71894e-18)
(-0.221955 -0.00441059 3.67845e-18)
(-0.220177 -0.00409914 4.45157e-18)
(-0.218505 -0.00378758 1.39741e-18)
(-0.216939 -0.00347891 -5.05079e-19)
(-0.215476 -0.0031759 -9.63715e-19)
(-0.215476 -0.0031759 -9.63715e-19)
)
;
    }
}


// ************************************************************************* //
