/*--------------------------------*- C++ -*----------------------------------*\
  =========                 |
  \\      /  F ield         | OpenFOAM: The Open Source CFD Toolbox
   \\    /   O peration     | Website:  https://openfoam.org
    \\  /    A nd           | Version:  7
     \\/     M anipulation  |
\*---------------------------------------------------------------------------*/
FoamFile
{
    version     2.0;
    format      ascii;
    class       surfaceScalarField;
    location    "8";
    object      phi;
}
// * * * * * * * * * * * * * * * * * * * * * * * * * * * * * * * * * * * * * //

dimensions      [0 3 -1 0 0 0 0];

internalField   nonuniform List<scalar> 
463
(
-0.00152585
0.00986866
-0.00949047
-0.00189927
0.00982691
-0.00945349
-0.00227231
0.00976412
-0.00939108
-0.00264451
0.00971352
-0.00934131
-0.00301782
0.00965554
-0.00928223
-0.00339113
0.00960557
-0.00923227
-0.00376607
0.00954995
-0.00917501
-0.00414337
0.00949774
-0.00912044
-0.00452443
0.00944183
-0.00906077
-0.00490956
0.00938961
-0.00900449
-0.00530315
0.00933214
-0.00893855
0.00928724
-0.00888522
-0.00155443
0.0102483
-0.00193096
0.0102034
-0.00230783
0.010141
-0.00268467
0.0100904
-0.00306291
0.0100338
-0.00344237
0.00998503
-0.00382443
0.00993201
-0.00421016
0.00988347
-0.00460136
0.00983303
-0.0049994
0.00978766
-0.00540977
0.0097425
-0.00158181
0.0106295
-0.00196101
0.0105826
-0.00234141
0.0105214
-0.0027225
0.0104714
-0.00310603
0.0104173
-0.00349194
0.0103709
-0.00388177
0.0103218
-0.00427624
0.0102779
-0.00467717
0.010234
-0.00508715
0.0101976
0.0101673
-0.00160788
0.0110123
-0.00198959
0.0109643
-0.0023731
0.0109049
-0.00275801
0.0108564
-0.0031459
0.0108052
-0.00353673
0.0107618
-0.00393206
0.0107172
-0.00433322
0.0106791
-0.00474321
0.0106439
-0.00516463
0.0106191
0.0105968
-0.00163233
0.0113966
-0.00201641
0.0113484
-0.00240292
0.0112914
-0.00279191
0.0112453
-0.00318497
0.0111983
-0.00358263
0.0111594
-0.00398658
0.0111211
-0.00439795
0.0110905
-0.00481775
0.0110637
-0.00524159
0.0110429
-0.00165521
0.0117822
-0.00204158
0.0117348
-0.00243095
0.0116808
-0.00282364
0.011638
-0.00322074
0.0115954
-0.00362249
0.0115612
-0.00402982
0.0115285
-0.00444345
0.0115041
-0.00486257
0.0114829
0.0114545
-0.00167624
0.0121687
-0.00206454
0.0121231
-0.00245649
0.0120727
-0.00285296
0.0120345
-0.00325505
0.0119975
-0.00366394
0.0119701
-0.00408114
0.0119457
-0.00450612
0.0119291
-0.00492852
0.0119053
0.0118369
-0.00169572
0.0125562
-0.00208603
0.0125134
-0.00248063
0.0124673
-0.00288077
0.0124346
-0.00328663
0.0124033
-0.00369864
0.0123821
-0.00411509
0.0123621
-0.00452999
0.012344
-0.00492265
0.0122979
-0.00171306
0.012944
-0.00210466
0.012905
-0.00250108
0.0128638
-0.00290461
0.0128382
-0.00331488
0.0128136
-0.00373354
0.0128007
-0.00415869
0.0127873
-0.00458136
0.0127666
0.0126823
-0.00172859
0.0133316
-0.00212298
0.0132994
-0.00252212
0.0132629
-0.00292993
0.013246
-0.00334411
0.0132278
-0.00376495
0.0132216
-0.00418346
0.0132058
-0.00457569
0.0131589
0.0129863
-0.000774193
0.0104722
-0.000546213
0.0104111
-0.00032359
0.0103297
-0.000110877
0.0102464
9.38519e-05
0.0101606
0.000285917
0.0100671
0.00046592
0.00997234
0.00062958
0.00986558
0.000775181
0.00975248
0.00962191
-0.000798906
0.0102332
-0.000566829
0.0101791
-0.000340153
0.010103
-0.000122813
0.0100291
8.6906e-05
0.00995086
0.000284558
0.00986944
0.000470948
0.00978595
0.000641958
0.00969457
0.000796354
0.00959808
0.000928946
0.00948932
0.00937028
-0.0008218
0.00998989
-0.00058467
0.00994194
-0.000352607
0.00987094
-0.000129158
0.00980563
8.72511e-05
0.00973445
0.000292561
0.00966413
0.000487912
0.0095906
0.00066959
0.00951289
0.000837244
0.00943043
0.000985378
0.00934118
0.00924352
-0.000846213
0.00974276
-0.000605329
0.00970106
-0.000369434
0.00963504
-0.000141718
0.00957791
7.95026e-05
0.00951323
0.000289883
0.00945375
0.000491136
0.00938935
0.000679823
0.0093242
0.00085551
0.00925474
0.0010129
0.00918379
0.00910559
-0.000865902
-0.000618339
-0.00037438
-0.000137778
9.3225e-05
0.000314701
0.000529033
0.000732796
0.000926772
0.00110608
0.00127311
-0.00546777
0.0135344
-0.0057023
0.0135339
-0.00596939
0.01353
-0.00627211
0.0135487
-0.00661215
0.0135678
-0.00698301
0.0135924
-0.00736287
0.0135856
-0.00768845
0.0134844
0.013132
-0.00550838
0.0136796
-0.00568357
0.0137091
-0.0058913
0.0137377
-0.00613226
0.0137897
-0.00640686
0.0138424
-0.00670084
0.0138864
-0.00697729
0.0138621
-0.00715169
0.0136589
0.013072
-0.00544912
0.0137474
-0.00556148
0.0138215
-0.00571798
0.0138942
-0.00591966
0.0139913
-0.00616413
0.0140869
-0.0064293
0.0141516
-0.00666396
0.0140968
-0.00677398
0.0137689
0.0129434
-0.00524919
0.013721
-0.00528316
0.0138554
-0.0053594
0.0139704
-0.00548364
0.0141156
-0.00564623
0.0142495
-0.00581636
0.0143217
-0.00593887
0.0142193
-0.00593258
0.0137626
0.012745
-0.00487358
0.013593
-0.00481124
0.0137931
-0.00478966
0.0139489
-0.00482181
0.0141477
-0.00488475
0.0143124
-0.00495114
0.0143881
-0.00497361
0.0142417
-0.00490012
0.0136891
0.0125608
-0.00429478
0.0133631
-0.00412774
0.013626
-0.00399572
0.0138168
-0.00391168
0.0140637
-0.00384515
0.0142459
-0.00378245
0.0143254
-0.00368639
0.0141457
-0.00353666
0.0135394
0.0123719
-0.00351728
0.0130408
-0.00324204
0.0133508
-0.00299283
0.0135676
-0.00278124
0.0138521
-0.00257399
0.0140386
-0.00237331
0.0141247
-0.00215865
0.013931
-0.00194064
0.0133214
0.0121781
-0.00255531
0.0126496
-0.00218229
0.0129778
-0.00182425
0.0132096
-0.00148054
0.0135084
-0.00113653
0.0136946
-0.000796723
0.0137849
-0.000465089
0.0135994
-0.000170641
0.0130269
0.0119577
-0.00148842
0.0122238
-0.00103166
0.012521
-0.000586111
0.0127641
-0.000116955
0.0130392
0.000347939
0.0132297
0.000824422
0.0133084
0.00127122
0.0131526
0.00165366
0.0126445
0.011691
-0.000379312
0.00012581
0.000632337
0.00118922
0.0017613
0.00234905
0.00290981
0.00339325
)
;

boundaryField
{
    inlet
    {
        type            calculated;
        value           nonuniform 0();
    }
    outlet
    {
        type            calculated;
        value           nonuniform 0();
    }
    polygon
    {
        type            calculated;
        value           nonuniform 0();
    }
    top
    {
        type            symmetryPlane;
        value           uniform 0;
    }
    bottom
    {
        type            symmetryPlane;
        value           uniform 0;
    }
    outside
    {
        type            calculated;
        value           nonuniform List<scalar> 
25
(
0.00114766
0.00117483
0.00120057
0.00122504
0.00124806
0.00126966
0.00128968
0.00130829
0.00132521
0.00134102
0.00100949
0.00103793
0.0010651
0.00109334
0.00111819
0.005265
0.00536311
0.00538137
0.00527562
0.00500149
0.00452468
0.00383966
0.00294645
0.00191423
0.000799941
)
;
    }
    procBoundary13to9
    {
        type            processor;
        value           nonuniform List<scalar> 
30
(
-0.00570518
-0.00583667
0.00971415
-0.00551195
-0.00559415
-0.00564647
0.0110017
-0.00527413
-0.00531099
-0.00523802
0.0121523
-0.00496577
-0.00487969
0.000897381
-0.00947779
0.00103646
0.00111213
0.00115084
-0.00902893
0.00141683
-0.00783416
-0.00709168
-0.00664535
-0.00573414
-0.00471599
-0.00334776
-0.00174685
4.98051e-05
0.00192039
0.00373949
)
;
    }
    procBoundary13to12
    {
        type            processor;
        value           nonuniform List<scalar> 10(-0.0107075 -0.0106391 -0.0105523 -0.0104591 -0.0103653 -0.0102592 -0.0101523 -0.0100292 -0.00989808 -0.00974411);
    }
    procBoundary13to14
    {
        type            processor;
        value           nonuniform List<scalar> 9(0.0118032 0.0120159 0.0122575 0.0124824 0.0126576 0.0127207 0.0125918 0.012161 0.0113447);
    }
}


// ************************************************************************* //
