/*--------------------------------*- C++ -*----------------------------------*\
  =========                 |
  \\      /  F ield         | OpenFOAM: The Open Source CFD Toolbox
   \\    /   O peration     | Website:  https://openfoam.org
    \\  /    A nd           | Version:  7
     \\/     M anipulation  |
\*---------------------------------------------------------------------------*/
FoamFile
{
    version     2.0;
    format      ascii;
    class       volVectorField;
    location    "96";
    object      U;
}
// * * * * * * * * * * * * * * * * * * * * * * * * * * * * * * * * * * * * * //

dimensions      [0 1 -1 0 0 0 0];

internalField   nonuniform List<vector> 
115
(
(1.00494 4.92711e-06 1.31726e-17)
(0.994467 1.03481e-05 -4.74354e-17)
(1.00595 2.11538e-05 4.12032e-17)
(0.992352 4.46195e-05 3.85807e-17)
(1.00496 -1.58917e-05 -5.59615e-17)
(0.994432 -2.92083e-05 -4.57671e-17)
(1.00599 -6.52285e-05 -4.80743e-18)
(0.992303 -0.000128484 5.48088e-17)
(1.00691 -0.00011624 -7.34743e-18)
(0.98921 -0.000305069 -3.50851e-18)
(1.00727 -0.000219553 -1.67042e-17)
(0.984405 -0.000643679 -9.24612e-17)
(1.00621 -0.000436781 -3.89831e-19)
(0.976597 -0.00130867 1.24802e-17)
(1.00181 -0.000906183 4.43074e-17)
(0.963193 -0.00266254 4.3121e-18)
(0.989746 -0.00194618 2.02128e-17)
(0.938702 -0.00562334 2.34621e-17)
(0.959463 -0.00440488 4.04305e-17)
(0.890223 -0.0130221 4.70372e-17)
(0.880594 -0.0113736 -6.65229e-18)
(1.00494 -4.93511e-06 -7.47482e-17)
(0.994467 -1.03594e-05 -8.87274e-17)
(1.00595 -2.11858e-05 4.11719e-17)
(0.992352 -4.4667e-05 -1.17794e-17)
(1.00686 -3.90548e-05 6.14612e-17)
(0.989276 -0.00010658 4.1637e-18)
(1.00719 -7.64542e-05 3.43224e-17)
(0.984497 -0.000226717 -1.03705e-16)
(1.00609 -0.000156559 3.7985e-17)
(0.976729 -0.000465653 5.75313e-17)
(1.00163 -0.000332265 8.57577e-17)
(0.963402 -0.000958422 -2.86352e-18)
(0.989443 -0.000726458 4.17896e-17)
(0.939086 -0.00204882 7.0054e-17)
(0.958826 -0.00166793 4.83042e-17)
(0.891047 -0.00479511 8.6446e-17)
(0.878756 -0.00435454 -3.01269e-17)
(1.00508 -4.45461e-05 -2.45963e-18)
(0.994268 -5.07813e-05 -2.14404e-17)
(1.00617 -0.000170409 -8.08891e-18)
(0.992073 -0.000271651 -9.89769e-19)
(1.00718 -0.000296674 1.56132e-17)
(0.988895 -0.000671375 -5.76626e-17)
(1.00767 -0.000551136 1.77635e-17)
(0.983966 -0.00144525 -3.07589e-17)
(1.00679 -0.00108365 3.80372e-17)
(0.975961 -0.00297604 5.67283e-19)
(1.00268 -0.00223563 7.54711e-17)
(0.962203 -0.00610542 -9.12686e-18)
(0.991163 -0.0048073 5.8895e-17)
(0.936957 -0.012953 2.40778e-17)
(0.962297 -0.0109627 5.97089e-17)
(0.886626 -0.0300234 2.82384e-17)
(0.888577 -0.0284273 -7.19036e-18)
(1.00501 -2.84363e-05 -1.44047e-17)
(0.994364 -4.36737e-05 -2.45156e-17)
(1.00606 -0.000114 -1.4851e-17)
(0.992208 -0.000207553 5.44364e-17)
(1.00703 -0.000202899 1.32746e-17)
(0.989081 -0.000502757 -2.02483e-17)
(1.00743 -0.000384645 2.93188e-18)
(0.984227 -0.0010737 -4.16039e-17)
(1.00644 -0.000768502 7.22253e-18)
(0.97634 -0.0022036 -8.75751e-20)
(1.00216 -0.00160284 3.79273e-17)
(0.962789 -0.00451848 1.93131e-18)
(0.990318 -0.00346624 2.50376e-17)
(0.937969 -0.00960222 9.56301e-18)
(0.96063 -0.00791224 7.88565e-17)
(0.888642 -0.0223264 3.64495e-17)
(0.8839 -0.0205337 -4.33244e-18)
(1.00525 -8.78678e-05 -2.98457e-17)
(0.994027 -3.60681e-05 -9.4925e-17)
(1.00645 -0.000311235 -3.5098e-18)
(0.991719 -0.000353902 -2.09183e-17)
(1.00761 -0.000524768 1.35576e-17)
(0.988395 -0.000944191 -1.72897e-17)
(1.00832 -0.000952177 4.79448e-17)
(0.983247 -0.00210411 9.90207e-18)
(1.00777 -0.00183711 -1.99756e-17)
(0.974903 -0.00442498 6.47383e-17)
(1.00417 -0.00374562 6.59862e-17)
(0.96058 -0.00920338 9.34794e-18)
(0.993547 -0.00803164 5.08397e-17)
(0.934309 -0.0196841 1.6787e-16)
(0.966681 -0.0184357 7.27672e-17)
(0.881936 -0.0457309 2.99233e-17)
(0.8999 -0.048196 8.9318e-17)
(1.00516 -6.39116e-05 -5.07126e-18)
(0.994153 -4.88733e-05 -4.19975e-17)
(1.0063 -0.000235841 -4.35908e-18)
(0.991906 -0.000323088 -4.93648e-17)
(1.00738 -0.00040576 7.80107e-18)
(0.988662 -0.00082701 -3.16306e-17)
(1.00796 -0.000748872 6.40654e-17)
(0.983636 -0.00181114 -3.86451e-17)
(1.00723 -0.00146425 -5.78636e-19)
(0.975481 -0.00377138 1.63023e-17)
(1.00334 -0.00301217 5.60697e-17)
(0.961466 -0.00779755 -3.70648e-17)
(0.992215 -0.00648192 2.77715e-17)
(0.935726 -0.0166248 5.83495e-17)
(0.964259 -0.0148477 9.79007e-17)
(0.884286 -0.0386036 1.83675e-17)
(0.893773 -0.0386542 1.33535e-16)
(1.00838 -0.00227035 -3.68131e-17)
(0.974267 -0.00505786 8.23475e-17)
(1.00513 -0.00458579 1.04961e-16)
(0.9596 -0.0106092 5.59747e-17)
(0.995127 -0.0097808 4.51435e-17)
(0.932776 -0.0228028 1.7873e-16)
(0.969527 -0.0224265 5.44846e-17)
(0.879625 -0.0530563 7.02336e-17)
(0.906553 -0.058791 1.09796e-16)
)
;

boundaryField
{
    inlet
    {
        type            uniformFixedValue;
        uniformValue    constant (1 0 0);
        value           uniform (1 0 0);
    }
    outlet
    {
        type            pressureInletOutletVelocity;
        value           nonuniform 0();
    }
    polygon
    {
        type            fixedValue;
        value           nonuniform 0();
    }
    top
    {
        type            symmetryPlane;
    }
    bottom
    {
        type            symmetryPlane;
    }
    outside
    {
        type            zeroGradient;
    }
    procBoundary24to16
    {
        type            processor;
        value           nonuniform List<vector> 
18
(
(1.00534 -0.000115268 -9.7114e-18)
(0.9939 -1.53288e-05 -3.60861e-18)
(1.0066 -0.00040178 2.0989e-17)
(0.991526 -0.000368511 -6.443e-18)
(1.00786 -0.000666011 3.33945e-17)
(0.988113 -0.00104016 -5.25051e-18)
(1.0087 -0.00119225 7.64497e-17)
(0.982827 -0.00237278 3.88336e-17)
(1.00907 -0.00274729 -6.69275e-17)
(0.973571 -0.00563706 9.10328e-17)
(1.00629 -0.00553599 9.78067e-17)
(0.958501 -0.011981 1.17427e-16)
(0.997107 -0.0118171 -1.38549e-17)
(0.931058 -0.026012 7.80102e-17)
(0.973264 -0.0272206 3.5851e-17)
(0.877286 -0.0609545 3.42543e-17)
(0.915568 -0.071741 5.19049e-17)
(0.982827 -0.00237278 3.88336e-17)
)
;
    }
    procBoundary24to25
    {
        type            processor;
        value           nonuniform List<vector> 7((0.780467 -0.0362719 3.97898e-18) (0.782029 -0.0133897 -1.82482e-17) (0.773372 -0.0836766 -2.59387e-17) (0.777158 -0.0622766 4.96231e-17) (0.765425 -0.127121 -9.58143e-18) (0.768786 -0.107477 5.34653e-17) (0.763186 -0.146963 7.60428e-17));
    }
    procBoundary24to32
    {
        type            processor;
        value           nonuniform List<vector> 
18
(
(1.00496 1.58837e-05 -2.42619e-17)
(0.994432 2.91971e-05 -4.23989e-17)
(1.00599 6.51963e-05 -1.654e-18)
(1.00686 3.89907e-05 7.89233e-17)
(0.992303 0.000128436 1.42635e-17)
(1.00686 3.89907e-05 7.89233e-17)
(0.989276 0.000106484 -5.52469e-19)
(1.00719 7.63559e-05 7.39283e-17)
(0.984497 0.000226564 -9.59582e-17)
(1.00609 0.000156427 -6.35381e-17)
(0.976729 0.000465439 5.17886e-17)
(1.00163 0.000332098 5.7179e-17)
(0.963402 0.000958147 -3.39511e-17)
(0.989443 0.000726247 -2.60306e-18)
(0.939086 0.00204849 5.01367e-17)
(0.958826 0.00166766 -3.63537e-17)
(0.891047 0.00479472 3.83182e-17)
(0.878756 0.00435417 4.34993e-17)
)
;
    }
}


// ************************************************************************* //
