/*--------------------------------*- C++ -*----------------------------------*\
  =========                 |
  \\      /  F ield         | OpenFOAM: The Open Source CFD Toolbox
   \\    /   O peration     | Website:  https://openfoam.org
    \\  /    A nd           | Version:  7
     \\/     M anipulation  |
\*---------------------------------------------------------------------------*/
FoamFile
{
    version     2.0;
    format      ascii;
    class       volVectorField;
    location    "52";
    object      U;
}
// * * * * * * * * * * * * * * * * * * * * * * * * * * * * * * * * * * * * * //

dimensions      [0 1 -1 0 0 0 0];

internalField   nonuniform List<vector> 
175
(
(-0.388851 0.0249113 -8.76689e-18)
(-0.373987 0.0244253 -6.3168e-19)
(-0.35947 0.0237487 1.56713e-18)
(-0.345414 0.0228989 -1.07356e-17)
(-0.331919 0.0218961 -1.40575e-17)
(-0.224691 0.0238034 5.6026e-18)
(-0.218535 0.0212573 -1.01547e-18)
(-0.213087 0.0187877 -9.72896e-19)
(-0.20831 0.0164266 -1.74871e-20)
(-0.204161 0.0142018 2.41605e-18)
(-0.200585 0.0121359 5.33497e-18)
(-0.197524 0.0102461 -8.02659e-19)
(-0.194913 0.00854445 4.58289e-18)
(-0.33114 0.0425051 5.99188e-19)
(-0.318663 0.041581 2.11688e-18)
(-0.306495 0.0403243 1.36864e-18)
(-0.29474 0.0387682 4.07847e-18)
(-0.283487 0.0369505 8.21238e-18)
(-0.272814 0.0349127 1.03674e-17)
(-0.262784 0.0326985 8.84921e-18)
(-0.253447 0.0303526 -6.86286e-19)
(-0.244837 0.0279198 5.51508e-18)
(-0.236974 0.0254436 -1.3503e-18)
(-0.229865 0.0229651 6.37491e-18)
(-0.223501 0.0205227 9.51866e-19)
(-0.21786 0.0181513 -1.5445e-18)
(-0.212911 0.0158815 -1.04579e-18)
(-0.20861 0.0137397 1.88564e-18)
(-0.204904 0.0117476 5.69497e-18)
(-0.201734 0.00992187 1.47724e-18)
(-0.199038 0.00827448 4.55354e-18)
(-0.338816 0.0407288 -9.78785e-19)
(-0.32603 0.0398543 2.82534e-18)
(-0.313558 0.038662 7.97438e-19)
(-0.301505 0.0371833 1.8444e-18)
(-0.289961 0.0354541 6.45649e-18)
(-0.279007 0.0335135 1.0327e-17)
(-0.268705 0.0314032 8.03436e-18)
(-0.259108 0.0291657 1.11289e-19)
(-0.250251 0.0268436 4.46933e-18)
(-0.242155 0.0244782 -1.02682e-18)
(-0.234827 0.0221087 8.08158e-18)
(-0.228259 0.0197717 2.44059e-18)
(-0.222433 0.0175003 -2.18416e-18)
(-0.217315 0.0153236 -2.22449e-18)
(-0.212864 0.013267 1.96095e-18)
(-0.209029 0.0113511 6.7034e-18)
(-0.205752 0.00959211 3.6018e-18)
(-0.202971 0.00800149 5.063e-18)
(-0.34619 0.03893 -2.89681e-18)
(-0.333104 0.0381038 3.77191e-19)
(-0.320338 0.0369746 -3.85417e-18)
(-0.307996 0.0355721 3.6494e-18)
(-0.296171 0.0339301 2.02827e-18)
(-0.284943 0.032086 8.08358e-18)
(-0.27438 0.0300789 4.48821e-18)
(-0.264531 0.0279494 6.91259e-19)
(-0.255435 0.0257378 8.36915e-19)
(-0.247113 0.0234834 -1.30279e-18)
(-0.239573 0.0212234 7.83848e-18)
(-0.232808 0.0189925 3.94814e-18)
(-0.2268 0.0168222 -3.05902e-18)
(-0.221519 0.0147403 -3.38102e-18)
(-0.216922 0.0127707 2.36566e-18)
(-0.212961 0.0109333 5.62318e-18)
(-0.209578 0.00924339 6.1184e-18)
(-0.206711 0.00771217 6.25866e-18)
(-0.353251 0.0370881 -5.08596e-18)
(-0.339877 0.0363099 -2.11857e-18)
(-0.326826 0.0352437 -8.57539e-18)
(-0.314205 0.0339176 2.60818e-18)
(-0.302109 0.0323635 -1.82746e-18)
(-0.290618 0.0306165 3.45988e-18)
(-0.279801 0.0287137 1.4851e-18)
(-0.26971 0.0266934 9.8241e-19)
(-0.260383 0.0245938 -2.57534e-18)
(-0.251843 0.0224521 -1.78058e-18)
(-0.244098 0.0203035 8.75679e-18)
(-0.237143 0.018181 2.36106e-18)
(-0.230961 0.0161142 -4.82801e-18)
(-0.22552 0.0141296 -4.999e-18)
(-0.220782 0.0122499 3.29505e-18)
(-0.216698 0.0104939 5.53841e-18)
(-0.21321 0.00887631 5.97309e-18)
(-0.210259 0.00740786 7.81944e-18)
(-0.359989 0.0352008 -8.56344e-18)
(-0.346337 0.0344707 -4.42199e-18)
(-0.333013 0.033468 -6.72906e-18)
(-0.320124 0.0322189 2.31076e-18)
(-0.307767 0.0307534 -5.58275e-18)
(-0.296024 0.0291046 -2.7352e-19)
(-0.284964 0.0273074 -1.43783e-18)
(-0.27464 0.0253979 1.43698e-18)
(-0.265092 0.0234121 -2.85782e-18)
(-0.256342 0.021385 -2.4585e-18)
(-0.2484 0.01935 8.09091e-18)
(-0.241262 0.0173381 3.74347e-18)
(-0.234911 0.0153774 -4.61693e-18)
(-0.229318 0.0134929 -4.20668e-18)
(-0.224442 0.0117059 1.8011e-18)
(-0.220238 0.0100344 6.20202e-18)
(-0.216649 0.0084923 3.67627e-18)
(-0.213614 0.00708995 7.11761e-18)
(-0.366394 0.0332714 -9.46771e-18)
(-0.352476 0.0325893 -6.50157e-18)
(-0.338891 0.0316502 -5.45648e-18)
(-0.325746 0.0304786 2.68256e-18)
(-0.31314 0.0291025 -6.56449e-18)
(-0.301156 0.0275528 -3.81892e-18)
(-0.289863 0.0258624 -4.1191e-18)
(-0.279316 0.024065 2.08013e-18)
(-0.269555 0.0221945 -3.72916e-18)
(-0.260604 0.0202839 -3.30616e-18)
(-0.252474 0.0183644 8.58316e-18)
(-0.245161 0.0164654 5.35862e-18)
(-0.238648 0.0146131 -5.15792e-18)
(-0.232908 0.0128311 -3.67126e-18)
(-0.227901 0.0111395 6.912e-19)
(-0.22358 0.0095553 7.70515e-18)
(-0.219892 0.0080917 4.54862e-18)
(-0.216777 0.0067585 7.73673e-18)
(-0.372456 0.0313052 -7.89936e-18)
(-0.358286 0.0306712 -9.27052e-18)
(-0.344451 0.0297959 -4.77426e-18)
(-0.331063 0.0287021 3.73091e-18)
(-0.31822 0.0274159 -8.61175e-18)
(-0.306005 0.0259661 -7.26992e-18)
(-0.294491 0.0243833 -7.10618e-18)
(-0.283732 0.0226992 3.16447e-18)
(-0.273769 0.0209453 -2.11849e-18)
(-0.264627 0.0191526 -1.24476e-18)
(-0.256317 0.0173503 7.58132e-18)
(-0.248837 0.0155658 1.09587e-18)
(-0.24217 0.0138239 -6.49139e-18)
(-0.236288 0.0121466 -3.47825e-18)
(-0.231155 0.0105528 4.07375e-20)
(-0.226724 0.00905832 1.04204e-17)
(-0.22294 0.00767578 5.54594e-18)
(-0.219745 0.00641441 6.11031e-18)
(-0.378166 0.0293095 -7.91504e-18)
(-0.363756 0.0287234 -8.58452e-18)
(-0.349687 0.027912 -2.48545e-19)
(-0.336068 0.0268961 1.66183e-18)
(-0.323 0.0257001 -1.20693e-17)
(-0.310568 0.0243507 -7.57002e-18)
(-0.298843 0.0228762 -1.0739e-17)
(-0.287883 0.0213061 1.75239e-18)
(-0.277729 0.0196698 -4.37615e-18)
(-0.268406 0.017996 7.97436e-19)
(-0.259926 0.0163121 7.73044e-18)
(-0.252286 0.0146436 -1.63382e-19)
(-0.245473 0.0130136 -9.08804e-18)
(-0.239458 0.0114426 -3.53383e-18)
(-0.234204 0.00994832 -4.86967e-19)
(-0.229667 0.00854559 1.14688e-17)
(-0.225791 0.00724619 6.85914e-18)
(-0.22252 0.00605888 5.13422e-18)
(-0.383514 0.027258 -9.75882e-18)
(-0.368879 0.0267196 -4.65386e-18)
(-0.354588 0.0259721 5.21627e-19)
(-0.340753 0.0250348 -3.84153e-18)
(-0.327474 0.0239298 -1.39156e-17)
(-0.314837 0.022682 -1.21621e-17)
(-0.302915 0.0213173 -1.53036e-17)
(-0.291765 0.0198631 1.06057e-18)
(-0.28143 0.0183466 -4.10303e-18)
(-0.271936 0.0167942 -2.90519e-19)
(-0.263296 0.0152314 8.62926e-18)
(-0.255507 0.0136818 -4.97249e-18)
(-0.248555 0.0121667 -1.29394e-17)
(-0.242413 0.0107053 -3.94513e-18)
(-0.237046 0.00931401 -5.73676e-19)
(-0.232408 0.00800651 1.13747e-17)
(-0.228445 0.0067939 8.76133e-18)
(-0.225101 0.0056845 1.55575e-18)
)
;

boundaryField
{
    inlet
    {
        type            uniformFixedValue;
        uniformValue    constant (1 0 0);
        value           nonuniform 0();
    }
    outlet
    {
        type            pressureInletOutletVelocity;
        value           nonuniform 0();
    }
    polygon
    {
        type            fixedValue;
        value           nonuniform 0();
    }
    top
    {
        type            symmetryPlane;
    }
    bottom
    {
        type            symmetryPlane;
    }
    outside
    {
        type            zeroGradient;
    }
    procBoundary45to37
    {
        type            processor;
        value           nonuniform List<vector> 
19
(
(-0.394046 0.0224062 -9.11945e-18)
(-0.378955 0.0219703 3.87479e-18)
(-0.364216 0.0213634 2.47607e-18)
(-0.349941 0.0206011 -1.16112e-17)
(-0.319073 0.0207625 -1.82475e-17)
(-0.336235 0.0197014 -1.66432e-17)
(-0.319073 0.0207625 -1.82475e-17)
(-0.30695 0.0195219 -1.81134e-17)
(-0.295607 0.0181988 -1.90514e-18)
(-0.285088 0.0168179 -4.58627e-18)
(-0.27542 0.0154035 2.43941e-18)
(-0.266616 0.0139786 7.83516e-18)
(-0.258675 0.0125648 -7.98749e-18)
(-0.251581 0.0111814 -1.56126e-17)
(-0.245311 0.00984605 -1.06016e-18)
(-0.239827 0.00857361 -7.6193e-19)
(-0.235085 0.00737673 1.00291e-17)
(-0.231033 0.00626557 8.13615e-18)
(-0.227613 0.00524788 6.90823e-19)
)
;
    }
    procBoundary45to38
    {
        type            processor;
        value           nonuniform List<vector> 2((-0.40394 0.0251924 -3.22016e-18) (-0.398371 0.0275712 2.53222e-18));
    }
    procBoundary45to44
    {
        type            processor;
        value           nonuniform List<vector> 10((-0.192684 0.00703773 -8.45966e-18) (-0.196749 0.00681227 -5.41326e-18) (-0.20062 0.0065861 -3.35588e-18) (-0.204297 0.00634643 -2.13491e-18) (-0.20778 0.00609532 -1.50679e-18) (-0.211071 0.00583399 -1.67637e-18) (-0.21417 0.0055622 6.26312e-19) (-0.217077 0.00528041 2.72897e-18) (-0.219791 0.00498951 1.69753e-18) (-0.222313 0.00468383 8.03322e-19));
    }
    procBoundary45to46
    {
        type            processor;
        value           nonuniform List<vector> 8((-0.343817 0.043069 4.25411e-18) (-0.351805 0.0412593 1.50968e-18) (-0.359481 0.0394285 3.61444e-18) (-0.366834 0.0375551 5.55602e-18) (-0.373852 0.0356366 4.19708e-18) (-0.380526 0.0336761 3.39181e-18) (-0.386844 0.0316792 3.08248e-18) (-0.392795 0.0296528 3.18895e-18));
    }
    procBoundary45to52
    {
        type            processor;
        value           uniform (-0.18252 0.00939607 -1.64708e-18);
    }
    procBoundary45to53
    {
        type            processor;
        value           nonuniform List<vector> 
18
(
(-0.323171 0.0442508 1.93515e-18)
(-0.311011 0.043278 5.74532e-18)
(-0.299157 0.0419579 2.52614e-18)
(-0.287709 0.0403256 6.89091e-18)
(-0.276755 0.0384208 7.44005e-18)
(-0.266372 0.036287 1.17564e-17)
(-0.256621 0.0339701 1.06574e-17)
(-0.247551 0.0315172 1.22582e-18)
(-0.239196 0.0289751 7.37136e-18)
(-0.231574 0.0263894 -1.87409e-18)
(-0.231574 0.0263894 -1.87409e-18)
(-0.20904 0.0261582 6.40982e-18)
(-0.203535 0.0233376 1.45455e-18)
(-0.198681 0.0206074 -8.21517e-20)
(-0.194439 0.0180041 3.42361e-18)
(-0.190763 0.0155591 5.20307e-18)
(-0.187593 0.0132977 6.79471e-18)
(-0.184868 0.0112392 -1.72942e-17)
)
;
    }
}


// ************************************************************************* //
