/*--------------------------------*- C++ -*----------------------------------*\
  =========                 |
  \\      /  F ield         | OpenFOAM: The Open Source CFD Toolbox
   \\    /   O peration     | Website:  https://openfoam.org
    \\  /    A nd           | Version:  7
     \\/     M anipulation  |
\*---------------------------------------------------------------------------*/
FoamFile
{
    version     2.0;
    format      ascii;
    class       volVectorField;
    location    "70";
    object      U;
}
// * * * * * * * * * * * * * * * * * * * * * * * * * * * * * * * * * * * * * //

dimensions      [0 1 -1 0 0 0 0];

internalField   nonuniform List<vector> 
125
(
(1.11749 -0.145216 -1.26011e-18)
(1.1393 -0.148879 -1.06627e-19)
(1.16045 -0.152488 -4.70056e-19)
(1.18085 -0.156033 -4.11931e-19)
(1.20041 -0.159505 -6.51994e-19)
(1.21905 -0.162896 -3.15177e-19)
(1.23668 -0.166199 -6.60271e-19)
(1.25323 -0.169408 -3.74329e-19)
(1.26863 -0.172518 -3.70787e-19)
(1.28284 -0.175527 -6.40778e-19)
(1.29579 -0.178433 -4.66702e-19)
(1.30747 -0.18124 -6.60855e-19)
(1.31782 -0.183951 -3.8042e-19)
(1.14416 -0.149404 -2.9383e-19)
(1.16362 -0.152809 -9.23834e-19)
(1.1824 -0.156124 7.05737e-19)
(1.20044 -0.159343 -6.12966e-19)
(1.21767 -0.162457 1.57819e-19)
(1.23402 -0.165461 -3.24542e-20)
(1.24945 -0.168349 -1.34088e-19)
(1.2639 -0.171117 -1.0857e-19)
(1.27734 -0.173762 3.12478e-20)
(1.28972 -0.176282 -1.52117e-19)
(1.30104 -0.178679 -2.5876e-19)
(1.31128 -0.180955 -1.43117e-19)
(1.32043 -0.183115 -3.46959e-19)
(1.3285 -0.185166 -3.98517e-19)
(1.3355 -0.187118 -1.63139e-19)
(1.34145 -0.188982 -4.09587e-20)
(1.2168 -0.16192 -9.73315e-20)
(1.23198 -0.164794 -2.21075e-19)
(1.24636 -0.167537 3.06137e-19)
(1.25989 -0.170146 5.47369e-21)
(1.27255 -0.172618 1.65969e-19)
(1.28432 -0.174954 -1.3363e-19)
(1.29516 -0.177152 -4.40794e-20)
(1.30509 -0.179216 6.71607e-20)
(1.3141 -0.181148 7.50697e-20)
(1.3222 -0.182954 -3.54589e-20)
(1.3294 -0.18464 -5.32825e-20)
(1.33573 -0.186216 -6.89848e-20)
(1.34122 -0.18769 -2.12201e-19)
(1.34588 -0.189076 -1.20436e-19)
(1.34977 -0.190386 -3.29435e-20)
(1.35291 -0.191634 -5.34332e-20)
(1.26845 -0.17141 -2.62333e-19)
(1.27956 -0.173707 -9.93679e-20)
(1.28989 -0.175855 -7.58102e-20)
(1.29942 -0.177859 1.00325e-19)
(1.30816 -0.17972 -8.99508e-20)
(1.31612 -0.181443 -6.5147e-20)
(1.3233 -0.183035 1.68374e-20)
(1.32973 -0.184502 1.27539e-19)
(1.33544 -0.185852 -2.5603e-20)
(1.34045 -0.187095 -1.40038e-19)
(1.3448 -0.18824 -1.16499e-19)
(1.34853 -0.189299 -1.10633e-19)
(1.35166 -0.190284 -6.68651e-20)
(1.35423 -0.191206 1.20024e-20)
(1.35629 -0.19208 -1.63618e-19)
(1.35785 -0.192917 -1.23437e-20)
(1.3027 -0.178185 -1.32536e-18)
(1.31041 -0.179952 -2.38905e-18)
(1.31746 -0.181575 -4.05302e-18)
(1.32384 -0.183061 1.62145e-18)
(1.32959 -0.184417 -8.95751e-19)
(1.33474 -0.185652 9.68818e-20)
(1.3393 -0.186775 -3.46793e-19)
(1.34332 -0.187796 -5.57528e-19)
(1.34683 -0.188724 -6.82216e-19)
(1.34986 -0.18957 -1.13736e-18)
(1.35244 -0.190345 -1.73294e-18)
(1.35461 -0.191058 -3.01697e-18)
(1.3564 -0.191721 -5.47137e-18)
(1.35782 -0.192344 2.37994e-18)
(1.35892 -0.192936 -1.1936e-18)
(1.35968 -0.193507 4.8831e-19)
(1.3239 -0.18279 -6.58361e-19)
(1.32906 -0.184129 -6.08033e-19)
(1.3337 -0.18534 -5.66488e-19)
(1.33785 -0.186432 5.12235e-19)
(1.34155 -0.187416 -5.76929e-19)
(1.34483 -0.188301 -4.65708e-20)
(1.34771 -0.189097 -3.91774e-19)
(1.35022 -0.189815 -3.68039e-19)
(1.35241 -0.190464 -6.37418e-19)
(1.35428 -0.191052 -9.17724e-19)
(1.35588 -0.19159 -8.12923e-19)
(1.35721 -0.192084 -7.93617e-19)
(1.35831 -0.192543 -7.81998e-19)
(1.35917 -0.192972 4.73531e-19)
(1.35981 -0.193378 -5.97566e-19)
(1.36023 -0.193764 2.72316e-19)
(1.33612 -0.18582 -4.30145e-18)
(1.33953 -0.186851 1.74511e-18)
(1.34258 -0.187773 -8.44112e-19)
(1.3453 -0.188597 3.88304e-19)
(1.34771 -0.189333 -5.77492e-19)
(1.34985 -0.189992 3.06164e-21)
(1.35175 -0.190582 -1.98072e-19)
(1.35341 -0.191113 -7.41824e-20)
(1.35487 -0.191593 -3.38539e-19)
(1.35614 -0.192028 -3.4054e-19)
(1.35724 -0.192425 -2.24643e-19)
(1.35817 -0.192789 -1.31183e-19)
(1.35894 -0.193124 -1.08645e-19)
(1.35956 -0.193433 9.26912e-20)
(1.36001 -0.193717 -1.89476e-19)
(1.36029 -0.193978 4.94469e-20)
(1.34246 -0.188308 -9.54697e-19)
(1.34481 -0.189075 5.54058e-19)
(1.34693 -0.189758 -6.01705e-19)
(1.34883 -0.190366 3.33627e-19)
(1.35054 -0.190909 -1.54593e-19)
(1.35207 -0.191393 -1.58797e-20)
(1.35344 -0.191826 -2.20639e-20)
(1.35467 -0.192213 4.33269e-20)
(1.35578 -0.192559 -5.45895e-21)
(1.35676 -0.192867 1.21761e-19)
(1.35763 -0.193141 4.59895e-20)
(1.35838 -0.19338 4.89904e-20)
(1.35902 -0.193584 7.63859e-20)
(1.35953 -0.193754 -4.17864e-20)
(1.35991 -0.193884 2.85542e-20)
(1.36014 -0.193973 1.26027e-19)
)
;

boundaryField
{
    inlet
    {
        type            uniformFixedValue;
        uniformValue    constant (1 0 0);
        value           nonuniform 0();
    }
    outlet
    {
        type            pressureInletOutletVelocity;
        value           nonuniform 0();
    }
    polygon
    {
        type            fixedValue;
        value           nonuniform 0();
    }
    top
    {
        type            symmetryPlane;
    }
    bottom
    {
        type            symmetryPlane;
    }
    outside
    {
        type            zeroGradient;
    }
    procBoundary3to2
    {
        type            processor;
        value           nonuniform List<vector> 7((1.34638 -0.190774 -2.14768e-19) (1.35535 -0.192838 -7.83215e-20) (1.35894 -0.193731 6.14782e-20) (1.36014 -0.194064 -2.13694e-19) (1.36042 -0.194134 -3.59953e-19) (1.36039 -0.194214 -2.32389e-19) (1.36019 -0.194014 -1.62156e-19));
    }
    procBoundary3to4
    {
        type            processor;
        value           nonuniform List<vector> 7((1.12411 -0.145918 -1.45812e-18) (1.20085 -0.158919 -4.03387e-19) (1.25656 -0.168964 -7.78084e-20) (1.2943 -0.176269 -8.0655e-19) (1.31821 -0.181314 -6.96268e-19) (1.33232 -0.184669 -8.12946e-19) (1.33983 -0.187447 -3.62549e-19));
    }
    procBoundary3to10
    {
        type            processor;
        value           uniform (1.32686 -0.186575 -3.71256e-19);
    }
    procBoundary3to11
    {
        type            processor;
        value           nonuniform List<vector> 
17
(
(1.01034 -0.128109 -1.20793e-18)
(1.03586 -0.132089 -9.60532e-19)
(1.06111 -0.13609 -1.21367e-18)
(1.08599 -0.140102 -1.16564e-18)
(1.11038 -0.144117 -9.89685e-19)
(1.13418 -0.148127 -1.21797e-18)
(1.15726 -0.152121 -1.21196e-18)
(1.1795 -0.156091 -1.25388e-18)
(1.2008 -0.160027 -1.31801e-18)
(1.22102 -0.163922 -1.32615e-18)
(1.24007 -0.167767 -1.55033e-18)
(1.25783 -0.171557 -1.21719e-18)
(1.27421 -0.175287 -1.22566e-18)
(1.04904 -0.133989 -9.69683e-19)
(1.07227 -0.137762 -5.49309e-18)
(1.09512 -0.141507 1.45722e-18)
(1.09512 -0.141507 1.45722e-18)
)
;
    }
}


// ************************************************************************* //
