/*--------------------------------*- C++ -*----------------------------------*\
  =========                 |
  \\      /  F ield         | OpenFOAM: The Open Source CFD Toolbox
   \\    /   O peration     | Website:  https://openfoam.org
    \\  /    A nd           | Version:  7
     \\/     M anipulation  |
\*---------------------------------------------------------------------------*/
FoamFile
{
    version     2.0;
    format      ascii;
    class       volVectorField;
    location    "38";
    object      U;
}
// * * * * * * * * * * * * * * * * * * * * * * * * * * * * * * * * * * * * * //

dimensions      [0 1 -1 0 0 0 0];

internalField   nonuniform List<vector> 
115
(
(0.0193748 0.124944 -9.01995e-17)
(0.0113963 0.100804 -9.76346e-18)
(0.00513685 0.0772096 -1.00722e-17)
(0.000534245 0.05423 -3.44193e-17)
(-0.00248829 0.0319717 -4.76735e-17)
(-0.00401965 0.0105723 -3.61018e-17)
(-0.00416988 -0.00980674 -4.21824e-17)
(-0.00309292 -0.0289866 -9.3793e-18)
(-0.000923306 -0.0467987 -1.86718e-18)
(0.00216534 -0.0630737 -7.31931e-19)
(0.00600249 -0.0776612 2.58234e-19)
(0.0104277 -0.0904358 5.78985e-19)
(0.0152611 -0.101305 -7.86755e-19)
(0.0203366 -0.110209 -3.56598e-19)
(0.0254966 -0.11713 3.14379e-19)
(0.0305966 -0.122082 -3.91126e-19)
(0.0355084 -0.125122 -8.31907e-19)
(0.110579 0.130432 9.39826e-19)
(0.104632 0.105146 -6.59064e-18)
(0.100143 0.0804551 -2.38868e-17)
(0.0970277 0.0564349 -1.23147e-16)
(0.0951906 0.0332025 -1.26176e-16)
(0.0945278 0.0109087 -1.27128e-16)
(0.0949146 -0.0102736 -1.09496e-16)
(0.0961891 -0.0301592 -8.19559e-18)
(0.0982041 -0.048564 1.72263e-18)
(0.100792 -0.0653226 -1.49579e-18)
(0.103791 -0.080264 6.01553e-19)
(0.107045 -0.0932751 8.23823e-19)
(0.110397 -0.104266 -3.84417e-19)
(0.113706 -0.113187 -8.90936e-19)
(0.116846 -0.120027 -1.26257e-19)
(0.119707 -0.124816 1.50018e-19)
(0.122203 -0.127621 -8.46052e-19)
(0.20034 0.134366 2.14211e-17)
(0.196462 0.108108 -7.06794e-18)
(0.193783 0.0825098 -1.59795e-17)
(0.192194 0.0576535 -4.37802e-17)
(0.19158 0.0336657 -3.127e-17)
(0.191816 0.010708 -4.26369e-17)
(0.192761 -0.0110364 -1.91852e-17)
(0.194248 -0.0313772 -1.69298e-18)
(0.196116 -0.0501218 -8.23998e-19)
(0.198206 -0.0671006 -2.69579e-19)
(0.200359 -0.0821542 3.70757e-19)
(0.202433 -0.0951702 7.88473e-19)
(0.204295 -0.10607 -9.071e-19)
(0.205833 -0.114815 6.32283e-19)
(0.206958 -0.121408 -1.09519e-18)
(0.207604 -0.125896 8.51183e-19)
(0.207735 -0.128364 3.59914e-19)
(0.287786 0.136759 8.28676e-17)
(0.285918 0.109699 -1.13174e-17)
(0.284997 0.0833839 -2.44086e-17)
(0.284888 0.0578995 -1.0091e-16)
(0.285455 0.0333798 -2.09684e-17)
(0.286554 0.00999485 -1.0004e-16)
(0.288024 -0.0120666 1.40942e-18)
(0.289691 -0.0326107 -1.09617e-18)
(0.291387 -0.0514413 -1.38878e-18)
(0.292956 -0.0683913 1.12422e-18)
(0.29425 -0.0833153 -5.33767e-19)
(0.295144 -0.0961102 -5.92127e-19)
(0.295536 -0.106713 -2.82006e-19)
(0.29535 -0.115102 -1.10792e-18)
(0.294544 -0.121302 -7.80343e-20)
(0.293109 -0.125378 3.6626e-19)
(0.291069 -0.127437 -3.37844e-19)
(0.372223 0.137697 1.15463e-17)
(0.372213 0.110003 -3.9827e-18)
(0.372905 0.0831566 -7.818e-18)
(0.374146 0.057247 -1.15677e-17)
(0.375779 0.0324129 -4.42656e-18)
(0.377639 0.00882958 -1.69073e-17)
(0.379553 -0.0133131 -1.2695e-21)
(0.381338 -0.0338181 -4.48498e-18)
(0.382825 -0.0524922 -2.81157e-18)
(0.383863 -0.069178 -2.07043e-18)
(0.384318 -0.083747 -6.19981e-19)
(0.384094 -0.096115 -1.07427e-18)
(0.383126 -0.106241 2.16865e-19)
(0.381389 -0.11413 -1.00274e-18)
(0.378901 -0.11983 -1.26732e-18)
(0.375722 -0.123436 -9.32752e-19)
(0.371954 -0.125083 -4.54529e-20)
(0.453254 0.137324 2.55899e-17)
(0.454881 0.109159 1.71382e-18)
(0.456972 0.0819593 -1.52835e-17)
(0.459365 0.0558122 1.31766e-17)
(0.461895 0.0308615 1.01738e-17)
(0.464383 0.00728674 -4.87705e-18)
(0.466646 -0.0147227 8.80999e-19)
(0.4685 -0.034967 -2.08182e-17)
(0.469779 -0.053266 -4.36971e-18)
(0.470341 -0.0694801 -1.48442e-17)
(0.47008 -0.0835046 -5.56963e-18)
(0.468936 -0.0952835 -1.351e-17)
(0.466895 -0.104807 -7.64602e-18)
(0.463996 -0.112112 -3.95414e-18)
(0.460331 -0.117283 -1.034e-17)
(0.45604 -0.120446 -4.42838e-18)
(0.451311 -0.121769 -3.55353e-18)
(0.533904 0.107336 3.58863e-17)
(0.537168 0.0799495 -7.58941e-17)
(0.540505 0.0537315 4.95484e-17)
(0.543764 0.0288336 8.21942e-17)
(0.546767 0.00544536 -1.43981e-18)
(0.549332 -0.0162529 4.54132e-17)
(0.551284 -0.0360561 -1.13369e-16)
(0.552463 -0.053813 -1.6013e-17)
(0.55275 -0.069404 -9.90451e-17)
(0.552073 -0.0827582 -2.3966e-17)
(0.550421 -0.0938589 -1.1093e-16)
(0.547843 -0.102735 -7.16613e-17)
(0.544447 -0.109467 -2.43347e-17)
)
;

boundaryField
{
    inlet
    {
        type            uniformFixedValue;
        uniformValue    constant (1 0 0);
        value           nonuniform 0();
    }
    outlet
    {
        type            pressureInletOutletVelocity;
        value           nonuniform 0();
    }
    polygon
    {
        type            fixedValue;
        value           nonuniform 0();
    }
    top
    {
        type            symmetryPlane;
    }
    bottom
    {
        type            symmetryPlane;
    }
    outside
    {
        type            zeroGradient;
    }
    procBoundary14to6
    {
        type            processor;
        value           nonuniform List<vector> 
17
(
(0.5404 -0.114175 -9.6888e-17)
(0.53592 -0.117022 -6.03915e-17)
(0.531266 -0.118204 -1.68748e-17)
(0.609717 0.104675 -6.43153e-18)
(0.614011 0.0772798 -3.41691e-18)
(0.618167 0.051147 1.07608e-17)
(0.62208 0.0264254 9.1563e-18)
(0.62559 0.00332335 -3.8932e-18)
(0.628536 -0.0179135 -6.44105e-19)
(0.630765 -0.0371846 -2.79639e-17)
(0.632128 -0.0543072 -7.24032e-18)
(0.632543 -0.0692007 -2.55881e-17)
(0.631973 -0.0818452 -1.33531e-17)
(0.630461 -0.0922717 -3.19817e-17)
(0.628113 -0.100554 -1.74354e-17)
(0.5404 -0.114175 -9.6888e-17)
(0.625101 -0.106815 -1.39186e-17)
)
;
    }
    procBoundary14to13
    {
        type            processor;
        value           nonuniform List<vector> 6((0.0401231 -0.126336 8.55196e-19) (0.124269 -0.128546 -5.36863e-19) (0.207339 -0.128931 5.55555e-19) (0.288485 -0.127624 1.61623e-18) (0.367743 -0.124942 6.24637e-20) (0.446372 -0.121452 -6.40661e-18));
    }
    procBoundary14to15
    {
        type            processor;
        value           nonuniform List<vector> 8((0.0291263 0.149604 -6.61958e-17) (0.118059 0.15628 8.02633e-17) (0.205521 0.161247 1.3358e-17) (0.290733 0.164522 1.64018e-17) (0.373091 0.166194 6.75504e-18) (0.452254 0.166401 1.17973e-17) (0.530861 0.135803 9.37912e-17) (0.530861 0.135803 9.37912e-17));
    }
    procBoundary14to22
    {
        type            processor;
        value           nonuniform List<vector> 
17
(
(-0.0723102 0.117959 -5.63414e-18)
(-0.0822015 0.095142 -7.39703e-19)
(-0.09011 0.072837 -8.88968e-19)
(-0.0960831 0.0511024 -9.55612e-18)
(-0.100182 0.0300341 -1.06648e-16)
(-0.102485 0.00975622 -2.82817e-17)
(-0.103091 -0.00958647 -1.05312e-16)
(-0.102144 -0.0278254 -1.87759e-17)
(-0.099774 -0.0448054 -6.23031e-18)
(-0.0961486 -0.0603593 -3.21283e-18)
(-0.0914459 -0.074358 -7.33261e-19)
(-0.0858447 -0.0866716 -3.57658e-19)
(-0.0795369 -0.0972078 -8.06997e-19)
(-0.0727118 -0.105905 -1.45747e-18)
(-0.0655542 -0.112735 -1.5222e-18)
(-0.05824 -0.117707 -1.41481e-18)
(-0.0509318 -0.120863 -1.56353e-18)
)
;
    }
}


// ************************************************************************* //
