/*--------------------------------*- C++ -*----------------------------------*\
  =========                 |
  \\      /  F ield         | OpenFOAM: The Open Source CFD Toolbox
   \\    /   O peration     | Website:  https://openfoam.org
    \\  /    A nd           | Version:  7
     \\/     M anipulation  |
\*---------------------------------------------------------------------------*/
FoamFile
{
    version     2.0;
    format      ascii;
    class       volVectorField;
    location    "56";
    object      U;
}
// * * * * * * * * * * * * * * * * * * * * * * * * * * * * * * * * * * * * * //

dimensions      [0 1 -1 0 0 0 0];

internalField   nonuniform List<vector> 
175
(
(-0.306962 0.0179531 -1.04715e-17)
(-0.296491 0.0168903 -1.03551e-17)
(-0.286691 0.0157557 -8.41692e-19)
(-0.277597 0.0145718 -2.42273e-18)
(-0.269232 0.0133601 1.31014e-18)
(-0.261606 0.0121412 4.47481e-18)
(-0.254716 0.010934 -4.2527e-18)
(-0.248549 0.00975539 -8.40144e-18)
(-0.243079 0.0086203 -6.34056e-19)
(-0.238274 0.00754124 -4.38902e-19)
(-0.234096 0.00652832 5.43462e-18)
(-0.230499 0.00558932 4.30026e-18)
(-0.227432 0.00472965 3.70143e-19)
(-0.37199 0.019279 -5.46688e-18)
(-0.358987 0.0189336 2.13586e-18)
(-0.346275 0.0184328 1.18017e-18)
(-0.333956 0.0177915 -6.72426e-18)
(-0.322119 0.017027 -9.86213e-18)
(-0.310844 0.016158 -1.10239e-17)
(-0.300196 0.0152043 -8.81198e-18)
(-0.290225 0.014186 -1.87137e-18)
(-0.280969 0.013123 1.00883e-18)
(-0.27245 0.0120348 3.42444e-18)
(-0.26468 0.0109397 7.74761e-19)
(-0.257656 0.00985472 -3.37152e-18)
(-0.251364 0.00879506 -7.41943e-18)
(-0.245782 0.00777405 -2.16632e-18)
(-0.240877 0.00680294 -4.50394e-19)
(-0.236609 0.00589079 2.25692e-18)
(-0.232935 0.00504455 4.53319e-18)
(-0.229804 0.00426905 -3.09941e-19)
(-0.376327 0.0170971 -6.62558e-18)
(-0.363146 0.0167922 2.98345e-19)
(-0.350257 0.0163495 1.61916e-18)
(-0.337764 0.0157823 -8.89605e-18)
(-0.325757 0.0151058 -8.2473e-18)
(-0.314317 0.0143367 -8.44321e-18)
(-0.303509 0.0134924 -8.19238e-18)
(-0.293385 0.0125907 -2.84011e-18)
(-0.283983 0.0116493 4.80804e-18)
(-0.275326 0.0106852 5.94921e-18)
(-0.267426 0.00971485 -2.93817e-18)
(-0.260281 0.00875315 -3.36258e-18)
(-0.253879 0.0078136 -7.86567e-18)
(-0.248195 0.00690797 -3.62897e-18)
(-0.243199 0.00604621 -3.83755e-19)
(-0.23885 0.00523634 -4.90856e-19)
(-0.235106 0.00448448 1.81144e-18)
(-0.231916 0.00379494 -1.33108e-18)
(-0.380144 0.014883 -9.0437e-18)
(-0.366806 0.014619 -8.96076e-19)
(-0.353762 0.0142351 2.08352e-18)
(-0.341115 0.0137429 -8.00543e-18)
(-0.328959 0.0131556 -7.75067e-18)
(-0.317372 0.0124876 -1.16107e-17)
(-0.306423 0.0117541 -8.70363e-18)
(-0.296164 0.0109704 -3.73658e-18)
(-0.286633 0.0101521 5.87721e-18)
(-0.277854 0.00931383 5.262e-18)
(-0.26984 0.00846986 -3.65198e-18)
(-0.262589 0.00763317 -3.9815e-18)
(-0.256088 0.00681549 -5.82097e-18)
(-0.250314 0.00602702 -5.35929e-18)
(-0.245237 0.00527641 -2.12022e-19)
(-0.240817 0.00457062 -3.27339e-18)
(-0.23701 0.003915 -4.43349e-19)
(-0.233767 0.0033133 -2.75515e-18)
(-0.383434 0.0126423 -7.38704e-18)
(-0.36996 0.0124192 -1.47537e-18)
(-0.356781 0.0120944 2.85438e-18)
(-0.344002 0.0116775 -4.07115e-18)
(-0.331716 0.0111799 -8.35143e-18)
(-0.320003 0.0106137 -1.2102e-17)
(-0.308933 0.00999181 -5.48482e-18)
(-0.298557 0.00932724 -4.4742e-18)
(-0.288914 0.00863303 4.06984e-18)
(-0.28003 0.00792181 5.17029e-18)
(-0.271917 0.00720554 -5.46325e-18)
(-0.264573 0.00649526 -5.05664e-18)
(-0.257987 0.0058009 -4.6265e-18)
(-0.252136 0.00513111 -7.77171e-18)
(-0.246988 0.00449323 2.90395e-19)
(-0.242506 0.00389315 -6.77531e-18)
(-0.238645 0.00333543 -2.65592e-18)
(-0.235356 0.00282325 -8.90456e-19)
(-0.386189 0.0103795 -7.34571e-18)
(-0.3726 0.0101972 -1.3185e-18)
(-0.359308 0.00993147 -1.0707e-18)
(-0.346418 0.00959019 -6.35615e-18)
(-0.334023 0.00918257 -5.54631e-18)
(-0.322205 0.00871864 -1.01369e-17)
(-0.311032 0.0082089 -6.84186e-18)
(-0.300558 0.00766409 -5.67027e-18)
(-0.290822 0.00709487 3.70025e-18)
(-0.281849 0.00651158 1.8579e-18)
(-0.273653 0.00592402 -5.0301e-18)
(-0.266232 0.00534123 -6.78544e-18)
(-0.259574 0.00477136 -4.11968e-18)
(-0.253658 0.00422149 -7.60492e-18)
(-0.248451 0.00369763 -2.32035e-18)
(-0.243917 0.00320463 -7.91435e-18)
(-0.24001 0.00274619 -4.94486e-18)
(-0.236682 0.00232495 -2.84697e-18)
(-0.388401 0.00809807 -8.20873e-18)
(-0.374721 0.00795649 -1.03724e-18)
(-0.361337 0.00774979 -5.32212e-18)
(-0.348357 0.00748419 -4.75567e-18)
(-0.335874 0.00716684 -3.56497e-18)
(-0.323971 0.00680555 -4.85176e-18)
(-0.312716 0.00640849 -4.49528e-18)
(-0.302163 0.00598404 -7.52408e-18)
(-0.292352 0.00554048 4.53011e-18)
(-0.283309 0.00508589 2.66702e-18)
(-0.275045 0.00462789 -1.92788e-18)
(-0.267562 0.00417352 -5.6846e-18)
(-0.260847 0.00372913 -4.20274e-18)
(-0.254878 0.00330022 -8.51013e-18)
(-0.249623 0.00289148 -5.23064e-18)
(-0.245046 0.00250667 -1.04983e-17)
(-0.241103 0.00214868 -4.01546e-18)
(-0.237743 0.00181955 -5.01178e-18)
(-0.390065 0.00580214 -3.42841e-18)
(-0.376315 0.00570114 -4.91475e-19)
(-0.362863 0.0055535 -5.20488e-18)
(-0.349815 0.00536368 -3.85893e-18)
(-0.337267 0.00513678 -2.04617e-18)
(-0.325299 0.0048784 -4.93701e-19)
(-0.313982 0.00459439 -2.8137e-18)
(-0.30337 0.00429073 -5.75153e-18)
(-0.293502 0.00397337 7.02077e-18)
(-0.284405 0.00364806 3.53882e-18)
(-0.276091 0.00332027 4.32093e-19)
(-0.268561 0.00299503 -5.59907e-18)
(-0.261802 0.00267686 -4.769e-18)
(-0.255793 0.00236972 -7.36348e-18)
(-0.250504 0.00207692 -4.81307e-18)
(-0.245895 0.00180116 -1.11325e-17)
(-0.241923 0.00154448 -3.29679e-18)
(-0.23854 0.0013083 -4.2953e-18)
(-0.391177 0.0034974 -4.75792e-18)
(-0.377381 0.00343676 2.33727e-19)
(-0.363883 0.00334803 -6.2856e-18)
(-0.35079 0.00323388 -3.4078e-18)
(-0.338197 0.0030974 -5.93549e-18)
(-0.326186 0.00294195 -8.57452e-19)
(-0.314828 0.00277108 -2.00325e-18)
(-0.304175 0.00258837 -8.50138e-19)
(-0.29427 0.0023974 6.95659e-18)
(-0.285137 0.00220165 5.20306e-19)
(-0.276789 0.00200439 -1.29413e-18)
(-0.269228 0.00180865 -2.88581e-18)
(-0.26244 0.00161714 -5.8617e-18)
(-0.256404 0.00143221 -7.30733e-18)
(-0.251091 0.00125586 -4.92822e-18)
(-0.24646 0.00108967 -1.00278e-17)
(-0.24247 0.000934833 -2.45845e-18)
(-0.239071 0.000792138 -5.25411e-19)
(-0.391734 0.00117706 -5.83513e-18)
(-0.377915 0.00115661 1.24044e-18)
(-0.364393 0.00112673 -3.0301e-18)
(-0.351277 0.00108834 -8.31954e-18)
(-0.338662 0.00104248 -5.43806e-18)
(-0.32663 0.000990302 -9.3064e-19)
(-0.315251 0.000932996 -1.24295e-18)
(-0.304578 0.000871781 5.64852e-20)
(-0.294654 0.000807859 8.47888e-18)
(-0.285503 0.000742391 1.29023e-18)
(-0.277139 0.00067647 -3.27218e-18)
(-0.269561 0.000611102 -8.44493e-19)
(-0.262759 0.000547177 -4.29742e-18)
(-0.25671 0.000485467 -8.27416e-18)
(-0.251384 0.000426612 -2.0392e-18)
(-0.246743 0.000371115 -6.84346e-18)
(-0.242743 0.000319337 -1.44948e-18)
(-0.239336 0.00027151 -2.83786e-19)
)
;

boundaryField
{
    inlet
    {
        type            uniformFixedValue;
        uniformValue    constant (1 0 0);
        value           nonuniform 0();
    }
    outlet
    {
        type            pressureInletOutletVelocity;
        value           nonuniform 0();
    }
    polygon
    {
        type            fixedValue;
        value           nonuniform 0();
    }
    top
    {
        type            symmetryPlane;
    }
    bottom
    {
        type            symmetryPlane;
    }
    outside
    {
        type            zeroGradient;
    }
    procBoundary37to29
    {
        type            processor;
        value           nonuniform List<vector> 
18
(
(-0.391734 -0.00120006 -1.25198e-18)
(-0.377915 -0.00117839 2.87821e-18)
(-0.364393 -0.00114691 -1.1298e-18)
(-0.351277 -0.00110658 -9.58273e-18)
(-0.338662 -0.00105847 -5.57726e-18)
(-0.32663 -0.00100375 3.88819e-18)
(-0.315251 -0.000943663 -8.09205e-19)
(-0.304578 -0.000879445 1.08742e-18)
(-0.294654 -0.000812347 7.51037e-18)
(-0.285503 -0.000743574 1.45317e-18)
(-0.277139 -0.00067427 -2.02935e-18)
(-0.269561 -0.000605494 1.23539e-18)
(-0.262759 -0.000538199 -3.63981e-18)
(-0.25671 -0.000473219 -6.9742e-18)
(-0.251384 -0.000411259 -2.8093e-18)
(-0.246743 -0.000352884 -1.24262e-18)
(-0.242743 -0.000298519 -1.9261e-19)
(-0.239336 -0.000248451 -6.96463e-20)
)
;
    }
    procBoundary37to30
    {
        type            processor;
        value           uniform (-0.405735 0.00118734 -6.9781e-18);
    }
    procBoundary37to36
    {
        type            processor;
        value           nonuniform List<vector> 10((-0.224846 0.0039524 4.76965e-20) (-0.227166 0.00356711 -4.9869e-19) (-0.22923 0.00317029 -1.1614e-18) (-0.231038 0.00276784 -2.02597e-18) (-0.232589 0.00235862 -3.06753e-18) (-0.233883 0.00194258 -4.6356e-18) (-0.234918 0.00152062 -3.23313e-18) (-0.235695 0.0010937 -2.10019e-18) (-0.236213 0.000662529 -1.14404e-18) (-0.236471 0.000228058 -3.95308e-18));
    }
    procBoundary37to38
    {
        type            processor;
        value           nonuniform List<vector> 8((-0.385173 0.0194569 -4.0173e-19) (-0.389688 0.0172536 2.97645e-19) (-0.393663 0.0150179 6.11598e-19) (-0.397089 0.0127557 6.39676e-19) (-0.399957 0.0104718 -6.39997e-18) (-0.402262 0.0081695 -8.36238e-18) (-0.403995 0.00585291 -1.17732e-17) (-0.405154 0.00352777 -1.13415e-17));
    }
    procBoundary37to45
    {
        type            processor;
        value           nonuniform List<vector> 
19
(
(-0.367145 0.021436 -5.11006e-18)
(-0.35434 0.0210496 -7.39527e-19)
(-0.341825 0.0204902 7.58456e-19)
(-0.329699 0.0197745 -6.40172e-18)
(-0.318052 0.0189219 -8.36631e-18)
(-0.318052 0.0189219 -8.36631e-18)
(-0.30296 0.0196053 -7.0172e-18)
(-0.29267 0.0184364 -8.73028e-18)
(-0.283043 0.0171897 8.99481e-19)
(-0.274115 0.0158899 -2.31002e-18)
(-0.265906 0.0145606 -2.26174e-19)
(-0.258427 0.0132243 4.76887e-18)
(-0.251673 0.0119018 -2.65268e-18)
(-0.24563 0.0106117 -7.04941e-18)
(-0.240274 0.00937024 -2.22481e-18)
(-0.235571 0.00819105 -3.4644e-19)
(-0.231482 0.00708514 6.21065e-18)
(-0.227962 0.00606094 4.5816e-18)
(-0.22496 0.00512421 7.72175e-19)
)
;
    }
}


// ************************************************************************* //
