/*--------------------------------*- C++ -*----------------------------------*\
  =========                 |
  \\      /  F ield         | OpenFOAM: The Open Source CFD Toolbox
   \\    /   O peration     | Website:  https://openfoam.org
    \\  /    A nd           | Version:  7
     \\/     M anipulation  |
\*---------------------------------------------------------------------------*/
FoamFile
{
    version     2.0;
    format      ascii;
    class       volVectorField;
    location    "90";
    object      U;
}
// * * * * * * * * * * * * * * * * * * * * * * * * * * * * * * * * * * * * * //

dimensions      [0 1 -1 0 0 0 0];

internalField   nonuniform List<vector> 
115
(
(0.451001 -0.0145793 -7.33617e-18)
(0.45353 -0.0171323 -5.21887e-18)
(0.456792 -0.0196544 -1.42518e-18)
(0.559916 0.0220596 -2.09434e-19)
(0.555962 0.0195322 -3.68232e-19)
(0.552256 0.0169338 7.11698e-19)
(0.548843 0.0142534 6.97514e-19)
(0.545775 0.0114767 -4.51613e-20)
(0.54312 0.00858982 5.20703e-20)
(0.540952 0.00559036 -1.35227e-18)
(0.539344 0.00249687 -4.24932e-19)
(0.538355 -0.000646734 -1.25362e-18)
(0.538043 -0.0037939 -6.81697e-19)
(0.538445 -0.00696738 -1.68158e-18)
(0.539574 -0.010139 -9.92318e-19)
(0.541449 -0.0132869 -7.8864e-19)
(0.544085 -0.0164045 -1.62124e-18)
(0.547491 -0.0194933 -9.1717e-19)
(0.551679 -0.022559 -6.51642e-19)
(0.64653 0.0246985 -1.04156e-18)
(0.643349 0.022019 -1.5357e-20)
(0.640382 0.0192385 -5.26501e-20)
(0.637675 0.0163435 -1.60878e-20)
(0.635285 0.0133159 -8.21528e-20)
(0.633285 0.0101364 -1.90409e-19)
(0.631774 0.00679886 -2.28552e-19)
(0.630856 0.00331147 -6.72195e-20)
(0.630608 -0.000316416 -2.81097e-19)
(0.631042 -0.00404389 -1.98168e-19)
(0.63219 -0.00777804 -2.52925e-19)
(0.634113 -0.0114933 -2.18319e-19)
(0.636821 -0.0151863 -1.87734e-19)
(0.640313 -0.0188567 -3.41917e-19)
(0.644596 -0.0225053 -1.557e-19)
(0.649678 -0.0261373 -2.4124e-19)
(0.73132 0.0266633 -6.73062e-19)
(0.729252 0.0238541 -8.00109e-19)
(0.727351 0.0209035 -1.08247e-18)
(0.72566 0.0177885 -6.84047e-19)
(0.724233 0.0144762 -6.41833e-19)
(0.72315 0.0109285 -1.48049e-19)
(0.722513 0.00713795 7.84897e-21)
(0.722413 0.00316106 -1.00124e-19)
(0.722947 -0.000910301 -1.13163e-20)
(0.724239 -0.00504855 -2.09591e-20)
(0.726314 -0.00923628 -2.44948e-20)
(0.729133 -0.0134529 -5.91479e-20)
(0.732706 -0.0176793 -9.03789e-20)
(0.737045 -0.0219003 -6.21984e-20)
(0.742157 -0.0261088 -6.53345e-20)
(0.748046 -0.0303069 -1.01273e-19)
(0.810275 0.0277326 -8.23192e-19)
(0.809676 0.0248776 -2.53265e-18)
(0.809178 0.0218693 -4.98364e-18)
(0.808811 0.0186854 -3.95796e-18)
(0.808621 0.0152886 -3.93088e-18)
(0.808696 0.0116198 -2.12162e-18)
(0.809196 0.00762802 3.82984e-19)
(0.81029 0.00329406 -2.02028e-19)
(0.812036 -0.00136554 -4.30432e-20)
(0.814398 -0.00614698 -4.01648e-20)
(0.81742 -0.0109915 -5.79439e-20)
(0.82116 -0.0158405 -1.06788e-19)
(0.825624 -0.0206641 -2.8407e-20)
(0.830804 -0.0254595 -1.03867e-19)
(0.836697 -0.0302292 -9.5727e-20)
(0.843298 -0.0349822 -1.11273e-19)
(0.878182 0.0273421 2.51933e-18)
(0.879401 0.024365 -7.61137e-19)
(0.880686 0.0211897 9.02421e-19)
(0.882048 0.0177847 2.33603e-18)
(0.883505 0.0140956 -2.04417e-19)
(0.88511 0.0100322 2.33064e-18)
(0.886973 0.00554109 -1.12554e-18)
(0.889232 0.000734084 -1.42639e-19)
(0.892123 -0.00422636 -2.64553e-19)
(0.895791 -0.00938556 -3.55847e-19)
(0.90014 -0.0145853 -5.52133e-20)
(0.905118 -0.0198096 -4.86464e-19)
(0.910696 -0.0250199 -2.73772e-19)
(0.916859 -0.0302188 -1.6111e-19)
(0.923604 -0.035402 -4.15783e-19)
(0.930928 -0.040577 -3.53283e-19)
(0.928546 0.0266192 5.42132e-19)
(0.931593 0.0237356 2.99048e-19)
(0.934688 0.020664 6.57438e-19)
(0.937818 0.0173799 1.47344e-19)
(0.940969 0.0138342 -9.77494e-20)
(0.944205 0.00989644 -5.87347e-19)
(0.947788 0.00535959 -1.4633e-18)
(0.951996 0.000161042 -2.5643e-18)
(0.956747 -0.00527739 -5.07934e-19)
(0.962008 -0.0108993 -2.49703e-18)
(0.96784 -0.016566 6.22368e-20)
(0.974203 -0.0222416 -1.47815e-18)
(0.981072 -0.027884 -2.21891e-18)
(0.988408 -0.033496 -9.91341e-20)
(0.996193 -0.0390779 -1.61492e-18)
(1.00441 -0.0446417 -2.51296e-18)
(0.95572 0.0219392 7.96769e-19)
(0.960191 0.0189017 1.32292e-18)
(0.964767 0.0156627 2.33689e-18)
(0.969423 0.0121888 4.87599e-20)
(0.974077 0.00842312 1.66523e-18)
(0.978637 0.00423298 -1.08975e-18)
(0.983214 -0.000618087 -2.01122e-19)
(0.988342 -0.0063119 -5.95621e-19)
(0.994324 -0.0124764 -1.99981e-19)
(1.00107 -0.0187357 -5.29775e-19)
(1.00846 -0.0249394 -1.19985e-19)
(1.01635 -0.0310419 -5.70857e-19)
(1.02467 -0.0370492 -4.13589e-19)
(1.03335 -0.0429855 -2.79657e-19)
(1.04236 -0.0488693 -6.36812e-19)
(1.05169 -0.0547181 -5.49624e-19)
)
;

boundaryField
{
    inlet
    {
        type            uniformFixedValue;
        uniformValue    constant (1 0 0);
        value           nonuniform 0();
    }
    outlet
    {
        type            pressureInletOutletVelocity;
        value           nonuniform 0();
    }
    polygon
    {
        type            fixedValue;
        value           nonuniform 0();
    }
    top
    {
        type            symmetryPlane;
    }
    bottom
    {
        type            symmetryPlane;
    }
    outside
    {
        type            zeroGradient;
    }
    procBoundary6to5
    {
        type            processor;
        value           nonuniform List<vector> 7((0.556656 -0.0256089 -1.42984e-18) (0.655566 -0.0297595 -3.0815e-19) (0.754717 -0.0344996 -7.59228e-20) (0.850608 -0.0397256 -2.87465e-20) (0.938828 -0.0457474 -1.68876e-19) (1.01304 -0.0501938 -5.96928e-19) (1.06131 -0.0605406 -3.6929e-19));
    }
    procBoundary6to7
    {
        type            processor;
        value           nonuniform List<vector> 7((0.564076 0.0245221 1.48627e-18) (0.649884 0.0272849 3.93287e-18) (0.733513 0.0293456 2.33389e-19) (0.810941 0.0304471 -5.51702e-20) (0.877001 0.0301429 1.22447e-18) (0.925534 0.0293346 4.19051e-19) (0.95134 0.024799 5.07065e-19));
    }
    procBoundary6to13
    {
        type            processor;
        value           uniform (0.460798 -0.0221535 -6.14573e-18);
    }
    procBoundary6to14
    {
        type            processor;
        value           nonuniform List<vector> 
17
(
(0.362948 -0.0133448 -1.37199e-18)
(0.364657 -0.015405 -9.08131e-19)
(0.367033 -0.0174254 -4.24754e-19)
(0.474321 0.0189719 2.36074e-18)
(0.469888 0.016613 -4.70651e-18)
(0.465717 0.0142125 2.6261e-18)
(0.461848 0.0117643 5.08985e-18)
(0.458327 0.00926092 2.81037e-19)
(0.455212 0.00669669 3.23977e-18)
(0.452563 0.00407316 -6.61725e-18)
(0.450442 0.00140151 -1.18876e-18)
(0.448894 -0.00129694 -6.21418e-18)
(0.447966 -0.00400686 -1.69541e-18)
(0.447693 -0.00669888 -7.40188e-18)
(0.448096 -0.00936217 -5.31053e-18)
(0.449194 -0.0119898 -1.84675e-18)
(0.449194 -0.0119898 -1.84675e-18)
)
;
    }
}


// ************************************************************************* //
