/*--------------------------------*- C++ -*----------------------------------*\
  =========                 |
  \\      /  F ield         | OpenFOAM: The Open Source CFD Toolbox
   \\    /   O peration     | Website:  https://openfoam.org
    \\  /    A nd           | Version:  7
     \\/     M anipulation  |
\*---------------------------------------------------------------------------*/
FoamFile
{
    version     2.0;
    format      ascii;
    class       surfaceScalarField;
    location    "8";
    object      phi;
}
// * * * * * * * * * * * * * * * * * * * * * * * * * * * * * * * * * * * * * //

dimensions      [0 3 -1 0 0 0 0];

internalField   nonuniform List<scalar> 
321
(
-0.00189562
-4.60345e-06
-0.00189508
-5.35833e-06
-0.00189454
-5.52263e-06
-0.00189392
-6.28481e-06
-0.00189326
-6.63972e-06
-7.42328e-06
-0.00160062
2.02153e-05
-0.00159957
2.22013e-05
-0.00159842
2.42932e-05
-0.00159716
2.66525e-05
-0.00159577
2.9198e-05
-0.00159425
3.20233e-05
3.51028e-05
-0.00160718
7.61851e-06
-0.00160672
9.02977e-06
-0.00160628
9.15063e-06
-0.00160576
1.05292e-05
-0.00160521
1.10571e-05
-0.0016046
1.24127e-05
-0.00160394
1.33245e-05
-0.00160321
1.47616e-05
-0.00160241
1.60253e-05
-0.00160154
1.76449e-05
-0.00160058
1.92584e-05
-0.00159953
2.11491e-05
-0.00159838
2.31403e-05
-0.00159711
2.53859e-05
-0.00159572
2.78084e-05
-0.00159419
3.04969e-05
-0.00159252
3.34271e-05
3.66585e-05
-0.00160716
7.24876e-06
-0.0016067
8.57247e-06
-0.00160626
8.70434e-06
-0.00160573
1.00041e-05
-0.00160519
1.05116e-05
-0.00160457
1.1796e-05
-0.00160391
1.26639e-05
-0.00160318
1.40279e-05
-0.00160238
1.52285e-05
-0.0016015
1.67664e-05
-0.00160054
1.82985e-05
-0.00159949
2.00937e-05
-0.00159833
2.19841e-05
-0.00159706
2.41159e-05
-0.00159567
2.64153e-05
-0.00159414
2.8967e-05
-0.00159246
3.17478e-05
3.48142e-05
-0.00160714
6.87669e-06
-0.00160668
8.11481e-06
-0.00160624
8.25583e-06
-0.00160571
9.47721e-06
-0.00160516
9.9641e-06
-0.00160454
1.11772e-05
-0.00160388
1.2001e-05
-0.00160314
1.32917e-05
-0.00160234
1.44292e-05
-0.00160146
1.58851e-05
-0.0016005
1.73358e-05
-0.00159944
1.90353e-05
-0.00159828
2.08248e-05
-0.00159701
2.28426e-05
-0.00159561
2.50187e-05
-0.00159408
2.74336e-05
-0.0015924
3.00648e-05
3.29661e-05
-0.00160712
6.50243e-06
-0.00160667
7.65672e-06
-0.00160621
7.80517e-06
-0.00160569
8.9487e-06
-0.00160514
9.41464e-06
-0.00160452
1.05562e-05
-0.00160385
1.1336e-05
-0.00160311
1.25532e-05
-0.00160231
1.36274e-05
-0.00160143
1.50011e-05
-0.00160046
1.63704e-05
-0.0015994
1.79739e-05
-0.00159824
1.96624e-05
-0.00159696
2.1566e-05
-0.00159556
2.36189e-05
-0.00159402
2.58966e-05
-0.00159234
2.83784e-05
3.11145e-05
-0.00160711
6.12614e-06
-0.00160665
7.19812e-06
-0.00160619
7.35245e-06
-0.00160566
8.41861e-06
-0.00160511
8.86325e-06
-0.00160449
9.93316e-06
-0.00160382
1.06689e-05
-0.00160308
1.18122e-05
-0.00160228
1.28233e-05
-0.00160139
1.41145e-05
-0.00160042
1.54022e-05
-0.00159936
1.69096e-05
-0.00159819
1.8497e-05
-0.00159691
2.02863e-05
-0.00159551
2.22158e-05
-0.00159397
2.43564e-05
-0.00159228
2.66885e-05
2.92595e-05
-0.00160709
5.74798e-06
-0.00160663
6.73894e-06
-0.00160617
6.89777e-06
-0.00160564
7.88705e-06
-0.00160509
8.31e-06
-0.00160446
9.30822e-06
-0.0016038
9.9998e-06
-0.00160305
1.10691e-05
-0.00160225
1.20168e-05
-0.00160136
1.32254e-05
-0.00160039
1.44315e-05
-0.00159932
1.58426e-05
-0.00159815
1.73288e-05
-0.00159687
1.90037e-05
-0.00159546
2.08096e-05
-0.00159392
2.2813e-05
-0.00159223
2.49954e-05
2.74012e-05
-0.00160707
5.36811e-06
-0.00160661
6.27914e-06
-0.00160616
6.44124e-06
-0.00160562
7.35409e-06
-0.00160507
7.75496e-06
-0.00160444
8.68148e-06
-0.00160377
9.32876e-06
-0.00160302
1.03239e-05
-0.00160222
1.12082e-05
-0.00160132
1.2334e-05
-0.00160035
1.34583e-05
-0.00159928
1.4773e-05
-0.00159811
1.61579e-05
-0.00159683
1.77182e-05
-0.00159542
1.94006e-05
-0.00159387
2.12667e-05
-0.00159217
2.32993e-05
2.55398e-05
-0.00160706
4.9867e-06
-0.0016066
5.81869e-06
-0.00160614
5.98298e-06
-0.0016056
6.81986e-06
-0.00160505
7.19825e-06
-0.00160442
8.05307e-06
-0.00160375
8.65592e-06
-0.001603
9.57678e-06
-0.00160219
1.03976e-05
-0.00160129
1.14404e-05
-0.00160032
1.2483e-05
-0.00159925
1.37011e-05
-0.00159807
1.49846e-05
-0.00159679
1.64302e-05
-0.00159537
1.7989e-05
-0.00159382
1.97176e-05
-0.00159213
2.16006e-05
2.36758e-05
-0.00160704
-0.00160658
-0.00160612
-0.00160559
-0.00160503
-0.0016044
-0.00160372
-0.00160297
-0.00160216
-0.00160127
-0.00160029
-0.00159921
-0.00159804
-0.00159675
-0.00159533
-0.00159378
-0.00159208
)
;

boundaryField
{
    inlet
    {
        type            calculated;
        value           nonuniform 0();
    }
    outlet
    {
        type            calculated;
        value           nonuniform List<scalar> 10(0.00189607 0.00160755 0.00160753 0.00160751 0.0016075 0.00160748 0.00160747 0.00160745 0.00160744 0.00160742);
    }
    polygon
    {
        type            calculated;
        value           nonuniform 0();
    }
    top
    {
        type            symmetryPlane;
        value           uniform 0;
    }
    bottom
    {
        type            symmetryPlane;
        value           uniform 0;
    }
    outside
    {
        type            calculated;
        value           nonuniform 0();
    }
    procBoundary47to39
    {
        type            processor;
        value           nonuniform List<scalar> 
19
(
4.1496e-06
4.82522e-06
4.9785e-06
5.66132e-06
5.98391e-06
-0.00189253
6.68821e-06
7.98129e-06
8.82793e-06
9.58511e-06
1.05449e-05
1.15055e-05
1.2627e-05
1.3809e-05
1.51399e-05
1.6575e-05
1.81662e-05
1.98994e-05
2.18093e-05
)
;
    }
    procBoundary47to46
    {
        type            processor;
        value           nonuniform List<scalar> 
11
(
-0.00159258
-3.8499e-05
-0.00159068
-0.00159061
-0.00159055
-0.00159049
-0.00159043
-0.00159037
-0.00159031
-0.00159026
-0.00159022
)
;
    }
    procBoundary47to55
    {
        type            processor;
        value           nonuniform List<scalar> 
18
(
-7.98577e-06
-9.48688e-06
-9.59462e-06
-1.10524e-05
-1.16005e-05
-1.30271e-05
-1.39829e-05
-1.54927e-05
-1.68195e-05
0.00160158
-1.85206e-05
-2.11696e-05
-2.32503e-05
-2.54431e-05
-2.79157e-05
-3.05842e-05
-3.3546e-05
-3.67749e-05
)
;
    }
}


// ************************************************************************* //
