/*--------------------------------*- C++ -*----------------------------------*\
  =========                 |
  \\      /  F ield         | OpenFOAM: The Open Source CFD Toolbox
   \\    /   O peration     | Website:  https://openfoam.org
    \\  /    A nd           | Version:  7
     \\/     M anipulation  |
\*---------------------------------------------------------------------------*/
FoamFile
{
    version     2.0;
    format      ascii;
    class       volVectorField;
    location    "92";
    object      U;
}
// * * * * * * * * * * * * * * * * * * * * * * * * * * * * * * * * * * * * * //

dimensions      [0 1 -1 0 0 0 0];

internalField   nonuniform List<vector> 
115
(
(-0.18335 -0.00097849 -3.22866e-20)
(-0.182101 -0.000944909 -1.72553e-18)
(-0.180804 -0.000933125 1.51162e-18)
(-0.179453 -0.0009431 4.14695e-18)
(-0.178038 -0.000974949 7.07854e-18)
(-0.182634 -0.00380499 -2.93476e-19)
(-0.181225 -0.00350349 -1.1026e-18)
(-0.17983 -0.00322318 -8.9748e-18)
(-0.178442 -0.0029655 -2.13894e-18)
(-0.177053 -0.00273161 -1.01924e-17)
(-0.175657 -0.00252236 -1.31711e-18)
(-0.174246 -0.00233841 -2.02193e-19)
(-0.172811 -0.00218022 7.12915e-19)
(-0.171345 -0.00204805 -2.28223e-19)
(-0.169841 -0.00194206 -4.61842e-19)
(-0.16829 -0.00186231 -3.97876e-19)
(-0.166684 -0.00180881 -1.94328e-18)
(-0.165017 -0.00178154 -2.08613e-18)
(-0.16328 -0.00178063 -2.51035e-18)
(-0.161466 -0.00180612 -1.97522e-18)
(-0.159567 -0.00185837 -1.31011e-18)
(-0.157575 -0.00193752 1.20658e-18)
(-0.15719 -0.00487616 -1.35907e-18)
(-0.15549 -0.00457336 -7.46455e-18)
(-0.153755 -0.00429643 -9.83183e-18)
(-0.151978 -0.00404701 -2.17119e-18)
(-0.150151 -0.00382645 -9.45533e-18)
(-0.148266 -0.00363581 -1.84914e-18)
(-0.146315 -0.00347585 -1.45188e-19)
(-0.144291 -0.0033471 9.54704e-20)
(-0.142186 -0.00324987 2.18704e-19)
(-0.139991 -0.00318433 -2.44771e-19)
(-0.1377 -0.00315051 -8.58297e-18)
(-0.135304 -0.00314839 -1.07603e-17)
(-0.132795 -0.00317793 -1.12101e-17)
(-0.130166 -0.00323914 -1.16875e-17)
(-0.12741 -0.003332 -1.18832e-17)
(-0.124517 -0.00345669 -1.15588e-17)
(-0.121481 -0.00361348 -2.0357e-18)
(-0.12601 -0.00618188 -6.33912e-19)
(-0.123862 -0.00592058 -1.48893e-18)
(-0.12162 -0.00569078 -8.29008e-19)
(-0.119276 -0.00549426 -2.3062e-19)
(-0.116822 -0.0053324 -3.65017e-19)
(-0.11425 -0.00520628 1.04426e-19)
(-0.111551 -0.00511666 3.48387e-19)
(-0.108719 -0.00506402 4.9099e-19)
(-0.105744 -0.00504862 4.22999e-19)
(-0.10262 -0.00507055 2.26736e-19)
(-0.0993375 -0.00512979 -1.65413e-18)
(-0.0958889 -0.00522627 -2.6002e-18)
(-0.0922664 -0.00535992 -2.68414e-18)
(-0.0884618 -0.00553073 -2.88231e-18)
(-0.0844671 -0.00573877 -2.6419e-18)
(-0.080274 -0.00598427 -2.68011e-18)
(-0.0758741 -0.0062676 -8.58024e-19)
(-0.0885126 -0.0078471 -2.07074e-19)
(-0.085719 -0.00767268 1.02755e-19)
(-0.0827617 -0.00753548 7.02496e-18)
(-0.0796325 -0.00743729 1.35275e-18)
(-0.0763231 -0.00737952 7.53564e-18)
(-0.0728254 -0.00736319 2.44823e-18)
(-0.069131 -0.00738901 2.13911e-18)
(-0.0652317 -0.00745744 2.27392e-18)
(-0.0611192 -0.00756873 2.03471e-18)
(-0.0567852 -0.007723 1.78329e-18)
(-0.0522213 -0.00792027 -9.8223e-20)
(-0.0474192 -0.0081605 -2.27943e-18)
(-0.0423703 -0.00844371 -1.21107e-18)
(-0.0370658 -0.00876998 -2.51991e-18)
(-0.0314968 -0.00913947 -1.03787e-18)
(-0.0256542 -0.00955254 -6.97348e-19)
(-0.0195287 -0.0100097 -3.1569e-19)
(-0.0439679 -0.0100191 -1.41843e-19)
(-0.0402933 -0.00998372 -4.60999e-20)
(-0.0363762 -0.00999147 1.23927e-18)
(-0.032208 -0.0100442 6.53582e-19)
(-0.0277802 -0.0101432 2.23729e-18)
(-0.0230841 -0.0102896 8.87619e-18)
(-0.0181112 -0.010484 9.63121e-18)
(-0.0128528 -0.0107271 9.88702e-18)
(-0.00730021 -0.0110189 1.00991e-17)
(-0.00144456 -0.0113598 9.41834e-18)
(0.00472318 -0.0117499 1.17018e-19)
(0.0112123 -0.0121892 -9.03299e-18)
(0.0180322 -0.0126778 -1.86002e-18)
(0.025193 -0.0132161 -9.55109e-18)
(0.0327046 -0.0138044 -9.83205e-19)
(0.0405778 -0.0144432 -2.73082e-19)
(0.0488237 -0.0151334 2.10154e-20)
(0.00846056 -0.012873 1.59966e-20)
(0.0132799 -0.0130354 2.01208e-19)
(0.0184287 -0.0132471 3.24822e-19)
(0.0239159 -0.01351 1.44958e-19)
(0.0297504 -0.0138254 2.63231e-19)
(0.0359412 -0.0141944 5.42784e-19)
(0.0424973 -0.0146177 1.75982e-18)
(0.0494279 -0.0150959 8.03834e-19)
(0.0567425 -0.0156294 1.91551e-18)
(0.0644505 -0.0162185 7.9768e-19)
(0.0725621 -0.0168636 1.27315e-18)
(0.0810877 -0.017565 -1.32257e-18)
(0.090038 -0.0183231 7.53148e-19)
(0.0994244 -0.0191384 -1.82861e-18)
(0.109259 -0.0200117 -3.01456e-19)
(0.119554 -0.0209439 -9.99612e-22)
(0.130324 -0.0219362 2.58704e-20)
(0.0696372 -0.0166007 1.82617e-19)
(0.0758784 -0.017025 1.29001e-19)
(0.0825422 -0.0175049 2.94905e-19)
(0.0896377 -0.0180425 1.06596e-19)
(0.097174 -0.018639 -1.01992e-18)
(0.105161 -0.0192956 -7.5403e-18)
(0.113607 -0.0200132 -1.19355e-18)
(0.122523 -0.0207925 -7.90881e-18)
)
;

boundaryField
{
    inlet
    {
        type            uniformFixedValue;
        uniformValue    constant (1 0 0);
        value           nonuniform 0();
    }
    outlet
    {
        type            pressureInletOutletVelocity;
        value           nonuniform 0();
    }
    polygon
    {
        type            fixedValue;
        value           nonuniform 0();
    }
    top
    {
        type            symmetryPlane;
    }
    bottom
    {
        type            symmetryPlane;
    }
    outside
    {
        type            zeroGradient;
    }
    procBoundary20to12
    {
        type            processor;
        value           nonuniform List<vector> 
18
(
(0.131918 -0.0216342 -9.2938e-19)
(0.141803 -0.0225388 -6.4475e-18)
(0.152189 -0.023507 8.65255e-18)
(0.163087 -0.0245395 1.46218e-18)
(0.17451 -0.025637 8.74006e-18)
(0.186471 -0.0268007 -4.58e-19)
(0.198982 -0.0280318 -6.42801e-20)
(0.21206 -0.0293319 3.31821e-20)
(0.225718 -0.0307028 -1.41663e-19)
(0.140329 -0.0213981 8.49908e-22)
(0.14826 -0.0221515 2.48614e-19)
(0.15671 -0.0229672 5.51127e-19)
(0.165687 -0.0238471 1.11585e-18)
(0.1752 -0.0247926 -7.3244e-19)
(0.18526 -0.025805 -1.28453e-18)
(0.195874 -0.0268854 -4.48183e-19)
(0.131918 -0.0216342 -9.2938e-19)
(0.207054 -0.0280346 -1.31425e-18)
)
;
    }
    procBoundary20to13
    {
        type            processor;
        value           nonuniform List<vector> 2((0.0039618 -0.0127576 7.16697e-21) (0.0638093 -0.01623 1.38312e-19));
    }
    procBoundary20to19
    {
        type            processor;
        value           nonuniform List<vector> 7((-0.176553 -0.00102936 2.28011e-18) (-0.155482 -0.0020441 -9.47397e-19) (-0.118293 -0.003803 -1.05477e-17) (-0.071259 -0.00658942 -2.2858e-18) (-0.0131105 -0.0105118 -5.74635e-19) (0.0574538 -0.015876 2.46606e-20) (0.141581 -0.0229903 5.28092e-20));
    }
    procBoundary20to21
    {
        type            processor;
        value           nonuniform List<vector> 6((-0.197445 -0.00307748 1.81806e-20) (-0.184064 -0.00412594 -1.1393e-18) (-0.158863 -0.00520282 -7.1876e-18) (-0.128072 -0.00647254 -1.45068e-18) (-0.0911507 -0.00805646 -3.66482e-19) (-0.0474086 -0.0100953 -3.51742e-20));
    }
    procBoundary20to28
    {
        type            processor;
        value           nonuniform List<vector> 
17
(
(-0.194543 -0.000665971 5.80932e-19)
(-0.193617 -0.000618339 -2.26178e-18)
(-0.192665 -0.000589734 5.73312e-18)
(-0.191678 -0.000580612 -2.68801e-18)
(-0.19065 -0.000590779 2.75528e-18)
(-0.196167 -0.00279019 8.6735e-19)
(-0.194932 -0.00252071 -3.41095e-18)
(-0.193733 -0.00227033 -1.21901e-18)
(-0.192564 -0.00204008 -6.20947e-18)
(-0.191416 -0.00183074 2.96469e-18)
(-0.190283 -0.00164287 -3.46174e-19)
(-0.189156 -0.00147688 3.03055e-18)
(-0.188028 -0.00133297 -1.90876e-18)
(-0.186891 -0.00121123 -1.35376e-18)
(-0.185738 -0.00111162 5.02034e-18)
(-0.18456 -0.00103408 2.37501e-19)
(-0.18456 -0.00103408 2.37501e-19)
)
;
    }
}


// ************************************************************************* //
