/*--------------------------------*- C++ -*----------------------------------*\
  =========                 |
  \\      /  F ield         | OpenFOAM: The Open Source CFD Toolbox
   \\    /   O peration     | Website:  https://openfoam.org
    \\  /    A nd           | Version:  7
     \\/     M anipulation  |
\*---------------------------------------------------------------------------*/
FoamFile
{
    version     2.0;
    format      ascii;
    class       surfaceScalarField;
    location    "30";
    object      phi;
}
// * * * * * * * * * * * * * * * * * * * * * * * * * * * * * * * * * * * * * //

dimensions      [0 3 -1 0 0 0 0];

internalField   nonuniform List<scalar> 
322
(
0.00162138
1.55808e-05
0.00162228
-1.75723e-05
0.0016205
3.56848e-05
0.00162128
-1.42743e-05
0.0016186
5.40062e-05
0.00161887
-2.16573e-06
0.0016146
8.43965e-05
0.00161351
2.77237e-05
0.00160633
0.000138419
9.72704e-05
0.00822694
-6.99421e-05
0.00823574
-0.000100098
0.00822204
-0.000160092
0.00823423
-0.000191
0.00821369
-0.000341204
0.00823116
-0.000371746
0.00820221
-0.000707404
0.00822929
-0.000731944
0.00819747
-0.00145441
0.00824496
-0.00143902
0.00825627
-0.00296689
-0.00277967
0.00823457
-1.63078e-05
0.00823084
2.51766e-06
0.00823462
-3.27507e-05
0.00822891
-1.92866e-05
0.008234
-5.8879e-05
0.00822503
-6.09719e-05
0.0082318
-0.000106864
0.00821744
-0.000145736
0.00822637
-0.000199922
0.0082034
-0.000318237
0.00821566
-0.000384012
0.0081798
-0.000671537
0.00819916
-0.000751307
0.00814959
-0.00140485
0.00818864
-0.00147806
0.00815974
-0.00293799
-0.00286376
0.00823397
-1.80462e-05
0.00823074
5.74545e-06
0.00823358
-3.55915e-05
0.00822836
-1.40626e-05
0.00823192
-6.24379e-05
0.00822335
-5.23983e-05
0.00822762
-0.000111141
0.00821327
-0.000131388
0.00821811
-0.000204759
0.00819389
-0.000294012
0.00819942
-0.00038954
0.00815869
-0.000630811
0.00816739
-0.000760005
0.00810312
-0.00134058
0.00812852
-0.00150346
0.00806028
-0.00286974
-0.00294954
0.00823332
-1.91362e-05
0.00823066
8.41111e-06
0.0082325
-3.74373e-05
0.00822787
-9.43283e-06
0.00822977
-6.43379e-05
0.00822182
-4.44443e-05
0.00822335
-0.000112672
0.00820945
-0.000117491
0.00820967
-0.00020497
0.0081851
-0.000269443
0.00818267
-0.000387115
0.00813899
-0.000587128
0.00813411
-0.000755132
0.00805886
-0.00126533
0.00806387
-0.00150847
0.00796018
-0.00276605
-0.0030242
0.00823269
-1.95916e-05
0.00823056
1.05412e-05
0.00823146
-3.83425e-05
0.0082274
-5.3646e-06
0.0082277
-6.46435e-05
0.00822036
-3.71035e-05
0.00821919
-0.000111507
0.00820584
-0.000104134
0.00820136
-0.000200494
0.00817682
-0.000244905
0.00816594
-0.000376235
0.00812049
-0.000541671
0.00809999
-0.000734637
0.00801698
-0.00118232
0.00799457
-0.00148606
0.00786188
-0.00263336
-0.00306913
0.00823213
-1.94909e-05
0.00823042
1.2253e-05
0.00823056
-3.84782e-05
0.00822687
-1.67692e-06
0.00822585
-6.36263e-05
0.00821886
-3.01151e-05
0.0082154
-0.00010804
0.00820225
-9.09906e-05
0.00819362
-0.000191857
0.00816879
-0.000220078
0.00814998
-0.000357424
0.00810276
-0.000494451
0.00806628
-0.000698155
0.00797704
-0.00109308
0.00792197
-0.00143099
0.00776639
-0.00247779
-0.00306301
0.0082317
-1.89581e-05
0.00823022
1.37353e-05
0.00822988
-3.8143e-05
0.00822623
1.97992e-06
0.00822435
-6.1749e-05
0.00821724
-2.30108e-05
0.00821217
-0.00010297
0.00819856
-7.73806e-05
0.00818685
-0.000180143
0.00816075
-0.00019398
0.00813562
-0.000332292
0.00808535
-0.000444183
0.00803472
-0.000647522
0.00793821
-0.000996568
0.00784915
-0.00134192
0.0076731
-0.00230175
-0.00298498
0.00823141
-1.81325e-05
0.00822995
1.51961e-05
0.0082294
-3.7596e-05
0.00822552
5.862e-06
0.00822321
-5.94404e-05
0.00821551
-1.53141e-05
0.00820967
-9.71311e-05
0.00819471
-6.24159e-05
0.00818139
-0.000166823
0.00815257
-0.000165166
0.00812361
-0.00030333
0.00806796
-0.00038853
0.00800718
-0.000586737
0.00789975
-0.000889138
0.00778069
-0.00122287
0.00758052
-0.00210157
-0.0028202
0.00823126
-1.71609e-05
0.00822957
1.68926e-05
0.0082293
-3.73359e-05
0.00822456
1.06024e-05
0.00822272
-5.75956e-05
0.00821345
-6.04099e-06
0.00820801
-9.16987e-05
0.00819063
-4.50287e-05
0.00817739
-0.000153585
0.00814432
-0.000132093
0.00811436
-0.000273378
0.00805074
-0.000324908
0.00798501
-0.000521005
0.00786169
-0.000765821
0.00772168
-0.00108286
0.00748729
-0.00186718
-0.00256804
0.00823065
0.00822997
0.00822832
0.00822465
0.00822106
0.00821285
0.00820555
0.00818825
0.00817308
0.00813826
0.00810607
0.00803661
0.007967
0.00782784
0.00767431
0.00739654
)
;

boundaryField
{
    inlet
    {
        type            calculated;
        value           nonuniform List<scalar> 10(-0.00162212 -0.00823223 -0.00823223 -0.00823223 -0.00823223 -0.00823223 -0.00823223 -0.00823223 -0.00823223 -0.00823223);
    }
    outlet
    {
        type            calculated;
        value           nonuniform 0();
    }
    polygon
    {
        type            calculated;
        value           nonuniform 0();
    }
    top
    {
        type            symmetryPlane;
        value           uniform 0;
    }
    bottom
    {
        type            symmetryPlane;
        value           uniform 0;
    }
    outside
    {
        type            calculated;
        value           nonuniform 0();
    }
    procBoundary8to0
    {
        type            processor;
        value           nonuniform List<scalar> 
18
(
7.89254e-05
9.12995e-05
0.000173794
0.000178812
0.000361746
0.000354269
0.000736361
0.000704862
0.00148623
0.00139153
0.00295558
0.00269448
1.39742e-05
1.20471e-06
2.89792e-05
2.49906e-05
-0.00823593
5.37871e-05
)
;
    }
    procBoundary8to16
    {
        type            processor;
        value           nonuniform List<scalar> 
18
(
-1.48457e-05
1.66724e-05
-3.39049e-05
1.34927e-05
-5.13248e-05
1.90149e-06
-8.01318e-05
-2.66312e-05
-0.000131238
0.00160199
-9.29336e-05
-0.000241189
-0.000255449
-0.000451394
-0.000626665
-0.000929326
-0.00158942
-0.00223924
)
;
    }
    procBoundary8to17
    {
        type            processor;
        value           nonuniform List<scalar> 5(0.00834146 0.00824383 0.00814606 0.00803484 0.00790681);
    }
    procBoundary8to25
    {
        type            processor;
        value           nonuniform List<scalar> 5(0.00776028 0.00759507 0.00741573 0.00723513 0.00706774);
    }
}


// ************************************************************************* //
