/*--------------------------------*- C++ -*----------------------------------*\
  =========                 |
  \\      /  F ield         | OpenFOAM: The Open Source CFD Toolbox
   \\    /   O peration     | Website:  https://openfoam.org
    \\  /    A nd           | Version:  7
     \\/     M anipulation  |
\*---------------------------------------------------------------------------*/
FoamFile
{
    version     2.0;
    format      ascii;
    class       surfaceScalarField;
    location    "96";
    object      phi;
}
// * * * * * * * * * * * * * * * * * * * * * * * * * * * * * * * * * * * * * //

dimensions      [0 3 -1 0 0 0 0];

internalField   nonuniform List<scalar> 
311
(
-0.000365571
0.00956159
-0.00952098
-0.000406841
0.00954233
-0.00950106
-0.000448766
0.00951327
-0.00947134
-0.000491654
0.00948765
-0.00944476
-0.000535529
0.00946603
-0.00942216
0.00944952
-0.0094045
-0.000368105
0.00960194
-0.000409116
0.00958334
-0.00045082
0.00955497
-0.000493482
0.00953031
-0.000537126
0.00950968
0.0094943
-0.000370579
0.00964202
-0.000411323
0.00962409
-0.0004528
0.00959645
-0.000495226
0.00957274
-0.000538635
0.00955309
0.00953882
-0.000372988
0.00968185
-0.000413462
0.00966456
-0.000454708
0.00963769
-0.000496889
0.00961492
-0.000540054
0.00959625
0.00958308
-0.000375334
0.00972142
-0.000415534
0.00970476
-0.000456543
0.0096787
-0.000498473
0.00965685
-0.000541389
0.00963917
-0.000377617
0.00976073
-0.000417536
0.00974468
-0.000458307
0.00971947
-0.00049998
0.00969852
0.00968183
-0.000379838
0.00979977
-0.000419468
0.00978431
-0.000460001
0.00976
-0.00050141
0.00973993
0.00972423
-0.000381998
0.00983857
-0.00042133
0.00982364
-0.000461625
0.0098003
-0.000502764
0.00978107
0.00976637
-0.0003841
0.0098771
-0.000423122
0.00986266
-0.000463184
0.00984036
-0.000504048
0.00982193
0.00980826
-0.000386141
-0.000424813
-0.000464645
-0.000505207
-0.000290497
0.00957281
-0.00957685
-0.00028824
0.00954197
-0.00954422
-0.000286408
0.009505
-0.00950684
-0.000286237
0.0094661
-0.00946627
0.00943243
-0.00943128
-0.000293486
0.00956856
-0.000290681
0.00953916
-0.000288545
0.00950287
-0.000287934
0.00946549
0.00943314
-0.000296345
0.00956394
-0.000293107
0.00953593
-0.000290588
0.00950035
-0.000289549
0.00946445
0.00943341
-0.000299153
0.00955894
-0.000295477
0.00953225
-0.000292569
0.00949744
-0.000291094
0.00946298
0.00943322
-0.000301904
0.00955357
-0.000297793
0.00952814
-0.000294485
0.00949413
-0.000292571
0.00946106
0.00943257
-0.000304597
0.00954781
-0.000300053
0.00952359
-0.000296336
0.00949042
-0.00029398
0.00945871
-0.000292858
0.00943145
0.00940868
-0.000307235
0.00954167
-0.000302257
0.00951862
-0.000298125
0.00948628
-0.000295322
0.0094559
-0.000293724
0.00942985
0.00940841
-0.000309816
0.00953515
-0.000304404
0.0095132
-0.000299852
0.00948173
-0.000296597
0.00945265
-0.000294519
0.00942778
0.00940763
-0.000312344
0.00952825
-0.000306496
0.00950736
-0.000301521
0.00947676
-0.000297811
0.00944894
-0.000295251
0.00942522
0.00940633
-0.000314807
-0.000308513
-0.000303099
-0.000298921
-0.000295863
-0.000178837
0.0100186
-0.0100624
-0.000133506
0.0099583
-0.0100036
-9.14868e-05
0.0099205
-0.00996252
-4.9979e-05
0.00985973
-0.00990124
0.00981402
-0.00985406
-0.000179624
0.00997117
-0.000135843
0.00991452
-9.18077e-05
0.00987646
-5.01038e-05
0.00981803
0.00977371
-0.000181872
0.00992335
-0.000137444
0.00987009
-9.29482e-05
0.00983197
-5.0719e-05
0.0097758
0.00973288
-0.000184072
0.00987511
-0.000139084
0.00982511
-9.41038e-05
0.00978699
-5.1387e-05
0.00973308
0.00969151
-0.000186236
0.00982645
-0.000140714
0.00977958
-9.52506e-05
0.00974152
-5.20462e-05
0.00968987
0.00964959
-0.000188368
0.00977737
-0.000142315
0.00973353
-9.63673e-05
0.00969558
-5.26635e-05
0.00964617
0.00960709
-0.000190464
0.00972787
-0.000143886
0.00968695
-9.74502e-05
0.00964914
-5.32392e-05
0.00960196
0.00956402
-0.000192522
0.00967795
-0.000145433
0.00963987
-9.85025e-05
0.00960221
-5.37821e-05
0.00955724
0.00952036
-0.000194541
0.00962761
-0.000146958
0.00959228
-9.95256e-05
0.00955478
-5.42956e-05
0.00951201
0.00947612
-0.000196519
-0.000148461
-0.000100519
-5.47821e-05
0.0091542
0.0036413
0.00939453
0.00371807
0.00514467
0.00921852
0.00331899
0.00946765
0.00346894
0.00471108
0.0092761
0.00299741
0.00953492
0.00321011
0.00428348
0.00932636
0.00267574
0.00959468
0.0029418
0.00387453
0.00936157
0.00964225
)
;

boundaryField
{
    inlet
    {
        type            calculated;
        value           nonuniform 0();
    }
    outlet
    {
        type            calculated;
        value           nonuniform 0();
    }
    polygon
    {
        type            calculated;
        value           nonuniform 0();
    }
    top
    {
        type            symmetryPlane;
        value           uniform 0;
    }
    bottom
    {
        type            symmetryPlane;
        value           uniform 0;
    }
    outside
    {
        type            calculated;
        value           nonuniform List<scalar> 
33
(
0.000324957
0.000327758
0.000330492
0.000333161
0.000335767
0.000338309
0.000340789
0.000343207
0.000345566
0.00034785
0.000294534
0.000297734
0.000300969
0.000304151
0.00030728
0.000310354
0.000313373
0.000316335
0.000319242
0.000322086
0.000222641
0.000227039
0.000229685
0.000232311
0.000234899
0.000237449
0.000239963
0.000242441
0.000244881
0.000247282
0.00235796
0.00266112
0.00345439
)
;
    }
    procBoundary57to49
    {
        type            processor;
        value           nonuniform List<scalar> 
35
(
-0.000580551
-0.000581905
-0.00058316
-0.000584316
-0.000585379
0.00962707
-0.000542641
-0.000543813
-0.000544907
-0.00054593
-0.000546817
-0.000287387
-0.000288649
-0.000289817
-0.000290908
-0.00029192
-0.00940844
-0.000293097
-0.000293457
-0.000293738
-0.000293952
-0.000294026
-9.93603e-06
-9.79881e-06
-9.88568e-06
-1.00178e-05
-1.01205e-05
-1.01683e-05
-1.01675e-05
-1.0127e-05
-1.00506e-05
-9.93743e-06
-0.00396308
-0.0039584
-0.00560419
)
;
    }
    procBoundary57to56
    {
        type            processor;
        value           nonuniform List<scalar> 5(-0.00883242 -0.00889621 -0.00895452 -0.00900469 -0.00904378);
    }
    procBoundary57to58
    {
        type            processor;
        value           nonuniform List<scalar> 5(0.00991539 0.00990134 0.00988019 0.00986249 0.00984987);
    }
}


// ************************************************************************* //
