/*--------------------------------*- C++ -*----------------------------------*\
  =========                 |
  \\      /  F ield         | OpenFOAM: The Open Source CFD Toolbox
   \\    /   O peration     | Website:  https://openfoam.org
    \\  /    A nd           | Version:  7
     \\/     M anipulation  |
\*---------------------------------------------------------------------------*/
FoamFile
{
    version     2.0;
    format      ascii;
    class       surfaceScalarField;
    location    "118";
    object      phi;
}
// * * * * * * * * * * * * * * * * * * * * * * * * * * * * * * * * * * * * * //

dimensions      [0 3 -1 0 0 0 0];

internalField   nonuniform List<scalar> 
465
(
-0.00546146
0.0137821
-0.00540395
0.0136956
-0.00529016
0.0135123
-0.00508347
0.0131561
-0.00474532
0.0125305
-0.00424958
0.0115423
-0.00360447
0.0101422
-0.00286842
0.00837898
-0.0021405
0.00642264
0.00451168
-0.00541705
0.0137381
-0.00533209
0.0136107
-0.00517771
0.0133579
-0.00491778
0.0128961
-0.00452003
0.0121327
-0.00397219
0.0109945
-0.00330094
0.00947092
-0.00257784
0.00765588
-0.00189749
0.00574229
0.003946
-0.00535478
0.0136743
-0.00523898
0.0134949
-0.00504146
0.0131604
-0.00472891
0.0125836
-0.00427783
0.0116816
-0.00369107
0.0104078
-0.00301136
0.00879121
-0.00231711
0.00696162
-0.00169211
0.00511729
0.00344074
-0.00527084
0.0135881
-0.00512135
0.0133454
-0.00487943
0.0129185
-0.0045169
0.012221
-0.00402086
0.0111856
-0.00340881
0.0097957
-0.00273538
0.00811778
-0.00207892
0.00630517
-0.00150847
0.00454683
0.00298891
-0.00516131
0.013477
-0.00497636
0.0131604
-0.00469082
0.0126329
-0.00428359
0.0118138
-0.00375334
0.0106554
-0.00313063
0.00917299
-0.00247736
0.00746451
-0.00186649
0.0056943
-0.00135154
0.00403188
0.00258861
-0.00502273
0.0133392
-0.0048021
0.0129398
-0.00447591
0.0123067
-0.00403172
0.0113696
-0.00347943
0.0101031
-0.00286017
0.00855373
-0.00223814
0.00684247
-0.00167714
0.0051333
-0.00121613
0.00357088
0.00223621
-0.00485219
0.0131738
-0.00459759
0.0126852
-0.0042361
0.0119452
-0.00376477
0.0108983
-0.00320371
0.00954201
-0.00260123
0.00795125
-0.0020195
0.00626074
-0.00151137
0.00462517
-0.00110344
0.00316295
0.00192994
-0.00464816
0.0129815
-0.00436338
0.0124004
-0.00397419
0.011556
-0.0034871
0.0104112
-0.00293065
0.00898557
-0.00235667
0.00737726
-0.00182198
0.00572606
-0.00136822
0.00417141
-0.00101207
0.0028068
0.00166776
-0.00441022
0.0127644
-0.0041012
0.0120914
-0.00369388
0.0111487
-0.0032034
0.00992074
-0.00266437
0.00844654
-0.00212889
0.00684178
-0.00164619
0.00524335
-0.00124762
0.00377283
-0.000942123
0.0025013
0.00144801
-0.00414009
0.0125261
-0.00381457
0.0117659
-0.00340001
0.0107342
-0.00291867
0.0094394
-0.00240866
0.00793653
-0.00191956
0.00635269
-0.00149209
0.00481588
-0.00114872
0.00342947
-0.000892402
0.00224498
0.00126859
-0.00384058
0.0122718
-0.00350773
0.011433
-0.00309754
0.010324
-0.0026373
0.00897916
-0.00216633
0.00746556
-0.00172949
0.00591585
-0.00135914
0.00444553
-0.00107031
0.00314064
-0.000861276
0.00203594
0.00112695
-0.00351684
0.0120076
-0.00318639
0.0111026
-0.00279195
0.00992954
-0.00236344
0.00855065
-0.00193941
0.00704153
-0.00155868
0.00553511
-0.00124599
0.00413284
-0.00101017
0.00290481
-0.000845809
0.00187159
0.00101994
-0.00317421
0.0117405
-0.00285586
0.0107842
-0.00248768
0.00956136
-0.00209982
0.00816279
-0.00172852
0.00667022
-0.00140592
0.00521252
-0.00115021
0.00387713
-0.000964965
0.00271957
-0.000842011
0.00174863
0.000943958
-0.00282012
0.0114773
-0.00252249
0.0104866
-0.00218934
0.00922821
-0.00184879
0.00782224
-0.0015336
0.00635504
-0.00126938
0.0049483
-0.00106851
0.00367626
-0.000930574
0.00258164
-0.000845105
0.00166316
0.000895113
-0.0024603
0.0112244
-0.0021906
0.0102169
-0.00189929
0.0089369
-0.00161061
0.00753356
-0.00135294
0.00609737
-0.00114581
0.00474117
-0.000996706
0.00352715
-0.000902048
0.00248698
-0.000849827
0.00161094
0.000869576
-0.00210258
0.0109871
-0.00186568
0.00997998
-0.00162036
0.00869157
-0.00138557
0.00729877
-0.00118471
0.00589652
-0.00103187
0.00458833
-0.000930474
0.00342576
-0.000874473
0.00243098
-0.000851155
0.00158762
0.000863774
-0.00175029
0.0107694
-0.00154928
0.00977896
-0.00135202
0.00849432
-0.0011714
0.00711815
-0.00102527
0.00575039
-0.000923066
0.00448612
-0.000864832
0.00336752
-0.000842876
0.00240902
-0.000844399
0.00158915
0.000874665
-0.00141021
0.0105739
-0.00124552
0.00961428
-0.0010957
0.0083445
-0.000967267
0.00698971
-0.000872198
0.00565532
-0.000816003
0.00442992
-0.000795944
0.00334746
-0.000803445
0.00241652
-0.00082606
0.00161176
0.000899743
-0.00108116
0.0104025
-0.000952354
0.00948547
-0.000848301
0.00824045
-0.000769272
0.00691068
-0.000721265
0.00560731
-0.000706452
0.00441511
-0.000719911
0.00336092
-0.00075281
0.00244942
-0.000793451
0.0016524
0.00093711
-0.000769947
0.0102556
-0.00067409
0.00938961
-0.000611718
0.00817808
-0.00057727
0.00687624
-0.000571221
0.00560126
-0.000592588
0.00443648
-0.000634903
0.00340324
-0.0006894
0.00250392
-0.000745424
0.00170843
0.000985278
-0.000471044
0.0101341
-0.000405677
0.00932424
-0.000381763
0.00815416
-0.000387274
0.00688175
-0.000418724
0.00563271
-0.000471601
0.00448935
-0.000538915
0.00347055
-0.000611903
0.00257691
-0.000681314
0.00177784
0.00104323
-0.000196825
0.0100375
-0.000155166
0.00928259
-0.000163877
0.00816287
-0.000201606
0.00691948
-0.000265
0.00569611
-0.000343972
0.00456833
-0.000432347
0.00355893
-0.000520809
0.00266537
-0.000601823
0.00185885
0.00111009
6.1578e-05
0.00996564
8.24038e-05
0.00926176
4.62162e-05
0.00819906
-1.71936e-05
0.00698289
-0.000108307
0.00578722
-0.00020845
0.00466847
-0.000314725
0.0036652
-0.000416226
0.00276687
-0.000507489
0.00195011
0.00118525
0.000281628
0.00989622
0.000290296
0.00925309
0.000243117
0.00824624
0.000158383
0.00706762
5.0219e-05
0.00589538
-6.69629e-05
0.00478565
-0.000186926
0.00378517
-0.000299254
0.0028792
-0.000399342
0.0020502
0.00126818
0.00047347
0.000480078
0.000427694
0.000331735
0.000212155
8.17688e-05
-4.83623e-05
-0.000169735
-0.00027759
)
;

boundaryField
{
    inlet
    {
        type            calculated;
        value           nonuniform 0();
    }
    outlet
    {
        type            calculated;
        value           nonuniform 0();
    }
    polygon
    {
        type            calculated;
        value           nonuniform 0();
    }
    top
    {
        type            symmetryPlane;
        value           uniform 0;
    }
    bottom
    {
        type            symmetryPlane;
        value           uniform 0;
    }
    outside
    {
        type            calculated;
        value           nonuniform List<scalar> 
25
(
0.0054883
0.00546107
0.00541853
0.00535705
0.00527243
0.00516057
0.00501752
0.00484045
0.00462736
0.00437841
0.00409492
0.00378099
0.00344129
0.00308332
0.0027132
0.00233996
0.00196795
0.00160567
0.00125255
0.000916887
0.000592507
0.000293418
1.03244e-05
-0.000212204
-0.000404701
)
;
    }
    procBoundary14to9
    {
        type            processor;
        value           uniform -0.00513747;
    }
    procBoundary14to10
    {
        type            processor;
        value           nonuniform List<scalar> 
25
(
-0.00151471
-0.00133181
-0.00118685
-0.00105664
-0.000951237
-0.000863728
-0.000797171
-0.000749887
-0.000722379
-0.000712976
-0.000719639
-0.000738802
-0.000766027
-0.000796259
-0.000824291
-0.000845354
-0.00085529
-0.000851139
-0.000830818
-0.000793592
-0.000739265
-0.000668684
-0.00058265
-0.000482268
-0.000367985
)
;
    }
    procBoundary14to13
    {
        type            processor;
        value           nonuniform List<scalar> 9(-0.013809 -0.0137531 -0.0136261 -0.0133627 -0.0128686 -0.0120381 -0.0107873 -0.00911502 -0.00715055);
    }
    procBoundary14to15
    {
        type            processor;
        value           nonuniform List<scalar> 10(0.00982745 0.00924648 0.00829862 0.00716358 0.00601496 0.00491604 0.0039153 0.00300057 0.00215806 0.00135857);
    }
}


// ************************************************************************* //
