/*--------------------------------*- C++ -*----------------------------------*\
  =========                 |
  \\      /  F ield         | OpenFOAM: The Open Source CFD Toolbox
   \\    /   O peration     | Website:  https://openfoam.org
    \\  /    A nd           | Version:  7
     \\/     M anipulation  |
\*---------------------------------------------------------------------------*/
FoamFile
{
    version     2.0;
    format      ascii;
    class       volVectorField;
    location    "92";
    object      U;
}
// * * * * * * * * * * * * * * * * * * * * * * * * * * * * * * * * * * * * * //

dimensions      [0 1 -1 0 0 0 0];

internalField   nonuniform List<vector> 
175
(
(-0.335239 1.01111e-06 -5.81088e-20)
(-0.335454 -7.55982e-07 4.52894e-19)
(-0.335961 -1.26702e-05 7.14616e-19)
(-0.336574 -2.84562e-05 1.68385e-18)
(-0.337316 -4.40303e-05 4.57079e-19)
(-0.338067 -5.4534e-05 2.68064e-18)
(-0.338785 -5.53535e-05 9.18169e-19)
(-0.339398 -4.28217e-05 3.35066e-18)
(-0.339865 -1.58543e-05 1.18975e-18)
(-0.340143 2.46478e-05 2.00873e-18)
(-0.340207 7.76033e-05 2.82709e-18)
(-0.340033 0.000141079 1.78178e-18)
(-0.339608 0.000210641 4.0711e-18)
(-0.338923 0.000283954 3.27856e-18)
(-0.337977 0.000357353 4.16849e-18)
(-0.336768 0.000427304 1.93254e-18)
(-0.335301 0.00049048 -6.25125e-19)
(-0.334595 1.51855e-05 -7.10846e-21)
(-0.334704 2.56947e-05 -1.40012e-19)
(-0.334924 6.18234e-05 5.49923e-19)
(-0.335437 7.957e-05 6.81966e-19)
(-0.336056 8.54675e-05 2.13718e-18)
(-0.336806 8.02802e-05 -3.53491e-20)
(-0.337564 6.83508e-05 2.75832e-18)
(-0.338288 5.57337e-05 1.14389e-18)
(-0.338908 4.74383e-05 3.09415e-18)
(-0.33938 4.63328e-05 1.48203e-18)
(-0.339664 5.32136e-05 2.85082e-18)
(-0.339734 6.85136e-05 3.2076e-18)
(-0.339566 9.14892e-05 2.00113e-18)
(-0.339147 0.000118544 3.1558e-18)
(-0.338468 0.000148495 2.31225e-18)
(-0.337528 0.000178362 2.99071e-18)
(-0.336325 0.000205127 8.29108e-19)
(-0.334866 0.000225916 -1.19882e-18)
(-0.333506 2.56502e-05 -3.47388e-20)
(-0.333623 5.12722e-05 -2.36516e-19)
(-0.33385 0.000125774 4.73755e-19)
(-0.334379 0.000173607 7.81647e-19)
(-0.335014 0.000201444 1.80214e-18)
(-0.335779 0.000206983 8.22858e-20)
(-0.336553 0.000194152 2.5367e-18)
(-0.337293 0.000170486 1.48498e-18)
(-0.337927 0.000141163 2.34654e-18)
(-0.338414 0.000111174 6.45931e-19)
(-0.338712 8.37805e-05 2.85863e-18)
(-0.338794 6.07403e-05 2.62513e-18)
(-0.338639 4.21677e-05 8.50564e-19)
(-0.338233 2.64856e-05 2.78467e-18)
(-0.337568 1.35494e-05 1.61929e-18)
(-0.33664 9.8119e-08 2.29262e-18)
(-0.335452 -1.61541e-05 -3.40214e-19)
(-0.334006 -3.75653e-05 -2.16004e-18)
(-0.331868 3.69043e-05 -1.78967e-20)
(-0.331995 7.8407e-05 -1.81892e-19)
(-0.332236 0.000192223 5.42248e-19)
(-0.332788 0.000270729 5.91823e-19)
(-0.333447 0.000320529 1.18843e-18)
(-0.334238 0.000336499 1.56344e-19)
(-0.335038 0.000322079 2.02491e-18)
(-0.335801 0.000286403 1.96271e-18)
(-0.336459 0.000236088 8.20683e-19)
(-0.336967 0.000178012 1.06932e-18)
(-0.337286 0.000116952 3.47017e-18)
(-0.337389 5.59221e-05 2.3496e-18)
(-0.337255 -3.53662e-06 1.29418e-18)
(-0.336869 -6.11195e-05 2.91141e-18)
(-0.336223 -0.000117098 1.065e-18)
(-0.335316 -0.000173923 1.94787e-18)
(-0.334148 -0.000233235 -1.83255e-18)
(-0.332723 -0.000296878 -1.6331e-18)
(-0.32968 4.93034e-05 -1.19125e-20)
(-0.329823 0.00010785 -1.47564e-19)
(-0.330083 0.000262338 4.33044e-19)
(-0.330667 0.000372447 4.8945e-20)
(-0.33136 0.000444435 8.11313e-19)
(-0.332186 0.000470812 1.80028e-19)
(-0.33302 0.000454565 1.1366e-18)
(-0.333816 0.00040665 1.71673e-18)
(-0.334505 0.000335144 3.721e-19)
(-0.335044 0.000248834 5.45668e-19)
(-0.335391 0.000154008 2.04451e-18)
(-0.335522 5.49795e-05 7.94676e-19)
(-0.335415 -4.43787e-05 3.16467e-19)
(-0.335056 -0.000143987 1.93113e-18)
(-0.334438 -0.000243579 5.59243e-19)
(-0.333558 -0.000344011 1.84494e-18)
(-0.332417 -0.000446496 -2.0306e-18)
(-0.33102 -0.000552433 -1.26806e-18)
(-0.326945 6.32596e-05 -1.13696e-20)
(-0.327109 0.00014045 -1.32742e-19)
(-0.327394 0.000337383 4.22284e-19)
(-0.328019 0.000480325 -4.41414e-20)
(-0.328755 0.000574824 6.05441e-19)
(-0.329626 0.000611638 1.98849e-19)
(-0.330503 0.000593357 4.77777e-19)
(-0.331341 0.000532907 1.70827e-18)
(-0.33207 0.000439899 -1.72295e-19)
(-0.332646 0.000325043 1.39749e-18)
(-0.33303 0.000196223 1.00377e-18)
(-0.333196 5.91199e-05 7.42353e-19)
(-0.333123 -8.0525e-05 -5.54677e-19)
(-0.332798 -0.000222849 1.40198e-18)
(-0.332213 -0.000365736 7.55628e-20)
(-0.331368 -0.000509618 2.03694e-18)
(-0.330261 -0.00065514 -2.82088e-18)
(-0.328899 -0.00080323 -1.04869e-18)
(-0.323665 7.92497e-05 -1.63872e-20)
(-0.323855 0.000177152 -1.29537e-19)
(-0.324172 0.000418705 5.19029e-19)
(-0.324848 0.000595959 -1.54552e-19)
(-0.325637 0.000713309 5.24393e-19)
(-0.326562 0.000760538 2.7346e-19)
(-0.327492 0.000739903 -6.05388e-20)
(-0.328381 0.000666517 1.05933e-18)
(-0.329157 0.000551614 3.77511e-19)
(-0.329778 0.000407879 1.30091e-18)
(-0.330206 0.000244816 1.45149e-18)
(-0.330414 6.95326e-05 7.09875e-19)
(-0.330382 -0.000110846 -1.65e-18)
(-0.330098 -0.000295812 1.13509e-18)
(-0.329554 -0.000481991 -4.47171e-19)
(-0.328749 -0.00066927 2.58862e-18)
(-0.327684 -0.000857742 -4.42097e-18)
(-0.326363 -0.00104787 -9.24742e-19)
(-0.319843 9.78253e-05 -3.20977e-20)
(-0.320066 0.000218979 -1.43645e-19)
(-0.320422 0.000507691 4.05895e-19)
(-0.321159 0.000720912 -3.40528e-19)
(-0.322012 0.000861414 5.61485e-19)
(-0.323001 0.000918942 3.23197e-19)
(-0.323993 0.000895513 -5.9037e-19)
(-0.32494 0.000808696 5.9e-19)
(-0.325771 0.000671429 9.31172e-19)
(-0.326446 0.000498445 1.48563e-18)
(-0.326924 0.000300878 2.08026e-18)
(-0.32718 8.73474e-05 7.22481e-19)
(-0.327197 -0.000134035 -1.47803e-18)
(-0.32696 -0.000361716 1.18989e-18)
(-0.326463 -0.000591235 -1.14068e-18)
(-0.325706 -0.000821887 1.78058e-18)
(-0.324688 -0.00105324 -5.22665e-18)
(-0.323416 -0.00128531 -5.94694e-19)
(-0.31548 0.000119634 9.67826e-22)
(-0.315745 0.000267063 2.22288e-20)
(-0.316148 0.000605808 3.90828e-19)
(-0.316958 0.000856754 -1.73789e-19)
(-0.317885 0.00102062 1.71023e-19)
(-0.318948 0.00108819 3.92698e-19)
(-0.320011 0.00106139 -3.79411e-19)
(-0.321025 0.000960517 3.15842e-19)
(-0.32192 0.000800315 5.31468e-19)
(-0.322653 0.00059762 1.94803e-18)
(-0.323189 0.000365216 2.98857e-18)
(-0.323501 0.000113357 6.08561e-19)
(-0.323572 -0.000149232 -1.67131e-18)
(-0.323389 -0.000419745 1.61933e-18)
(-0.322946 -0.000692601 -3.2004e-19)
(-0.322242 -0.000966546 1.32233e-18)
(-0.321279 -0.00124065 -3.4946e-18)
(-0.320061 -0.0015145 4.13507e-20)
(-0.310581 0.000145496 3.17184e-20)
(-0.310898 0.00032324 1.19703e-20)
(-0.311358 0.000715227 4.42473e-19)
(-0.312252 0.00100614 -6.03027e-20)
(-0.313264 0.00119357 -1.56036e-19)
(-0.314411 0.00127096 5.12798e-19)
(-0.315554 0.00124016 -2.67383e-19)
(-0.316643 0.00112453 1.44315e-19)
(-0.317607 0.000940724 2.954e-19)
(-0.318408 0.000707708 1.58785e-18)
(-0.319007 0.000439865 3.06197e-18)
(-0.319381 0.000148949 3.40672e-19)
(-0.319513 -0.000154968 -2.22627e-18)
(-0.31939 -0.000467853 2.50165e-18)
)
;

boundaryField
{
    inlet
    {
        type            uniformFixedValue;
        uniformValue    constant (1 0 0);
        value           nonuniform 0();
    }
    outlet
    {
        type            pressureInletOutletVelocity;
        value           nonuniform List<vector> 9((-0.334595 0 0) (-0.333506 0 0) (-0.331868 0 0) (-0.32968 0 0) (-0.326945 0 0) (-0.323665 0 0) (-0.319843 0 0) (-0.31548 0 0) (-0.310581 0 0));
    }
    polygon
    {
        type            fixedValue;
        value           nonuniform 0();
    }
    top
    {
        type            symmetryPlane;
    }
    bottom
    {
        type            symmetryPlane;
    }
    outside
    {
        type            zeroGradient;
    }
    procBoundary31to23
    {
        type            processor;
        value           nonuniform List<vector> 
19
(
(-0.305563 0.000174113 1.77484e-20)
(-0.305938 0.000385694 1.07432e-20)
(-0.30646 0.000830027 2.6558e-19)
(-0.307444 0.00116116 2.90648e-21)
(-0.308544 0.00137061 -4.40904e-19)
(-0.309778 0.00145722 7.31225e-20)
(-0.311002 0.00142217 -2.68371e-19)
(-0.312167 0.00129236 3.88072e-20)
(-0.313203 0.00108611 1.4161e-19)
(-0.314071 0.000824463 4.56252e-19)
(-0.314734 0.000523181 2.3509e-18)
(-0.31517 0.000195145 -1.09572e-19)
(-0.315363 -0.000147622 -1.62777e-18)
(-0.315301 -0.000499037 2.35641e-18)
(-0.319007 -0.000783806 3.53043e-19)
(-0.318363 -0.00110086 1.1119e-18)
(-0.317461 -0.00141756 -2.55718e-18)
(-0.316305 -0.00173305 9.2626e-19)
(-0.319007 -0.000783806 3.53043e-19)
)
;
    }
    procBoundary31to30
    {
        type            processor;
        value           nonuniform List<vector> 9((-0.333583 0.000543872 -6.94095e-19) (-0.333154 0.000238095 -6.44938e-19) (-0.332309 -6.63733e-05 -7.99956e-19) (-0.331048 -0.000366679 -9.68439e-19) (-0.329373 -0.000663274 -1.28207e-18) (-0.327287 -0.000954967 -1.86803e-18) (-0.324793 -0.00124038 -8.58556e-19) (-0.321895 -0.00151846 -3.91914e-21) (-0.318596 -0.00178813 -1.11609e-18));
    }
    procBoundary31to39
    {
        type            processor;
        value           nonuniform List<vector> 
19
(
(-0.335225 -2.43395e-05 2.85506e-20)
(-0.335441 -6.4621e-05 4.76593e-19)
(-0.33595 -0.000106779 4.69592e-19)
(-0.336564 -0.000144773 1.5038e-18)
(-0.337309 -0.00017105 2.745e-19)
(-0.338062 -0.000180071 2.3011e-18)
(-0.338783 -0.000168753 7.59407e-19)
(-0.339398 -0.000135863 3.14006e-18)
(-0.339867 -8.17922e-05 9.12611e-19)
(-0.340147 -7.67947e-06 1.58041e-18)
(-0.340212 8.14829e-05 2.87443e-18)
(-0.34004 0.000184678 1.75132e-18)
(-0.339616 0.000296335 4.11562e-18)
(-0.338932 0.000412904 3.01377e-18)
(-0.337986 0.000529986 4.13635e-18)
(-0.336778 0.00064343 3.0953e-18)
(-0.335311 0.000749398 -3.49396e-19)
(-0.335132 5.14103e-06 1.50993e-20)
(-0.335132 5.14103e-06 1.50993e-20)
)
;
    }
}


// ************************************************************************* //
