/*--------------------------------*- C++ -*----------------------------------*\
  =========                 |
  \\      /  F ield         | OpenFOAM: The Open Source CFD Toolbox
   \\    /   O peration     | Website:  https://openfoam.org
    \\  /    A nd           | Version:  7
     \\/     M anipulation  |
\*---------------------------------------------------------------------------*/
FoamFile
{
    version     2.0;
    format      ascii;
    class       volVectorField;
    location    "98";
    object      U;
}
// * * * * * * * * * * * * * * * * * * * * * * * * * * * * * * * * * * * * * //

dimensions      [0 1 -1 0 0 0 0];

internalField   nonuniform List<vector> 
115
(
(0.108952 0.02004 5.87828e-19)
(0.102373 0.0198993 1.07295e-18)
(0.0974368 0.0192022 9.87639e-19)
(0.0922523 0.0182638 -1.41185e-18)
(0.087342 0.0171434 -5.92233e-19)
(0.0825451 0.0158521 -1.98804e-18)
(0.0778951 0.0144453 -7.47412e-19)
(0.0733766 0.0129488 -2.32666e-18)
(0.0689962 0.0113942 1.19097e-19)
(0.064754 0.00980452 3.42509e-18)
(0.0606555 0.0082012 -1.16176e-19)
(0.0567046 0.00660109 -3.4023e-18)
(0.0529071 0.00501867 -5.25598e-18)
(0.0492689 0.00346503 -4.09088e-18)
(0.193724 0.0237561 5.81438e-20)
(0.181386 0.0251548 -7.39018e-19)
(0.17786 0.0241982 -1.19e-18)
(0.170883 0.023869 -1.51805e-18)
(0.165586 0.0230256 -1.61968e-18)
(0.159922 0.0219773 1.47835e-18)
(0.154555 0.0207613 -2.22684e-18)
(0.149252 0.0193776 2.04303e-18)
(0.144087 0.0178827 -2.90963e-18)
(0.139031 0.016296 2.70876e-18)
(0.134101 0.0146496 -1.47381e-18)
(0.129296 0.0129645 -3.96911e-18)
(0.124624 0.0112619 -2.82493e-19)
(0.120094 0.00955801 4.20551e-18)
(0.115712 0.00786679 9.70071e-21)
(0.111488 0.00619921 4.34279e-18)
(0.265472 0.0287872 -4.6732e-21)
(0.253391 0.029686 -5.70818e-19)
(0.249725 0.0285495 -1.28429e-18)
(0.2424 0.0280905 -8.95202e-19)
(0.23685 0.0271272 -1.89114e-18)
(0.230768 0.0259988 2.36329e-19)
(0.225034 0.0247024 -3.2274e-19)
(0.219301 0.0232423 2.17141e-19)
(0.213706 0.0216717 -6.6361e-19)
(0.208194 0.0200056 -7.00996e-19)
(0.202799 0.0182763 -4.93163e-18)
(0.197515 0.0165029 -2.1947e-18)
(0.192358 0.0147063 -4.31884e-18)
(0.187336 0.0129019 1.29932e-18)
(0.182459 0.0111032 1.08966e-18)
(0.17774 0.00932067 1.11149e-18)
(0.339575 0.0336802 -2.37001e-19)
(0.327835 0.034192 -8.69833e-19)
(0.324097 0.0330281 -7.48644e-19)
(0.316541 0.032494 -1.56129e-18)
(0.310884 0.0314329 -4.66903e-19)
(0.304505 0.0302556 1.32123e-19)
(0.298544 0.0288919 -5.10932e-20)
(0.292507 0.0273725 -1.94514e-19)
(0.286614 0.0257375 -5.21223e-19)
(0.280776 0.0240029 -1.05801e-18)
(0.275045 0.0221992 -2.79141e-18)
(0.269412 0.0203445 -4.73838e-18)
(0.263897 0.0184587 -1.0202e-18)
(0.25851 0.0165568 1.6652e-18)
(0.253267 0.0146513 5.23188e-18)
(0.24818 0.0127521 1.19221e-18)
(0.415341 0.0383935 -1.64657e-19)
(0.404091 0.0386449 -5.8364e-19)
(0.400402 0.0375355 -1.2533e-18)
(0.392812 0.0369646 -7.07245e-19)
(0.387231 0.0358327 -1.82599e-18)
(0.380737 0.0346357 3.21782e-19)
(0.37474 0.0332176 2.61792e-21)
(0.368577 0.0316582 -2.04588e-19)
(0.362573 0.0299701 -5.07003e-19)
(0.356586 0.0281796 -1.96542e-18)
(0.350699 0.0263106 -5.22842e-18)
(0.344891 0.0243826 -1.68742e-18)
(0.339192 0.0224135 -4.74615e-18)
(0.333611 0.0204178 1.22324e-18)
(0.328168 0.018407 1.00204e-18)
(0.322881 0.0163901 4.34883e-19)
(0.491787 0.0428319 -1.67686e-19)
(0.481294 0.0429483 -4.83409e-19)
(0.477805 0.0419278 -1.11155e-18)
(0.47046 0.0413508 -4.56728e-19)
(0.465165 0.0401779 -1.55057e-18)
(0.458809 0.0389871 6.04314e-19)
(0.453014 0.0375292 3.26666e-19)
(0.446965 0.0359507 -6.4269e-20)
(0.441087 0.0342219 -2.6877e-19)
(0.435183 0.0323908 -2.02203e-18)
(0.42937 0.0304676 -4.66115e-18)
(0.423611 0.0284772 -1.01269e-18)
(0.417949 0.0264329 -4.34964e-18)
(0.412389 0.02435 1.53416e-18)
(0.406958 0.0222377 1.13154e-18)
(0.401674 0.0201046 5.37465e-19)
(0.567551 0.0468645 -1.45762e-19)
(0.558191 0.0469482 -2.64901e-19)
(0.555066 0.0460244 -3.17986e-19)
(0.54832 0.0454675 -9.37026e-20)
(0.543545 0.0442824 -7.41917e-20)
(0.537647 0.0431187 1.1036e-18)
(0.53233 0.0416383 2.19973e-18)
(0.526692 0.040062 2.9532e-19)
(0.521228 0.0383074 2.11269e-18)
(0.515694 0.0364539 -1.60259e-18)
(0.510237 0.0344905 -1.28561e-18)
(0.504805 0.0324526 -2.71347e-19)
(0.499449 0.030345 -5.92035e-19)
(0.494175 0.0281859 2.37923e-18)
(0.489011 0.0259807 4.85114e-18)
(0.48398 0.0237377 1.31693e-18)
(0.479109 0.0214585 5.8196e-18)
(0.64081 0.0503319 -2.45501e-19)
(0.633024 0.0504516 -4.65187e-19)
(0.630421 0.0496201 -9.63036e-19)
(0.62468 0.0491012 -3.33231e-19)
)
;

boundaryField
{
    inlet
    {
        type            uniformFixedValue;
        uniformValue    constant (1 0 0);
        value           nonuniform 0();
    }
    outlet
    {
        type            pressureInletOutletVelocity;
        value           nonuniform List<vector> 7((0.193724 0.0237561 5.81438e-20) (0.265472 0.0287872 -4.6732e-21) (0.339575 0.0336802 -2.37001e-19) (0.415341 0.0383935 -1.64657e-19) (0.491787 0.0428319 -1.67686e-19) (0.567551 0.0468645 -1.45762e-19) (0.64081 0.0503319 -2.45501e-19));
    }
    polygon
    {
        type            fixedValue;
        value           nonuniform 0();
    }
    top
    {
        type            symmetryPlane;
    }
    bottom
    {
        type            symmetryPlane;
    }
    outside
    {
        type            zeroGradient;
    }
    procBoundary15to7
    {
        type            processor;
        value           nonuniform List<vector> 
18
(
(0.620674 0.0479285 -1.16219e-18)
(0.615604 0.0468059 8.84499e-19)
(0.611073 0.0453225 4.16923e-19)
(0.606196 0.0437675 -1.40279e-19)
(0.601472 0.0420047 -2.56635e-19)
(0.596647 0.0401487 -2.32876e-18)
(0.591874 0.038163 -3.97444e-18)
(0.587096 0.0360964 -6.17955e-19)
(0.582367 0.0339427 -3.57301e-18)
(0.57769 0.0317242 2.2018e-18)
(0.573097 0.0294408 1.28504e-18)
(0.568611 0.0271012 5.83633e-19)
(0.564261 0.0247035 1.34915e-18)
(0.709267 0.0530667 -2.58937e-19)
(0.703481 0.0532516 -4.71776e-19)
(0.701546 0.0525018 -9.25312e-19)
(0.620674 0.0479285 -1.16219e-18)
(0.697218 0.0520233 -3.06483e-19)
)
;
    }
    procBoundary15to14
    {
        type            processor;
        value           nonuniform List<vector> 8((0.0457961 0.00194889 -5.39709e-18) (0.107431 0.00456391 -6.10589e-19) (0.173192 0.00756243 7.78753e-19) (0.243269 0.0108664 5.10215e-18) (0.317769 0.0143732 9.0292e-19) (0.396564 0.0179549 1.29261e-18) (0.396564 0.0179549 1.29261e-18) (0.474429 0.0191445 2.37161e-18));
    }
    procBoundary15to23
    {
        type            processor;
        value           nonuniform List<vector> 
17
(
(0.0434033 0.0161943 -6.05332e-19)
(0.0372523 0.0161972 3.05315e-20)
(0.0327328 0.0157009 -1.17926e-18)
(0.0280456 0.0148952 2.25974e-18)
(0.0236324 0.0138886 9.23051e-19)
(0.0193748 0.0127063 3.38777e-18)
(0.0152807 0.011402 1.24307e-18)
(0.0113403 0.0100076 4.16248e-18)
(0.00755424 0.00855518 6.30805e-19)
(0.00392156 0.00706927 7.89861e-19)
(0.000444381 0.00557188 7.43491e-19)
(-0.00287539 0.00408048 5.33912e-18)
(-0.0060348 0.00260955 1.27396e-18)
(-0.00903037 0.00116987 5.92266e-18)
(0.124799 0.0185787 -1.41664e-19)
(0.112289 0.0205632 4.32314e-19)
(0.112289 0.0205632 4.32314e-19)
)
;
    }
}


// ************************************************************************* //
