/*--------------------------------*- C++ -*----------------------------------*\
  =========                 |
  \\      /  F ield         | OpenFOAM: The Open Source CFD Toolbox
   \\    /   O peration     | Website:  https://openfoam.org
    \\  /    A nd           | Version:  7
     \\/     M anipulation  |
\*---------------------------------------------------------------------------*/
FoamFile
{
    version     2.0;
    format      ascii;
    class       volVectorField;
    location    "98";
    object      U;
}
// * * * * * * * * * * * * * * * * * * * * * * * * * * * * * * * * * * * * * //

dimensions      [0 1 -1 0 0 0 0];

internalField   nonuniform List<vector> 
175
(
(-0.229586 0.0108843 6.18464e-19)
(-0.226817 0.0104164 1.3981e-18)
(-0.224094 0.00987666 7.50664e-19)
(-0.221432 0.00927665 1.82169e-18)
(-0.218842 0.00862874 1.9233e-18)
(-0.216336 0.00794591 2.9815e-18)
(-0.213922 0.00724144 2.71327e-18)
(-0.211607 0.0065287 4.16762e-19)
(-0.209395 0.00582084 2.12234e-18)
(-0.20729 0.00513057 -3.1138e-19)
(0.196582 0.0214897 3.44664e-18)
(0.200857 0.0219707 3.2074e-18)
(0.205757 0.0224967 3.12109e-18)
(0.211304 0.0230914 3.07379e-18)
(0.217518 0.0237767 2.91177e-18)
(0.224418 0.0245725 2.22022e-18)
(0.232023 0.0254962 3.38265e-19)
(0.24035 0.0265627 1.47149e-18)
(0.249414 0.0277841 3.40766e-18)
(0.259229 0.0291695 3.0413e-18)
(0.269805 0.030725 1.94481e-18)
(0.281152 0.0324535 -4.8783e-19)
(0.118243 0.0182374 8.3129e-18)
(0.119176 0.0185443 8.10591e-18)
(0.120535 0.018758 8.16031e-18)
(0.122335 0.0189024 7.83309e-18)
(0.12459 0.0190022 7.62879e-18)
(0.127318 0.0190829 7.75495e-18)
(0.130538 0.0191695 7.71708e-18)
(0.134267 0.0192867 7.69235e-18)
(0.138527 0.019458 7.65541e-18)
(0.143337 0.0197055 7.60064e-18)
(0.148718 0.0200492 6.3465e-18)
(0.154689 0.0205075 6.73801e-19)
(0.161269 0.021096 1.65524e-18)
(0.168476 0.0218278 8.23377e-18)
(0.176326 0.0227132 7.90068e-18)
(0.184836 0.0237595 6.29253e-18)
(0.194018 0.024971 -1.68872e-18)
(0.0591292 0.0178524 1.81154e-18)
(0.0597734 0.0178969 1.70574e-18)
(0.0607484 0.0178405 1.82875e-18)
(0.0620639 0.0177057 1.7698e-18)
(0.0637317 0.017516 1.70758e-18)
(0.0657653 0.0172957 1.63286e-18)
(0.0681802 0.0170689 1.58543e-18)
(0.070993 0.0168595 1.57864e-18)
(0.0742215 0.0166905 1.70775e-18)
(0.0778844 0.0165835 1.51529e-18)
(0.0820008 0.0165589 1.22496e-18)
(0.0865899 0.0166348 1.44866e-19)
(0.091671 0.0168274 5.98756e-19)
(0.097263 0.0171505 1.6869e-18)
(0.103384 0.0176149 1.27147e-18)
(0.110051 0.0182289 -1.1043e-19)
(0.11728 0.0189977 -7.46997e-18)
(0.00588729 0.0175626 2.88909e-19)
(0.00645097 0.0174074 2.38188e-19)
(0.00726024 0.0171468 3.33986e-19)
(0.0083205 0.0168016 3.69211e-19)
(0.0096394 0.016394 2.51736e-19)
(0.0112266 0.0159467 3.75136e-19)
(0.0130939 0.0154828 2.28502e-19)
(0.0152546 0.015025 4.98933e-19)
(0.0177236 0.0145955 4.90629e-19)
(0.0205171 0.0142154 3.41391e-19)
(0.0236522 0.0139044 2.69513e-19)
(0.0271467 0.0136807 8.99617e-20)
(0.031019 0.0135603 1.79965e-19)
(0.0352873 0.0135571 4.31599e-19)
(0.0399698 0.0136824 3.19198e-19)
(0.0450844 0.013945 -3.67397e-19)
(0.0506483 0.0143509 -2.72622e-18)
(-0.042137 0.0172325 1.73749e-19)
(-0.0414725 0.0169323 2.12509e-19)
(-0.0406357 0.0165251 8.21555e-20)
(-0.0396255 0.0160302 1.68849e-19)
(-0.0384386 0.0154683 8.20825e-20)
(-0.0370692 0.0148605 3.25695e-20)
(-0.0355096 0.0142285 -2.21754e-20)
(-0.0337501 0.0135939 1.06518e-19)
(-0.0317791 0.0129776 2.92352e-20)
(-0.0295836 0.0123999 3.49729e-20)
(-0.0271492 0.0118797 -2.16362e-20)
(-0.0244601 0.0114346 -1.60619e-21)
(-0.0215 0.0110803 -2.45634e-20)
(-0.0182519 0.0108305 6.3191e-20)
(-0.0146985 0.0106966 2.59517e-19)
(-0.0108223 0.0106875 -7.26772e-19)
(-0.00660617 0.0108096 -7.83056e-18)
(-0.0854799 0.0167497 1.65501e-19)
(-0.0845692 0.0163504 1.70391e-19)
(-0.0835477 0.0158457 1.29788e-19)
(-0.0824181 0.0152531 1.0344e-19)
(-0.0811812 0.0145916 5.04959e-20)
(-0.0798351 0.0138811 4.04739e-20)
(-0.078376 0.0131415 5.48533e-20)
(-0.076798 0.0123931 1.26833e-19)
(-0.0750932 0.0116555 2.22183e-19)
(-0.0732516 0.0109479 1.90909e-19)
(-0.071262 0.0102881 2.03856e-19)
(-0.0691114 0.00969295 1.99163e-19)
(-0.0667856 0.00917743 -4.32271e-20)
(-0.0642698 0.00875478 1.33778e-19)
(-0.0615481 0.00843612 1.17977e-19)
(-0.0586043 0.00823031 -2.17631e-19)
(-0.0554219 0.00814372 -2.55774e-18)
(-0.124501 0.0160301 4.77583e-19)
(-0.12324 0.0155698 4.80883e-19)
(-0.121918 0.0150079 5.90216e-19)
(-0.120542 0.0143608 5.8374e-19)
(-0.119115 0.0136458 5.51432e-19)
(-0.11764 0.012881 3.35024e-19)
(-0.116117 0.0120852 4.83674e-19)
(-0.114543 0.0112768 4.71828e-19)
(-0.112914 0.0104742 4.8608e-19)
(-0.111223 0.00969524 5.22861e-19)
(-0.109462 0.00895664 4.17159e-19)
(-0.107621 0.00827407 -3.79562e-21)
(-0.105688 0.00766171 1.02395e-19)
(-0.103651 0.00713206 2.19508e-19)
(-0.101496 0.00669569 3.17796e-19)
(-0.0992077 0.00636109 4.59767e-20)
(-0.096772 0.00613447 -7.30141e-18)
(-0.159368 0.0150205 1.99084e-18)
(-0.157693 0.0145301 1.80792e-18)
(-0.155998 0.0139444 1.83198e-18)
(-0.154292 0.0132781 1.81222e-18)
(-0.152581 0.0125473 1.89752e-18)
(-0.150872 0.0117684 1.9118e-18)
(-0.149167 0.0109586 1.82064e-18)
(-0.147466 0.010135 1.8584e-18)
(-0.145769 0.00931449 1.76578e-18)
(-0.144073 0.00851335 1.82517e-18)
(-0.142371 0.00774714 1.87446e-18)
(-0.140657 0.00703032 4.73947e-19)
(-0.138921 0.00637605 1.81243e-19)
(-0.137155 0.00579591 1.30468e-18)
(-0.135345 0.00529974 1.82526e-18)
(-0.13348 0.00489542 1.70578e-18)
(-0.131545 0.00458872 -1.03211e-18)
(-0.190075 0.013687 8.29491e-18)
(-0.187963 0.0131908 7.97923e-18)
(-0.185862 0.0126076 7.91905e-18)
(-0.183784 0.0119506 7.99994e-18)
(-0.181738 0.0112345 8.01039e-18)
(-0.179733 0.0104742 8.05337e-18)
(-0.177773 0.0096854 7.94212e-18)
(-0.175862 0.00888355 7.81738e-18)
(-0.174002 0.00808407 7.97944e-18)
(-0.172192 0.00730182 7.79062e-18)
(-0.17043 0.00655091 8.04033e-18)
(-0.16871 0.00584449 1.56785e-18)
(-0.167026 0.0051945 2.75208e-19)
(-0.165371 0.0046115 6.68807e-18)
(-0.163735 0.00410449 8.03447e-18)
(-0.162108 0.00368072 8.46369e-18)
(-0.160478 0.00334566 1.84684e-19)
(-0.21648 0.011997 1.63238e-18)
(-0.213941 0.0115087 1.77824e-18)
(-0.211438 0.0109434 1.57978e-18)
(-0.208985 0.0103135 2.02034e-18)
(-0.206591 0.009632 1.93966e-18)
(-0.204268 0.00891285 2.36622e-18)
(-0.202023 0.0081701 2.19175e-18)
(-0.199861 0.00741787 1.67195e-18)
(-0.197786 0.00667009 2.20145e-18)
(-0.1958 0.00594026 1.47283e-18)
(-0.193903 0.00524119 1.93876e-18)
(-0.192091 0.00458471 4.82771e-19)
(-0.190362 0.00398156 -1.20501e-19)
(-0.188709 0.0034411 8.47143e-19)
(-0.187125 0.00297123 1.48866e-18)
(-0.185601 0.00257817 2.15413e-18)
(-0.184127 0.00226641 -5.60963e-18)
)
;

boundaryField
{
    inlet
    {
        type            uniformFixedValue;
        uniformValue    constant (1 0 0);
        value           nonuniform 0();
    }
    outlet
    {
        type            pressureInletOutletVelocity;
        value           nonuniform 0();
    }
    polygon
    {
        type            fixedValue;
        value           nonuniform 0();
    }
    top
    {
        type            symmetryPlane;
    }
    bottom
    {
        type            symmetryPlane;
    }
    outside
    {
        type            zeroGradient;
    }
    procBoundary53to45
    {
        type            processor;
        value           nonuniform List<vector> 
18
(
(-0.233836 0.0105006 2.48209e-19)
(-0.230997 0.0100413 5.76333e-19)
(-0.228207 0.00951202 5.40818e-19)
(-0.225482 0.00892414 1.15729e-18)
(-0.222834 0.00828969 2.13042e-18)
(-0.220273 0.00762136 2.6848e-18)
(-0.217809 0.00693211 2.30414e-18)
(-0.215448 0.00623501 -1.48824e-19)
(-0.213197 0.0055429 1.5995e-18)
(-0.205291 0.0044699 1.65042e-18)
(-0.211056 0.00486819 -2.24642e-19)
(-0.205291 0.0044699 1.65042e-18)
(-0.203398 0.00384998 -2.9293e-19)
(-0.201608 0.0032809 -3.10092e-19)
(-0.199916 0.00277143 -3.14107e-20)
(-0.198316 0.0023289 7.70217e-19)
(-0.1968 0.00195904 1.73321e-18)
(-0.19536 0.00166588 -3.76504e-19)
)
;
    }
    procBoundary53to46
    {
        type            processor;
        value           nonuniform List<vector> 2((-0.232386 0.01127 1.72731e-18) (-0.219039 0.0123971 1.98356e-18));
    }
    procBoundary53to52
    {
        type            processor;
        value           nonuniform List<vector> 10((0.293277 0.0343549 2.418e-19) (0.203885 0.0263488 -5.12716e-20) (0.125087 0.0199236 -1.50151e-18) (0.0566775 0.014903 -1.02142e-18) (-0.00203399 0.0110664 -1.77438e-18) (-0.051985 0.00818019 -1.04871e-18) (-0.0941733 0.00601973 -1.563e-18) (-0.129528 0.00438332 -4.34906e-19) (-0.158832 0.00310265 -3.67221e-19) (-0.182693 0.00203867 -4.81711e-19));
    }
    procBoundary53to54
    {
        type            processor;
        value           nonuniform List<vector> 8((0.117726 0.0178149 8.62836e-18) (0.0588085 0.0176863 1.93935e-18) (0.005566 0.0175932 2.95321e-19) (-0.0426283 0.0174082 1.04833e-19) (-0.0862748 0.0170273 1.07452e-19) (-0.125693 0.0163742 3.75177e-19) (-0.161011 0.0154023 1.97168e-18) (-0.192185 0.014084 8.25724e-18));
    }
    procBoundary53to61
    {
        type            processor;
        value           nonuniform List<vector> 
18
(
(0.274005 0.0246866 7.97233e-18)
(0.27955 0.0256434 8.01043e-18)
(0.285834 0.02666 7.84662e-18)
(0.292874 0.0277597 7.73014e-18)
(0.30069 0.0289637 7.28786e-18)
(0.309299 0.030291 5.96492e-18)
(0.318716 0.0317578 3.64064e-19)
(0.328952 0.0333778 2.71677e-18)
(0.34002 0.0351614 8.72009e-18)
(0.351926 0.0371163 7.71862e-18)
(0.364676 0.0392466 5.82501e-18)
(0.378272 0.0415539 -4.57191e-19)
(0.183897 0.0188685 3.65427e-18)
(0.185338 0.0195077 3.49816e-18)
(0.18731 0.0200639 3.487e-18)
(0.189829 0.0205623 3.4711e-18)
(0.192913 0.0210288 3.42185e-18)
(0.192913 0.0210288 3.42185e-18)
)
;
    }
}


// ************************************************************************* //
