/*--------------------------------*- C++ -*----------------------------------*\
  =========                 |
  \\      /  F ield         | OpenFOAM: The Open Source CFD Toolbox
   \\    /   O peration     | Website:  https://openfoam.org
    \\  /    A nd           | Version:  7
     \\/     M anipulation  |
\*---------------------------------------------------------------------------*/
FoamFile
{
    version     2.0;
    format      ascii;
    class       volVectorField;
    location    "82";
    object      U;
}
// * * * * * * * * * * * * * * * * * * * * * * * * * * * * * * * * * * * * * //

dimensions      [0 1 -1 0 0 0 0];

internalField   nonuniform List<vector> 
125
(
(-0.213413 0.000950956 -3.59645e-18)
(-0.212736 0.000798189 2.74606e-19)
(-0.212108 0.000661411 1.86916e-18)
(-0.21152 0.000540661 5.84324e-19)
(-0.210965 0.000435826 1.64712e-18)
(-0.210435 0.000346658 9.94115e-19)
(-0.209921 0.000273028 -5.71581e-18)
(-0.209417 0.000215082 -8.74917e-19)
(-0.208914 0.000171452 4.70353e-19)
(-0.208406 0.000142054 -5.28583e-18)
(-0.207885 0.000130216 -2.54942e-19)
(-0.207343 0.000132346 1.70279e-18)
(-0.206772 0.000147886 2.12499e-18)
(-0.222108 0.00143527 8.91561e-19)
(-0.221208 0.0012489 -9.69959e-19)
(-0.220397 0.00107434 3.71831e-18)
(-0.219669 0.00091228 1.02912e-17)
(-0.219016 0.000763253 -5.04625e-18)
(-0.21843 0.000627621 1.67202e-18)
(-0.217903 0.000505598 6.07262e-18)
(-0.217429 0.000397268 1.36443e-18)
(-0.216998 0.000302601 1.12358e-18)
(-0.216603 0.000221399 1.4132e-18)
(-0.216236 0.00015334 -1.42355e-17)
(-0.21589 9.82021e-05 -1.03091e-18)
(-0.215556 5.84361e-05 8.11444e-20)
(-0.215227 3.21911e-05 -7.72749e-18)
(-0.214896 1.37429e-05 9.534e-19)
(-0.214557 8.38191e-06 1.52479e-18)
(-0.214201 1.65177e-05 3.75835e-18)
(-0.226547 0.00116418 8.51861e-19)
(-0.225682 0.00100729 -3.84494e-18)
(-0.224916 0.000860001 2.10569e-18)
(-0.224241 0.000722912 5.70179e-18)
(-0.22365 0.000596465 -3.35727e-18)
(-0.223136 0.000480968 5.24296e-18)
(-0.222691 0.0003766 5.03984e-18)
(-0.222306 0.000283422 1.59248e-18)
(-0.221975 0.000201372 1.00746e-18)
(-0.221689 0.000130246 2.4007e-18)
(-0.221441 7.02077e-05 -1.30261e-17)
(-0.221221 2.33942e-05 1.02637e-18)
(-0.221023 -1.4894e-05 -1.86222e-19)
(-0.220842 -4.30287e-05 -4.44868e-18)
(-0.220668 -6.44699e-05 4.6463e-18)
(-0.220492 -7.36483e-05 3.02827e-18)
(-0.220307 -7.0842e-05 7.57327e-18)
(-0.230086 0.000899145 1.22592e-18)
(-0.229247 0.000774532 -9.68749e-18)
(-0.228513 0.000657436 3.18137e-18)
(-0.227878 0.000548343 4.32278e-18)
(-0.227335 0.000447625 -5.26175e-18)
(-0.226876 0.000355553 4.64188e-18)
(-0.226493 0.000272307 6.69127e-18)
(-0.226179 0.000197997 2.18276e-18)
(-0.225925 0.000132662 1.98997e-18)
(-0.225724 7.6102e-05 4.37904e-18)
(-0.225566 2.82418e-05 -1.16554e-17)
(-0.225447 -1.17258e-05 -3.72376e-18)
(-0.225358 -4.94408e-05 -7.74721e-19)
(-0.22529 -7.85723e-05 -4.25368e-18)
(-0.225236 -9.58633e-05 1.29247e-18)
(-0.225189 -0.000105289 5.7532e-18)
(-0.225141 -0.000106976 3.95639e-18)
(-0.232732 0.000635862 2.12685e-18)
(-0.231911 0.000544958 -6.57713e-18)
(-0.2312 0.000459406 8.99952e-19)
(-0.230594 0.000379559 -3.44184e-18)
(-0.230085 0.000305689 -2.86459e-18)
(-0.229665 0.000237996 7.83915e-21)
(-0.229328 0.00017661 2.62129e-18)
(-0.229064 0.000121617 3.03136e-18)
(-0.228866 7.3022e-05 4.07839e-18)
(-0.228727 3.07439e-05 -1.47424e-18)
(-0.228638 -3.69872e-06 -9.3129e-18)
(-0.228593 -3.75353e-05 -8.37004e-18)
(-0.228582 -6.4135e-05 -1.48908e-18)
(-0.228598 -8.41647e-05 -6.84487e-18)
(-0.228634 -9.90436e-05 -1.91627e-19)
(-0.228682 -0.000107847 1.00928e-18)
(-0.228734 -0.000110242 1.793e-18)
(-0.234493 0.000381319 5.06048e-18)
(-0.233682 0.000326749 -5.52577e-19)
(-0.232987 0.000275487 5.01188e-19)
(-0.232399 0.00022775 -5.3616e-18)
(-0.231912 0.000183701 -1.81581e-18)
(-0.231518 0.000143461 -4.1147e-18)
(-0.23121 0.000107106 7.60337e-19)
(-0.23098 7.46899e-05 5.64105e-18)
(-0.230819 4.61913e-05 7.86234e-18)
(-0.23072 2.15693e-05 5.41494e-19)
(-0.230676 5.04019e-08 -3.63959e-18)
(-0.230679 -2.13231e-05 -6.58907e-18)
(-0.23072 -3.7709e-05 -1.25786e-18)
(-0.230791 -5.05072e-05 -2.97617e-18)
(-0.230886 -5.89454e-05 -2.09134e-19)
(-0.230996 -6.38316e-05 -2.52617e-18)
(-0.231114 -6.536e-05 9.03272e-19)
(-0.235371 0.00010833 3.02307e-18)
(-0.234565 8.9397e-05 4.04559e-18)
(-0.233877 7.17339e-05 6.8258e-19)
(-0.233298 5.54295e-05 -2.84482e-18)
(-0.232822 4.05581e-05 -1.06554e-18)
(-0.23244 2.71856e-05 -1.77469e-18)
(-0.232147 1.53747e-05 4.91727e-19)
(-0.231932 5.22006e-06 2.93081e-18)
(-0.23179 -3.20513e-06 6.76395e-18)
(-0.231711 -9.85996e-06 7.41142e-19)
(-0.23169 -1.6263e-05 -6.2017e-19)
(-0.231717 -2.38778e-05 1.2541e-18)
(-0.231783 -3.02293e-05 -5.77377e-19)
(-0.231882 -3.49472e-05 -9.90005e-19)
(-0.232006 -3.84395e-05 -1.71165e-19)
(-0.232147 -4.05741e-05 3.94212e-18)
(-0.232297 -4.12174e-05 9.61656e-19)
(-0.235371 -0.000122485 3.12588e-18)
(-0.234566 -0.000104154 2.5285e-18)
(-0.233877 -8.67939e-05 6.4272e-19)
(-0.233298 -7.04776e-05 -2.63812e-18)
(-0.232822 -5.52718e-05 -1.30559e-19)
(-0.232441 -4.12371e-05 -6.82824e-19)
(-0.232147 -2.84415e-05 1.21204e-18)
(-0.231932 -1.69628e-05 2.35878e-18)
(-0.23179 -7.01819e-06 7.72341e-19)
(-0.231711 1.16003e-06 8.00935e-20)
)
;

boundaryField
{
    inlet
    {
        type            uniformFixedValue;
        uniformValue    constant (1 0 0);
        value           nonuniform 0();
    }
    outlet
    {
        type            pressureInletOutletVelocity;
        value           nonuniform 0();
    }
    polygon
    {
        type            fixedValue;
        value           nonuniform 0();
    }
    top
    {
        type            symmetryPlane;
    }
    bottom
    {
        type            symmetryPlane;
    }
    outside
    {
        type            zeroGradient;
    }
    procBoundary36to28
    {
        type            processor;
        value           nonuniform List<vector> 
18
(
(-0.23169 8.14812e-06 1.55997e-18)
(-0.231717 1.85984e-05 -2.58926e-19)
(-0.231783 2.74737e-05 -5.66344e-19)
(-0.231882 3.46733e-05 5.01034e-19)
(-0.232006 4.05955e-05 1.33403e-19)
(-0.232147 4.51024e-05 1.8882e-18)
(-0.232297 4.79705e-05 6.75733e-19)
(-0.234493 -0.000395483 -2.60345e-18)
(-0.233682 -0.000341472 2.30162e-18)
(-0.232987 -0.000290461 -2.74669e-20)
(-0.232399 -0.000242651 -4.43314e-18)
(-0.231912 -0.000198197 1.18021e-18)
(-0.231518 -0.000157213 1.00644e-19)
(-0.23121 -0.000119778 3.11263e-18)
(-0.230979 -8.59249e-05 3.07599e-18)
(-0.230819 -5.57208e-05 -5.50911e-18)
(-0.23169 8.14812e-06 1.55997e-18)
(-0.23072 -2.92742e-05 -1.00248e-18)
)
;
    }
    procBoundary36to29
    {
        type            processor;
        value           uniform (-0.236299 -0.0001417 4.49126e-19);
    }
    procBoundary36to35
    {
        type            processor;
        value           nonuniform List<vector> 7((-0.206167 0.000177343 1.29562e-18) (-0.213818 3.88627e-05 1.2732e-18) (-0.220109 -5.59959e-05 1.54235e-18) (-0.225085 -0.000100139 1.17876e-18) (-0.228783 -0.000106479 5.53489e-19) (-0.231233 -6.3257e-05 1.13682e-20) (-0.232451 -4.05254e-05 -6.30042e-19));
    }
    procBoundary36to37
    {
        type            processor;
        value           nonuniform List<vector> 6((-0.223104 0.00163255 4.20878e-18) (-0.227518 0.00132992 1.59726e-18) (-0.231038 0.00103067 -2.21569e-19) (-0.233671 0.000731679 -2.40475e-18) (-0.235424 0.000438932 2.04238e-18) (-0.236299 0.000128428 8.29689e-19));
    }
    procBoundary36to44
    {
        type            processor;
        value           nonuniform List<vector> 
18
(
(-0.206819 0.00116644 -5.36893e-18)
(-0.206031 0.00100026 -4.45843e-19)
(-0.205278 0.00085249 -1.06858e-18)
(-0.204552 0.000723162 -5.71591e-20)
(-0.203846 0.000612177 3.05416e-18)
(-0.203152 0.000519298 6.46196e-19)
(-0.202461 0.000444274 -1.50829e-18)
(-0.201766 0.0003871 -2.03612e-19)
(-0.20106 0.000347977 1.2692e-18)
(-0.200335 0.000326086 -6.63031e-18)
(-0.199584 0.000320586 -6.4493e-19)
(-0.1988 0.000332079 3.02441e-18)
(-0.197975 0.000361238 1.62127e-18)
(-0.216756 0.00171503 6.35118e-19)
(-0.21581 0.00150224 1.27033e-18)
(-0.214942 0.00130346 8.28381e-20)
(-0.214145 0.00111951 4.30922e-18)
(-0.214145 0.00111951 4.30922e-18)
)
;
    }
}


// ************************************************************************* //
