/*--------------------------------*- C++ -*----------------------------------*\
  =========                 |
  \\      /  F ield         | OpenFOAM: The Open Source CFD Toolbox
   \\    /   O peration     | Website:  https://openfoam.org
    \\  /    A nd           | Version:  7
     \\/     M anipulation  |
\*---------------------------------------------------------------------------*/
FoamFile
{
    version     2.0;
    format      ascii;
    class       volVectorField;
    location    "58";
    object      U;
}
// * * * * * * * * * * * * * * * * * * * * * * * * * * * * * * * * * * * * * //

dimensions      [0 1 -1 0 0 0 0];

internalField   nonuniform List<vector> 
125
(
(-0.0427624 -0.00149651 1.10172e-18)
(-0.0436421 -0.00439281 4.31201e-19)
(-0.0442439 -0.00736032 1.1431e-18)
(-0.0445996 -0.0103368 3.76876e-19)
(-0.0447278 -0.0132787 5.94333e-19)
(-0.0446373 -0.0161511 1.44259e-19)
(-0.0443358 -0.0189272 1.02213e-20)
(-0.0438302 -0.0215849 -9.5012e-20)
(-0.043129 -0.0241059 -1.6374e-18)
(-0.0422427 -0.0264748 -4.9661e-19)
(-0.041184 -0.0286782 -3.15778e-18)
(-0.039967 -0.0307048 -6.88055e-19)
(0.0441799 0.00918983 -1.31667e-19)
(0.0365797 0.00922807 3.78067e-19)
(0.0356354 0.00729527 4.73153e-19)
(0.0333402 0.00492251 7.74127e-19)
(0.0321112 0.00217095 6.46372e-19)
(0.0310071 -0.000804954 -6.91855e-19)
(0.0301527 -0.00387598 -2.20806e-19)
(0.0294864 -0.00699848 -5.77932e-19)
(0.0289993 -0.0101174 -1.48758e-19)
(0.0286808 -0.0131962 -2.38098e-19)
(0.028528 -0.0162012 -1.64411e-20)
(0.028535 -0.0191058 -2.96523e-19)
(0.028695 -0.0218866 4.77525e-20)
(0.0289983 -0.024524 1.14312e-18)
(0.0294332 -0.0270006 2.13838e-18)
(0.0299858 -0.0293021 2.19979e-18)
(0.0306408 -0.0314159 3.37605e-18)
(0.117804 0.0117036 -1.38169e-19)
(0.111626 0.0113651 -7.1368e-19)
(0.111114 0.00853272 -1.0871e-18)
(0.109121 0.00593819 -1.14969e-18)
(0.108036 0.00297628 -1.13076e-18)
(0.106933 -0.000137521 8.29236e-19)
(0.106019 -0.00332177 -1.02251e-18)
(0.105217 -0.0065515 6.82964e-19)
(0.104545 -0.0097721 -7.09422e-19)
(0.103991 -0.0129513 3.58981e-19)
(0.103556 -0.0160533 -5.47228e-21)
(0.103233 -0.0190509 3.11553e-19)
(0.103014 -0.0219182 -2.60018e-20)
(0.102885 -0.0246338 -1.19713e-18)
(0.102834 -0.027179 1.13697e-20)
(0.102845 -0.0295382 -2.24902e-18)
(0.102901 -0.0316981 5.92854e-19)
(0.193594 0.014129 -2.22512e-19)
(0.188892 0.0127672 -5.38603e-19)
(0.188566 0.00960788 -1.22893e-18)
(0.18668 0.0068582 -7.10587e-19)
(0.185585 0.00378464 -1.3532e-18)
(0.184347 0.000594541 1.433e-19)
(0.183273 -0.00266231 -1.90778e-19)
(0.182249 -0.00596466 8.11003e-20)
(0.181322 -0.00925526 -1.5377e-19)
(0.180472 -0.0125042 2.84866e-20)
(0.179702 -0.0156716 -7.2588e-20)
(0.178999 -0.0187288 2.03999e-19)
(0.178354 -0.021647 8.0904e-19)
(0.177751 -0.0244037 -3.63909e-19)
(0.177175 -0.0269786 -4.2197e-19)
(0.176608 -0.0293558 -5.25921e-19)
(0.176035 -0.031522 -3.42193e-19)
(0.271307 0.0159222 -3.11152e-19)
(0.267695 0.0137354 -8.98757e-19)
(0.267248 0.0106434 -6.96964e-19)
(0.265286 0.00781893 -1.26398e-18)
(0.264054 0.00469592 -4.25992e-19)
(0.26257 0.00146704 5.20859e-20)
(0.261255 -0.00183368 -3.85055e-20)
(0.259936 -0.00518325 -2.02801e-20)
(0.258696 -0.00851912 -6.63072e-20)
(0.257495 -0.0118123 -4.06839e-20)
(0.256344 -0.0150173 2.52721e-20)
(0.255223 -0.0181044 5.28714e-19)
(0.254121 -0.0210418 1.41886e-19)
(0.253021 -0.0238061 -5.98238e-19)
(0.251907 -0.0263766 -2.38041e-18)
(0.250761 -0.0287377 -7.72689e-19)
(0.24957 -0.030877 -3.42094e-18)
(0.350262 0.0173352 -3.67239e-19)
(0.347212 0.0146147 -5.34632e-19)
(0.346472 0.0117867 -1.17222e-18)
(0.344331 0.00890465 -5.2332e-19)
(0.342883 0.00578185 -1.19043e-18)
(0.341093 0.00253436 1.93218e-19)
(0.339492 -0.000790179 9.94178e-22)
(0.337835 -0.00416745 -2.02785e-20)
(0.336254 -0.00752945 -3.95192e-20)
(0.33468 -0.0108472 -3.41551e-20)
(0.333139 -0.0140682 2.06419e-19)
(0.331601 -0.0171622 3.72613e-19)
(0.330059 -0.0200943 1.12279e-18)
(0.328491 -0.0228418 -3.48987e-19)
(0.326886 -0.0253838 -5.44197e-19)
(0.325229 -0.0277067 -3.07356e-19)
(0.323511 -0.0298002 -6.86465e-19)
(0.429722 0.0185744 -3.33881e-19)
(0.426818 0.0156135 -4.11927e-19)
(0.425783 0.0130915 -1.00517e-18)
(0.423431 0.0101549 -3.25141e-19)
(0.421747 0.00707441 -1.03151e-18)
(0.419651 0.00381797 2.89276e-19)
(0.417772 0.000486603 9.67406e-20)
(0.415793 -0.00290696 -1.46087e-20)
(0.413897 -0.00628365 3.13997e-20)
(0.411988 -0.00961527 1.92182e-20)
(0.410112 -0.0128401 3.97565e-19)
(0.408226 -0.0159283 3.44155e-19)
(0.406333 -0.0188434 1.23035e-18)
(0.404409 -0.0215635 -5.02905e-19)
(0.402448 -0.0240693 -5.24306e-19)
(0.400439 -0.02635 -3.08282e-19)
(0.398381 -0.0283988 -8.04256e-19)
(0.509042 0.0197604 -1.69653e-19)
(0.506114 0.0167956 -2.19489e-19)
(0.504881 0.0145349 -2.99451e-19)
(0.502367 0.0115657 -6.46628e-20)
(0.500505 0.00855338 -1.27029e-19)
(0.498185 0.00529247 4.1065e-19)
(0.496106 0.00196582 6.14463e-19)
(0.493897 -0.00144243 -6.13326e-21)
(0.491792 -0.00483504 2.37469e-19)
(0.48967 -0.00817704 2.26685e-20)
(0.487598 -0.0114046 2.09508e-19)
)
;

boundaryField
{
    inlet
    {
        type            uniformFixedValue;
        uniformValue    constant (1 0 0);
        value           nonuniform 0();
    }
    outlet
    {
        type            pressureInletOutletVelocity;
        value           nonuniform List<vector> 7((0.0441799 0.00918983 -1.31667e-19) (0.117804 0.0117036 -1.38169e-19) (0.193594 0.014129 -2.22512e-19) (0.271307 0.0159222 -3.11152e-19) (0.350262 0.0173352 -3.67239e-19) (0.429722 0.0185744 -3.33881e-19) (0.509042 0.0197604 -1.69653e-19));
    }
    polygon
    {
        type            fixedValue;
        value           nonuniform 0();
    }
    top
    {
        type            symmetryPlane;
    }
    bottom
    {
        type            symmetryPlane;
    }
    outside
    {
        type            zeroGradient;
    }
    procBoundary15to7
    {
        type            processor;
        value           nonuniform List<vector> 
18
(
(0.485523 -0.014489 8.13529e-20)
(0.483458 -0.0173918 -8.13968e-21)
(0.48138 -0.020092 -1.17115e-18)
(0.479288 -0.0225727 -3.04893e-18)
(0.47718 -0.0248275 -1.2111e-18)
(0.475061 -0.0268539 -4.74521e-18)
(0.587549 0.0209197 -2.7764e-19)
(0.584694 0.0181058 -3.16512e-19)
(0.583407 0.0160356 -6.73373e-19)
(0.580896 0.0130721 -1.23266e-19)
(0.578999 0.0101323 -5.52782e-19)
(0.576637 0.00686789 3.25974e-19)
(0.574524 0.00354148 9.304e-20)
(0.572274 0.000105745 2.48649e-20)
(0.570156 -0.00329755 1.5847e-19)
(0.568038 -0.00665072 3.63693e-19)
(0.485523 -0.014489 8.13529e-20)
(0.565996 -0.00989836 1.04075e-18)
)
;
    }
    procBoundary15to14
    {
        type            processor;
        value           nonuniform List<vector> 7((-0.0386076 -0.032545 -3.84761e-19) (0.031382 -0.0333316 2.31668e-19) (0.102986 -0.0336483 2.48729e-19) (0.175439 -0.0334672 3.08305e-19) (0.248323 -0.0327863 6.80614e-19) (0.321727 -0.031659 3.90515e-19) (0.396279 -0.0302145 9.30896e-21));
    }
    procBoundary15to23
    {
        type            processor;
        value           nonuniform List<vector> 
18
(
(-0.11392 -0.0022699 1.3873e-18)
(-0.114831 -0.00491609 1.35187e-18)
(-0.115381 -0.00766995 1.49024e-18)
(-0.115612 -0.0104551 1.03434e-18)
(-0.115552 -0.0132182 7.74778e-19)
(-0.115218 -0.0159197 2.32032e-19)
(-0.114621 -0.0185307 6.66373e-20)
(-0.11377 -0.0210289 -2.23941e-19)
(-0.112674 -0.023397 -2.10094e-18)
(-0.111343 -0.0256208 -2.59703e-18)
(-0.10979 -0.0276884 -4.27238e-18)
(-0.108028 -0.0295895 -4.26375e-18)
(-0.0283585 0.00550402 1.27045e-19)
(-0.0356683 0.00635299 5.44751e-20)
(-0.0374054 0.00569073 -5.2665e-19)
(-0.0400017 0.00368292 3.00642e-20)
(-0.0415469 0.00125054 -7.81787e-19)
(-0.0415469 0.00125054 -7.81787e-19)
)
;
    }
}


// ************************************************************************* //
