/*--------------------------------*- C++ -*----------------------------------*\
  =========                 |
  \\      /  F ield         | OpenFOAM: The Open Source CFD Toolbox
   \\    /   O peration     | Website:  https://openfoam.org
    \\  /    A nd           | Version:  7
     \\/     M anipulation  |
\*---------------------------------------------------------------------------*/
FoamFile
{
    version     2.0;
    format      ascii;
    class       volVectorField;
    location    "54";
    object      U;
}
// * * * * * * * * * * * * * * * * * * * * * * * * * * * * * * * * * * * * * //

dimensions      [0 1 -1 0 0 0 0];

internalField   nonuniform List<vector> 
125
(
(0.494351 0.0036556 -7.76906e-19)
(0.492994 -0.00266022 -1.46176e-18)
(0.491782 -0.00875614 4.95464e-18)
(0.490666 -0.0145698 9.14216e-18)
(0.489598 -0.0200557 2.0289e-18)
(0.488521 -0.0251745 9.42199e-18)
(0.594991 0.0748814 -1.68207e-18)
(0.592684 0.0688024 -2.03861e-18)
(0.590926 0.0640942 -4.59779e-18)
(0.588382 0.0579431 -1.2986e-18)
(0.58605 0.0517134 -4.80979e-18)
(0.583614 0.0451288 3.10388e-18)
(0.581298 0.0384163 1.46122e-18)
(0.579114 0.0316307 -2.98837e-19)
(0.577041 0.0248252 -5.72368e-19)
(0.575145 0.0180512 -6.11828e-18)
(0.573381 0.0113299 -1.02699e-17)
(0.571814 0.00471451 -1.31282e-18)
(0.570401 -0.00171584 -8.13348e-18)
(0.569156 -0.00786539 4.98939e-18)
(0.568028 -0.0137355 2.51939e-18)
(0.566981 -0.0192485 1.07781e-18)
(0.565968 -0.0243603 2.44339e-18)
(0.666401 0.0755104 -1.57976e-18)
(0.665655 0.0698985 -1.96895e-18)
(0.664247 0.0655228 -4.3447e-18)
(0.662827 0.0593936 -1.23522e-18)
(0.661006 0.05328 -4.29282e-18)
(0.659353 0.0466371 4.54419e-18)
(0.65751 0.0399031 5.75253e-18)
(0.655856 0.0330379 2.02984e-19)
(0.654141 0.0261661 3.99561e-18)
(0.652586 0.0193113 -7.24947e-18)
(0.651073 0.0125137 -9.82258e-18)
(0.649774 0.00582138 -1.33653e-18)
(0.648654 -0.000714617 -7.44016e-18)
(0.647715 -0.00705855 6.8099e-18)
(0.646899 -0.0130406 7.58523e-18)
(0.646244 -0.0186078 1.32096e-18)
(0.645681 -0.0237486 6.24899e-18)
(0.732454 0.0753949 -9.43643e-19)
(0.733886 0.0703241 -1.14607e-18)
(0.733137 0.0661843 -2.89599e-18)
(0.733415 0.0601699 -8.4297e-19)
(0.732544 0.0542008 -3.51661e-18)
(0.732224 0.0475674 1.64135e-18)
(0.731327 0.0408789 1.7143e-19)
(0.730717 0.0339803 -7.56824e-19)
(0.729834 0.0270764 -9.92995e-19)
(0.729104 0.020127 -4.04611e-18)
(0.728303 0.0131851 -7.46019e-18)
(0.727689 0.00628569 -8.06027e-19)
(0.727164 -0.000402283 -6.20289e-18)
(0.726928 -0.00674224 3.32201e-18)
(0.726932 -0.0127547 7.7413e-19)
(0.7271 -0.0183822 3.20107e-19)
(0.727377 -0.0235979 6.76277e-19)
(0.790291 0.0742932 6.39879e-19)
(0.794409 0.069652 8.0128e-19)
(0.794693 0.0657113 2.19796e-18)
(0.797229 0.0598315 7.67485e-19)
(0.797836 0.0540612 3.10804e-18)
(0.799444 0.0475147 -5.99945e-19)
(0.800063 0.0409894 3.33148e-19)
(0.80108 0.0341896 1.61594e-19)
(0.801567 0.0274371 8.42356e-19)
(0.802172 0.0206116 2.11622e-18)
(0.80255 0.0137865 5.26069e-18)
(0.803189 0.00689183 7.40807e-19)
(0.804027 3.02429e-05 5.29084e-18)
(0.805063 -0.00664094 -9.03594e-19)
(0.806175 -0.0129632 5.50716e-19)
(0.807511 -0.0188295 -1.05898e-19)
(0.80898 -0.0242032 -1.69018e-19)
(0.836589 0.0721244 -1.57121e-20)
(0.843469 0.0676347 -8.16181e-21)
(0.845128 0.0638331 1.58915e-19)
(0.850213 0.0579457 -3.50375e-20)
(0.852774 0.052324 5.13172e-19)
(0.856772 0.0457778 -1.71815e-19)
(0.859467 0.0393491 2.10326e-19)
(0.862688 0.032537 9.77033e-20)
(0.865169 0.025797 2.14319e-19)
(0.867732 0.0188896 3.60393e-19)
(0.869843 0.0119219 3.59183e-19)
(0.87204 0.00481945 -6.14689e-20)
(0.87426 -0.00207144 1.16977e-18)
(0.876885 -0.00872788 -2.84239e-19)
(0.879758 -0.014996 7.07091e-19)
(0.882809 -0.0207937 6.85677e-19)
(0.885908 -0.026118 1.68155e-18)
(0.868434 0.069378 -3.16637e-19)
(0.877308 0.0648673 -8.82495e-19)
(0.880422 0.0613003 -4.08354e-19)
(0.887717 0.0554223 -1.5549e-18)
(0.89231 0.0501176 4.5471e-19)
(0.898641 0.0437514 -1.52748e-19)
(0.90353 0.0376689 5.53381e-20)
(0.909041 0.0311325 3.03234e-21)
(0.913665 0.0247582 -1.48198e-19)
(0.918319 0.0182024 -5.70198e-19)
(0.922415 0.0115682 -1.5553e-18)
(0.926829 0.00448662 -3.52989e-18)
(0.931389 -0.00277326 1.49634e-18)
(0.936102 -0.00968087 -1.94739e-19)
(0.940844 -0.0162495 6.25361e-19)
(0.945713 -0.0222876 4.13466e-19)
(0.950542 -0.0278019 7.08667e-19)
(0.885045 0.0644355 2.26415e-19)
(0.894048 0.0582999 5.14847e-19)
(0.898233 0.0544368 4.39592e-19)
(0.906743 0.0480146 1.01971e-18)
(0.912758 0.0426378 -2.8037e-19)
(0.920681 0.0361718 1.73173e-19)
(0.927218 0.0301994 6.99365e-20)
(0.934506 0.0237784 2.62985e-19)
(0.940921 0.0176078 4.31179e-19)
(0.947331 0.0112354 7.40605e-19)
(0.952842 0.00479494 1.51164e-18)
(0.958274 -0.00220629 2.80172e-18)
(0.964016 -0.00965546 -7.80097e-19)
(0.970378 -0.0167726 5.18417e-19)
(0.976904 -0.0233584 3.31655e-19)
(0.98358 -0.0292818 5.72202e-19)
(0.990121 -0.0345737 6.67028e-19)
)
;

boundaryField
{
    inlet
    {
        type            uniformFixedValue;
        uniformValue    constant (1 0 0);
        value           nonuniform 0();
    }
    outlet
    {
        type            pressureInletOutletVelocity;
        value           nonuniform List<vector> 7((0.594991 0.0748814 -1.68207e-18) (0.666401 0.0755104 -1.57976e-18) (0.732454 0.0753949 -9.43643e-19) (0.790291 0.0742932 6.39879e-19) (0.836589 0.0721244 -1.57121e-20) (0.868434 0.069378 -3.16637e-19) (0.885045 0.0644355 2.26415e-19));
    }
    polygon
    {
        type            fixedValue;
        value           nonuniform 0();
    }
    top
    {
        type            symmetryPlane;
    }
    bottom
    {
        type            symmetryPlane;
    }
    outside
    {
        type            zeroGradient;
    }
    procBoundary7to6
    {
        type            processor;
        value           nonuniform List<vector> 7((0.564961 -0.0290448 -5.67053e-19) (0.645188 -0.0284473 -1.87763e-18) (0.72777 -0.0283671 -1.11611e-18) (0.810591 -0.0290847 -1.20465e-18) (0.889062 -0.03097 3.10067e-18) (0.955363 -0.0327961 5.34887e-19) (0.996548 -0.0393178 9.12872e-19));
    }
    procBoundary7to14
    {
        type            processor;
        value           uniform (0.487393 -0.0298924 3.01689e-18);
    }
    procBoundary7to15
    {
        type            processor;
        value           nonuniform List<vector> 
18
(
(0.417075 0.00269904 -2.30226e-18)
(0.415972 -0.0035044 -1.00826e-17)
(0.415022 -0.00951808 3.1466e-18)
(0.414172 -0.0152909 1.69147e-18)
(0.413364 -0.0207732 9.0395e-19)
(0.412539 -0.0259248 1.69765e-18)
(0.520358 0.073685 -8.65595e-19)
(0.516932 0.0673874 -1.20552e-18)
(0.515078 0.0621691 -1.57963e-18)
(0.511829 0.0561356 -4.06758e-19)
(0.509286 0.0498047 -5.5557e-19)
(0.506465 0.043341 3.83421e-18)
(0.503992 0.0367091 7.5208e-18)
(0.501638 0.0300514 7.74496e-19)
(0.499515 0.023367 6.29919e-18)
(0.497596 0.0167208 -4.40933e-18)
(0.495872 0.010132 -3.51767e-18)
(0.495872 0.010132 -3.51767e-18)
)
;
    }
}


// ************************************************************************* //
