/*--------------------------------*- C++ -*----------------------------------*\
  =========                 |
  \\      /  F ield         | OpenFOAM: The Open Source CFD Toolbox
   \\    /   O peration     | Website:  https://openfoam.org
    \\  /    A nd           | Version:  7
     \\/     M anipulation  |
\*---------------------------------------------------------------------------*/
FoamFile
{
    version     2.0;
    format      ascii;
    class       volVectorField;
    location    "88";
    object      U;
}
// * * * * * * * * * * * * * * * * * * * * * * * * * * * * * * * * * * * * * //

dimensions      [0 1 -1 0 0 0 0];

internalField   nonuniform List<vector> 
115
(
(-0.221573 0.00115876 -5.35815e-18)
(-0.219503 0.00140685 -5.40709e-18)
(-0.217008 0.00170417 1.15511e-18)
(-0.214003 0.00206259 -1.78816e-18)
(-0.21039 0.00249766 8.55798e-18)
(-0.206027 0.00303046 1.22918e-17)
(-0.200781 0.00368754 4.55161e-19)
(-0.194364 0.00451264 2.11554e-17)
(-0.186685 0.00553738 6.06018e-18)
(-0.176972 0.00689939 9.00683e-18)
(-0.165656 0.00849955 6.25937e-18)
(-0.15024 0.0109478 -3.13649e-18)
(-0.133278 0.0131997 9.6327e-20)
(-0.108493 0.0177827 1.02906e-17)
(-0.0813505 0.0197726 -1.04358e-17)
(-0.0465203 0.0235481 1.46929e-17)
(-0.0106307 0.0173655 -4.84529e-19)
(-0.224973 0.000349758 -9.25126e-18)
(-0.222986 0.000432952 -3.80334e-18)
(-0.22057 0.00053313 7.90772e-18)
(-0.217636 0.000654411 1.53142e-18)
(-0.214083 0.000802125 6.96154e-18)
(-0.209764 0.000983571 7.81564e-18)
(-0.204541 0.0012076 1.53457e-18)
(-0.198113 0.00148953 7.41115e-18)
(-0.190381 0.00183878 1.47745e-17)
(-0.18055 0.0023052 3.62813e-18)
(-0.169012 0.00285412 1.20992e-17)
(-0.153286 0.00370466 -5.35093e-18)
(-0.135719 0.00447447 -1.00458e-18)
(-0.11029 0.00604431 1.1119e-17)
(-0.0819922 0.00672744 -4.84467e-18)
(-0.0458511 0.00794536 -1.41549e-18)
(-0.0101158 0.00578495 -2.66427e-20)
(-0.204623 0.00288374 -3.71909e-18)
(-0.202128 0.00345841 -5.58863e-18)
(-0.199233 0.00414413 -4.94444e-18)
(-0.195865 0.00496719 4.18357e-18)
(-0.191944 0.00596217 8.07387e-18)
(-0.187352 0.00717515 1.37194e-18)
(-0.181987 0.00866617 8.75796e-18)
(-0.175616 0.0105263 1.63648e-17)
(-0.168204 0.012838 4.97642e-18)
(-0.159085 0.0158666 8.83782e-18)
(-0.148854 0.0194516 1.31601e-17)
(-0.13504 0.0248253 5.58261e-18)
(-0.12108 0.029739 8.64561e-18)
(-0.0995603 0.0397821 8.20958e-18)
(-0.0784645 0.0432053 1.9936e-18)
(-0.0496324 0.052041 6.93068e-19)
(-0.214779 0.00192589 -4.11749e-18)
(-0.21254 0.00234018 -1.12344e-17)
(-0.209887 0.00283626 -2.34433e-18)
(-0.206738 0.00343367 -7.28399e-18)
(-0.203003 0.00415792 -3.35649e-18)
(-0.198549 0.00504344 4.00553e-18)
(-0.193257 0.00613363 -4.67034e-18)
(-0.186859 0.0074986 1.11156e-17)
(-0.179286 0.00919245 -3.39472e-18)
(-0.169804 0.0114364 -2.90152e-18)
(-0.158911 0.0140806 5.4719e-18)
(-0.144122 0.0181105 -7.08305e-18)
(-0.128351 0.0217684 1.74678e-18)
(-0.10487 0.0292708 -2.29386e-18)
(-0.0801241 0.0321643 -1.04457e-17)
(-0.0479788 0.0383268 4.26036e-18)
(-0.0117227 0.0269309 -5.22488e-18)
(-0.177342 0.00434269 -1.02595e-17)
(-0.174364 0.00509677 -1.35841e-17)
(-0.171067 0.00598473 -1.21703e-17)
(-0.167411 0.00703572 -2.28239e-18)
(-0.163348 0.00828687 -9.66552e-18)
(-0.158827 0.00978679 3.18902e-18)
(-0.153778 0.0115986 -8.67465e-18)
(-0.14815 0.0138069 1.15092e-17)
(-0.141817 0.0165253 -2.74309e-18)
(-0.134826 0.0198929 1.09952e-17)
(-0.126756 0.0242055 -5.24726e-19)
(-0.11839 0.0293928 1.1859e-17)
(-0.107569 0.0367758 3.07667e-19)
(-0.0988025 0.0436188 8.55342e-18)
(-0.0832894 0.0570948 9.71292e-19)
(-0.0736362 0.0600382 -1.43888e-17)
(-0.0531032 0.0742012 -1.23755e-17)
(-0.193637 0.00324005 -4.28262e-18)
(-0.191124 0.00386014 -5.51413e-18)
(-0.188278 0.0045945 -6.3993e-18)
(-0.185051 0.00546859 -1.04371e-17)
(-0.181381 0.00651503 -2.87521e-18)
(-0.177201 0.00777656 3.54516e-18)
(-0.172415 0.00930959 -1.88224e-18)
(-0.166942 0.0111879 6.53906e-18)
(-0.1606 0.0135179 1.32304e-17)
(-0.153386 0.0164076 1.46464e-17)
(-0.144736 0.0201543 3.96199e-18)
(-0.135335 0.0246237 8.46686e-18)
(-0.122854 0.0311902 -5.94416e-18)
(-0.111231 0.0371572 -3.05894e-18)
(-0.0923945 0.0492988 2.21893e-18)
(-0.0763502 0.052572 -1.07383e-17)
(-0.0517341 0.0636505 -3.90704e-18)
(-0.119112 0.0194552 -8.75841e-19)
(-0.112316 0.0232811 -5.90676e-18)
(-0.10485 0.0281021 -9.94833e-18)
(-0.0975578 0.0338935 3.67404e-18)
(-0.0886574 0.0417877 4.16485e-18)
(-0.0830001 0.0492954 3.54176e-18)
(-0.071491 0.063081 7.48476e-19)
(-0.0695733 0.0655559 -6.57795e-18)
(-0.0536549 0.0806017 -6.98896e-18)
(-0.224973 -0.000342572 -1.59958e-18)
(-0.222986 -0.00042766 -3.91239e-18)
(-0.22057 -0.000529729 2.033e-18)
(-0.217636 -0.000652821 3.46584e-18)
(-0.214083 -0.000802191 1.43671e-17)
)
;

boundaryField
{
    inlet
    {
        type            uniformFixedValue;
        uniformValue    constant (1 0 0);
        value           nonuniform 0();
    }
    outlet
    {
        type            pressureInletOutletVelocity;
        value           nonuniform 0();
    }
    polygon
    {
        type            fixedValue;
        value           uniform (0 0 0);
    }
    top
    {
        type            symmetryPlane;
    }
    bottom
    {
        type            symmetryPlane;
    }
    outside
    {
        type            zeroGradient;
    }
    procBoundary34to26
    {
        type            processor;
        value           nonuniform List<vector> 
18
(
(-0.209764 -0.000985101 1.10324e-17)
(-0.204541 -0.00121033 1.92539e-18)
(-0.198113 -0.00149318 3.08636e-18)
(-0.190381 -0.00184302 1.43338e-17)
(-0.18055 -0.0023098 -2.80481e-18)
(-0.169012 -0.00285875 6.2597e-18)
(-0.153286 -0.00370913 7.40139e-18)
(-0.135719 -0.00447858 -2.29755e-18)
(-0.11029 -0.00604798 2.83399e-18)
(-0.0819921 -0.00673065 -9.28871e-18)
(-0.0458511 -0.00794794 6.83177e-18)
(-0.0101158 -0.00578634 4.85602e-19)
(-0.221573 -0.00115166 2.22163e-18)
(-0.219503 -0.00140165 -8.52586e-18)
(-0.217008 -0.00170086 5.3486e-19)
(-0.214003 -0.00206109 9.63583e-18)
(-0.209764 -0.000985101 1.10324e-17)
(-0.21039 -0.00249782 1.50004e-17)
)
;
    }
    procBoundary34to27
    {
        type            processor;
        value           nonuniform List<vector> 2((-0.226599 0.000280364 -8.20392e-19) (-0.226599 -0.00027136 3.77788e-18));
    }
    procBoundary34to33
    {
        type            processor;
        value           nonuniform List<vector> 5((-0.0128597 0.0352091 5.56657e-18) (-0.0128597 0.0352091 5.56657e-18) (-0.0164127 0.0421437 -3.76852e-18) (-0.0144807 0.0394714 1.39733e-19) (-0.0209869 0.0402817 -1.08604e-17));
    }
    procBoundary34to35
    {
        type            processor;
        value           nonuniform List<vector> 6((-0.223285 0.000950711 -1.09605e-17) (-0.206774 0.00239969 -4.81112e-18) (-0.206774 0.00239969 -4.81112e-18) (-0.216666 0.00157828 -1.26823e-17) (-0.180036 0.00369964 -2.72358e-18) (-0.195862 0.00271436 5.59396e-18));
    }
    procBoundary34to42
    {
        type            processor;
        value           nonuniform List<vector> 
18
(
(-0.157933 0.00548067 -2.91459e-18)
(-0.154375 0.00635964 -1.17865e-17)
(-0.150511 0.00739061 -4.93669e-18)
(-0.146311 0.00860627 6.93539e-18)
(-0.141741 0.0100482 -2.60723e-18)
(-0.136771 0.0117709 1.04473e-17)
(-0.131361 0.0138447 -2.00366e-18)
(-0.125493 0.0163646 7.41863e-18)
(-0.0924615 0.0227196 4.57331e-19)
(-0.0857643 0.0269092 -1.56614e-18)
(-0.0788228 0.03206 -4.34703e-18)
(-0.0725666 0.0383123 1.59642e-18)
(-0.0655726 0.0463008 1.21986e-17)
(-0.0631139 0.0542784 1.91088e-18)
(-0.0557331 0.0668609 8.18295e-19)
(-0.0624145 0.0692608 -3.44573e-18)
(-0.0512044 0.0828316 -3.41619e-18)
(-0.125493 0.0163646 7.41863e-18)
)
;
    }
}


// ************************************************************************* //
