/*--------------------------------*- C++ -*----------------------------------*\
  =========                 |
  \\      /  F ield         | OpenFOAM: The Open Source CFD Toolbox
   \\    /   O peration     | Website:  https://openfoam.org
    \\  /    A nd           | Version:  7
     \\/     M anipulation  |
\*---------------------------------------------------------------------------*/
FoamFile
{
    version     2.0;
    format      ascii;
    class       volVectorField;
    location    "12";
    object      U;
}
// * * * * * * * * * * * * * * * * * * * * * * * * * * * * * * * * * * * * * //

dimensions      [0 1 -1 0 0 0 0];

internalField   nonuniform List<vector> 
115
(
(1.00516 0.00854689 1.48673e-19)
(0.999334 0.00933365 3.48516e-19)
(0.997682 0.00942311 6.22794e-19)
(0.992923 0.0100357 1.40216e-19)
(0.990112 0.0102062 6.52619e-19)
(0.985769 0.0106619 6.69308e-19)
(0.9823 0.010862 9.4129e-19)
(0.978076 0.0111999 -1.01371e-18)
(0.97422 0.0113987 -1.32575e-18)
(0.969981 0.0116618 1.46964e-18)
(0.965874 0.0118581 -3.31258e-18)
(0.961555 0.0120919 -2.222e-19)
(0.957252 0.0123066 1.05658e-18)
(0.952803 0.0125566 4.32079e-19)
(0.948303 0.0128198 3.01885e-18)
(0.943671 0.0131244 -6.12719e-19)
(0.938941 0.0134612 -1.419e-18)
(1.00404 0.00624632 -8.60747e-20)
(0.997968 0.00679031 -5.36581e-20)
(0.996224 0.00690421 1.13249e-19)
(0.991244 0.00732364 -8.14855e-19)
(0.988273 0.00748069 5.04881e-19)
(0.983702 0.00780122 1.04131e-18)
(0.980026 0.00796678 9.22565e-20)
(0.975557 0.00821049 3.87381e-19)
(0.971461 0.0083672 -1.66119e-18)
(0.96696 0.00855969 -1.01254e-18)
(0.96259 0.00870925 -2.97093e-18)
(0.957994 0.00888036 -6.20514e-19)
(0.953413 0.00903929 -1.43575e-18)
(0.948678 0.00922078 -3.33102e-18)
(0.94389 0.0094123 -4.55326e-19)
(0.938965 0.00963251 -3.58164e-18)
(0.933938 0.00987682 2.86033e-19)
(1.00459 0.00745055 6.37495e-20)
(0.998642 0.00811463 1.68114e-19)
(0.996946 0.00822763 2.19742e-19)
(0.992073 0.0087423 -8.20651e-21)
(0.989183 0.00891354 8.26152e-19)
(0.984724 0.00930286 1.49132e-18)
(0.981151 0.00949086 8.36946e-19)
(0.976803 0.00978384 -5.52186e-19)
(0.972827 0.00996548 -5.55952e-19)
(0.968455 0.0101957 1.10196e-18)
(0.964216 0.0103717 -2.16809e-18)
(0.959758 0.0105766 5.52224e-19)
(0.955315 0.0107661 1.41755e-18)
(0.950723 0.0109842 -8.45321e-19)
(0.946079 0.0112142 1.30738e-18)
(0.9413 0.0114793 6.34498e-19)
(0.936422 0.0117729 -3.01106e-19)
(1.00312 0.00359557 -3.63063e-19)
(0.996849 0.00390322 -6.52187e-19)
(0.995018 0.00398159 -5.70802e-19)
(0.989863 0.00421562 -1.05878e-18)
(0.986751 0.00431726 -1.22709e-18)
(0.981996 0.004498 -9.37767e-19)
(0.978144 0.00460074 -1.64273e-18)
(0.973474 0.00474024 -1.02925e-18)
(0.969175 0.00483507 -2.76702e-18)
(0.964455 0.00494627 -2.75387e-18)
(0.959863 0.00503494 -1.4328e-18)
(0.955035 0.00513373 -2.60664e-18)
(0.950217 0.00522618 -1.79804e-18)
(0.945239 0.00533033 -1.78416e-18)
(0.940206 0.00544038 -2.20639e-18)
(0.935031 0.00556634 -4.52385e-18)
(0.92975 0.00570634 -7.51614e-20)
(1.00354 0.00496114 -3.52648e-19)
(0.997357 0.00538873 -5.26842e-19)
(0.995566 0.00549071 -4.6143e-19)
(0.99049 0.00581809 -1.29805e-18)
(0.987442 0.00595258 -8.31301e-19)
(0.982771 0.00620465 -7.23162e-19)
(0.979 0.00634275 -3.16168e-19)
(0.974421 0.0065363 -1.34945e-19)
(0.970215 0.00666516 -3.45431e-18)
(0.965594 0.00681907 -2.37067e-18)
(0.961104 0.0069407 -1.96173e-18)
(0.956381 0.00707765 -3.38746e-18)
(0.951671 0.00720553 -3.3041e-18)
(0.946805 0.00735034 -3.5033e-18)
(0.941884 0.00750327 -1.65816e-18)
(0.936823 0.00767854 -5.01448e-18)
(0.931659 0.00787314 -1.25434e-18)
(0.985994 0.000875384 -1.00697e-19)
(0.981148 0.000911543 -2.80992e-19)
(0.977207 0.000932755 -1.96422e-18)
(0.972437 0.000960749 -1.06848e-18)
(0.968036 0.00098011 -2.53565e-18)
(0.963207 0.00100243 -3.93904e-19)
(0.958502 0.00102034 -1.84829e-18)
(0.953557 0.00104011 -3.32039e-18)
(0.94862 0.00105862 -2.46539e-18)
(0.94352 0.00107938 -2.17945e-18)
(0.938362 0.00110132 -1.72045e-18)
(0.93306 0.00112643 5.82682e-19)
(0.92765 0.00115438 1.92845e-18)
(1.00282 0.00218315 -3.91039e-19)
(0.996485 0.00237001 -4.60814e-19)
(0.994624 0.00242027 -6.94828e-19)
(0.989413 0.00256167 -1.16237e-18)
(0.986254 0.00262606 -6.68979e-19)
(0.981439 0.00273566 -1.49457e-18)
(0.977529 0.00280011 -1.2338e-18)
(0.972793 0.00288524 -1.50265e-18)
(0.968427 0.0029444 -3.37226e-18)
(0.963636 0.00301263 -2.25229e-18)
(0.95897 0.00306769 -1.85635e-18)
(0.954065 0.00312846 -4.03124e-18)
(0.949169 0.00318557 -2.66714e-18)
(0.944111 0.00324954 -1.23738e-18)
(0.938996 0.00331716 -1.94361e-18)
(0.933738 0.00339436 -3.07483e-18)
(0.928373 0.00348015 3.52026e-19)
)
;

boundaryField
{
    inlet
    {
        type            uniformFixedValue;
        uniformValue    constant (1 0 0);
        value           nonuniform 0();
    }
    outlet
    {
        type            pressureInletOutletVelocity;
        value           nonuniform List<vector> 6((1.00516 0.00854689 1.48673e-19) (1.00404 0.00624632 -8.60747e-20) (1.00459 0.00745055 6.37495e-20) (1.00312 0.00359557 -3.63063e-19) (1.00354 0.00496114 -3.52648e-19) (1.00282 0.00218315 -3.91039e-19));
    }
    polygon
    {
        type            fixedValue;
        value           nonuniform 0();
    }
    top
    {
        type            symmetryPlane;
    }
    bottom
    {
        type            symmetryPlane;
    }
    outside
    {
        type            zeroGradient;
    }
    procBoundary31to23
    {
        type            processor;
        value           nonuniform List<vector> 
17
(
(1.00571 0.00954819 1.64206e-19)
(1.00001 0.0104498 4.39265e-19)
(0.998395 0.0105139 5.16025e-19)
(0.993753 0.011218 2.66247e-19)
(0.991014 0.0113859 5.88676e-19)
(0.986788 0.0119031 1.61371e-19)
(0.983416 0.0121132 2.13785e-19)
(0.979314 0.0124923 -7.65387e-19)
(0.975572 0.0127065 -1.28999e-18)
(0.971462 0.0129999 8.13115e-19)
(0.967483 0.0132151 -2.05697e-18)
(0.963297 0.0134764 1.13815e-18)
(0.959128 0.0137154 1.20259e-18)
(0.954817 0.0139963 3.28329e-19)
(0.950455 0.0142919 1.72157e-18)
(0.945964 0.0146349 2.07191e-19)
(0.941375 0.0150137 1.22025e-18)
)
;
    }
    procBoundary31to30
    {
        type            processor;
        value           nonuniform List<vector> 7((0.934068 0.0138426 2.46099e-18) (0.928762 0.0101537 -9.09498e-20) (0.931397 0.0121054 1.01568e-18) (0.924315 0.00586513 -2.42273e-18) (0.926343 0.00809365 5.05156e-19) (0.922082 0.00118614 -2.91629e-18) (0.92285 0.00357737 -2.67667e-18));
    }
    procBoundary31to39
    {
        type            processor;
        value           nonuniform List<vector> 
18
(
(0.985994 -0.000875384 1.99802e-20)
(0.981148 -0.000911543 2.95373e-20)
(0.977207 -0.000932755 -9.43941e-19)
(0.972437 -0.000960749 -6.73415e-19)
(0.968036 -0.000980111 -1.02189e-18)
(0.963207 -0.00100243 9.53097e-19)
(0.958502 -0.00102034 -8.43298e-19)
(0.953557 -0.00104011 4.89666e-19)
(0.94862 -0.00105862 7.25747e-19)
(0.94352 -0.00107938 1.01385e-18)
(0.938362 -0.00110132 1.4365e-18)
(0.93306 -0.00112643 1.12506e-18)
(0.92765 -0.00115438 1.0395e-18)
(1.00266 0.000728927 -3.18473e-19)
(0.996294 0.000790847 -3.72928e-19)
(0.994418 0.000807357 -7.56448e-19)
(0.989178 0.000854131 -7.17352e-19)
(0.989178 0.000854131 -7.17352e-19)
)
;
    }
}


// ************************************************************************* //
