/*--------------------------------*- C++ -*----------------------------------*\
  =========                 |
  \\      /  F ield         | OpenFOAM: The Open Source CFD Toolbox
   \\    /   O peration     | Website:  https://openfoam.org
    \\  /    A nd           | Version:  7
     \\/     M anipulation  |
\*---------------------------------------------------------------------------*/
FoamFile
{
    version     2.0;
    format      ascii;
    class       volVectorField;
    location    "86";
    object      U;
}
// * * * * * * * * * * * * * * * * * * * * * * * * * * * * * * * * * * * * * //

dimensions      [0 1 -1 0 0 0 0];

internalField   nonuniform List<vector> 
115
(
(-0.247431 0.000374322 5.25119e-20)
(-0.248236 0.000944832 2.55258e-20)
(-0.249273 0.00167956 -5.59168e-19)
(-0.250732 0.00219406 -1.98574e-19)
(-0.252309 0.00244997 -5.80663e-19)
(-0.253886 0.00246913 -4.5004e-19)
(-0.255384 0.00228512 -1.03218e-18)
(-0.256743 0.00193816 -6.58268e-19)
(-0.257925 0.00146666 2.80802e-18)
(-0.258905 0.000903983 -7.33173e-19)
(-0.259665 0.000276559 1.97358e-18)
(-0.260199 -0.000384419 1.32755e-18)
(-0.260505 -0.00106043 -1.65936e-18)
(-0.260579 -0.00174384 -3.98517e-19)
(-0.260426 -0.0024224 -1.36942e-18)
(-0.26005 -0.00308639 -6.80761e-19)
(-0.259459 -0.00372827 1.49322e-18)
(-0.22013 0.000646736 -9.36674e-20)
(-0.221458 0.00141474 -7.85654e-20)
(-0.222924 0.00239866 -1.04065e-18)
(-0.224876 0.00301283 -4.42073e-19)
(-0.226896 0.00329303 -2.01457e-18)
(-0.228865 0.00328042 -5.70422e-19)
(-0.230715 0.00302846 -3.41213e-19)
(-0.232397 0.00259141 -2.39271e-19)
(-0.233885 0.00201676 5.81928e-19)
(-0.235161 0.00134413 1.44896e-19)
(-0.236214 0.000605704 -3.42164e-18)
(-0.237038 -0.00017901 -1.03037e-18)
(-0.237635 -0.000981149 -5.29915e-18)
(-0.238009 -0.00178849 -1.3162e-18)
(-0.238162 -0.0025861 -5.41121e-19)
(-0.238098 -0.00336377 -2.65853e-19)
(-0.175198 0.00140886 -8.24995e-20)
(-0.177794 0.00248973 -4.94246e-19)
(-0.180009 0.00395283 -1.08532e-18)
(-0.182825 0.00464519 -1.44295e-18)
(-0.185523 0.00491933 -2.19357e-18)
(-0.188076 0.00482986 -4.84855e-19)
(-0.190448 0.00446276 -7.60343e-20)
(-0.192614 0.00389107 6.54986e-20)
(-0.194564 0.00317085 1.43026e-19)
(-0.196296 0.00234615 3.48017e-19)
(-0.197807 0.0014522 -3.95791e-18)
(-0.199099 0.000514431 -4.77382e-18)
(-0.200177 -0.000447413 -6.06212e-18)
(-0.201039 -0.00140902 -1.20758e-18)
(-0.201687 -0.00235867 -2.62292e-19)
(-0.202128 -0.0032852 1.83758e-19)
(-0.123696 0.00282819 -1.31402e-20)
(-0.128343 0.00425119 -9.08047e-20)
(-0.131277 0.00622167 -2.13506e-19)
(-0.135053 0.00682627 -2.80055e-19)
(-0.138377 0.00700565 -3.80272e-19)
(-0.141497 0.00677071 3.47229e-19)
(-0.144386 0.00624847 2.68649e-19)
(-0.147048 0.00551977 8.18139e-19)
(-0.14949 0.00464261 4.80731e-19)
(-0.151718 0.00366116 9.55044e-19)
(-0.153736 0.00261054 3.25725e-19)
(-0.155547 0.00151739 -6.3617e-19)
(-0.157152 0.000407878 -3.80151e-19)
(-0.158556 -0.000697008 8.84774e-19)
(-0.159765 -0.00178622 4.80697e-19)
(-0.160779 -0.0028504 1.33469e-18)
(-0.0668802 0.00538949 8.56489e-21)
(-0.0742854 0.00694118 -1.62437e-20)
(-0.0775988 0.00917947 -6.62651e-20)
(-0.0823186 0.00949852 -6.73497e-20)
(-0.0861148 0.00950493 2.88953e-20)
(-0.089756 0.00907719 2.61233e-18)
(-0.093142 0.00838545 1.12682e-18)
(-0.0963045 0.00749849 3.89638e-18)
(-0.0992595 0.00647099 1.56185e-18)
(-0.102016 0.00534431 4.91646e-18)
(-0.104579 0.0041526 4.76855e-18)
(-0.106951 0.00292252 8.90356e-19)
(-0.109135 0.00167728 4.72101e-18)
(-0.111133 0.000432554 6.56337e-18)
(-0.112948 -0.00079384 2.51242e-18)
(-0.114582 -0.00198955 6.86406e-18)
(-0.0058584 0.00846935 7.06891e-20)
(-0.0165485 0.0108374 8.74331e-21)
(-0.0195831 0.0124803 -1.05957e-19)
(-0.0251286 0.0125714 -2.38406e-20)
(-0.0292424 0.0123463 -4.4039e-22)
(-0.033382 0.0117236 3.01915e-18)
(-0.0372532 0.0108742 3.34927e-18)
(-0.0409289 0.00984161 4.59632e-18)
(-0.044419 0.00867783 4.42649e-18)
(-0.0477321 0.00741952 5.53806e-18)
(-0.050871 0.006099 1.63464e-18)
(-0.0538383 0.00474172 5.77991e-19)
(-0.0566344 0.00336984 1.37856e-18)
(-0.0592591 0.00200056 7.12421e-18)
(-0.0617113 0.000648269 6.58249e-18)
(-0.0639923 -0.000673244 8.18985e-18)
(0.0576992 0.0137536 3.7903e-19)
(0.0453842 0.0156302 3.72775e-20)
(0.0423513 0.0159584 -6.11319e-19)
(0.0362781 0.0159658 4.52327e-20)
(0.0318028 0.0154909 -1.1607e-18)
(0.0271715 0.0147062 2.22688e-18)
(0.0228102 0.0137218 9.46367e-19)
(0.0186053 0.0125619 3.35849e-18)
(0.0145642 0.0112788 1.26939e-18)
(0.0106775 0.00990382 4.09039e-18)
(0.0069459 0.00846813 7.18671e-19)
(0.0033687 0.00699584 7.87622e-19)
(-5.19003e-05 0.00550847 7.28513e-19)
(-0.0033139 0.00402314 5.282e-18)
(-0.00641427 0.00255416 1.25566e-18)
(-0.00934953 0.00111222 5.75423e-18)
(0.123674 0.0183002 -1.37256e-19)
(0.111316 0.0202576 4.29196e-19)
)
;

boundaryField
{
    inlet
    {
        type            uniformFixedValue;
        uniformValue    constant (1 0 0);
        value           nonuniform 0();
    }
    outlet
    {
        type            pressureInletOutletVelocity;
        value           nonuniform List<vector> 8((-0.247431 0 0) (-0.22013 0 0) (-0.175198 0 0) (-0.123696 0 0) (-0.0668802 0 0) (-0.0058584 0 0) (0.0576992 0.0137536 3.7903e-19) (0.123674 0.0183002 -1.37256e-19));
    }
    polygon
    {
        type            fixedValue;
        value           nonuniform 0();
    }
    top
    {
        type            symmetryPlane;
    }
    bottom
    {
        type            symmetryPlane;
    }
    outside
    {
        type            zeroGradient;
    }
    procBoundary23to15
    {
        type            processor;
        value           nonuniform List<vector> 
17
(
(0.108 0.0197604 5.62762e-19)
(0.101504 0.0196271 1.08262e-18)
(0.0966187 0.018952 9.02975e-19)
(0.0914977 0.0180344 -1.4518e-18)
(0.0866478 0.016936 -5.83007e-19)
(0.0819128 0.0156667 -1.9789e-18)
(0.0773253 0.0142806 -7.0493e-19)
(0.0728702 0.0128029 -2.22873e-18)
(0.0685541 0.0112643 1.57772e-19)
(0.0643774 0.00968747 3.37765e-18)
(0.0603451 0.00809338 -1.40589e-19)
(0.0564614 0.0064986 -3.41902e-18)
(0.052732 0.00491739 -5.11159e-18)
(0.0491624 0.00336085 -3.97004e-18)
(0.192661 0.0234182 5.56391e-20)
(0.108 0.0197604 5.62762e-19)
(0.180467 0.0248017 -7.26473e-19)
)
;
    }
    procBoundary23to22
    {
        type            processor;
        value           nonuniform List<vector> 7((-0.237824 -0.00411367 4.78412e-19) (-0.237824 -0.00411367 4.78412e-19) (-0.20237 -0.0041795 2.89174e-19) (-0.161602 -0.00387926 7.80272e-19) (-0.116034 -0.00314781 2.492e-18) (-0.0661017 -0.00195495 6.69721e-18) (-0.0121176 -0.00029102 7.75453e-19));
    }
    procBoundary23to30
    {
        type            processor;
        value           uniform (-0.25866 -0.00434212 -1.36564e-18);
    }
    procBoundary23to31
    {
        type            processor;
        value           nonuniform List<vector> 
17
(
(-0.262969 0.000255073 1.97722e-20)
(-0.263533 0.000697717 6.723e-20)
(-0.264346 0.00129969 -7.40849e-19)
(-0.265538 0.0017385 -7.33611e-20)
(-0.266866 0.00196929 -1.46675e-19)
(-0.26822 0.00199883 -5.60436e-19)
(-0.269515 0.00184989 -2.23439e-18)
(-0.270689 0.00155506 -1.03109e-18)
(-0.271697 0.00114709 2.71658e-18)
(-0.272511 0.000655551 -2.42897e-18)
(-0.273111 0.000102549 2.63317e-18)
(-0.273486 -0.000476393 3.2477e-18)
(-0.273631 -0.00107545 -9.02633e-19)
(-0.273542 -0.00168247 3.02235e-19)
(-0.273224 -0.00228577 -2.85437e-18)
(-0.272679 -0.00287657 -1.25932e-18)
(-0.271916 -0.00344798 3.32378e-18)
)
;
    }
}


// ************************************************************************* //
