/*--------------------------------*- C++ -*----------------------------------*\
  =========                 |
  \\      /  F ield         | OpenFOAM: The Open Source CFD Toolbox
   \\    /   O peration     | Website:  https://openfoam.org
    \\  /    A nd           | Version:  7
     \\/     M anipulation  |
\*---------------------------------------------------------------------------*/
FoamFile
{
    version     2.0;
    format      ascii;
    class       volVectorField;
    location    "70";
    object      U;
}
// * * * * * * * * * * * * * * * * * * * * * * * * * * * * * * * * * * * * * //

dimensions      [0 1 -1 0 0 0 0];

internalField   nonuniform List<vector> 
175
(
(0.475659 -0.0600873 1.84435e-19)
(0.495276 -0.0629183 -6.89833e-20)
(0.51575 -0.0658728 1.74103e-18)
(0.537073 -0.0689498 3.55733e-19)
(0.559236 -0.0721489 9.93561e-19)
(0.582226 -0.0754695 -2.49402e-19)
(0.606031 -0.0789117 7.57056e-20)
(0.630633 -0.0824758 3.70928e-21)
(0.656011 -0.086162 3.84753e-20)
(0.682141 -0.0899711 1.93764e-19)
(0.708992 -0.0939037 3.21488e-19)
(0.736529 -0.0979605 6.27547e-19)
(0.76471 -0.102142 9.92662e-19)
(0.498105 -0.0591095 -9.53042e-19)
(0.515579 -0.0619502 -5.59345e-19)
(0.533949 -0.064914 6.41546e-20)
(0.553202 -0.0679995 -6.92188e-22)
(0.573319 -0.0712048 -6.65102e-20)
(0.594283 -0.0745276 4.43865e-19)
(0.616069 -0.0779657 5.13952e-19)
(0.638654 -0.0815164 1.08615e-18)
(0.662009 -0.0851773 2.1966e-19)
(0.686101 -0.0889457 8.61688e-19)
(0.710894 -0.0928186 2.31789e-19)
(0.736345 -0.0967932 7.81806e-19)
(0.762408 -0.100866 3.02743e-19)
(0.789029 -0.105034 2.63812e-19)
(0.816148 -0.109293 5.32871e-19)
(0.843696 -0.113638 2.12388e-19)
(0.871599 -0.118064 4.91144e-19)
(0.899772 -0.122565 2.20116e-19)
(0.611558 -0.0718752 -6.41297e-18)
(0.630825 -0.0753517 -4.54928e-18)
(0.650937 -0.0789371 1.41647e-18)
(0.671861 -0.0826274 4.45377e-20)
(0.693562 -0.0864186 8.10542e-19)
(0.715999 -0.0903059 1.51332e-18)
(0.739128 -0.0942841 2.75319e-18)
(0.762898 -0.0983476 6.03878e-18)
(0.787255 -0.10249 1.29235e-18)
(0.812137 -0.106706 6.18375e-18)
(0.837479 -0.110988 1.65057e-18)
(0.863208 -0.115327 6.75771e-18)
(0.889246 -0.119718 3.40476e-18)
(0.915507 -0.12415 1.48668e-18)
(0.941901 -0.128614 4.24303e-18)
(0.96833 -0.1331 2.85641e-19)
(0.994691 -0.137598 3.47785e-18)
(1.02087 -0.142095 -1.09199e-18)
(0.727201 -0.0857324 -1.27707e-18)
(0.747545 -0.0897882 -4.47038e-19)
(0.768606 -0.0939247 3.95345e-19)
(0.79033 -0.0981346 3.00656e-19)
(0.812657 -0.10241 6.34087e-19)
(0.835524 -0.106743 9.24891e-19)
(0.858861 -0.111123 1.29017e-18)
(0.882593 -0.115542 1.82704e-18)
(0.906641 -0.119989 7.27425e-19)
(0.930918 -0.124454 1.80741e-18)
(0.955335 -0.128925 8.28711e-19)
(0.979798 -0.133391 1.8628e-18)
(1.00421 -0.137839 5.84675e-19)
(1.02847 -0.142258 8.51337e-19)
(1.05246 -0.146635 9.02455e-19)
(1.0761 -0.150956 4.31018e-20)
(1.09927 -0.155208 7.18602e-19)
(1.12186 -0.159378 -4.77508e-19)
(0.84036 -0.100106 -5.33503e-18)
(0.860846 -0.10463 1.75498e-18)
(0.88185 -0.109191 -2.62406e-19)
(0.903298 -0.113777 4.03258e-19)
(0.92511 -0.118377 4.15117e-19)
(0.947204 -0.122978 5.46814e-19)
(0.96949 -0.127567 4.45659e-19)
(0.991878 -0.132132 5.44275e-19)
(1.01427 -0.13666 4.41302e-19)
(1.03658 -0.141136 5.16572e-19)
(1.05869 -0.145548 3.21594e-19)
(1.08052 -0.149882 5.29854e-19)
(1.10196 -0.154126 1.2433e-19)
(1.12293 -0.158267 2.70212e-19)
(1.14331 -0.162292 1.72324e-19)
(1.16304 -0.16619 2.23018e-20)
(1.18202 -0.16995 7.6366e-20)
(1.20017 -0.173562 -6.39569e-20)
(0.946137 -0.114295 -4.26422e-19)
(0.965743 -0.119132 4.81492e-19)
(0.98563 -0.123949 1.18645e-19)
(1.00571 -0.128731 2.5665e-19)
(1.02589 -0.133462 1.67518e-19)
(1.04608 -0.138129 1.03618e-19)
(1.06618 -0.142716 1.49678e-19)
(1.08611 -0.14721 2.90992e-19)
(1.10576 -0.151597 2.6941e-19)
(1.12505 -0.155863 1.74371e-19)
(1.14389 -0.159996 8.52896e-20)
(1.16218 -0.163986 1.61925e-19)
(1.17987 -0.167822 1.00137e-19)
(1.19686 -0.171494 1.02403e-19)
(1.21309 -0.174995 9.01919e-20)
(1.22852 -0.178319 3.2889e-20)
(1.24308 -0.181459 7.29801e-20)
(1.25674 -0.184414 5.42419e-20)
(1.04024 -0.127609 4.98287e-18)
(1.05805 -0.132586 -2.01039e-18)
(1.0759 -0.137477 1.01242e-18)
(1.09371 -0.142268 -3.05941e-19)
(1.11138 -0.146942 2.78562e-19)
(1.12883 -0.151486 1.6277e-19)
(1.14598 -0.155885 5.66722e-20)
(1.16273 -0.160127 4.74997e-20)
(1.17901 -0.164201 1.66502e-20)
(1.19475 -0.168097 -1.98666e-20)
(1.20988 -0.171806 1.27212e-19)
(1.22434 -0.175323 2.09505e-19)
(1.23808 -0.178641 1.66363e-19)
(1.25107 -0.181759 3.54438e-19)
(1.26326 -0.184674 6.17271e-19)
(1.27463 -0.187387 8.40908e-19)
(1.28517 -0.1899 1.46149e-18)
(1.29487 -0.192217 2.65297e-18)
(1.11968 -0.139477 6.56007e-20)
(1.13505 -0.144421 -6.31293e-18)
(1.15027 -0.149219 3.10025e-18)
(1.16526 -0.153858 -9.41966e-19)
(1.17994 -0.158324 7.86237e-19)
(1.19425 -0.162603 1.13512e-19)
(1.2081 -0.166686 2.09951e-19)
(1.22145 -0.170564 3.40565e-19)
(1.23424 -0.17423 1.34874e-19)
(1.24641 -0.177678 2.52709e-19)
(1.25794 -0.180907 2.3446e-19)
(1.26878 -0.183916 1.10997e-19)
(1.27892 -0.186706 3.74046e-19)
(1.28835 -0.189279 3.34203e-19)
(1.29705 -0.191642 4.06231e-19)
(1.30504 -0.193801 5.04423e-19)
(1.31232 -0.195763 3.5906e-19)
(1.31891 -0.197539 4.32883e-19)
(1.18291 -0.148654 6.34926e-19)
(1.19561 -0.153538 1.24145e-18)
(1.20802 -0.158223 4.77238e-18)
(1.22008 -0.162697 6.31075e-18)
(1.23174 -0.166948 1.48623e-18)
(1.24294 -0.170966 6.50691e-18)
(1.25364 -0.174746 -4.26213e-19)
(1.26381 -0.178282 4.2554e-18)
(1.2734 -0.181574 5.16536e-18)
(1.28242 -0.184622 1.15062e-18)
(1.29082 -0.187429 5.25054e-18)
(1.29862 -0.190001 -3.50357e-19)
(1.30581 -0.192346 3.51304e-18)
(1.31239 -0.194473 4.11352e-18)
(1.31839 -0.196391 5.98106e-19)
(1.32381 -0.198115 3.75411e-18)
(1.3287 -0.199655 -1.50275e-18)
(1.33306 -0.201027 7.83742e-19)
(1.22685 -0.159908 5.86097e-19)
(1.23741 -0.164382 1.25924e-18)
(1.24757 -0.168616 1.53979e-18)
(1.25729 -0.172601 1.36107e-18)
(1.26654 -0.176333 2.33932e-19)
(1.2753 -0.179809 6.98192e-19)
(1.28354 -0.183031 -1.77149e-18)
(1.29125 -0.186 -1.33602e-18)
(1.29843 -0.188722 -4.79517e-18)
(1.30507 -0.191205 4.75892e-19)
(1.31118 -0.193458 -3.54226e-18)
(1.31678 -0.195492 2.55997e-18)
(1.32187 -0.197319 5.68867e-19)
(1.32648 -0.198953 1.2282e-18)
(1.33063 -0.200407 9.74782e-20)
(1.33436 -0.201696 7.10534e-19)
(1.33769 -0.202835 -5.9096e-19)
(1.34064 -0.203837 4.74128e-19)
)
;

boundaryField
{
    inlet
    {
        type            uniformFixedValue;
        uniformValue    constant (1 0 0);
        value           nonuniform 0();
    }
    outlet
    {
        type            pressureInletOutletVelocity;
        value           nonuniform 0();
    }
    polygon
    {
        type            fixedValue;
        value           nonuniform 0();
    }
    top
    {
        type            symmetryPlane;
    }
    bottom
    {
        type            symmetryPlane;
    }
    outside
    {
        type            zeroGradient;
    }
    procBoundary4to3
    {
        type            processor;
        value           nonuniform List<vector> 10((0.793481 -0.106449 1.45364e-18) (0.928121 -0.127134 5.03842e-19) (1.04677 -0.146578 6.51808e-19) (1.14378 -0.163453 2.55147e-19) (1.21743 -0.177018 1.89463e-19) (1.26947 -0.187182 -8.11686e-20) (1.30375 -0.194342 -1.15479e-18) (1.32484 -0.199139 -3.50018e-19) (1.33695 -0.202243 -3.87295e-19) (1.34326 -0.204717 -2.67287e-19));
    }
    procBoundary4to5
    {
        type            processor;
        value           nonuniform List<vector> 9((0.481542 -0.0563931 -1.74798e-18) (0.593164 -0.0685107 -1.0468e-17) (0.70762 -0.0817637 -3.17652e-18) (0.82046 -0.0956296 -3.11273e-18) (0.926893 -0.109451 -6.25606e-19) (1.02256 -0.122565 2.18501e-18) (1.10425 -0.134406 -5.96399e-18) (1.16998 -0.143589 4.43617e-19) (1.21592 -0.155205 1.07329e-18));
    }
    procBoundary4to12
    {
        type            processor;
        value           nonuniform List<vector> 
19
(
(0.364283 -0.0474101 -3.2129e-19)
(0.381264 -0.0496303 -3.67734e-18)
(0.399082 -0.0519741 6.48007e-18)
(0.417741 -0.0544406 8.22323e-19)
(0.437244 -0.0570297 5.10586e-18)
(0.457596 -0.0597417 -6.79696e-19)
(0.478801 -0.0625773 1.93245e-19)
(0.500863 -0.0655379 -5.80907e-20)
(0.523784 -0.0686256 -6.66889e-20)
(0.547568 -0.0718432 1.70898e-21)
(0.572213 -0.0751939 2.05486e-19)
(0.597719 -0.0786817 6.08861e-19)
(0.624081 -0.0823113 1.80515e-18)
(0.390654 -0.0478202 -6.61399e-19)
(0.405894 -0.0500186 -7.90272e-19)
(0.42202 -0.0523453 -1.4519e-18)
(0.439025 -0.0547997 -5.70796e-19)
(0.456907 -0.0573807 -1.20386e-18)
(0.456907 -0.0573807 -1.20386e-18)
)
;
    }
}


// ************************************************************************* //
