/*--------------------------------*- C++ -*----------------------------------*\
  =========                 |
  \\      /  F ield         | OpenFOAM: The Open Source CFD Toolbox
   \\    /   O peration     | Website:  https://openfoam.org
    \\  /    A nd           | Version:  7
     \\/     M anipulation  |
\*---------------------------------------------------------------------------*/
FoamFile
{
    version     2.0;
    format      ascii;
    class       volVectorField;
    location    "94";
    object      U;
}
// * * * * * * * * * * * * * * * * * * * * * * * * * * * * * * * * * * * * * //

dimensions      [0 1 -1 0 0 0 0];

internalField   nonuniform List<vector> 
175
(
(1.27067 0.170659 5.10979e-18)
(1.26807 0.184853 -2.93725e-18)
(1.26415 0.191062 -1.64518e-18)
(1.26067 0.202434 -5.2255e-19)
(1.25772 0.211873 -2.77997e-18)
(1.25544 0.223184 -7.14425e-19)
(1.27285 0.172107 3.04003e-18)
(1.27034 0.186037 -2.68869e-18)
(1.26653 0.192146 -3.35457e-18)
(1.26319 0.203357 -2.39864e-18)
(1.26037 0.212647 -4.30242e-18)
(1.25824 0.223804 -2.20565e-18)
(1.27496 0.17352 2.43452e-18)
(1.27255 0.18719 -2.42233e-18)
(1.26884 0.193194 -3.30307e-18)
(1.26564 0.204241 -2.2873e-18)
(1.26296 0.21338 -3.99222e-18)
(1.26098 0.224378 -1.70185e-18)
(1.27704 0.1749 3.30362e-18)
(1.27471 0.18831 -3.96013e-18)
(1.27111 0.194208 -1.65979e-18)
(1.26804 0.205086 -3.81247e-18)
(1.2655 0.214071 -2.42986e-18)
(1.26367 0.224906 -1.46391e-18)
(1.27907 0.176246 2.94107e-18)
(1.27683 0.189399 -8.96869e-19)
(1.27334 0.195185 -1.62315e-18)
(1.2704 0.205893 -3.24923e-18)
(1.26799 0.214723 6.32548e-19)
(1.26632 0.225391 2.72855e-19)
(1.28105 0.177559 2.48015e-18)
(1.27891 0.190454 -8.28272e-19)
(1.27554 0.196127 -1.55082e-18)
(1.27272 0.206663 -4.05154e-18)
(1.27045 0.215335 2.04698e-18)
(1.283 0.17884 2.27501e-18)
(1.28093 0.191476 -9.41301e-19)
(1.27769 0.197034 -2.76313e-18)
(1.27499 0.207396 -4.88787e-18)
(1.27286 0.215908 5.99876e-19)
(1.2849 0.18009 2.06871e-18)
(1.28291 0.192464 -9.23699e-19)
(1.27979 0.197904 -3.74044e-18)
(1.27722 0.208092 -4.37536e-18)
(1.27522 0.216443 -6.7411e-19)
(1.28675 0.181309 1.9255e-18)
(1.28484 0.19342 -8.62039e-19)
(1.28186 0.198739 -4.71409e-18)
(1.2794 0.208755 -3.94625e-18)
(1.27754 0.216944 -6.42614e-19)
(1.28857 0.182495 1.56056e-18)
(1.28672 0.194335 -2.05001e-18)
(1.28389 0.199524 -4.23515e-18)
(1.28154 0.209362 -2.53908e-18)
(1.27982 0.21738 6.93505e-19)
(1.24667 0.154851 1.24086e-17)
(1.24254 0.171977 3.0241e-18)
(1.23769 0.179556 -2.58984e-18)
(1.23251 0.19286 1.56058e-18)
(1.22804 0.204313 -4.25071e-19)
(1.24923 0.156558 9.13436e-18)
(1.24532 0.17339 2.5248e-18)
(1.24051 0.180832 -4.89763e-18)
(1.23554 0.193971 1.37208e-18)
(1.23123 0.205217 -7.05534e-19)
(1.25176 0.158236 1.03699e-17)
(1.24801 0.174774 2.14542e-18)
(1.2433 0.182079 -2.02742e-18)
(1.2385 0.195043 1.28071e-18)
(1.23436 0.206082 -6.42375e-19)
(1.25426 0.159886 9.8142e-18)
(1.25067 0.17613 4.01359e-18)
(1.24604 0.183296 -2.0357e-18)
(1.24142 0.196075 -1.30137e-18)
(1.23744 0.206908 -4.02364e-19)
(1.25672 0.161508 7.04065e-18)
(1.25329 0.177456 3.77338e-18)
(1.24875 0.184482 4.10499e-19)
(1.24431 0.197069 -1.10618e-18)
(1.24049 0.207696 -2.522e-18)
(1.25914 0.163101 6.35144e-18)
(1.25586 0.178753 -4.06517e-19)
(1.25143 0.185637 4.43146e-19)
(1.24715 0.198025 -3.20493e-18)
(1.24349 0.208446 -4.65503e-18)
(1.2404 0.220792 -1.08105e-18)
(1.26152 0.164664 5.8422e-18)
(1.25839 0.18002 -1.81779e-19)
(1.25406 0.186762 4.49932e-19)
(1.24995 0.198945 -2.71589e-18)
(1.24644 0.209159 -4.18683e-18)
(1.24352 0.221292 -6.76208e-19)
(1.26387 0.166198 5.12225e-18)
(1.26088 0.181256 -5.56818e-20)
(1.25665 0.187856 2.60117e-19)
(1.25271 0.199827 -4.60813e-18)
(1.24934 0.209835 -3.88918e-18)
(1.24659 0.22175 7.97638e-22)
(1.26617 0.167703 6.22249e-18)
(1.26332 0.182464 1.15453e-19)
(1.25919 0.18892 2.12574e-18)
(1.25541 0.200676 -2.59125e-18)
(1.25219 0.210477 -3.50281e-18)
(1.24961 0.222172 -1.52726e-18)
(1.26844 0.169176 5.65849e-18)
(1.26572 0.183636 -1.32972e-18)
(1.2617 0.189942 6.97465e-20)
(1.25808 0.201472 -5.07066e-19)
(1.255 0.21106 -3.24242e-18)
(1.25258 0.222523 -1.22884e-18)
(1.22341 0.139226 1.96207e-17)
(1.2161 0.159324 5.91614e-18)
(1.21122 0.169036 -5.80638e-18)
(1.20369 0.183802 7.39374e-18)
(1.19795 0.197726 -5.40029e-18)
(1.22629 0.140862 1.8137e-17)
(1.2191 0.160673 2.81545e-18)
(1.21442 0.17012 -5.19011e-18)
(1.2071 0.184793 6.75318e-18)
(1.20161 0.198463 -4.8493e-18)
(1.22871 0.142491 1.66663e-17)
(1.22186 0.162 2.69468e-18)
(1.21718 0.171185 -4.48469e-18)
(1.21008 0.185756 1.19645e-17)
(1.20474 0.199166 -4.3107e-18)
(1.23095 0.144096 1.78387e-17)
(1.2245 0.163303 5.06737e-18)
(1.21976 0.172242 -3.60944e-18)
(1.2129 0.186695 7.89157e-18)
(1.20767 0.199849 -8.72829e-19)
(1.23319 0.145677 1.65985e-17)
(1.22712 0.164582 5.03677e-18)
(1.22233 0.173292 -3.08829e-18)
(1.21571 0.187608 7.14448e-18)
(1.2106 0.200509 -8.70642e-19)
(1.23545 0.147236 1.53409e-17)
(1.22973 0.16584 4.47705e-18)
(1.22492 0.17433 -5.12574e-18)
(1.21854 0.188496 6.60707e-18)
(1.21355 0.201145 -7.31305e-19)
(1.2377 0.148773 1.43317e-17)
(1.23231 0.167074 4.18632e-18)
(1.22749 0.175355 -4.48131e-18)
(1.22135 0.189358 6.01107e-18)
(1.21648 0.201755 -4.90485e-19)
(1.23993 0.150287 1.34061e-17)
(1.23487 0.168286 3.8192e-18)
(1.23003 0.176367 -3.98665e-18)
(1.22413 0.190194 5.56386e-18)
(1.21937 0.202341 -4.69588e-19)
(1.24212 0.151776 1.45187e-17)
(1.23739 0.169475 3.65213e-18)
(1.23254 0.177365 -3.459e-18)
(1.22688 0.191006 4.75759e-18)
(1.22222 0.202903 -4.80097e-19)
(1.2443 0.15324 1.1401e-17)
(1.23988 0.170642 3.59218e-18)
(1.23502 0.17835 -3.18266e-18)
(1.22962 0.191795 1.66377e-18)
(1.22505 0.203444 -3.42632e-19)
(1.08525 0.134745 1.70733e-17)
(1.13136 0.136106 -4.52657e-17)
(1.16077 0.190377 -8.88299e-18)
(1.09376 0.123288 2.73375e-17)
(1.13895 0.127427 -6.37484e-18)
(1.16988 0.174335 -1.44128e-17)
(1.10167 0.111455 2.76546e-17)
(1.14561 0.118092 -3.78369e-17)
(1.17899 0.158716 -1.42827e-17)
(1.1086 0.102186 6.3554e-17)
(1.15143 0.110474 -2.46475e-18)
(1.18653 0.14674 3.86783e-17)
(1.11389 0.0849947 1.58324e-17)
(1.1555 0.095687 2.37349e-18)
(1.19377 0.124365 7.56004e-18)
)
;

boundaryField
{
    inlet
    {
        type            uniformFixedValue;
        uniformValue    constant (1 0 0);
        value           nonuniform 0();
    }
    outlet
    {
        type            pressureInletOutletVelocity;
        value           nonuniform 0();
    }
    polygon
    {
        type            fixedValue;
        value           nonuniform 0();
    }
    top
    {
        type            symmetryPlane;
    }
    bottom
    {
        type            symmetryPlane;
    }
    outside
    {
        type            zeroGradient;
    }
    procBoundary57to49
    {
        type            processor;
        value           nonuniform List<vector> 
35
(
(1.2539 0.234461 5.50758e-18)
(1.25686 0.234908 3.65844e-18)
(1.25977 0.235304 3.86336e-18)
(1.26263 0.235649 2.13904e-18)
(1.26544 0.235946 3.69646e-18)
(1.26891 0.225832 4.77758e-19)
(1.26891 0.225832 4.77758e-19)
(1.27146 0.226233 4.44211e-19)
(1.27396 0.226593 1.90223e-18)
(1.2764 0.226919 6.83039e-19)
(1.27881 0.227171 7.96397e-19)
(1.22408 0.217638 -4.65729e-18)
(1.22744 0.218358 -3.82471e-18)
(1.23074 0.219034 -2.98923e-18)
(1.23401 0.219664 -2.27019e-18)
(1.23723 0.22025 -1.5369e-18)
(1.23723 0.22025 -1.5369e-18)
(1.238 0.233202 8.77046e-18)
(1.24131 0.233469 1.05366e-17)
(1.24457 0.23369 1.02343e-17)
(1.24776 0.233871 9.62699e-18)
(1.2509 0.23397 7.39607e-18)
(1.19161 0.212919 -9.80367e-18)
(1.19562 0.213504 -8.84292e-18)
(1.19899 0.214046 -8.12465e-18)
(1.20213 0.214558 -7.12967e-18)
(1.20528 0.215039 -6.0126e-18)
(1.20846 0.215485 -5.43879e-18)
(1.21162 0.215896 -4.64446e-18)
(1.21475 0.216274 -3.78709e-18)
(1.21783 0.216618 -3.31197e-18)
(1.22089 0.216932 -2.86606e-18)
(1.07612 0.146109 4.64317e-18)
(1.12313 0.144518 -5.36844e-18)
(1.15063 0.206828 1.35209e-17)
)
;
    }
    procBoundary57to56
    {
        type            processor;
        value           nonuniform List<vector> 5((1.06668 0.0754736 6.57569e-18) (1.07337 0.0705016 6.20479e-17) (1.07921 0.0649673 9.98107e-18) (1.08403 0.0602107 -1.80003e-17) (1.08765 0.0505506 -1.25974e-17));
    }
    procBoundary57to58
    {
        type            processor;
        value           nonuniform List<vector> 5((1.29019 0.183599 2.22181e-18) (1.28842 0.195214 -1.97292e-18) (1.28571 0.200335 -3.97269e-18) (1.28346 0.210074 -2.1655e-18) (1.28185 0.217992 6.80746e-19));
    }
}


// ************************************************************************* //
