/*--------------------------------*- C++ -*----------------------------------*\
  =========                 |
  \\      /  F ield         | OpenFOAM: The Open Source CFD Toolbox
   \\    /   O peration     | Website:  https://openfoam.org
    \\  /    A nd           | Version:  7
     \\/     M anipulation  |
\*---------------------------------------------------------------------------*/
FoamFile
{
    version     2.0;
    format      ascii;
    class       surfaceScalarField;
    location    "28";
    object      phi;
}
// * * * * * * * * * * * * * * * * * * * * * * * * * * * * * * * * * * * * * //

dimensions      [0 3 -1 0 0 0 0];

internalField   nonuniform List<scalar> 
321
(
0.00160633
0.000138416
0.00160199
9.72487e-05
0.00158909
0.000241142
0.00157727
0.000255419
0.00155222
0.00045129
0.00152292
0.000626635
0.00146922
0.000929129
0.00139609
0.00158937
0.00126332
0.00223892
0.00823065
1.71948e-05
0.00822997
-1.69291e-05
0.00822832
3.73685e-05
0.00822465
-1.06405e-05
0.00822106
5.76288e-05
0.00821286
6.00443e-06
0.00820555
9.17099e-05
0.00818825
4.49929e-05
0.00817309
0.00015358
0.00813827
0.000132068
0.00810609
0.00027332
0.00803664
0.000324872
0.00796705
0.000520878
0.0078279
0.000765785
0.00767441
0.00108262
0.00739666
0.00186712
0.00256764
0.00823126
1.8172e-05
0.00822957
-1.52386e-05
0.0082293
3.76338e-05
0.00822457
-5.90662e-06
0.00822272
5.94792e-05
0.00821345
1.52719e-05
0.00820801
9.71438e-05
0.00819063
6.23742e-05
0.0081774
0.000166817
0.00814433
0.000165137
0.00811438
0.000303263
0.00805077
0.000388487
0.00798506
0.000586591
0.00786175
0.000889094
0.00772178
0.00122259
0.00748741
0.00210149
0.00281972
0.0082314
1.90027e-05
0.00822995
-1.37833e-05
0.0082294
3.81853e-05
0.00822552
-2.03002e-06
0.00822321
6.1793e-05
0.00821551
2.29629e-05
0.00820967
0.000102985
0.00819471
7.73328e-05
0.00818139
0.000180138
0.00815259
0.000193946
0.00812363
0.000332216
0.00806799
0.000444133
0.00800722
0.000647357
0.0078998
0.000996516
0.00778078
0.00134161
0.00758063
0.00230164
0.00298441
0.0082317
1.954e-05
0.00823022
-1.23057e-05
0.00822988
3.85245e-05
0.00822623
1.62183e-06
0.00822435
6.36747e-05
0.00821725
3.00628e-05
0.00821217
0.000108056
0.00819857
9.09377e-05
0.00818686
0.000191851
0.00816076
0.00022004
0.00813564
0.000357341
0.00808537
0.000494396
0.00803476
0.000697972
0.00793825
0.00109302
0.00784923
0.00143063
0.0076732
0.00247768
0.00306234
0.00823213
1.96442e-05
0.00823042
-1.05975e-05
0.00823055
3.83916e-05
0.00822687
5.30602e-06
0.00822585
6.4695e-05
0.00821886
3.70483e-05
0.0082154
0.000111521
0.00820226
0.000104078
0.00819362
0.000200486
0.0081688
0.000244866
0.00815
0.000376142
0.00810278
0.000541613
0.00806632
0.000734434
0.00797708
0.00118226
0.00792205
0.00148566
0.00776648
0.00263324
0.00306837
0.00823269
1.91914e-05
0.00823056
-8.4697e-06
0.00823146
3.74878e-05
0.0082274
9.37252e-06
0.0082277
6.43908e-05
0.00822036
4.43884e-05
0.0082192
0.000112684
0.00820584
0.000117435
0.00820137
0.000204959
0.00817683
0.000269407
0.00816596
0.000387009
0.0081205
0.000587072
0.00810003
0.000754907
0.00801702
0.00126527
0.00799464
0.00150803
0.00786196
0.00276592
0.00302336
0.00823332
1.81029e-05
0.00823066
-5.80492e-06
0.0082325
3.56419e-05
0.00822787
1.40024e-05
0.00822977
6.24903e-05
0.00822182
5.23442e-05
0.00822335
0.000111148
0.00820945
0.000131335
0.00820967
0.000204742
0.0081851
0.000293982
0.00818269
0.000389421
0.008139
0.000630761
0.00813415
0.000759758
0.00805888
0.00134054
0.00806393
0.00150298
0.00796025
0.0028696
0.00294864
0.00823397
1.63649e-05
0.00823074
-2.57661e-06
0.00823358
3.27996e-05
0.00822836
1.92284e-05
0.00823192
5.89291e-05
0.00822334
6.09219e-05
0.00822763
0.000106865
0.00821327
0.000145688
0.00821812
0.000199897
0.00819388
0.000318215
0.00819943
0.000383877
0.00815869
0.000671495
0.00816741
0.000751039
0.00810314
0.00140481
0.00812857
0.00147755
0.00806034
0.00293783
0.00286281
0.00823457
1.40309e-05
0.00823084
1.14751e-06
0.00823462
2.90253e-05
0.00822891
2.49361e-05
0.00823401
5.38334e-05
0.00822503
6.9898e-05
0.0082318
0.00010009
0.00821744
0.000160051
0.00822637
0.000190966
0.00820339
0.000341194
0.00821567
0.000371597
0.0081798
0.000707372
0.00819918
0.00814961
0.00818868
0.00815979
0.00823505
0.00823098
0.00823553
0.00822956
0.00823593
0.00822694
0.00823574
0.00822203
0.00823423
0.00821368
0.00823117
)
;

boundaryField
{
    inlet
    {
        type            calculated;
        value           nonuniform List<scalar> 10(-0.00823223 -0.00823223 -0.00823223 -0.00823223 -0.00823223 -0.00823223 -0.00823223 -0.00823223 -0.00823223 -0.00823223);
    }
    outlet
    {
        type            calculated;
        value           nonuniform 0();
    }
    polygon
    {
        type            calculated;
        value           nonuniform 0();
    }
    top
    {
        type            symmetryPlane;
        value           uniform 0;
    }
    bottom
    {
        type            symmetryPlane;
        value           uniform 0;
    }
    outside
    {
        type            calculated;
        value           nonuniform 0();
    }
    procBoundary48to33
    {
        type            processor;
        value           nonuniform List<scalar> 7(0.0010661 0.0046445 0.00706794 0.00723533 0.00741593 0.00759526 0.00776046);
    }
    procBoundary48to40
    {
        type            processor;
        value           nonuniform List<scalar> 
19
(
-0.000131233
-9.29139e-05
-0.000228235
-0.000243605
-0.000426236
-0.000597334
-0.000875429
-0.00151624
-0.00210615
-0.00444728
-1.56088e-05
1.76025e-05
-3.57122e-05
1.43063e-05
-5.40343e-05
2.19694e-06
-8.44066e-05
-0.00161351
-2.76936e-05
)
;
    }
    procBoundary48to41
    {
        type            processor;
        value           nonuniform List<scalar> 4(0.00790697 0.00803497 0.00814616 0.0082439);
    }
    procBoundary48to56
    {
        type            processor;
        value           nonuniform List<scalar> 
18
(
0.000731658
0.00145438
0.00143848
0.00296671
0.0027787
1.12091e-05
5.22442e-06
2.44769e-05
3.08983e-05
4.7469e-05
7.88887e-05
9.12834e-05
0.000173762
0.000178768
0.000361747
0.000354106
0.0082022
0.000736338
)
;
    }
}


// ************************************************************************* //
