/*--------------------------------*- C++ -*----------------------------------*\
  =========                 |
  \\      /  F ield         | OpenFOAM: The Open Source CFD Toolbox
   \\    /   O peration     | Website:  https://openfoam.org
    \\  /    A nd           | Version:  7
     \\/     M anipulation  |
\*---------------------------------------------------------------------------*/
FoamFile
{
    version     2.0;
    format      ascii;
    class       surfaceScalarField;
    location    "104";
    object      phi;
}
// * * * * * * * * * * * * * * * * * * * * * * * * * * * * * * * * * * * * * //

dimensions      [0 3 -1 0 0 0 0];

internalField   nonuniform List<scalar> 
321
(
0.000601391
1.27553e-05
0.000603136
1.22746e-05
0.000604608
1.15275e-05
0.000605734
1.06806e-05
0.00060646
9.78755e-06
0.000606746
8.83463e-06
0.000606564
7.74729e-06
0.000605899
6.41377e-06
0.000604747
4.72217e-06
0.000603107
2.49832e-06
0.000600983
-3.39916e-07
-3.88309e-06
0.000601277
1.27638e-06
0.000601842
2.85231e-06
0.000602958
6.27758e-06
0.000604479
8.68901e-06
0.000606235
1.02154e-05
0.000608081
1.09226e-05
0.00060987
1.09664e-05
0.000611488
1.06571e-05
0.000612838
1.01776e-05
0.000613846
9.67239e-06
0.000614455
9.17846e-06
0.000614624
8.66591e-06
0.000614324
8.04736e-06
0.000613539
7.19847e-06
0.000612265
5.99652e-06
0.000610498
4.26512e-06
0.000608247
1.91101e-06
-1.15884e-06
0.000609535
1.05031e-06
0.000610022
2.36504e-06
0.000611031
5.26938e-06
0.000612425
7.29494e-06
0.000614054
8.58654e-06
0.000615775
9.20072e-06
0.000617447
9.29525e-06
0.000618952
9.15177e-06
0.000620194
8.9356e-06
0.000621097
8.76952e-06
0.000621602
8.67354e-06
0.000621666
8.6015e-06
0.000621261
8.45282e-06
0.000620369
8.09049e-06
0.000618984
7.38094e-06
0.000617105
6.14441e-06
0.000614738
4.27774e-06
1.68303e-06
0.000616769
8.56617e-07
0.000617193
1.94027e-06
0.000618112
4.35069e-06
0.0006194
6.0075e-06
0.000620921
7.06555e-06
0.000622537
7.58456e-06
0.000624107
7.72519e-06
0.000625515
7.74322e-06
0.000626664
7.78712e-06
0.000627475
7.95825e-06
0.000627889
8.25959e-06
0.000627862
8.62845e-06
0.000627364
8.95084e-06
0.000626378
9.07698e-06
0.000624896
8.86237e-06
0.000622917
8.12309e-06
0.000620448
6.74673e-06
4.62952e-06
0.00062297
6.88444e-07
0.000623346
1.5649e-06
0.000624192
3.50432e-06
0.000625392
4.80715e-06
0.000626825
5.63328e-06
0.000628353
6.05589e-06
0.000629839
6.23923e-06
0.000631167
6.41561e-06
0.000632237
6.71728e-06
0.00063297
7.22445e-06
0.000633307
7.92297e-06
0.000633202
8.73343e-06
0.000632625
9.52824e-06
0.000631557
1.01447e-05
0.000629992
1.04275e-05
0.000627927
1.01878e-05
0.00062537
9.30415e-06
7.66716e-06
0.000628134
5.39956e-07
0.000628471
1.2275e-06
0.000629261
2.71438e-06
0.000630393
3.67527e-06
0.000631755
4.27102e-06
0.000633214
4.59656e-06
0.000634633
4.8202e-06
0.000635896
5.15279e-06
0.000636903
5.71088e-06
0.000637573
6.55362e-06
0.000637847
7.6497e-06
0.000637677
8.90282e-06
0.000637034
1.01716e-05
0.000635898
1.12803e-05
0.000634263
1.20628e-05
0.000632126
1.23249e-05
0.000629494
1.19363e-05
1.07818e-05
0.000632254
4.06119e-07
0.000632564
9.18033e-07
0.000633312
1.96618e-06
0.000634393
2.59408e-06
0.000635704
2.96051e-06
0.000637112
3.1885e-06
0.000638481
3.45087e-06
0.000639695
3.93844e-06
0.000640654
4.75242e-06
0.000641276
5.931e-06
0.0006415
7.42554e-06
0.000641281
9.1227e-06
0.000640585
1.08671e-05
0.000639395
1.247e-05
0.000637704
1.37545e-05
0.000635508
1.45206e-05
0.000632815
1.46291e-05
1.39593e-05
0.000635328
2.82508e-07
0.000635619
6.27484e-07
0.000636339
1.24592e-06
0.000637386
1.54651e-06
0.000638663
1.68386e-06
0.000640038
1.81383e-06
0.000641375
2.11393e-06
0.000642557
2.75606e-06
0.000643483
3.82622e-06
0.000644073
5.34156e-06
0.000644262
7.23602e-06
0.000644006
9.37897e-06
0.000643272
1.16009e-05
0.000642042
1.37001e-05
0.000640308
1.54888e-05
0.000638067
1.67609e-05
0.000635328
1.73686e-05
1.71854e-05
0.000637352
1.65132e-07
0.000637632
3.47613e-07
0.000638337
5.40503e-07
0.000639368
5.16044e-07
0.000640628
4.23487e-07
0.000641987
4.54756e-07
0.000643309
7.92105e-07
0.000644476
1.58908e-06
0.000645386
2.91651e-06
0.000645957
4.7702e-06
0.000646127
7.06653e-06
0.000645848
9.65737e-06
0.00064509
1.23591e-05
0.000643834
1.49566e-05
0.000642071
1.72517e-05
0.0006398
1.90318e-05
0.000637028
2.01406e-05
2.04459e-05
0.000638325
5.02709e-08
0.000638602
0.000639305
0.000640334
0.000641596
0.000642957
0.000644281
0.000645449
0.000646358
0.000646927
0.000647091
0.000646804
0.000646036
0.000644767
0.00064299
0.000640702
0.000637912
)
;

boundaryField
{
    inlet
    {
        type            calculated;
        value           nonuniform 0();
    }
    outlet
    {
        type            calculated;
        value           nonuniform List<scalar> 10(-0.00060101 -0.000609309 -0.000616575 -0.000622802 -0.000627985 -0.00063212 -0.000635204 -0.000637235 -0.00063821 -0.000638129);
    }
    polygon
    {
        type            calculated;
        value           nonuniform 0();
    }
    top
    {
        type            symmetryPlane;
        value           uniform 0;
    }
    bottom
    {
        type            symmetryPlane;
        value           uniform 0;
    }
    outside
    {
        type            calculated;
        value           nonuniform 0();
    }
    procBoundary39to31
    {
        type            processor;
        value           nonuniform List<scalar> 
19
(
7.06507e-08
-1.62675e-07
-5.13415e-07
-8.37991e-07
-9.06548e-07
-5.31861e-07
4.20958e-07
2.00752e-06
4.20177e-06
6.90243e-06
9.94361e-06
1.31274e-05
1.62255e-05
1.90292e-05
2.13193e-05
2.29309e-05
2.37265e-05
0.000638245
-6.57219e-08
)
;
    }
    procBoundary39to38
    {
        type            processor;
        value           nonuniform List<scalar> 10(0.000598391 0.000605523 0.000611896 0.000617502 0.000622332 0.000626379 0.000629638 0.000632102 0.000633767 0.000634631);
    }
    procBoundary39to47
    {
        type            processor;
        value           nonuniform List<scalar> 
19
(
-1.54292e-06
-3.4172e-06
-7.394e-06
-1.02103e-05
-1.19717e-05
-0.000599468
-1.27684e-05
-1.46784e-05
-1.40193e-05
-1.29993e-05
-1.18073e-05
-1.05136e-05
-9.12017e-06
-7.56506e-06
-5.74895e-06
-3.57035e-06
-8.57933e-07
2.46381e-06
6.475e-06
)
;
    }
}


// ************************************************************************* //
