/*--------------------------------*- C++ -*----------------------------------*\
  =========                 |
  \\      /  F ield         | OpenFOAM: The Open Source CFD Toolbox
   \\    /   O peration     | Website:  https://openfoam.org
    \\  /    A nd           | Version:  7
     \\/     M anipulation  |
\*---------------------------------------------------------------------------*/
FoamFile
{
    version     2.0;
    format      ascii;
    class       surfaceScalarField;
    location    "72";
    object      phi;
}
// * * * * * * * * * * * * * * * * * * * * * * * * * * * * * * * * * * * * * //

dimensions      [0 3 -1 0 0 0 0];

internalField   nonuniform List<scalar> 
321
(
0.000720315
-3.26018e-07
0.000720507
-1.13478e-06
0.000720858
-2.19821e-06
0.000721305
-2.70951e-06
0.000721747
-2.38103e-06
-1.13488e-06
0.000508331
-2.38752e-05
0.000507591
-3.253e-05
0.000506454
-4.1595e-05
0.000504911
-5.093e-05
0.000502957
-6.04136e-05
0.000500591
-6.994e-05
-7.94157e-05
0.000515252
1.33944e-06
0.000515849
3.78728e-06
0.000516708
6.43272e-06
0.000517741
7.96477e-06
0.000518793
7.72159e-06
0.000519752
5.77886e-06
0.000520534
2.25154e-06
0.00052107
-2.65101e-06
0.00052131
-8.70955e-06
0.000521214
-1.56962e-05
0.000520751
-2.3413e-05
0.000519902
-3.16805e-05
0.00051865
-4.0343e-05
0.000516986
-4.92657e-05
0.000514904
-5.83316e-05
0.000512403
-6.7439e-05
0.000509485
-7.64982e-05
-8.54285e-05
0.000528136
1.12561e-06
0.000528655
3.26904e-06
0.000529422
5.66498e-06
0.000530354
7.03308e-06
0.000531305
6.77068e-06
0.000532167
4.91688e-06
0.000532853
1.56525e-06
0.000533296
-3.09397e-06
0.000533442
-8.85492e-06
0.000533249
-1.55032e-05
0.000532686
-2.28509e-05
0.000531732
-3.07264e-05
0.00053037
-3.89811e-05
0.00052859
-4.74854e-05
0.000526386
-5.61275e-05
0.000523757
-6.48096e-05
0.000520704
-7.34458e-05
-8.19587e-05
0.000540458
9.45214e-07
0.000540908
2.81966e-06
0.000541592
4.98051e-06
0.000542431
6.19457e-06
0.000543287
5.91388e-06
0.000544057
4.14685e-06
0.000544654
9.69019e-07
0.000545007
-3.4477e-06
0.000545063
-8.91044e-06
0.000544778
-1.52183e-05
0.000544121
-2.21934e-05
0.000543067
-2.96727e-05
0.0005416
-3.75143e-05
0.000539709
-4.55947e-05
0.000537389
-5.38069e-05
0.000534637
-6.20575e-05
0.000531455
-7.02645e-05
-7.83541e-05
0.000552204
7.93199e-07
0.000552594
2.43029e-06
0.000553203
4.37115e-06
0.000553956
5.4416e-06
0.000554725
5.1445e-06
0.000555409
3.46304e-06
0.00055592
4.57781e-07
0.00055619
-3.71705e-06
0.00055616
-8.88077e-06
0.000555788
-1.48462e-05
0.00055504
-2.14455e-05
0.000553892
-2.85244e-05
0.000552325
-3.5948e-05
0.00055033
-4.3599e-05
0.000547898
-5.13755e-05
0.00054503
-5.91887e-05
0.000541726
-6.69606e-05
-7.46211e-05
0.000563362
6.65213e-07
0.000563699
2.09299e-06
0.000564241
3.82917e-06
0.000564916
4.76673e-06
0.000565604
4.45593e-06
0.000566208
2.85953e-06
0.000566639
2.63691e-08
0.000566829
-3.90701e-06
0.000566719
-8.77069e-06
0.000566265
-1.43917e-05
0.000565431
-2.06122e-05
0.000564194
-2.72866e-05
0.000562533
-3.42876e-05
0.000560438
-4.1504e-05
0.000557902
-4.88394e-05
0.000554923
-5.62096e-05
0.000551503
-6.35406e-05
-7.07664e-05
0.000573919
5.57503e-07
0.000574211
1.80068e-06
0.000574693
3.34737e-06
0.000575297
4.16277e-06
0.000575911
3.84159e-06
0.00057644
2.33101e-06
0.000576798
-3.31534e-07
0.000576913
-4.02211e-06
0.000576727
-8.58516e-06
0.000576195
-1.38597e-05
0.000575282
-1.96985e-05
0.00057396
-2.59647e-05
0.000572211
-3.25386e-05
0.000570022
-3.93155e-05
0.000567387
-4.62045e-05
0.000564304
-5.31263e-05
0.000560775
-6.00113e-05
-6.6797e-05
0.000583864
4.66846e-07
0.000584118
1.5471e-06
0.000584546
2.91902e-06
0.000585086
3.62286e-06
0.000585633
3.29512e-06
0.000586093
1.87114e-06
0.000586381
-6.20304e-07
0.000586427
-4.06798e-06
0.000586171
-8.32917e-06
0.000585567
-1.32554e-05
0.000584578
-1.87095e-05
0.000583177
-2.4564e-05
0.000581345
-3.07067e-05
0.000579069
-3.70395e-05
0.000576342
-4.34772e-05
0.000573161
-4.99456e-05
0.000569529
-5.63793e-05
-6.272e-05
0.000593188
3.90479e-07
0.000593408
1.32672e-06
0.000593789
2.5379e-06
0.000594272
3.14048e-06
0.000594757
2.81026e-06
0.000595154
1.47429e-06
0.000595379
-8.45481e-07
0.00059536
-4.04964e-06
0.000595039
-8.00782e-06
0.000594367
-1.25838e-05
0.000593309
-1.76507e-05
0.000591835
-2.309e-05
0.000589926
-2.87975e-05
0.000587568
-3.46819e-05
0.000584755
-4.06638e-05
0.000581483
-4.66741e-05
0.000577756
-5.26519e-05
-5.85429e-05
0.00060188
0.000602072
0.000602411
0.000602842
0.000603272
0.000603611
0.000603778
0.000603701
0.000603319
0.000602585
0.000601462
0.00059992
0.00059794
0.000595507
0.000592614
0.000589258
0.000585443
)
;

boundaryField
{
    inlet
    {
        type            calculated;
        value           nonuniform 0();
    }
    outlet
    {
        type            calculated;
        value           nonuniform List<scalar> 10(-0.000720252 -0.000514999 -0.000527923 -0.000540278 -0.000552052 -0.000563234 -0.000573811 -0.000583774 -0.000593112 -0.000601815);
    }
    polygon
    {
        type            calculated;
        value           nonuniform 0();
    }
    top
    {
        type            symmetryPlane;
        value           uniform 0;
    }
    bottom
    {
        type            symmetryPlane;
        value           uniform 0;
    }
    outside
    {
        type            calculated;
        value           nonuniform 0();
    }
    procBoundary47to39
    {
        type            processor;
        value           nonuniform List<scalar> 
19
(
2.63229e-07
9.42081e-07
1.84703e-06
2.263e-06
1.93894e-06
0.000722085
7.96659e-07
-1.01246e-06
-3.9722e-06
-7.62622e-06
-1.18502e-05
-1.65273e-05
-2.15483e-05
-2.6817e-05
-3.2249e-05
-3.77709e-05
-4.33186e-05
-4.8836e-05
-5.4273e-05
)
;
    }
    procBoundary47to46
    {
        type            processor;
        value           nonuniform List<scalar> 
11
(
0.000497814
8.8757e-05
0.000506157
0.000517234
0.000527851
0.000537993
0.000547648
0.000556805
0.000565452
0.000573578
0.000581173
)
;
    }
    procBoundary47to55
    {
        type            processor;
        value           nonuniform List<scalar> 
18
(
-1.59249e-06
-4.38426e-06
-7.29227e-06
-8.99742e-06
-8.77328e-06
-6.73839e-06
-3.03285e-06
2.11418e-06
8.4698e-06
-0.000508689
1.57926e-05
2.42326e-05
3.32699e-05
4.27319e-05
5.24731e-05
6.23679e-05
7.23065e-05
8.21922e-05
)
;
    }
}


// ************************************************************************* //
