/*--------------------------------*- C++ -*----------------------------------*\
  =========                 |
  \\      /  F ield         | OpenFOAM: The Open Source CFD Toolbox
   \\    /   O peration     | Website:  https://openfoam.org
    \\  /    A nd           | Version:  7
     \\/     M anipulation  |
\*---------------------------------------------------------------------------*/
FoamFile
{
    version     2.0;
    format      ascii;
    class       volVectorField;
    location    "80";
    object      U;
}
// * * * * * * * * * * * * * * * * * * * * * * * * * * * * * * * * * * * * * //

dimensions      [0 1 -1 0 0 0 0];

internalField   nonuniform List<vector> 
175
(
(0.977501 -0.172602 7.0345e-18)
(0.64376 -0.0954761 4.63964e-18)
(0.244523 -0.02564 1.07536e-17)
(-0.0217932 -0.0318348 1.74594e-18)
(-0.0683235 -0.0352519 2.01195e-18)
(1.02263 -0.185554 5.57526e-18)
(0.703484 -0.106941 4.52708e-18)
(0.294 -0.0289574 7.24508e-18)
(-0.000900457 -0.030925 5.00697e-19)
(-0.0678668 -0.0330092 -1.81721e-18)
(1.06107 -0.199423 5.70731e-18)
(0.759945 -0.121305 4.81696e-18)
(0.345735 -0.0341063 6.38675e-18)
(0.0219737 -0.0261483 -9.09831e-19)
(-0.0659867 -0.029538 -1.56485e-18)
(1.09743 -0.213317 5.993e-18)
(0.815699 -0.136838 5.03056e-18)
(0.40063 -0.0416923 2.75907e-18)
(0.0487326 -0.0191419 -2.50665e-18)
(-0.063082 -0.0250595 -1.78367e-18)
(1.13144 -0.227183 6.3113e-18)
(0.871134 -0.153189 8.7199e-18)
(0.460149 -0.052074 1.48282e-18)
(0.0805843 -0.0113865 2.30534e-18)
(-0.0593534 -0.0197115 -2.36283e-18)
(0.925408 -0.17024 7.29285e-18)
(0.523923 -0.065363 -2.49012e-18)
(0.118065 -0.00440682 -4.03823e-20)
(-0.054424 -0.013692 -3.81986e-18)
(0.977762 -0.18788 8.33469e-18)
(0.59118 -0.0814764 4.24293e-20)
(0.161615 0.000242959 -1.51279e-18)
(-0.0476508 -0.00726874 -7.07239e-18)
(1.02766 -0.206 9.17706e-18)
(0.661509 -0.100196 9.80564e-19)
(0.21214 0.00115535 -2.29583e-18)
(-0.0383127 -0.000746275 -4.75656e-18)
(1.07476 -0.224559 1.03631e-17)
(0.734853 -0.121285 1.76291e-18)
(0.271764 -0.00260716 -3.09321e-18)
(-0.0245693 0.00571679 -3.50371e-18)
(1.11808 -0.243537 8.78519e-18)
(0.808129 -0.144611 6.7398e-18)
(0.339048 -0.0114887 -3.33357e-18)
(-0.00150162 0.0121969 -3.62274e-18)
(-0.0804174 -0.0573592 4.86574e-19)
(-0.0727838 -0.0616217 1.44019e-18)
(-0.0532118 -0.0745908 1.77608e-18)
(-0.0160985 -0.0386657 2.19783e-18)
(-0.140362 -0.0125162 1.80349e-18)
(-0.13465 -0.0149437 3.49696e-18)
(-0.128143 -0.0177908 1.07015e-18)
(-0.121431 -0.0215331 -2.48899e-18)
(-0.113364 -0.025924 7.59788e-18)
(-0.106011 -0.0317628 3.41734e-19)
(-0.095749 -0.0389957 -5.03574e-19)
(-0.0892644 -0.0471406 -6.50952e-19)
(-0.0758623 -0.0596729 1.25325e-18)
(-0.0712573 -0.0639731 2.23464e-18)
(-0.05322 -0.0774207 1.13035e-18)
(-0.017858 -0.0382462 2.11312e-18)
(-0.131472 -0.0134833 3.85346e-18)
(-0.125611 -0.0160272 2.32943e-18)
(-0.119045 -0.0190035 1.48944e-18)
(-0.11234 -0.0229029 -1.82921e-18)
(-0.104476 -0.0274437 6.73083e-18)
(-0.0974742 -0.0335013 -2.85848e-19)
(-0.0879303 -0.0408351 3.24827e-19)
(-0.0826275 -0.0492604 -3.53367e-19)
(-0.0707499 -0.0616554 2.10223e-18)
(-0.0693073 -0.0660161 1.65074e-18)
(-0.0528941 -0.0798861 5.86852e-19)
(-0.0204889 -0.0378447 2.54141e-18)
(-0.121948 -0.0144793 4.74426e-18)
(-0.115923 -0.0171328 1.21168e-18)
(-0.109282 -0.0202287 2.20242e-18)
(-0.10257 -0.0242696 -1.64144e-18)
(-0.0948992 -0.0289372 4.90302e-18)
(-0.0882418 -0.0351799 -1.25668e-18)
(-0.0794165 -0.0425539 1.18934e-18)
(-0.0752943 -0.0511991 1.80927e-18)
(-0.0649616 -0.0632968 3.59606e-18)
(-0.0667787 -0.0677392 3.33879e-18)
(-0.0521239 -0.0818628 -2.56993e-19)
(-0.0244558 -0.0375518 3.67366e-18)
(-0.111766 -0.0155057 6.19013e-18)
(-0.105555 -0.0182646 7.25382e-20)
(-0.0988192 -0.0214737 3.45834e-18)
(-0.0920828 -0.0256445 -1.89959e-18)
(-0.0845866 -0.0304205 4.06183e-18)
(-0.0782559 -0.0368167 -2.80426e-18)
(-0.0701291 -0.0441778 2.41348e-18)
(-0.0671616 -0.0529739 4.50629e-18)
(-0.0583487 -0.0646096 5.57057e-18)
(-0.0634685 -0.0691132 3.78397e-18)
(-0.0507533 -0.0830925 -1.55255e-18)
(-0.0304359 -0.0375439 5.67747e-18)
(-0.107063 -0.0142902 6.67251e-18)
(-0.100898 -0.0165945 6.66588e-18)
(-0.0944783 -0.0194501 2.58255e-18)
(-0.0876219 -0.0227608 7.33223e-18)
(-0.0808357 -0.0270372 1.19427e-18)
(-0.0734853 -0.0318932 6.23238e-18)
(-0.0674505 -0.03839 -9.97803e-19)
(-0.0599748 -0.0456723 6.45746e-18)
(-0.058108 -0.0545223 8.36602e-18)
(-0.0507229 -0.0655238 6.32957e-18)
(-0.059109 -0.0700512 4.85612e-18)
(-0.0485608 -0.0835261 1.50503e-18)
(-0.039419 -0.0378216 7.17989e-18)
(-0.0773172 -0.0171503 1.53491e-17)
(-0.0705314 -0.0196305 1.55031e-17)
(-0.0635899 -0.0226458 1.47842e-17)
(-0.0564413 -0.0261064 1.60286e-17)
(-0.0495486 -0.0304812 1.4495e-17)
(-0.0425798 -0.0353396 1.53159e-17)
(-0.0373096 -0.0418021 2.25329e-18)
(-0.0314194 -0.0485197 1.50465e-17)
(-0.0322783 -0.0571954 1.68844e-17)
(-0.028197 -0.0662181 1.66018e-17)
(-0.0447069 -0.0708886 1.56546e-17)
(-0.0400828 -0.0849958 1.64799e-17)
(-0.0731609 -0.0380075 1.54735e-17)
(-0.0105472 -0.0220719 6.4e-18)
(-0.00198209 -0.0246438 7.01928e-18)
(0.00663348 -0.0276165 6.38635e-18)
(0.0152272 -0.0309557 6.7295e-18)
(0.0233845 -0.0348639 6.58241e-18)
(0.0311153 -0.039087 6.45119e-18)
(0.0369289 -0.0441804 2.40437e-18)
(0.0424435 -0.0488863 6.38732e-18)
(0.0403934 -0.0549548 7.07632e-18)
(0.0435971 -0.0585634 7.14604e-18)
(0.0179548 -0.0604367 6.88689e-18)
(0.0272179 -0.0640025 7.63932e-18)
(-0.0605156 -0.0168719 5.68896e-18)
(0.077376 -0.0288783 1.64781e-17)
(0.0889695 -0.0315381 1.70268e-17)
(0.100717 -0.0344844 1.72064e-17)
(0.112529 -0.0376743 1.74931e-17)
(0.124138 -0.0411676 1.74248e-17)
(0.135449 -0.0447414 1.57833e-17)
(0.145688 -0.0485819 5.4135e-18)
(0.155677 -0.0515134 1.73594e-17)
(0.161219 -0.055073 1.80059e-17)
(0.172431 -0.0531597 1.81429e-17)
(0.163496 -0.0540974 1.74987e-17)
(0.19794 -0.0375637 2.04945e-17)
(0.147944 -0.0188019 1.32119e-17)
(0.19106 -0.0383105 4.73286e-18)
(0.207613 -0.0412044 4.76975e-18)
(0.224819 -0.0443196 5.11284e-18)
(0.242737 -0.0476201 6.11096e-18)
(0.261408 -0.0510993 5.17611e-18)
(0.281045 -0.054613 6.84885e-18)
(0.301796 -0.0581446 1.43486e-17)
(0.32465 -0.061143 4.03491e-18)
(0.349364 -0.0643944 5.17222e-18)
(0.382802 -0.0648717 5.02991e-18)
(0.415241 -0.0710452 5.44721e-18)
(0.492526 -0.0649854 5.66825e-18)
(0.521525 -0.086109 4.32328e-18)
(0.334597 -0.0518399 1.62746e-18)
(0.35852 -0.0554189 2.33355e-18)
(0.384058 -0.0593124 4.88663e-18)
(0.411546 -0.0635547 1.31515e-17)
(0.441439 -0.0682213 6.10672e-19)
(0.474434 -0.0733822 3.15359e-18)
(0.511434 -0.0792278 3.8527e-18)
(0.553825 -0.0859445 6.45752e-19)
(0.602929 -0.0943745 1.89251e-18)
(0.662036 -0.104518 2.03095e-18)
(0.729694 -0.120249 2.44285e-18)
(0.823086 -0.131642 3.32532e-18)
(0.884756 -0.167362 4.96529e-18)
)
;

boundaryField
{
    inlet
    {
        type            uniformFixedValue;
        uniformValue    constant (1 0 0);
        value           nonuniform 0();
    }
    outlet
    {
        type            pressureInletOutletVelocity;
        value           nonuniform 0();
    }
    polygon
    {
        type            fixedValue;
        value           uniform (0 0 0);
    }
    top
    {
        type            symmetryPlane;
    }
    bottom
    {
        type            symmetryPlane;
    }
    outside
    {
        type            zeroGradient;
    }
    procBoundary18to10
    {
        type            processor;
        value           nonuniform List<vector> 
24
(
(1.17811 -0.233391 3.25685e-18)
(1.20378 -0.243862 3.27423e-18)
(1.22371 -0.253807 3.17272e-18)
(1.24189 -0.263424 6.03671e-18)
(1.25787 -0.272669 4.84228e-18)
(1.16283 -0.240949 4.44425e-18)
(1.16283 -0.240949 4.44425e-18)
(1.19138 -0.254509 4.44097e-18)
(1.2169 -0.267746 4.25466e-18)
(1.23931 -0.280552 3.9522e-18)
(1.25875 -0.292808 5.31276e-18)
(0.508173 -0.0711518 1.15325e-18)
(0.5411 -0.076171 1.27043e-18)
(0.576577 -0.0818068 2.15698e-18)
(0.615027 -0.0882057 3.41487e-18)
(0.656928 -0.0955665 1.73758e-18)
(0.70281 -0.104114 5.3186e-18)
(0.753128 -0.114134 1.01359e-17)
(0.808172 -0.125935 -2.00004e-18)
(0.86781 -0.140003 1.87508e-18)
(0.932126 -0.156461 8.79721e-19)
(1.00045 -0.1757 2.27971e-18)
(1.07367 -0.194733 2.5343e-18)
(1.12525 -0.22784 2.72879e-18)
)
;
    }
    procBoundary18to11
    {
        type            processor;
        value           nonuniform List<vector> 6((-0.112828 -0.0123165 4.90466e-18) (-0.0838032 -0.0150068 1.32394e-17) (-0.0189082 -0.0198017 5.83969e-18) (0.0660531 -0.0264622 1.53508e-17) (0.175149 -0.0356273 4.01197e-18) (0.312058 -0.0485389 7.45143e-19));
    }
    procBoundary18to19
    {
        type            processor;
        value           nonuniform List<vector> 5((-0.14568 -0.0105941 4.86008e-19) (-0.13697 -0.0114604 1.5275e-18) (-0.127647 -0.01236 2.81603e-18) (-0.117686 -0.0132921 4.40027e-18) (-0.117686 -0.0132921 4.40027e-18));
    }
    procBoundary18to25
    {
        type            processor;
        value           nonuniform List<vector> 4((1.15723 -0.263311 9.3868e-18) (0.874841 -0.170554 4.60444e-18) (0.400701 -0.026544 -3.72474e-18) (0.0168163 0.0176608 -4.8282e-18));
    }
    procBoundary18to26
    {
        type            processor;
        value           nonuniform List<vector> 
13
(
(-0.0845101 -0.054741 -1.12161e-20)
(-0.0740094 -0.058977 8.06539e-19)
(-0.0529501 -0.0714489 2.5281e-19)
(-0.0148903 -0.0390561 2.75996e-18)
(-0.148645 -0.0115792 -1.59086e-20)
(-0.143065 -0.0138833 3.31296e-18)
(-0.136606 -0.016591 8.05574e-19)
(-0.129877 -0.0201603 -1.71084e-18)
(-0.121605 -0.0243776 5.85675e-18)
(-0.113904 -0.0299634 9.32129e-19)
(-0.102939 -0.0370353 6.94264e-19)
(-0.0952925 -0.0448418 -9.32481e-19)
(-0.0952925 -0.0448418 -9.32481e-19)
)
;
    }
}


// ************************************************************************* //
