/*--------------------------------*- C++ -*----------------------------------*\
  =========                 |
  \\      /  F ield         | OpenFOAM: The Open Source CFD Toolbox
   \\    /   O peration     | Website:  https://openfoam.org
    \\  /    A nd           | Version:  7
     \\/     M anipulation  |
\*---------------------------------------------------------------------------*/
FoamFile
{
    version     2.0;
    format      ascii;
    class       volVectorField;
    location    "100";
    object      U;
}
// * * * * * * * * * * * * * * * * * * * * * * * * * * * * * * * * * * * * * //

dimensions      [0 1 -1 0 0 0 0];

internalField   nonuniform List<vector> 
125
(
(1.00576 -0.000379218 -6.59687e-17)
(0.993261 0.000366477 1.86394e-17)
(1.00728 -0.000872066 -1.18519e-17)
(0.990647 0.000137316 -1.01127e-18)
(1.00896 -0.00129732 -5.96775e-18)
(0.986866 -0.000422926 -4.90313e-17)
(1.01048 -0.0020451 4.65289e-17)
(0.981058 -0.00166363 5.76822e-17)
(1.0112 -0.00343509 -4.47817e-17)
(0.971766 -0.0043559 2.55886e-17)
(1.00963 -0.00620288 -4.88616e-18)
(0.956124 -0.0101949 3.5458e-17)
(1.00236 -0.0121089 -1.48325e-17)
(0.928142 -0.02342 -3.61962e-18)
(0.981724 -0.0261083 -1.95015e-17)
(0.874355 -0.0568538 4.0519e-17)
(0.930094 -0.0659291 -4.38004e-18)
(1.00575 -0.00033623 -6.46138e-17)
(0.99328 0.000316726 5.22022e-17)
(1.00722 -0.00076876 -3.69032e-17)
(0.990712 9.75075e-05 -1.05647e-18)
(1.00883 -0.00114346 -3.60209e-17)
(0.986988 -0.000413546 -4.20794e-17)
(1.01022 -0.00179653 5.15044e-17)
(0.981283 -0.00153889 4.62292e-17)
(1.0107 -0.0030048 -1.27187e-17)
(0.972173 -0.00397159 1.21354e-17)
(1.00868 -0.0054004 -7.841e-18)
(0.956845 -0.0092338 2.43512e-17)
(1.00055 -0.0105098 -5.52265e-17)
(0.929389 -0.021148 -9.1173e-18)
(0.977936 -0.0226308 -3.05676e-17)
(0.876252 -0.0513922 -1.87776e-17)
(0.920414 -0.0574654 -2.84824e-17)
(1.00573 -0.000292718 -1.75609e-17)
(0.993317 0.000268483 3.5972e-17)
(1.00716 -0.00066397 -1.11632e-17)
(0.990799 6.91074e-05 -6.18796e-19)
(1.00869 -0.000987031 -9.55257e-18)
(0.987141 -0.000393358 -3.7916e-17)
(1.00994 -0.00154763 1.82008e-17)
(0.981553 -0.00140633 4.25078e-17)
(1.0102 -0.00258536 3.82344e-18)
(0.972644 -0.00358589 4.76451e-18)
(1.00777 -0.00464613 -1.29484e-17)
(0.957666 -0.0082905 1.52962e-17)
(0.998853 -0.00904307 -3.58871e-17)
(0.930813 -0.0189439 -1.19541e-17)
(0.974504 -0.0194815 -6.13559e-17)
(0.878565 -0.0460888 -7.59083e-17)
(0.9118 -0.0496781 -5.74008e-17)
(1.0057 -0.000250776 2.30833e-17)
(0.993366 0.000225761 4.20445e-17)
(1.00708 -0.000565737 3.40607e-19)
(0.990898 4.76766e-05 -7.72608e-19)
(1.00939 -0.0107366 2.06866e-17)
(0.968699 -0.0192916 1.20932e-17)
(1.00526 -0.0216117 1.39594e-17)
(0.952724 -0.0414142 -1.41239e-17)
(0.992808 -0.0447281 8.15949e-17)
(0.931485 -0.092295 4.18233e-17)
(1.00505 -0.000468514 1.26892e-17)
(0.994207 0.000183152 -1.79675e-18)
(1.00653 -0.000962393 1.91376e-17)
(0.991823 -0.000355148 2.66526e-18)
(1.00822 -0.0016266 3.11586e-17)
(0.988517 -0.0013938 -8.65121e-17)
(1.00998 -0.00284994 -4.45921e-17)
(0.98347 -0.00355939 9.88928e-17)
(1.01141 -0.00524992 4.81975e-18)
(0.975545 -0.008054 1.05495e-16)
(1.01148 -0.0101343 3.08642e-17)
(0.96274 -0.0174544 2.63017e-17)
(1.00792 -0.0204208 1.68956e-17)
(0.941898 -0.0378316 -1.78012e-18)
(0.995779 -0.0429906 1.4963e-17)
(0.910553 -0.0855462 1.41539e-17)
(1.00541 -0.000465648 1.22894e-17)
(0.993717 0.00025274 -2.11339e-18)
(1.007 -0.000965504 2.23813e-17)
(0.991132 -0.000200239 2.64216e-18)
(1.00885 -0.00157031 2.95811e-17)
(0.987485 -0.00112807 -8.87699e-17)
(1.01077 -0.00268363 -4.50105e-17)
(0.981869 -0.00306927 9.94043e-17)
(1.01238 -0.00484509 1.33821e-18)
(0.97294 -0.00712243 1.09224e-16)
(1.01264 -0.00924122 1.44862e-17)
(0.958197 -0.0156458 9.07769e-17)
(1.00923 -0.0186036 2.77907e-17)
(0.933131 -0.0342427 2.10963e-18)
(0.997151 -0.0398155 1.8298e-17)
(0.89129 -0.0783934 1.71058e-17)
(1.00565 -0.000445067 6.61702e-17)
(0.993404 0.000300673 -1.5745e-18)
(1.00728 -0.000947981 8.35543e-17)
(0.990725 -9.4316e-05 1.61293e-17)
(1.00915 -0.00149435 2.39948e-17)
(0.986894 -0.000889562 -3.86182e-17)
(1.01106 -0.0024765 4.36189e-17)
(0.980982 -0.00258489 5.12262e-17)
(1.01257 -0.00435734 2.00908e-18)
(0.971518 -0.00616714 4.15711e-17)
(1.01252 -0.00816429 4.66751e-18)
(0.955677 -0.0137649 3.33855e-17)
(1.00841 -0.0163262 2.16387e-17)
(0.927909 -0.030515 -1.17103e-17)
(0.994876 -0.0353082 8.31659e-17)
(0.877745 -0.0709397 4.47938e-17)
(1.00575 -0.000432855 -7.25813e-18)
(0.993265 0.000395547 2.09168e-18)
(1.00734 -0.000972873 1.22462e-17)
(0.990588 0.000115647 1.82054e-18)
(1.00914 -0.00145974 2.12843e-17)
(0.986737 -0.000514868 -8.38343e-17)
(1.01087 -0.00231739 -2.00976e-17)
(0.980798 -0.00191602 9.70894e-17)
(1.01199 -0.00392312 -6.37932e-18)
(0.971279 -0.00493621 8.7827e-17)
(1.01116 -0.00713305 2.35752e-18)
(0.955254 -0.0114485 8.97805e-17)
(1.00541 -0.0139711 2.0925e-17)
(0.926702 -0.0260778 1.88985e-18)
(0.988322 -0.0301063 3.71857e-19)
(0.872591 -0.0625221 1.97478e-17)
)
;

boundaryField
{
    inlet
    {
        type            uniformFixedValue;
        uniformValue    constant (1 0 0);
        value           uniform (1 0 0);
    }
    outlet
    {
        type            pressureInletOutletVelocity;
        value           nonuniform 0();
    }
    polygon
    {
        type            fixedValue;
        value           nonuniform 0();
    }
    top
    {
        type            symmetryPlane;
    }
    bottom
    {
        type            symmetryPlane;
    }
    outside
    {
        type            zeroGradient;
    }
    procBoundary16to8
    {
        type            processor;
        value           nonuniform List<vector> 
17
(
(1.00696 -0.0110181 2.8575e-17)
(0.975206 -0.0211487 2.39691e-17)
(1.00237 -0.02218 1.00514e-17)
(0.963864 -0.0448804 7.03183e-18)
(0.990456 -0.0452985 5.0517e-18)
(0.950758 -0.0981111 1.23415e-17)
(1.00457 -0.000453108 6.74628e-17)
(0.994849 0.000102743 -1.03324e-18)
(1.00587 -0.000937197 8.33451e-17)
(0.992748 -0.000504202 1.86647e-17)
(1.00733 -0.00163302 2.32767e-17)
(0.989913 -0.00167041 -3.71202e-17)
(1.00879 -0.00293494 4.41394e-17)
(0.98564 -0.00406988 4.85871e-17)
(1.00982 -0.00550751 7.25087e-18)
(0.97905 -0.00901242 4.18497e-17)
(0.97905 -0.00901242 4.18497e-17)
)
;
    }
    procBoundary16to24
    {
        type            processor;
        value           nonuniform List<vector> 
18
(
(1.00854 -0.000840414 4.97797e-18)
(0.987311 -0.000362524 -4.69587e-17)
(1.00967 -0.0013151 1.22103e-17)
(0.981843 -0.00125496 6.0041e-17)
(1.00972 -0.00219283 1.31837e-17)
(0.973141 -0.00316813 -5.88662e-18)
(1.00693 -0.0039346 -2.67489e-17)
(0.958522 -0.00728909 1.31331e-17)
(0.997321 -0.00764627 -4.20273e-17)
(0.932299 -0.0166196 -2.66392e-17)
(0.971481 -0.0164464 -3.60554e-17)
(0.881076 -0.0404612 -6.26036e-17)
(0.904285 -0.0420551 1.01188e-17)
(1.00566 -0.000209793 5.28385e-18)
(0.993419 0.000185561 6.68746e-17)
(1.007 -0.000471677 2.02483e-18)
(1.00854 -0.000840414 4.97797e-18)
(0.991001 3.05379e-05 -1.21058e-18)
)
;
    }
    procBoundary16to25
    {
        type            processor;
        value           nonuniform List<vector> 9((0.763521 -0.161724 -7.18228e-17) (0.94723 -0.0752782 -1.0243e-18) (0.763994 -0.147492 -2.1242e-17) (0.766064 -0.132969 -7.07626e-18) (0.965449 -0.0935794 -7.44521e-17) (0.965615 -0.0938121 -1.63924e-18) (0.966191 -0.0913951 -1.08831e-17) (0.961631 -0.0851847 -8.58325e-17) (0.94723 -0.0752782 -1.0243e-18));
    }
}


// ************************************************************************* //
