/*--------------------------------*- C++ -*----------------------------------*\
  =========                 |
  \\      /  F ield         | OpenFOAM: The Open Source CFD Toolbox
   \\    /   O peration     | Website:  https://openfoam.org
    \\  /    A nd           | Version:  7
     \\/     M anipulation  |
\*---------------------------------------------------------------------------*/
FoamFile
{
    version     2.0;
    format      ascii;
    class       volVectorField;
    location    "50";
    object      U;
}
// * * * * * * * * * * * * * * * * * * * * * * * * * * * * * * * * * * * * * //

dimensions      [0 1 -1 0 0 0 0];

internalField   nonuniform List<vector> 
115
(
(1.3596 -0.196921 -1.69082e-19)
(1.36156 -0.198677 -2.35526e-19)
(1.36261 -0.200441 -1.70249e-19)
(1.36278 -0.202237 -1.84423e-19)
(1.3621 -0.204088 -3.40931e-19)
(1.36058 -0.206022 -1.03992e-19)
(1.35821 -0.208069 6.23189e-20)
(1.35495 -0.210261 2.59949e-20)
(1.35077 -0.212618 -1.49602e-19)
(1.34561 -0.215144 1.23468e-19)
(1.33947 -0.217857 1.88851e-19)
(1.3322 -0.220844 2.55027e-19)
(1.32332 -0.224241 6.03423e-19)
(1.35677 -0.192812 -8.46894e-20)
(1.35989 -0.194114 -9.02859e-20)
(1.36228 -0.195371 -1.25606e-19)
(1.36397 -0.1966 7.00913e-20)
(1.36499 -0.197818 6.03207e-20)
(1.36537 -0.199043 -6.59853e-20)
(1.36511 -0.200292 1.44176e-19)
(1.36422 -0.201582 -2.72966e-20)
(1.3627 -0.202928 -1.62527e-19)
(1.36053 -0.204349 9.13492e-21)
(1.35767 -0.205861 3.89605e-20)
(1.35405 -0.207479 1.0952e-19)
(1.34961 -0.209206 1.48104e-19)
(1.34428 -0.211031 2.80617e-19)
(1.33798 -0.212955 3.12687e-19)
(1.33053 -0.21503 4.79425e-19)
(1.32152 -0.217311 7.44237e-19)
(1.36376 -0.194491 8.97613e-20)
(1.36528 -0.195365 -1.03006e-19)
(1.36631 -0.196216 -1.56578e-20)
(1.36686 -0.197055 -9.26886e-20)
(1.36695 -0.197894 -1.77782e-19)
(1.36658 -0.198745 -2.59262e-20)
(1.36573 -0.199618 1.24667e-19)
(1.3644 -0.200521 -1.42912e-19)
(1.36254 -0.20146 -3.03211e-23)
(1.36013 -0.202444 8.63303e-20)
(1.35709 -0.203478 4.3961e-20)
(1.35334 -0.204562 2.25448e-19)
(1.34882 -0.205685 1.95351e-19)
(1.34344 -0.206826 4.43975e-19)
(1.33709 -0.207974 6.03417e-19)
(1.32958 -0.209149 9.45664e-19)
(1.32056 -0.210342 1.49936e-18)
(1.36677 -0.195317 5.40484e-19)
(1.36748 -0.195909 -5.15019e-19)
(1.36784 -0.196485 2.28851e-21)
(1.36787 -0.197052 -6.21695e-19)
(1.36755 -0.197616 -6.53576e-19)
(1.36687 -0.198182 -1.02058e-18)
(1.36579 -0.198752 -1.74155e-18)
(1.36429 -0.199328 -3.13886e-18)
(1.36233 -0.19991 -4.9604e-18)
(1.35983 -0.200496 2.32349e-18)
(1.35674 -0.201084 -9.59887e-19)
(1.35298 -0.201663 8.57159e-19)
(1.34845 -0.202213 -7.20467e-21)
(1.34309 -0.202707 5.06364e-19)
(1.33676 -0.203129 4.84275e-19)
(1.32928 -0.203474 7.19238e-19)
(1.32039 -0.203693 8.1688e-19)
(1.36796 -0.19571 4.08037e-19)
(1.36829 -0.1961 -5.124e-19)
(1.36837 -0.196471 -1.14234e-19)
(1.36818 -0.196822 -4.69717e-19)
(1.3677 -0.197154 -6.67065e-19)
(1.36691 -0.197466 -7.54399e-19)
(1.36576 -0.197754 -8.405e-19)
(1.36422 -0.198013 -8.72451e-19)
(1.36223 -0.198238 -4.24285e-19)
(1.35972 -0.198418 9.26314e-19)
(1.35664 -0.198543 -2.79178e-19)
(1.35289 -0.198594 5.55898e-19)
(1.34841 -0.198543 1.07543e-19)
(1.34309 -0.198355 5.97885e-19)
(1.33683 -0.198005 7.31097e-19)
(1.32943 -0.197466 1.19549e-18)
(1.32072 -0.196649 1.76469e-18)
(1.36837 -0.195998 2.4774e-20)
(1.36855 -0.196248 -2.40576e-19)
(1.36852 -0.19647 -2.0444e-19)
(1.36826 -0.196659 -3.83015e-19)
(1.36774 -0.196813 -2.65327e-19)
(1.36692 -0.196924 -2.79819e-19)
(1.36577 -0.196987 -2.94833e-19)
(1.36423 -0.196995 2.00934e-20)
(1.36225 -0.196937 6.10264e-20)
(1.35978 -0.196799 9.08832e-20)
(1.35674 -0.196564 4.79459e-20)
(1.35305 -0.19621 3.92824e-19)
(1.34865 -0.195704 2.37759e-19)
(1.34344 -0.195011 6.21729e-19)
(1.33731 -0.194097 8.97182e-19)
(1.3301 -0.192927 1.3635e-18)
(1.32169 -0.191419 1.91143e-18)
(1.36841 -0.196057 -2.19345e-20)
(1.36852 -0.196114 -1.10036e-19)
(1.36845 -0.196118 5.96242e-20)
(1.36815 -0.19606 -1.11913e-19)
(1.36761 -0.195932 -1.32769e-19)
(1.36677 -0.195721 -1.46238e-19)
(1.3656 -0.195416 7.21575e-20)
(1.36405 -0.195001 1.06612e-19)
(1.36207 -0.19446 1.6581e-19)
(1.35959 -0.193769 2.90565e-19)
(1.35655 -0.192903 2.20411e-19)
(1.35287 -0.191831 1.88986e-19)
(1.34849 -0.190517 2.79734e-19)
(1.34332 -0.188919 4.67818e-19)
(1.33723 -0.186996 6.25417e-19)
(1.33007 -0.1847 7.43928e-19)
(1.32177 -0.18197 9.23927e-19)
)
;

boundaryField
{
    inlet
    {
        type            uniformFixedValue;
        uniformValue    constant (1 0 0);
        value           nonuniform 0();
    }
    outlet
    {
        type            pressureInletOutletVelocity;
        value           nonuniform 0();
    }
    polygon
    {
        type            fixedValue;
        value           nonuniform 0();
    }
    top
    {
        type            symmetryPlane;
    }
    bottom
    {
        type            symmetryPlane;
    }
    outside
    {
        type            zeroGradient;
    }
    procBoundary2to1
    {
        type            processor;
        value           nonuniform List<vector> 5((1.30981 -0.211339 2.4916e-18) (1.30998 -0.203576 8.43208e-19) (1.31068 -0.195337 2.9116e-18) (1.31208 -0.189381 2.94393e-18) (1.3125 -0.178687 1.02116e-18));
    }
    procBoundary2to3
    {
        type            processor;
        value           nonuniform List<vector> 6((1.35289 -0.19145 1.40441e-19) (1.36173 -0.19358 -2.74343e-19) (1.36573 -0.194702 -1.35787e-18) (1.36738 -0.195297 -7.10288e-19) (1.368 -0.19572 -2.84126e-19) (1.36812 -0.195951 1.64484e-20));
    }
    procBoundary2to9
    {
        type            processor;
        value           nonuniform List<vector> 2((1.3121 -0.227926 1.09509e-18) (1.31049 -0.219609 9.21778e-19));
    }
    procBoundary2to10
    {
        type            processor;
        value           nonuniform List<vector> 
18
(
(1.34674 -0.194394 -4.45155e-19)
(1.3517 -0.196928 -3.56144e-19)
(1.35537 -0.199442 -3.21051e-19)
(1.35776 -0.20196 -2.17977e-19)
(1.35893 -0.204511 -6.11749e-19)
(1.35891 -0.207127 -2.54197e-19)
(1.35774 -0.209851 -2.84245e-19)
(1.35541 -0.212729 -3.31138e-19)
(1.35192 -0.215803 -3.13404e-19)
(1.34727 -0.219097 -1.47453e-19)
(1.34153 -0.222651 -4.26648e-20)
(1.33465 -0.2266 -1.71601e-19)
(1.32613 -0.231169 -2.81921e-19)
(1.34196 -0.189548 -1.41445e-19)
(1.34791 -0.191482 -1.88363e-19)
(1.35281 -0.193344 -1.60016e-19)
(1.35669 -0.19515 -1.6625e-19)
(1.35669 -0.19515 -1.6625e-19)
)
;
    }
}


// ************************************************************************* //
