/*--------------------------------*- C++ -*----------------------------------*\
  =========                 |
  \\      /  F ield         | OpenFOAM: The Open Source CFD Toolbox
   \\    /   O peration     | Website:  https://openfoam.org
    \\  /    A nd           | Version:  7
     \\/     M anipulation  |
\*---------------------------------------------------------------------------*/
FoamFile
{
    version     2.0;
    format      ascii;
    class       volVectorField;
    location    "50";
    object      U;
}
// * * * * * * * * * * * * * * * * * * * * * * * * * * * * * * * * * * * * * //

dimensions      [0 1 -1 0 0 0 0];

internalField   nonuniform List<vector> 
175
(
(-0.208964 0.000761142 1.3143e-17)
(-0.208026 0.000952481 -4.02497e-18)
(-0.206947 0.00117541 -1.45317e-17)
(-0.20571 0.0014363 7.76465e-18)
(-0.204288 0.00174105 -5.04462e-18)
(-0.202659 0.00210002 -1.88043e-17)
(-0.200781 0.00252066 -6.96875e-18)
(-0.19863 0.00302135 -8.73792e-19)
(-0.196138 0.00361001 2.60383e-18)
(-0.193291 0.00432256 -1.29519e-17)
(-0.189952 0.00516226 1.01207e-17)
(-0.18616 0.00620551 1.68579e-17)
(-0.215455 1.8695e-05 -1.22081e-17)
(-0.21516 7.85696e-05 -1.1155e-17)
(-0.214805 0.000154666 -4.65456e-18)
(-0.214381 0.000245316 -1.39183e-17)
(-0.213878 0.000351829 5.77192e-18)
(-0.213284 0.000476271 -6.86172e-18)
(-0.212586 0.000621474 1.29277e-17)
(-0.21177 0.000791151 -4.86013e-18)
(-0.210817 0.000989241 -1.31851e-17)
(-0.209709 0.00122152 2.89106e-19)
(-0.208417 0.00149331 -6.03899e-18)
(-0.206921 0.00181402 -2.1383e-17)
(-0.205176 0.00219037 -9.20018e-18)
(-0.203159 0.00263911 -7.63107e-18)
(-0.200796 0.00316734 3.90653e-18)
(-0.198075 0.00380787 -9.53672e-18)
(-0.194851 0.0045635 8.61169e-18)
(-0.191166 0.00550409 1.19826e-17)
(-0.218081 -1.88285e-05 -1.52494e-17)
(-0.217873 3.28656e-05 -5.08605e-18)
(-0.217608 9.73955e-05 -2.44789e-18)
(-0.217277 0.000175118 -1.79294e-17)
(-0.216871 0.000266985 6.619e-18)
(-0.216378 0.000374728 -4.64807e-18)
(-0.215785 0.00050085 1.57396e-17)
(-0.215076 0.000648638 -7.07255e-18)
(-0.214233 0.000821579 -4.55498e-18)
(-0.213237 0.00102481 3.51575e-18)
(-0.212061 0.00126307 1.74475e-18)
(-0.210681 0.00154476 -2.80297e-17)
(-0.209054 0.00187585 -1.19463e-17)
(-0.207154 0.00227135 -1.51141e-17)
(-0.204906 0.00273757 6.44222e-18)
(-0.202296 0.00330396 -8.33752e-18)
(-0.199173 0.00397297 9.34677e-18)
(-0.195581 0.00480733 9.27425e-18)
(-0.220365 -4.86163e-05 -1.29311e-17)
(-0.220232 1.77325e-06 -9.11148e-18)
(-0.220046 5.53319e-05 -8.61613e-19)
(-0.219797 0.000120958 -1.5871e-17)
(-0.219475 0.000199147 7.43861e-19)
(-0.219069 0.000291102 -3.15038e-18)
(-0.218566 0.000398997 1.21958e-17)
(-0.21795 0.000525692 -2.59074e-18)
(-0.217203 0.000674212 -5.92281e-18)
(-0.216306 0.000849043 -1.80409e-18)
(-0.21523 0.0010543 -4.48222e-19)
(-0.213951 0.00129735 -3.06293e-17)
(-0.212425 0.00158337 -1.49888e-17)
(-0.210627 0.00192555 -1.51527e-17)
(-0.208478 0.00232934 1.04885e-18)
(-0.205965 0.00282067 -9.47987e-18)
(-0.202929 0.00340156 1.21528e-17)
(-0.199418 0.00412725 8.66953e-18)
(-0.222313 -6.1485e-05 -1.42691e-17)
(-0.222245 -2.03489e-05 -1.36814e-17)
(-0.222125 2.50335e-05 -7.83618e-18)
(-0.221945 7.95144e-05 -1.72187e-17)
(-0.221695 0.000144546 -3.63123e-18)
(-0.221364 0.000221277 -2.51852e-18)
(-0.220937 0.000311539 1.12579e-17)
(-0.220401 0.00041774 2.98579e-19)
(-0.219735 0.000542433 -7.65274e-18)
(-0.218921 0.000689429 -6.93078e-18)
(-0.21793 0.000862218 -3.10975e-18)
(-0.216738 0.00106707 -2.91595e-17)
(-0.215299 0.0013084 -1.96402e-17)
(-0.213588 0.00159745 -1.72785e-17)
(-0.211523 0.00193884 -3.15775e-18)
(-0.209091 0.00235478 -1.23907e-17)
(-0.20613 0.00284691 8.28827e-18)
(-0.202689 0.00346254 -2.24057e-18)
(-0.22393 -6.59393e-05 -1.90343e-17)
(-0.223914 -3.37494e-05 -2.02765e-17)
(-0.22385 6.63868e-06 -1.55713e-17)
(-0.223727 4.88949e-05 -2.16525e-17)
(-0.223537 0.000101292 -8.12883e-18)
(-0.223267 0.000163297 -1.90427e-18)
(-0.222904 0.000236369 3.61356e-18)
(-0.222434 0.000322498 2.79448e-18)
(-0.221836 0.000423768 -1.13607e-17)
(-0.221091 0.000543307 -1.31729e-17)
(-0.22017 0.00068397 -5.9843e-18)
(-0.21905 0.00085092 -2.42635e-17)
(-0.217683 0.00104776 -2.6312e-17)
(-0.216043 0.00128379 -2.14701e-17)
(-0.214048 0.00156276 -6.84255e-18)
(-0.211685 0.00190301 -1.71869e-17)
(-0.208786 0.00230587 6.57392e-18)
(-0.205402 0.00281038 -3.25625e-18)
(-0.225218 -6.1623e-05 -1.85975e-17)
(-0.225245 -3.65917e-05 -2.03548e-17)
(-0.225225 -4.34035e-06 -1.54649e-17)
(-0.225148 2.80299e-05 -2.00324e-17)
(-0.225005 6.77292e-05 -1.24127e-17)
(-0.224784 0.000115207 -1.06313e-17)
(-0.224472 0.000171405 5.92974e-18)
(-0.224054 0.000237812 5.41026e-18)
(-0.223509 0.000316018 -1.81146e-17)
(-0.22282 0.000408447 -1.16289e-17)
(-0.221955 0.000517315 -9.11696e-18)
(-0.220892 0.000646645 -2.32774e-17)
(-0.219582 0.000799245 -2.68248e-17)
(-0.218 0.000982369 -1.83358e-17)
(-0.216061 0.00119896 -1.08478e-17)
(-0.213752 0.00146334 -2.56225e-17)
(-0.210902 0.00177659 -2.818e-18)
(-0.207565 0.00216919 -5.34584e-18)
(-0.226182 -5.1642e-05 -1.26737e-17)
(-0.22624 -3.41093e-05 -2.36021e-17)
(-0.226253 -1.21795e-05 -1.76358e-17)
(-0.226211 1.17379e-05 -2.17364e-17)
(-0.226103 4.02568e-05 -1.79324e-17)
(-0.225919 7.41074e-05 -1.13159e-17)
(-0.225645 0.000114084 1.01679e-17)
(-0.225265 0.000161323 8.77936e-18)
(-0.224761 0.000216962 -1.90949e-17)
(-0.224113 0.000282732 -1.15785e-17)
(-0.223291 0.00036021 -1.41297e-17)
(-0.22227 0.000452272 -1.73684e-17)
(-0.221003 0.000560922 -2.12874e-17)
(-0.219464 0.000691349 -1.72758e-17)
(-0.217566 0.000845667 -1.58123e-17)
(-0.215298 0.00103413 -2.83048e-17)
(-0.212486 0.00125757 -9.58002e-19)
(-0.209183 0.00153774 2.04858e-18)
(-0.226824 -3.49348e-05 -9.14746e-18)
(-0.226902 -2.40931e-05 -2.15805e-17)
(-0.226937 -1.04362e-05 -2.20113e-17)
(-0.226918 5.97939e-06 -1.76224e-17)
(-0.226833 2.18641e-05 -1.69655e-17)
(-0.226674 4.15859e-05 -1.28089e-17)
(-0.226425 6.5138e-05 8.01854e-18)
(-0.226071 9.31051e-05 1.33724e-17)
(-0.225594 0.000126123 -1.47805e-17)
(-0.224973 0.000165205 -3.19626e-18)
(-0.224179 0.000211279 -1.15685e-17)
(-0.223187 0.000266057 -1.4267e-17)
(-0.221948 0.000330739 -1.878e-17)
(-0.220437 0.00040843 -8.1675e-18)
(-0.218568 0.000500417 -1.27146e-17)
(-0.216327 0.000612847 -2.48631e-17)
(-0.213539 0.000746305 2.83981e-18)
(-0.21026 0.000913788 1.0201e-17)
(-0.227144 -2.05544e-05 -7.5263e-18)
(-0.227233 -1.64634e-05 -1.44757e-17)
(-0.227278 -1.15255e-05 -2.08137e-17)
(-0.227271 -5.32147e-06 -1.54823e-17)
(-0.227198 -8.5256e-07 -1.80185e-17)
(-0.227051 5.42868e-06 -1.5861e-17)
(-0.226814 1.31063e-05 -1.19772e-18)
(-0.226474 2.23277e-05 1.04256e-17)
(-0.22601 3.32638e-05 -1.46523e-17)
(-0.225403 4.6223e-05 5.51702e-18)
(-0.224622 6.15042e-05 -1.1036e-17)
(-0.223644 7.96471e-05 -1.30448e-17)
(-0.22242 0.000101068 -1.91272e-17)
(-0.220924 0.000126757 -2.6441e-19)
(-0.219068 0.000157222 -1.93973e-18)
(-0.216842 0.000194397 -1.55423e-17)
(-0.214066 0.000238725 8.41259e-18)
(-0.210799 0.000294183 9.47347e-18)
(-0.206635 0.000360795 9.86614e-19)
)
;

boundaryField
{
    inlet
    {
        type            uniformFixedValue;
        uniformValue    constant (1 0 0);
        value           nonuniform 0();
    }
    outlet
    {
        type            pressureInletOutletVelocity;
        value           nonuniform 0();
    }
    polygon
    {
        type            fixedValue;
        value           nonuniform 0();
    }
    top
    {
        type            symmetryPlane;
    }
    bottom
    {
        type            symmetryPlane;
    }
    outside
    {
        type            zeroGradient;
    }
    procBoundary35to27
    {
        type            processor;
        value           nonuniform List<vector> 
19
(
(-0.227144 7.96004e-06 -7.26556e-18)
(-0.227233 4.49546e-06 -9.80763e-18)
(-0.227279 2.63875e-07 -1.36822e-17)
(-0.227271 -3.26072e-06 -6.41726e-18)
(-0.227198 -6.91119e-06 -1.26559e-17)
(-0.227051 -1.18516e-05 -1.11624e-17)
(-0.226814 -1.81142e-05 -4.78848e-19)
(-0.226474 -2.58144e-05 9.24682e-18)
(-0.22601 -3.51986e-05 -8.02182e-18)
(-0.225403 -4.66262e-05 6.43343e-18)
(-0.224622 -6.04493e-05 -1.31774e-17)
(-0.223644 -7.72617e-05 -1.42145e-17)
(-0.22242 -9.75196e-05 -1.2554e-17)
(-0.220924 -0.00012225 -1.24378e-18)
(-0.219068 -0.000151983 -1.31932e-18)
(-0.216842 -0.000188671 -9.34432e-18)
(-0.214066 -0.00023276 1.6456e-17)
(-0.210799 -0.000288222 1.07592e-17)
(-0.206636 -0.000355062 8.43384e-18)
)
;
    }
    procBoundary35to34
    {
        type            processor;
        value           nonuniform List<vector> 
11
(
(-0.181614 0.0074348 2.6728e-17)
(-0.186698 0.0066136 2.94812e-17)
(-0.191181 0.0057929 2.76896e-17)
(-0.195078 0.00498536 2.05108e-17)
(-0.198399 0.00419117 1.72171e-17)
(-0.201154 0.00340804 1.72093e-17)
(-0.203351 0.00263473 1.06785e-17)
(-0.204994 0.00187036 6.49759e-18)
(-0.206088 0.0011131 3.54291e-18)
(-0.206088 0.0011131 3.54291e-18)
(-0.201862 0.000446532 6.18953e-18)
)
;
    }
    procBoundary35to36
    {
        type            processor;
        value           nonuniform List<vector> 9((-0.215698 -3.57171e-05 6.3146e-18) (-0.21824 -6.70602e-05 1.19546e-17) (-0.220453 -8.57089e-05 1.12078e-17) (-0.22234 -9.27718e-05 4.91235e-18) (-0.223906 -9.05253e-05 1.02464e-18) (-0.225155 -8.04751e-05 -1.37148e-18) (-0.226089 -6.4836e-05 -2.91692e-18) (-0.22671 -4.29718e-05 -3.81437e-18) (-0.22702 -2.33354e-05 -4.17659e-18));
    }
    procBoundary35to43
    {
        type            processor;
        value           nonuniform List<vector> 
19
(
(-0.212482 7.04896e-05 -1.23582e-17)
(-0.212089 0.00014384 -9.57586e-18)
(-0.211632 0.000231495 2.25528e-18)
(-0.211102 0.000334956 -1.23792e-17)
(-0.210488 0.000456005 6.87988e-18)
(-0.20978 0.000597022 -1.10941e-17)
(-0.20978 0.000597022 -1.10941e-17)
(-0.205077 0.000887669 7.69663e-18)
(-0.204004 0.00109931 -5.56185e-18)
(-0.202787 0.00134571 -9.47816e-18)
(-0.201408 0.00163381 7.7673e-18)
(-0.19984 0.00197017 -5.43713e-18)
(-0.198062 0.00236599 -1.97148e-17)
(-0.196036 0.00282963 -4.95307e-18)
(-0.193736 0.00338089 -4.00021e-18)
(-0.191099 0.00402898 2.28014e-18)
(-0.188108 0.00481226 -8.79957e-18)
(-0.184639 0.00573576 4.11475e-18)
(-0.180725 0.00688042 1.40073e-17)
)
;
    }
}


// ************************************************************************* //
