/*--------------------------------*- C++ -*----------------------------------*\
  =========                 |
  \\      /  F ield         | OpenFOAM: The Open Source CFD Toolbox
   \\    /   O peration     | Website:  https://openfoam.org
    \\  /    A nd           | Version:  7
     \\/     M anipulation  |
\*---------------------------------------------------------------------------*/
FoamFile
{
    version     2.0;
    format      ascii;
    class       volVectorField;
    location    "16";
    object      U;
}
// * * * * * * * * * * * * * * * * * * * * * * * * * * * * * * * * * * * * * //

dimensions      [0 1 -1 0 0 0 0];

internalField   nonuniform List<vector> 
175
(
(0.894072 -0.00787604 -5.51707e-20)
(0.884875 -0.00822354 -1.53914e-19)
(0.883124 -0.00800129 1.06735e-19)
(0.875593 -0.00850226 -9.41412e-21)
(0.872252 -0.00832209 3.90878e-20)
(0.865627 -0.00879763 1.98823e-19)
(0.853662 -0.0178988 1.18064e-18)
(0.847979 -0.0185208 -7.50856e-19)
(0.842387 -0.0189589 1.91641e-19)
(0.836459 -0.0195889 -1.3341e-18)
(0.830476 -0.020144 1.04784e-19)
(0.824215 -0.0208246 1.26743e-19)
(0.817808 -0.0214921 -5.09077e-19)
(0.903491 -0.0136985 1.68538e-19)
(0.895098 -0.0146199 5.66466e-20)
(0.89333 -0.0139012 2.8003e-19)
(0.886584 -0.0150033 2.33238e-19)
(0.883343 -0.0145402 2.85275e-19)
(0.877397 -0.0154688 3.32796e-19)
(0.873233 -0.0153319 8.34487e-19)
(0.867593 -0.0160862 -1.45545e-19)
(0.862811 -0.0162 5.25221e-19)
(0.857198 -0.0168434 -5.59556e-20)
(0.851951 -0.0171322 8.48745e-19)
(0.846203 -0.0177285 -1.03632e-18)
(0.840554 -0.018147 2.51099e-19)
(0.83456 -0.01875 -5.83181e-19)
(0.828515 -0.0192801 1.33021e-19)
(0.822188 -0.0199307 -4.41748e-19)
(0.815716 -0.0205679 -8.48704e-19)
(0.808976 -0.0212924 2.61371e-18)
(0.902332 -0.0130929 1.23457e-19)
(0.893837 -0.013934 4.8315e-21)
(0.892084 -0.0132863 1.82385e-19)
(0.88523 -0.014315 1.07348e-19)
(0.881987 -0.0138872 1.88742e-19)
(0.875954 -0.0147652 2.98691e-19)
(0.871767 -0.0146394 8.06276e-19)
(0.866053 -0.015357 1.15027e-19)
(0.861232 -0.0154677 6.06374e-19)
(0.855552 -0.0160814 -7.51532e-20)
(0.850256 -0.0163579 7.71701e-19)
(0.844441 -0.0169272 -8.66873e-19)
(0.838736 -0.0173269 3.03257e-19)
(0.832676 -0.0179022 1.55199e-19)
(0.826569 -0.0184078 2.50407e-19)
(0.820174 -0.019028 -2.2299e-19)
(0.813637 -0.0196352 -8.00363e-19)
(0.806828 -0.0203254 2.57964e-18)
(0.901191 -0.0124771 1.05849e-19)
(0.892597 -0.013245 1.40202e-20)
(0.890855 -0.0126611 9.54907e-20)
(0.883899 -0.0136198 1.55441e-19)
(0.880652 -0.013225 9.1749e-20)
(0.874533 -0.0140531 4.73248e-19)
(0.870322 -0.0139377 8.8523e-19)
(0.864535 -0.0146184 1.06511e-20)
(0.859676 -0.0147252 3.75824e-19)
(0.853928 -0.0153089 3.06185e-19)
(0.848582 -0.0155728 9.05141e-19)
(0.842702 -0.0161145 -2.20646e-19)
(0.83694 -0.016495 3.50671e-19)
(0.830813 -0.0170421 1.72079e-19)
(0.824644 -0.0175227 3.91824e-19)
(0.818182 -0.0181121 4.20738e-20)
(0.811579 -0.0186889 -3.25821e-19)
(0.804701 -0.0193446 2.68324e-18)
(0.900075 -0.0118519 5.41088e-20)
(0.891384 -0.0125524 2.66275e-20)
(0.889649 -0.0120268 1.43181e-19)
(0.882596 -0.012918 2.2618e-19)
(0.879341 -0.0125548 -4.06551e-20)
(0.87314 -0.0133335 6.45427e-19)
(0.868905 -0.0132278 8.16662e-19)
(0.863046 -0.0138716 -8.26366e-20)
(0.858147 -0.0139743 1.49378e-19)
(0.852333 -0.0145277 6.66155e-19)
(0.846938 -0.0147785 6.95497e-19)
(0.840993 -0.0152924 4.12399e-19)
(0.835174 -0.0156534 4.81152e-19)
(0.828982 -0.0161721 2.13892e-19)
(0.822751 -0.0166275 6.34559e-19)
(0.816221 -0.0171858 -3.81787e-19)
(0.809552 -0.017732 6.03022e-19)
(0.802605 -0.0183529 2.0268e-18)
(0.898987 -0.0112183 1.10404e-20)
(0.890203 -0.0118545 2.069e-20)
(0.888472 -0.0113847 3.0086e-20)
(0.881327 -0.0122091 1.83025e-19)
(0.878062 -0.0118773 2.77346e-21)
(0.871782 -0.0126063 5.0846e-19)
(0.86752 -0.0125105 6.05802e-19)
(0.861592 -0.0131168 -1.15393e-19)
(0.856654 -0.0132155 -1.29284e-19)
(0.850776 -0.013738 1.07031e-18)
(0.845331 -0.0139758 5.97915e-19)
(0.839322 -0.0144615 5.37446e-19)
(0.833446 -0.0148029 6.14465e-19)
(0.82719 -0.015293 3.20923e-19)
(0.820897 -0.0157231 9.913e-19)
(0.814301 -0.0162501 -9.96188e-20)
(0.807566 -0.0167656 1.41376e-18)
(0.80055 -0.0173515 2.1957e-18)
(0.897933 -0.010577 -3.35308e-20)
(0.889059 -0.0111509 1.7174e-20)
(0.887329 -0.0107351 5.09776e-20)
(0.880097 -0.0114932 1.71362e-19)
(0.87682 -0.0111927 -1.05832e-20)
(0.870464 -0.0118715 3.93253e-19)
(0.866176 -0.0117859 2.00213e-19)
(0.860181 -0.0123541 -8.38027e-20)
(0.855203 -0.0124489 -1.34901e-19)
(0.849262 -0.0129401 1.5715e-18)
(0.843769 -0.0131648 9.32881e-20)
(0.837697 -0.0136218 7.74794e-19)
(0.831766 -0.0139436 8.89633e-19)
(0.825445 -0.0144047 3.55406e-19)
(0.819092 -0.0148094 1.50747e-18)
(0.81243 -0.015305 9.43008e-20)
(0.80563 -0.0157896 2.2011e-18)
(0.798546 -0.0163403 2.47524e-18)
(0.896917 -0.00992834 -9.26072e-20)
(0.887957 -0.0104414 -6.16504e-20)
(0.886225 -0.0100782 5.88195e-20)
(0.878912 -0.0107702 7.51216e-21)
(0.875622 -0.010501 1.66666e-19)
(0.869194 -0.0111292 3.26781e-19)
(0.864878 -0.011054 -1.03412e-19)
(0.858818 -0.0115834 -7.10029e-20)
(0.853802 -0.0116744 4.2195e-20)
(0.8478 -0.0121337 1.83273e-18)
(0.842259 -0.0123454 -4.08933e-19)
(0.836127 -0.0127733 4.25489e-19)
(0.830141 -0.0130752 1.36011e-18)
(0.823758 -0.013507 2.88194e-19)
(0.817344 -0.0138862 1.54501e-18)
(0.810618 -0.0143501 1.74888e-19)
(0.803755 -0.0148037 2.20269e-18)
(0.796604 -0.015319 3.11577e-18)
(0.895945 -0.0092727 -4.04151e-20)
(0.886904 -0.00972591 -8.19329e-20)
(0.885167 -0.00941419 6.81213e-20)
(0.877778 -0.0100402 -5.954e-22)
(0.874472 -0.0098022 9.91994e-20)
(0.867976 -0.0103792 5.5849e-19)
(0.863633 -0.0103146 -8.59352e-20)
(0.857512 -0.0108046 -7.06371e-20)
(0.852458 -0.0108919 -8.20667e-21)
(0.846397 -0.0113187 1.94686e-18)
(0.840809 -0.0115172 -8.71362e-19)
(0.834618 -0.0119156 -1.27588e-20)
(0.828579 -0.0121975 1.32426e-18)
(0.822136 -0.0125996 2.76036e-19)
(0.815665 -0.0129529 1.86128e-18)
(0.808876 -0.0133848 1.62885e-19)
(0.80195 -0.0138072 2.28902e-18)
(0.794734 -0.0142868 3.11837e-18)
(0.895021 -0.00860952 -5.40283e-20)
(0.885903 -0.0090062 -1.33543e-19)
(0.88416 -0.00874279 7.80868e-20)
(0.8767 -0.00930475 -1.25563e-20)
(0.873378 -0.00909675 -2.87011e-20)
(0.866818 -0.00962315 3.56453e-19)
(0.862447 -0.00956869 -2.74955e-20)
(0.856268 -0.0100194 -1.0463e-19)
(0.851177 -0.0101026 1.37757e-19)
(0.84506 -0.0104969 1.54884e-18)
(0.839428 -0.0106819 -1.26852e-18)
(0.833181 -0.0110506 -6.95917e-19)
(0.827091 -0.0113122 8.92636e-19)
(0.82059 -0.0116844 1.79592e-19)
(0.814062 -0.0120119 2.43416e-18)
(0.807213 -0.0124115 -7.08779e-19)
(0.800227 -0.0128025 2.29494e-18)
(0.792948 -0.0132462 3.53451e-18)
)
;

boundaryField
{
    inlet
    {
        type            uniformFixedValue;
        uniformValue    constant (1 0 0);
        value           nonuniform 0();
    }
    outlet
    {
        type            pressureInletOutletVelocity;
        value           nonuniform List<vector> 10((0.894072 -0.00787604 -5.51707e-20) (0.903491 -0.0136985 1.68538e-19) (0.902332 -0.0130929 1.23457e-19) (0.901191 -0.0124771 1.05849e-19) (0.900075 -0.0118519 5.41088e-20) (0.898987 -0.0112183 1.10404e-20) (0.897933 -0.010577 -3.35308e-20) (0.896917 -0.00992834 -9.26072e-20) (0.895945 -0.0092727 -4.04151e-20) (0.895021 -0.00860952 -5.40283e-20));
    }
    polygon
    {
        type            fixedValue;
        value           nonuniform 0();
    }
    top
    {
        type            symmetryPlane;
    }
    bottom
    {
        type            symmetryPlane;
    }
    outside
    {
        type            zeroGradient;
    }
    procBoundary47to39
    {
        type            processor;
        value           nonuniform List<vector> 
19
(
(0.893125 -0.00706977 -5.4159e-20)
(0.883851 -0.00737661 -2.3879e-19)
(0.882089 -0.0071835 -2.09978e-19)
(0.874489 -0.00762808 -4.03696e-19)
(0.871129 -0.00747008 7.85463e-20)
(0.861228 -0.00875251 8.76725e-20)
(0.86444 -0.00789479 -5.7684e-19)
(0.861228 -0.00875251 8.76725e-20)
(0.854989 -0.00916257 -1.68183e-19)
(0.84986 -0.00924114 1.05009e-19)
(0.843685 -0.00960127 1.03051e-18)
(0.838007 -0.00977205 -1.74381e-18)
(0.831702 -0.0101094 -1.77734e-18)
(0.825559 -0.0103498 4.38088e-19)
(0.818999 -0.0106906 -1.65329e-19)
(0.812414 -0.0109907 2.8265e-18)
(0.805503 -0.0113565 -1.08194e-18)
(0.798455 -0.0117145 2.2413e-18)
(0.791112 -0.0121206 3.43679e-18)
)
;
    }
    procBoundary47to46
    {
        type            processor;
        value           nonuniform List<vector> 
11
(
(0.811136 -0.0222506 2.93845e-18)
(0.811136 -0.0222506 2.93845e-18)
(0.802029 -0.0220346 4.60336e-19)
(0.799812 -0.0210327 1.27262e-18)
(0.797616 -0.0200163 2.15042e-18)
(0.79545 -0.0189889 3.16239e-18)
(0.793326 -0.0179516 2.48063e-18)
(0.791254 -0.0169045 1.94889e-18)
(0.789244 -0.015847 2.52345e-18)
(0.787309 -0.0147782 2.2664e-18)
(0.785459 -0.0137009 2.02777e-18)
)
;
    }
    procBoundary47to55
    {
        type            processor;
        value           nonuniform List<vector> 
18
(
(0.904666 -0.0143043 1.93122e-19)
(0.896376 -0.0152882 8.87539e-20)
(0.894589 -0.0145165 3.90905e-19)
(0.887954 -0.015678 2.04326e-19)
(0.884712 -0.0151906 3.9271e-19)
(0.878857 -0.0161613 6.96485e-20)
(0.874714 -0.0160192 7.28306e-19)
(0.869149 -0.0168057 -3.84238e-19)
(0.864404 -0.0169258 5.09876e-19)
(0.85886 -0.0175964 3.36193e-19)
(0.85886 -0.0175964 3.36193e-19)
(0.858871 -0.0202381 2.99363e-18)
(0.853385 -0.020928 -1.78677e-19)
(0.84796 -0.0214364 2.36146e-18)
(0.842227 -0.0221442 -2.27087e-18)
(0.836423 -0.0227819 -2.11639e-19)
(0.830358 -0.0235529 -1.09781e-19)
(0.824139 -0.0243167 1.61227e-18)
)
;
    }
}


// ************************************************************************* //
