/*--------------------------------*- C++ -*----------------------------------*\
  =========                 |
  \\      /  F ield         | OpenFOAM: The Open Source CFD Toolbox
   \\    /   O peration     | Website:  https://openfoam.org
    \\  /    A nd           | Version:  7
     \\/     M anipulation  |
\*---------------------------------------------------------------------------*/
FoamFile
{
    version     2.0;
    format      ascii;
    class       faceList;
    location    "constant/polyMesh";
    object      faces;
}
// * * * * * * * * * * * * * * * * * * * * * * * * * * * * * * * * * * * * * //


1037
(
4(3 12 70 61)
4(11 69 70 12)
4(2 3 61 60)
4(4 13 71 62)
4(12 70 71 13)
4(3 4 62 61)
4(5 14 72 63)
4(13 71 72 14)
4(4 5 63 62)
4(6 15 73 64)
4(14 72 73 15)
4(5 6 64 63)
4(7 16 74 65)
4(15 73 74 16)
4(6 7 65 64)
4(8 17 75 66)
4(16 74 75 17)
4(7 8 66 65)
4(9 18 76 67)
4(17 75 76 18)
4(8 9 67 66)
4(18 76 77 19)
4(9 10 68 67)
4(12 22 80 70)
4(21 79 80 22)
4(13 23 81 71)
4(22 80 81 23)
4(14 24 82 72)
4(23 81 82 24)
4(15 25 83 73)
4(24 82 83 25)
4(16 26 84 74)
4(25 83 84 26)
4(17 27 85 75)
4(26 84 85 27)
4(18 28 86 76)
4(27 85 86 28)
4(28 86 87 29)
4(21 31 89 79)
4(30 88 89 31)
4(22 32 90 80)
4(31 89 90 32)
4(23 33 91 81)
4(32 90 91 33)
4(24 34 92 82)
4(33 91 92 34)
4(25 35 93 83)
4(34 92 93 35)
4(26 36 94 84)
4(35 93 94 36)
4(27 37 95 85)
4(36 94 95 37)
4(28 38 96 86)
4(37 95 96 38)
4(38 96 97 39)
4(31 41 99 89)
4(40 98 99 41)
4(32 42 100 90)
4(41 99 100 42)
4(33 43 101 91)
4(42 100 101 43)
4(34 44 102 92)
4(43 101 102 44)
4(35 45 103 93)
4(44 102 103 45)
4(36 46 104 94)
4(45 103 104 46)
4(37 47 105 95)
4(46 104 105 47)
4(38 48 106 96)
4(47 105 106 48)
4(48 106 107 49)
4(41 51 109 99)
4(42 52 110 100)
4(43 53 111 101)
4(44 54 112 102)
4(45 55 113 103)
4(46 56 114 104)
4(47 57 115 105)
4(48 58 116 106)
4(119 130 239 228)
4(129 238 239 130)
4(118 119 228 227)
4(120 131 240 229)
4(130 239 240 131)
4(119 120 229 228)
4(121 132 241 230)
4(131 240 241 132)
4(120 121 230 229)
4(122 133 242 231)
4(132 241 242 133)
4(121 122 231 230)
4(123 134 243 232)
4(133 242 243 134)
4(122 123 232 231)
4(124 135 244 233)
4(134 243 244 135)
4(123 124 233 232)
4(125 136 245 234)
4(135 244 245 136)
4(124 125 234 233)
4(126 137 246 235)
4(136 245 246 137)
4(125 126 235 234)
4(127 138 247 236)
4(137 246 247 138)
4(126 127 236 235)
4(128 139 248 237)
4(138 247 248 139)
4(127 128 237 236)
4(139 248 249 140)
4(128 0 1 237)
4(130 142 251 239)
4(131 143 252 240)
4(142 251 252 143)
4(132 144 253 241)
4(143 252 253 144)
4(133 145 254 242)
4(144 253 254 145)
4(134 146 255 243)
4(145 254 255 146)
4(135 147 256 244)
4(146 255 256 147)
4(136 148 257 245)
4(147 256 257 148)
4(137 149 258 246)
4(148 257 258 149)
4(138 150 259 247)
4(149 258 259 150)
4(139 151 260 248)
4(150 259 260 151)
4(151 260 261 152)
4(143 154 263 252)
4(153 262 263 154)
4(144 155 264 253)
4(154 263 264 155)
4(145 156 265 254)
4(155 264 265 156)
4(146 157 266 255)
4(156 265 266 157)
4(147 158 267 256)
4(157 266 267 158)
4(148 159 268 257)
4(158 267 268 159)
4(149 160 269 258)
4(159 268 269 160)
4(150 161 270 259)
4(160 269 270 161)
4(151 162 271 260)
4(161 270 271 162)
4(162 271 272 163)
4(154 165 274 263)
4(164 273 274 165)
4(155 166 275 264)
4(165 274 275 166)
4(156 167 276 265)
4(166 275 276 167)
4(157 168 277 266)
4(167 276 277 168)
4(158 169 278 267)
4(168 277 278 169)
4(159 170 279 268)
4(169 278 279 170)
4(160 171 280 269)
4(170 279 280 171)
4(161 172 281 270)
4(171 280 281 172)
4(162 173 282 271)
4(172 281 282 173)
4(173 282 283 174)
4(165 176 285 274)
4(175 284 285 176)
4(166 177 286 275)
4(176 285 286 177)
4(167 178 287 276)
4(177 286 287 178)
4(168 179 288 277)
4(178 287 288 179)
4(169 180 289 278)
4(179 288 289 180)
4(170 181 290 279)
4(180 289 290 181)
4(171 182 291 280)
4(181 290 291 182)
4(172 183 292 281)
4(182 291 292 183)
4(173 184 293 282)
4(183 292 293 184)
4(184 293 294 185)
4(176 187 296 285)
4(177 188 297 286)
4(187 296 297 188)
4(178 189 298 287)
4(188 297 298 189)
4(179 190 299 288)
4(189 298 299 190)
4(180 191 300 289)
4(190 299 300 191)
4(181 192 301 290)
4(191 300 301 192)
4(182 193 302 291)
4(192 301 302 193)
4(183 194 303 292)
4(193 302 303 194)
4(184 195 304 293)
4(194 303 304 195)
4(195 304 305 196)
4(188 198 307 297)
4(197 306 307 198)
4(189 199 308 298)
4(198 307 308 199)
4(190 200 309 299)
4(199 308 309 200)
4(191 201 310 300)
4(200 309 310 201)
4(192 202 311 301)
4(201 310 311 202)
4(193 203 312 302)
4(202 311 312 203)
4(194 204 313 303)
4(203 312 313 204)
4(195 205 314 304)
4(204 313 314 205)
4(205 314 315 206)
4(198 208 317 307)
4(207 316 317 208)
4(199 209 318 308)
4(208 317 318 209)
4(200 210 319 309)
4(209 318 319 210)
4(201 211 320 310)
4(210 319 320 211)
4(202 212 321 311)
4(211 320 321 212)
4(203 213 322 312)
4(212 321 322 213)
4(204 214 323 313)
4(213 322 323 214)
4(205 215 324 314)
4(214 323 324 215)
4(215 324 325 216)
4(208 218 327 317)
4(209 219 328 318)
4(218 327 328 219)
4(210 220 329 319)
4(219 328 329 220)
4(211 221 330 320)
4(220 329 330 221)
4(212 222 331 321)
4(221 330 331 222)
4(213 223 332 322)
4(222 331 332 223)
4(214 224 333 323)
4(223 332 333 224)
4(215 225 334 324)
4(224 333 334 225)
4(225 334 335 226)
4(219 3 61 328)
4(220 4 62 329)
4(221 5 63 330)
4(222 6 64 331)
4(223 7 65 332)
4(224 8 66 333)
4(225 9 67 334)
4(337 349 469 457)
4(348 468 469 349)
4(338 350 470 458)
4(349 469 470 350)
4(339 351 471 459)
4(350 470 471 351)
4(340 352 472 460)
4(351 471 472 352)
4(341 353 473 461)
4(352 472 473 353)
4(342 354 474 462)
4(353 473 474 354)
4(343 355 475 463)
4(354 474 475 355)
4(344 356 476 464)
4(355 475 476 356)
4(345 357 477 465)
4(356 476 477 357)
4(346 358 478 466)
4(357 477 478 358)
4(358 478 479 359)
4(349 361 481 469)
4(360 480 481 361)
4(350 362 482 470)
4(361 481 482 362)
4(351 363 483 471)
4(362 482 483 363)
4(352 364 484 472)
4(363 483 484 364)
4(353 365 485 473)
4(364 484 485 365)
4(354 366 486 474)
4(365 485 486 366)
4(355 367 487 475)
4(366 486 487 367)
4(356 368 488 476)
4(367 487 488 368)
4(357 369 489 477)
4(368 488 489 369)
4(358 370 490 478)
4(369 489 490 370)
4(370 490 491 371)
4(361 373 493 481)
4(372 492 493 373)
4(362 374 494 482)
4(373 493 494 374)
4(363 375 495 483)
4(374 494 495 375)
4(364 376 496 484)
4(375 495 496 376)
4(365 377 497 485)
4(376 496 497 377)
4(366 378 498 486)
4(377 497 498 378)
4(367 379 499 487)
4(378 498 499 379)
4(368 380 500 488)
4(379 499 500 380)
4(369 381 501 489)
4(380 500 501 381)
4(370 382 502 490)
4(381 501 502 382)
4(382 502 503 383)
4(373 385 505 493)
4(384 504 505 385)
4(374 386 506 494)
4(385 505 506 386)
4(375 387 507 495)
4(386 506 507 387)
4(376 388 508 496)
4(387 507 508 388)
4(377 389 509 497)
4(388 508 509 389)
4(378 390 510 498)
4(389 509 510 390)
4(379 391 511 499)
4(390 510 511 391)
4(380 392 512 500)
4(391 511 512 392)
4(381 393 513 501)
4(392 512 513 393)
4(382 394 514 502)
4(393 513 514 394)
4(394 514 515 395)
4(385 397 517 505)
4(396 516 517 397)
4(386 398 518 506)
4(397 517 518 398)
4(387 399 519 507)
4(398 518 519 399)
4(388 400 520 508)
4(399 519 520 400)
4(389 401 521 509)
4(400 520 521 401)
4(390 402 522 510)
4(401 521 522 402)
4(391 403 523 511)
4(402 522 523 403)
4(392 404 524 512)
4(403 523 524 404)
4(393 405 525 513)
4(404 524 525 405)
4(394 406 526 514)
4(405 525 526 406)
4(406 526 527 407)
4(397 409 529 517)
4(408 528 529 409)
4(398 410 530 518)
4(409 529 530 410)
4(399 411 531 519)
4(410 530 531 411)
4(400 412 532 520)
4(411 531 532 412)
4(401 413 533 521)
4(412 532 533 413)
4(402 414 534 522)
4(413 533 534 414)
4(403 415 535 523)
4(414 534 535 415)
4(404 416 536 524)
4(415 535 536 416)
4(405 417 537 525)
4(416 536 537 417)
4(406 418 538 526)
4(417 537 538 418)
4(418 538 539 419)
4(409 421 541 529)
4(420 540 541 421)
4(410 422 542 530)
4(421 541 542 422)
4(411 423 543 531)
4(422 542 543 423)
4(412 424 544 532)
4(423 543 544 424)
4(413 425 545 533)
4(424 544 545 425)
4(414 426 546 534)
4(425 545 546 426)
4(415 427 547 535)
4(426 546 547 427)
4(416 428 548 536)
4(427 547 548 428)
4(417 429 549 537)
4(428 548 549 429)
4(418 430 550 538)
4(429 549 550 430)
4(430 550 551 431)
4(421 433 553 541)
4(432 552 553 433)
4(422 434 554 542)
4(433 553 554 434)
4(423 435 555 543)
4(434 554 555 435)
4(424 436 556 544)
4(435 555 556 436)
4(425 437 557 545)
4(436 556 557 437)
4(426 438 558 546)
4(437 557 558 438)
4(427 439 559 547)
4(438 558 559 439)
4(428 440 560 548)
4(439 559 560 440)
4(429 441 561 549)
4(440 560 561 441)
4(430 442 562 550)
4(441 561 562 442)
4(442 562 563 443)
4(433 445 565 553)
4(444 564 565 445)
4(434 446 566 554)
4(445 565 566 446)
4(435 447 567 555)
4(446 566 567 447)
4(436 448 568 556)
4(447 567 568 448)
4(437 449 569 557)
4(448 568 569 449)
4(438 450 570 558)
4(449 569 570 450)
4(439 451 571 559)
4(450 570 571 451)
4(440 452 572 560)
4(451 571 572 452)
4(441 453 573 561)
4(452 572 573 453)
4(442 454 574 562)
4(453 573 574 454)
4(454 574 575 455)
4(445 119 228 565)
4(446 120 229 566)
4(447 121 230 567)
4(448 122 231 568)
4(449 123 232 569)
4(450 124 233 570)
4(451 125 234 571)
4(452 126 235 572)
4(453 127 236 573)
4(454 128 237 574)
4(10 19 77 68)
4(19 29 87 77)
4(29 39 97 87)
4(39 49 107 97)
4(49 59 117 107)
4(0 140 249 1)
4(140 152 261 249)
4(152 163 272 261)
4(163 174 283 272)
4(174 185 294 283)
4(185 196 305 294)
4(196 206 315 305)
4(206 216 325 315)
4(216 226 335 325)
4(226 10 68 335)
4(78 79 89 88)
4(88 89 99 98)
4(98 99 109 108)
4(60 61 70 69)
4(69 70 80 79)
4(79 80 90 89)
4(89 90 100 99)
4(99 100 110 109)
4(61 62 71 70)
4(70 71 81 80)
4(80 81 91 90)
4(90 91 101 100)
4(100 101 111 110)
4(62 63 72 71)
4(71 72 82 81)
4(81 82 92 91)
4(91 92 102 101)
4(101 102 112 111)
4(63 64 73 72)
4(72 73 83 82)
4(82 83 93 92)
4(92 93 103 102)
4(102 103 113 112)
4(64 65 74 73)
4(73 74 84 83)
4(83 84 94 93)
4(93 94 104 103)
4(103 104 114 113)
4(65 66 75 74)
4(74 75 85 84)
4(84 85 95 94)
4(94 95 105 104)
4(104 105 115 114)
4(66 67 76 75)
4(75 76 86 85)
4(85 86 96 95)
4(95 96 106 105)
4(105 106 116 115)
4(67 68 77 76)
4(76 77 87 86)
4(86 87 97 96)
4(96 97 107 106)
4(106 107 117 116)
4(227 228 239 238)
4(238 239 251 250)
4(228 229 240 239)
4(239 240 252 251)
4(251 252 263 262)
4(262 263 274 273)
4(273 274 285 284)
4(284 285 296 295)
4(229 230 241 240)
4(240 241 253 252)
4(252 253 264 263)
4(263 264 275 274)
4(274 275 286 285)
4(285 286 297 296)
4(296 297 307 306)
4(306 307 317 316)
4(316 317 327 326)
4(230 231 242 241)
4(241 242 254 253)
4(253 254 265 264)
4(264 265 276 275)
4(275 276 287 286)
4(286 287 298 297)
4(297 298 308 307)
4(307 308 318 317)
4(317 318 328 327)
4(327 328 61 60)
4(231 232 243 242)
4(242 243 255 254)
4(254 255 266 265)
4(265 266 277 276)
4(276 277 288 287)
4(287 288 299 298)
4(298 299 309 308)
4(308 309 319 318)
4(318 319 329 328)
4(328 329 62 61)
4(232 233 244 243)
4(243 244 256 255)
4(255 256 267 266)
4(266 267 278 277)
4(277 278 289 288)
4(288 289 300 299)
4(299 300 310 309)
4(309 310 320 319)
4(319 320 330 329)
4(329 330 63 62)
4(233 234 245 244)
4(244 245 257 256)
4(256 257 268 267)
4(267 268 279 278)
4(278 279 290 289)
4(289 290 301 300)
4(300 301 311 310)
4(310 311 321 320)
4(320 321 331 330)
4(330 331 64 63)
4(234 235 246 245)
4(245 246 258 257)
4(257 258 269 268)
4(268 269 280 279)
4(279 280 291 290)
4(290 291 302 301)
4(301 302 312 311)
4(311 312 322 321)
4(321 322 332 331)
4(331 332 65 64)
4(235 236 247 246)
4(246 247 259 258)
4(258 259 270 269)
4(269 270 281 280)
4(280 281 292 291)
4(291 292 303 302)
4(302 303 313 312)
4(312 313 323 322)
4(322 323 333 332)
4(332 333 66 65)
4(236 237 248 247)
4(247 248 260 259)
4(259 260 271 270)
4(270 271 282 281)
4(281 282 293 292)
4(292 293 304 303)
4(303 304 314 313)
4(313 314 324 323)
4(323 324 334 333)
4(333 334 67 66)
4(237 1 249 248)
4(248 249 261 260)
4(260 261 272 271)
4(271 272 283 282)
4(282 283 294 293)
4(293 294 305 304)
4(304 305 315 314)
4(314 315 325 324)
4(324 325 335 334)
4(334 335 68 67)
4(456 457 469 468)
4(468 469 481 480)
4(480 481 493 492)
4(492 493 505 504)
4(504 505 517 516)
4(516 517 529 528)
4(528 529 541 540)
4(540 541 553 552)
4(552 553 565 564)
4(564 565 228 227)
4(457 458 470 469)
4(469 470 482 481)
4(481 482 494 493)
4(493 494 506 505)
4(505 506 518 517)
4(517 518 530 529)
4(529 530 542 541)
4(541 542 554 553)
4(553 554 566 565)
4(565 566 229 228)
4(458 459 471 470)
4(470 471 483 482)
4(482 483 495 494)
4(494 495 507 506)
4(506 507 519 518)
4(518 519 531 530)
4(530 531 543 542)
4(542 543 555 554)
4(554 555 567 566)
4(566 567 230 229)
4(459 460 472 471)
4(471 472 484 483)
4(483 484 496 495)
4(495 496 508 507)
4(507 508 520 519)
4(519 520 532 531)
4(531 532 544 543)
4(543 544 556 555)
4(555 556 568 567)
4(567 568 231 230)
4(460 461 473 472)
4(472 473 485 484)
4(484 485 497 496)
4(496 497 509 508)
4(508 509 521 520)
4(520 521 533 532)
4(532 533 545 544)
4(544 545 557 556)
4(556 557 569 568)
4(568 569 232 231)
4(461 462 474 473)
4(473 474 486 485)
4(485 486 498 497)
4(497 498 510 509)
4(509 510 522 521)
4(521 522 534 533)
4(533 534 546 545)
4(545 546 558 557)
4(557 558 570 569)
4(569 570 233 232)
4(462 463 475 474)
4(474 475 487 486)
4(486 487 499 498)
4(498 499 511 510)
4(510 511 523 522)
4(522 523 535 534)
4(534 535 547 546)
4(546 547 559 558)
4(558 559 571 570)
4(570 571 234 233)
4(463 464 476 475)
4(475 476 488 487)
4(487 488 500 499)
4(499 500 512 511)
4(511 512 524 523)
4(523 524 536 535)
4(535 536 548 547)
4(547 548 560 559)
4(559 560 572 571)
4(571 572 235 234)
4(464 465 477 476)
4(476 477 489 488)
4(488 489 501 500)
4(500 501 513 512)
4(512 513 525 524)
4(524 525 537 536)
4(536 537 549 548)
4(548 549 561 560)
4(560 561 573 572)
4(572 573 236 235)
4(465 466 478 477)
4(477 478 490 489)
4(489 490 502 501)
4(501 502 514 513)
4(513 514 526 525)
4(525 526 538 537)
4(537 538 550 549)
4(549 550 562 561)
4(561 562 574 573)
4(573 574 237 236)
4(466 467 479 478)
4(478 479 491 490)
4(490 491 503 502)
4(502 503 515 514)
4(514 515 527 526)
4(526 527 539 538)
4(538 539 551 550)
4(550 551 563 562)
4(562 563 575 574)
4(574 575 1 237)
4(20 30 31 21)
4(30 40 41 31)
4(40 50 51 41)
4(2 11 12 3)
4(11 21 22 12)
4(21 31 32 22)
4(31 41 42 32)
4(41 51 52 42)
4(3 12 13 4)
4(12 22 23 13)
4(22 32 33 23)
4(32 42 43 33)
4(42 52 53 43)
4(4 13 14 5)
4(13 23 24 14)
4(23 33 34 24)
4(33 43 44 34)
4(43 53 54 44)
4(5 14 15 6)
4(14 24 25 15)
4(24 34 35 25)
4(34 44 45 35)
4(44 54 55 45)
4(6 15 16 7)
4(15 25 26 16)
4(25 35 36 26)
4(35 45 46 36)
4(45 55 56 46)
4(7 16 17 8)
4(16 26 27 17)
4(26 36 37 27)
4(36 46 47 37)
4(46 56 57 47)
4(8 17 18 9)
4(17 27 28 18)
4(27 37 38 28)
4(37 47 48 38)
4(47 57 58 48)
4(9 18 19 10)
4(18 28 29 19)
4(28 38 39 29)
4(38 48 49 39)
4(48 58 59 49)
4(118 129 130 119)
4(129 141 142 130)
4(119 130 131 120)
4(130 142 143 131)
4(142 153 154 143)
4(153 164 165 154)
4(164 175 176 165)
4(175 186 187 176)
4(120 131 132 121)
4(131 143 144 132)
4(143 154 155 144)
4(154 165 166 155)
4(165 176 177 166)
4(176 187 188 177)
4(187 197 198 188)
4(197 207 208 198)
4(207 217 218 208)
4(121 132 133 122)
4(132 144 145 133)
4(144 155 156 145)
4(155 166 167 156)
4(166 177 178 167)
4(177 188 189 178)
4(188 198 199 189)
4(198 208 209 199)
4(208 218 219 209)
4(218 2 3 219)
4(122 133 134 123)
4(133 145 146 134)
4(145 156 157 146)
4(156 167 168 157)
4(167 178 179 168)
4(178 189 190 179)
4(189 199 200 190)
4(199 209 210 200)
4(209 219 220 210)
4(219 3 4 220)
4(123 134 135 124)
4(134 146 147 135)
4(146 157 158 147)
4(157 168 169 158)
4(168 179 180 169)
4(179 190 191 180)
4(190 200 201 191)
4(200 210 211 201)
4(210 220 221 211)
4(220 4 5 221)
4(124 135 136 125)
4(135 147 148 136)
4(147 158 159 148)
4(158 169 170 159)
4(169 180 181 170)
4(180 191 192 181)
4(191 201 202 192)
4(201 211 212 202)
4(211 221 222 212)
4(221 5 6 222)
4(125 136 137 126)
4(136 148 149 137)
4(148 159 160 149)
4(159 170 171 160)
4(170 181 182 171)
4(181 192 193 182)
4(192 202 203 193)
4(202 212 213 203)
4(212 222 223 213)
4(222 6 7 223)
4(126 137 138 127)
4(137 149 150 138)
4(149 160 161 150)
4(160 171 172 161)
4(171 182 183 172)
4(182 193 194 183)
4(193 203 204 194)
4(203 213 214 204)
4(213 223 224 214)
4(223 7 8 224)
4(127 138 139 128)
4(138 150 151 139)
4(150 161 162 151)
4(161 172 173 162)
4(172 183 184 173)
4(183 194 195 184)
4(194 204 205 195)
4(204 214 215 205)
4(214 224 225 215)
4(224 8 9 225)
4(128 139 140 0)
4(139 151 152 140)
4(151 162 163 152)
4(162 173 174 163)
4(173 184 185 174)
4(184 195 196 185)
4(195 205 206 196)
4(205 215 216 206)
4(215 225 226 216)
4(225 9 10 226)
4(336 348 349 337)
4(348 360 361 349)
4(360 372 373 361)
4(372 384 385 373)
4(384 396 397 385)
4(396 408 409 397)
4(408 420 421 409)
4(420 432 433 421)
4(432 444 445 433)
4(444 118 119 445)
4(337 349 350 338)
4(349 361 362 350)
4(361 373 374 362)
4(373 385 386 374)
4(385 397 398 386)
4(397 409 410 398)
4(409 421 422 410)
4(421 433 434 422)
4(433 445 446 434)
4(445 119 120 446)
4(338 350 351 339)
4(350 362 363 351)
4(362 374 375 363)
4(374 386 387 375)
4(386 398 399 387)
4(398 410 411 399)
4(410 422 423 411)
4(422 434 435 423)
4(434 446 447 435)
4(446 120 121 447)
4(339 351 352 340)
4(351 363 364 352)
4(363 375 376 364)
4(375 387 388 376)
4(387 399 400 388)
4(399 411 412 400)
4(411 423 424 412)
4(423 435 436 424)
4(435 447 448 436)
4(447 121 122 448)
4(340 352 353 341)
4(352 364 365 353)
4(364 376 377 365)
4(376 388 389 377)
4(388 400 401 389)
4(400 412 413 401)
4(412 424 425 413)
4(424 436 437 425)
4(436 448 449 437)
4(448 122 123 449)
4(341 353 354 342)
4(353 365 366 354)
4(365 377 378 366)
4(377 389 390 378)
4(389 401 402 390)
4(401 413 414 402)
4(413 425 426 414)
4(425 437 438 426)
4(437 449 450 438)
4(449 123 124 450)
4(342 354 355 343)
4(354 366 367 355)
4(366 378 379 367)
4(378 390 391 379)
4(390 402 403 391)
4(402 414 415 403)
4(414 426 427 415)
4(426 438 439 427)
4(438 450 451 439)
4(450 124 125 451)
4(343 355 356 344)
4(355 367 368 356)
4(367 379 380 368)
4(379 391 392 380)
4(391 403 404 392)
4(403 415 416 404)
4(415 427 428 416)
4(427 439 440 428)
4(439 451 452 440)
4(451 125 126 452)
4(344 356 357 345)
4(356 368 369 357)
4(368 380 381 369)
4(380 392 393 381)
4(392 404 405 393)
4(404 416 417 405)
4(416 428 429 417)
4(428 440 441 429)
4(440 452 453 441)
4(452 126 127 453)
4(345 357 358 346)
4(357 369 370 358)
4(369 381 382 370)
4(381 393 394 382)
4(393 405 406 394)
4(405 417 418 406)
4(417 429 430 418)
4(429 441 442 430)
4(441 453 454 442)
4(453 127 128 454)
4(346 358 359 347)
4(358 370 371 359)
4(370 382 383 371)
4(382 394 395 383)
4(394 406 407 395)
4(406 418 419 407)
4(418 430 431 419)
4(430 442 443 431)
4(442 454 455 443)
4(454 128 0 455)
4(2 60 69 11)
4(11 69 79 21)
4(20 21 79 78)
4(20 78 88 30)
4(30 88 98 40)
4(40 98 108 50)
4(118 227 238 129)
4(129 238 250 141)
4(141 250 251 142)
4(142 251 262 153)
4(153 262 273 164)
4(164 273 284 175)
4(175 284 295 186)
4(186 295 296 187)
4(187 296 306 197)
4(197 306 316 207)
4(207 316 326 217)
4(217 326 327 218)
4(218 327 60 2)
4(336 456 468 348)
4(348 468 480 360)
4(360 480 492 372)
4(372 492 504 384)
4(384 504 516 396)
4(396 516 528 408)
4(408 528 540 420)
4(420 540 552 432)
4(432 552 564 444)
4(444 564 227 118)
4(336 337 457 456)
4(50 108 109 51)
4(51 109 110 52)
4(52 110 111 53)
4(53 111 112 54)
4(54 112 113 55)
4(55 113 114 56)
4(56 114 115 57)
4(57 115 116 58)
4(58 116 117 59)
4(337 338 458 457)
4(338 339 459 458)
4(339 340 460 459)
4(340 341 461 460)
4(341 342 462 461)
4(342 343 463 462)
4(343 344 464 463)
4(344 345 465 464)
4(345 346 466 465)
4(346 347 467 466)
4(347 359 479 467)
4(359 371 491 479)
4(371 383 503 491)
4(383 395 515 503)
4(395 407 527 515)
4(407 419 539 527)
4(419 431 551 539)
4(431 443 563 551)
4(443 455 575 563)
4(455 0 1 575)
)


// ************************************************************************* //
