/*--------------------------------*- C++ -*----------------------------------*\
  =========                 |
  \\      /  F ield         | OpenFOAM: The Open Source CFD Toolbox
   \\    /   O peration     | Website:  https://openfoam.org
    \\  /    A nd           | Version:  7
     \\/     M anipulation  |
\*---------------------------------------------------------------------------*/
FoamFile
{
    version     2.0;
    format      ascii;
    class       volVectorField;
    location    "100";
    object      U;
}
// * * * * * * * * * * * * * * * * * * * * * * * * * * * * * * * * * * * * * //

dimensions      [0 1 -1 0 0 0 0];

internalField   nonuniform List<vector> 
125
(
(-0.232868 -8.8084e-05 7.41999e-18)
(-0.232709 -7.11349e-05 5.4065e-18)
(-0.232457 -5.51661e-05 -8.28739e-19)
(-0.232092 -3.72324e-05 9.24457e-18)
(-0.231595 -1.34667e-05 6.2744e-18)
(-0.230944 1.59357e-05 6.53515e-18)
(-0.230113 5.10834e-05 -3.71638e-18)
(-0.229069 9.23614e-05 -2.08213e-18)
(-0.227775 0.000140377 1.02753e-17)
(-0.226186 0.00019602 3.88475e-18)
(-0.232452 1.75289e-05 -2.19461e-18)
(-0.232603 3.32629e-06 3.70285e-18)
(-0.23274 -8.56892e-06 5.44528e-18)
(-0.232853 -1.8457e-05 3.4124e-18)
(-0.232932 -2.96923e-05 1.12236e-17)
(-0.232968 -4.0474e-05 6.14874e-18)
(-0.232952 -5.07947e-05 1.38215e-17)
(-0.23287 -6.1135e-05 1.17993e-17)
(-0.23271 -7.33249e-05 1.50563e-18)
(-0.232455 -8.42873e-05 -2.47422e-18)
(-0.23209 -9.41126e-05 6.90765e-18)
(-0.231594 -0.000105619 4.07588e-18)
(-0.230943 -0.000119782 1.51501e-17)
(-0.230112 -0.000137479 2.87817e-19)
(-0.229068 -0.00015982 -5.51101e-18)
(-0.227774 -0.000188181 3.14091e-18)
(-0.226186 -0.000224225 2.23858e-18)
(-0.231238 3.84334e-05 -5.01755e-18)
(-0.23135 1.88503e-05 3.61473e-18)
(-0.231446 -6.75248e-07 3.61419e-18)
(-0.231518 -2.17407e-05 2.14833e-18)
(-0.231556 -4.54924e-05 2.95708e-18)
(-0.231549 -7.23362e-05 3.05623e-18)
(-0.231487 -0.000102087 6.51969e-18)
(-0.231358 -0.000134884 6.51196e-18)
(-0.231149 -0.000171833 -4.4767e-18)
(-0.230845 -0.000215098 -5.94202e-18)
(-0.230429 -0.00026534 9.76953e-18)
(-0.229879 -0.000323585 3.14931e-18)
(-0.229174 -0.000391779 -1.52673e-19)
(-0.228288 -0.000472343 1.74234e-18)
(-0.227187 -0.000568126 -1.3002e-17)
(-0.225837 -0.000682579 -1.12304e-18)
(-0.224192 -0.000819948 2.11602e-18)
(-0.228788 8.54538e-05 1.01953e-18)
(-0.228828 6.53067e-05 7.83406e-18)
(-0.228849 3.55931e-05 3.27314e-18)
(-0.22884 1.91455e-06 1.93888e-18)
(-0.228793 -3.32117e-05 -3.19474e-18)
(-0.228698 -7.4469e-05 1.4477e-18)
(-0.228545 -0.000122389 3.65516e-18)
(-0.228322 -0.000177964 4.33348e-18)
(-0.228016 -0.000243014 2.48876e-19)
(-0.227611 -0.00031822 -1.22849e-17)
(-0.227091 -0.000405173 4.9857e-18)
(-0.226435 -0.000507007 2.80922e-18)
(-0.225622 -0.000626978 3.69255e-19)
(-0.224625 -0.000768808 4.45103e-18)
(-0.223413 -0.000936995 -1.28553e-17)
(-0.221951 -0.00113706 -2.63322e-18)
(-0.220194 -0.00137586 2.84454e-18)
(-0.225092 7.43189e-05 7.84222e-18)
(-0.225021 4.15951e-05 4.70238e-18)
(-0.224924 3.66021e-06 3.50691e-18)
(-0.224791 -3.71135e-05 2.52087e-18)
(-0.224616 -8.53943e-05 1.79899e-18)
(-0.224389 -0.00014347 1.85502e-18)
(-0.224099 -0.000211872 3.24414e-18)
(-0.223734 -0.00029174 4.07454e-18)
(-0.22328 -0.000385199 3.8748e-18)
(-0.222723 -0.000494442 -1.11658e-17)
(-0.222047 -0.000621871 7.07331e-18)
(-0.221232 -0.000770884 3.14669e-18)
(-0.220255 -0.000945672 7.31546e-19)
(-0.219092 -0.00115132 1.00211e-17)
(-0.217712 -0.001394 -4.16192e-18)
(-0.216081 -0.00168127 -3.4157e-18)
(-0.214156 -0.00202256 6.77583e-18)
(-0.220118 3.48907e-05 7.16822e-18)
(-0.219896 9.49411e-07 3.12483e-18)
(-0.21964 -4.15953e-05 4.98854e-18)
(-0.219343 -9.53242e-05 4.49115e-18)
(-0.218996 -0.000162022 8.08763e-18)
(-0.21859 -0.000241002 3.2726e-18)
(-0.218114 -0.000333395 5.03886e-18)
(-0.217557 -0.000441138 5.96114e-18)
(-0.216904 -0.00056686 9.54008e-18)
(-0.216143 -0.000713084 -3.25423e-18)
(-0.215255 -0.000883097 6.68458e-19)
(-0.214224 -0.00108139 4.75516e-18)
(-0.213027 -0.00131329 1.71938e-18)
(-0.21164 -0.00158518 4.87299e-18)
(-0.210035 -0.0019048 -1.34465e-18)
(-0.208177 -0.00228167 -5.05288e-18)
(-0.206027 -0.00272764 1.56064e-17)
(-0.213827 -5.99036e-05 -1.34698e-18)
(-0.213412 -0.000101922 2.4331e-18)
(-0.212956 -0.000158259 8.88593e-18)
(-0.212449 -0.000229144 9.11608e-18)
(-0.211884 -0.00031419 4.76078e-18)
(-0.211251 -0.000414706 5.10659e-18)
(-0.21054 -0.000532436 9.87904e-18)
(-0.209738 -0.000669568 1.07569e-17)
(-0.208833 -0.000829093 5.61875e-18)
(-0.207811 -0.00101426 1.93187e-19)
(-0.206657 -0.00122909 -4.97115e-18)
(-0.205352 -0.0014788 9.33125e-18)
(-0.203876 -0.00176967 2.20738e-18)
(-0.202205 -0.00210931 2.2757e-18)
(-0.200313 -0.00250699 -5.62919e-20)
(-0.198168 -0.00297407 -1.01042e-17)
(-0.195734 -0.00352467 1.77446e-17)
(-0.206177 -0.000201552 1.19446e-18)
(-0.205527 -0.000261664 3.77267e-18)
(-0.204824 -0.000336398 5.56212e-18)
(-0.204061 -0.000427163 4.88416e-18)
(-0.203228 -0.000535348 3.16953e-18)
(-0.202316 -0.0006621 9.56006e-18)
(-0.201316 -0.000809402 5.89037e-18)
(-0.200215 -0.000979914 5.90468e-18)
(-0.199001 -0.00117708 3.53404e-18)
(-0.197661 -0.00140472 2.12252e-18)
(-0.19618 -0.00166762 2.9362e-18)
(-0.19454 -0.00197178 4.85847e-18)
(-0.192722 -0.00232447 1.964e-18)
)
;

boundaryField
{
    inlet
    {
        type            uniformFixedValue;
        uniformValue    constant (1 0 0);
        value           nonuniform 0();
    }
    outlet
    {
        type            pressureInletOutletVelocity;
        value           nonuniform 0();
    }
    polygon
    {
        type            fixedValue;
        value           nonuniform 0();
    }
    top
    {
        type            symmetryPlane;
    }
    bottom
    {
        type            symmetryPlane;
    }
    outside
    {
        type            zeroGradient;
    }
    procBoundary27to19
    {
        type            processor;
        value           nonuniform List<vector> 
18
(
(-0.190704 -0.00273442 2.39832e-18)
(-0.188461 -0.00321228 3.96719e-19)
(-0.185965 -0.00377108 -3.99226e-18)
(-0.183182 -0.00442699 1.63589e-17)
(-0.197111 -0.00043294 3.47593e-18)
(-0.196179 -0.000509625 8.09493e-18)
(-0.195182 -0.000604258 5.1932e-18)
(-0.194111 -0.000718182 3.70079e-18)
(-0.192959 -0.000852369 2.66332e-18)
(-0.191715 -0.00100838 5.35177e-18)
(-0.190369 -0.00118858 4.14996e-18)
(-0.188911 -0.00139595 4.27298e-18)
(-0.187329 -0.0016343 2.88144e-18)
(-0.185609 -0.00190798 5.34872e-18)
(-0.183737 -0.00222244 -4.10031e-18)
(-0.181697 -0.00258434 2.86356e-18)
(-0.190704 -0.00273442 2.39832e-18)
(-0.179471 -0.00300179 2.32854e-18)
)
;
    }
    procBoundary27to26
    {
        type            processor;
        value           nonuniform List<vector> 6((-0.224249 -0.000269978 -7.92417e-18) (-0.2222 -0.00098548 -7.97956e-18) (-0.218092 -0.00166195 -1.44582e-17) (-0.211889 -0.0024296 -1.3261e-17) (-0.20354 -0.0032575 -3.6077e-18) (-0.192967 -0.00417644 2.92388e-19));
    }
    procBoundary27to28
    {
        type            processor;
        value           nonuniform List<vector> 7((-0.232295 3.08514e-05 6.17077e-19) (-0.231115 5.42708e-05 5.55173e-19) (-0.228735 0.000100953 6.15239e-19) (-0.225146 9.70148e-05 9.20927e-19) (-0.220314 6.06682e-05 1.59392e-18) (-0.214209 -2.67769e-05 3.43407e-18) (-0.206782 -0.000157497 7.45506e-18));
    }
    procBoundary27to34
    {
        type            processor;
        value           uniform (-0.224249 0.000260546 -1.38948e-17);
    }
    procBoundary27to35
    {
        type            processor;
        value           nonuniform List<vector> 
18
(
(-0.231362 -1.00521e-05 5.32905e-18)
(-0.231154 3.34414e-05 -4.05362e-18)
(-0.230847 8.3025e-05 -8.40416e-19)
(-0.230429 0.000140366 2.7546e-18)
(-0.22988 0.000209834 -5.08723e-18)
(-0.229175 0.000292661 5.96296e-19)
(-0.228289 0.00039027 -1.26368e-17)
(-0.227189 0.000504666 5.70245e-19)
(-0.225838 0.000638479 7.64638e-18)
(-0.224193 0.000795158 6.21914e-18)
(-0.232452 -7.23352e-05 -6.43221e-19)
(-0.232602 -8.23151e-05 7.09757e-18)
(-0.232738 -9.15332e-05 1.00165e-17)
(-0.23285 -9.9505e-05 6.27176e-18)
(-0.23293 -0.000104231 1.26237e-17)
(-0.232967 -0.000102629 1.11655e-17)
(-0.23295 -9.76522e-05 1.5341e-17)
(-0.23295 -9.76522e-05 1.5341e-17)
)
;
    }
}


// ************************************************************************* //
