/*--------------------------------*- C++ -*----------------------------------*\
  =========                 |
  \\      /  F ield         | OpenFOAM: The Open Source CFD Toolbox
   \\    /   O peration     | Website:  https://openfoam.org
    \\  /    A nd           | Version:  7
     \\/     M anipulation  |
\*---------------------------------------------------------------------------*/
FoamFile
{
    version     2.0;
    format      ascii;
    class       surfaceScalarField;
    location    "4";
    object      phi;
}
// * * * * * * * * * * * * * * * * * * * * * * * * * * * * * * * * * * * * * //

dimensions      [0 3 -1 0 0 0 0];

internalField   nonuniform List<scalar> 
318
(
-0.000289
0.00962115
-0.000361801
0.00964738
-0.000436203
0.00966908
-0.000512678
0.00970026
-0.000591378
0.0097379
-0.000672688
0.00978401
-0.000756839
0.0098383
0.00990122
-0.000288557
0.00969218
-0.000361091
0.00971991
-0.000435228
0.00974322
-0.000511498
0.00977653
-0.000590015
0.00981642
-0.000671197
0.0098652
-0.000755253
0.00992236
0.00998847
-0.000288065
0.0097629
-0.000360295
0.00979214
-0.00043417
0.00981709
-0.000510213
0.00985258
-0.000588549
0.00989476
-0.000669597
0.00994624
-0.000753567
0.0100063
0.0100757
-0.00028751
0.00983333
-0.000359428
0.00986406
-0.000433032
0.0098907
-0.000508842
0.00992839
-0.000586989
0.0099729
-0.000667901
0.0100272
-0.000751785
0.0100902
0.0101628
-0.000286897
0.00990346
-0.000358493
0.00993565
-0.000431814
0.00996402
-0.000507381
0.010004
-0.000585328
0.0100508
-0.000666093
0.0101079
-0.000749878
0.010174
0.01025
-0.000286226
0.00997328
-0.000357488
0.0100069
-0.000430518
0.010037
-0.00050583
0.0100793
-0.000583567
0.0101286
-0.000664173
0.0101885
-0.000747847
0.0102577
0.010337
-0.0002855
0.0100428
-0.000356416
0.0100778
-0.000429142
0.0101098
-0.000504191
0.0101543
-0.000581707
0.0102061
-0.000662144
0.010269
-0.000745698
0.0103412
0.010424
-0.00028472
0.010112
-0.000355277
0.0101484
-0.000427688
0.0101822
-0.000502465
0.0102291
-0.00057975
0.0102834
-0.00066001
0.0103492
-0.000743434
0.0104246
0.0105109
-0.000283889
0.0101809
-0.000354072
0.0102186
-0.000426157
0.0102543
-0.000500653
0.0103036
-0.000577697
0.0103604
-0.000657771
0.0104293
-0.000741057
0.0105079
0.0105977
-0.000283009
0.0102496
-0.000352801
0.0102884
-0.000424545
0.010326
-0.00049875
0.0103778
-0.000575541
0.0104372
-0.000655421
0.0105092
-0.000738561
0.0105911
-0.00906596
0.000367438
-0.00918738
0.000193798
-0.00930625
-1.10356e-05
-0.00944173
-0.000222849
-0.00958365
-0.000431116
-0.00972333
-0.000631776
-0.00985442
-0.000817283
-0.00997139
-0.00098301
-0.0100708
-0.00112976
-0.01015
-0.00125569
-0.010207
-0.00136174
-0.010241
-0.00144884
-0.0015184
-0.00909753
0.000505237
-0.0092365
0.00033277
-0.00938451
0.000136972
-0.00953452
-7.28329e-05
-0.00967939
-0.000286248
-0.00981615
-0.000495016
-0.00994158
-0.000691853
-0.0100512
-0.000873422
-0.0101423
-0.00103864
-0.0102127
-0.00118526
-0.0102611
-0.00131339
-0.0102865
-0.00142343
-0.00151649
-0.00917026
0.000658595
-0.00932357
0.000486074
-0.00947594
0.000289347
-0.00962552
7.67453e-05
-0.00977141
-0.000140359
-0.00990855
-0.000357875
-0.0100312
-0.000569216
-0.0101354
-0.000769207
-0.0102193
-0.000954755
-0.0102812
-0.00112332
-0.0103204
-0.00127424
-0.0103355
-0.0014083
-0.00152598
-0.00924612
0.000826067
-0.00941306
0.000653013
-0.0095776
0.000453884
-0.00973685
0.000235998
-0.00988601
8.80184e-06
-0.0100194
-0.000224464
-0.0101357
-0.000452928
-0.0102327
-0.000672238
-0.0103085
-0.000878904
-0.0103619
-0.00106998
-0.0103918
-0.00124434
-0.0103973
-0.00140282
-0.00154545
-0.0093278
0.00100816
-0.00950795
0.000833156
-0.00968273
0.000628668
-0.00984841
0.000401682
-0.00999983
0.000160223
-0.0101353
-8.90197e-05
-0.0102501
-0.000338076
-0.010342
-0.000580343
-0.0104101
-0.000810809
-0.0104541
-0.00102599
-0.0104737
-0.00122479
-0.0104683
-0.00140817
-0.00157654
-0.00940837
0.00120586
-0.00960333
0.00102812
-0.00979103
0.000816366
-0.00996668
0.000577337
-0.0101252
0.000318774
-0.0102631
4.88489e-05
-0.0103769
-0.000224251
-0.0104646
-0.000492689
-0.0105255
-0.000749866
-0.0105602
-0.000991345
-0.0105691
-0.0012159
-0.0105522
-0.00142499
-0.0016196
-0.0094875
0.00142146
-0.00970019
0.00124081
-0.00990422
0.0010204
-0.0100935
0.000766628
-0.010262
-0.0104047
-0.0105187
-0.0106019
-0.0106548
-0.010679
-0.0106761
-0.0106469
-0.009565
-0.00979936
-0.010024
)
;

boundaryField
{
    inlet
    {
        type            calculated;
        value           nonuniform 0();
    }
    outlet
    {
        type            calculated;
        value           nonuniform 0();
    }
    polygon
    {
        type            calculated;
        value           nonuniform 0();
    }
    top
    {
        type            symmetryPlane;
        value           uniform 0;
    }
    bottom
    {
        type            symmetryPlane;
        value           uniform 0;
    }
    outside
    {
        type            calculated;
        value           nonuniform List<scalar> 
23
(
0.000217667
0.000217536
0.000217339
0.000217084
0.00021677
0.000216399
0.000215974
0.000215497
0.00021497
0.000214396
-0.000242604
-7.23816e-05
0.000129902
0.000358335
0.000573032
0.000771452
0.000948376
0.00109998
0.00122916
0.00133486
0.00141881
0.00148279
0.00152698
)
;
    }
    procBoundary58to49
    {
        type            processor;
        value           nonuniform List<scalar> 3(-0.0097027 -0.00975415 -0.00981392);
    }
    procBoundary58to50
    {
        type            processor;
        value           nonuniform List<scalar> 
25
(
-0.00084414
-0.000842499
-0.000840774
-0.000838956
-0.000837001
-0.000834907
-0.000832684
-0.000830339
-0.000827873
-0.000825285
0.0106845
0.000487286
0.000191556
-0.000110276
-0.000409531
-0.000696933
-0.000967117
-0.00121881
-0.00145416
-0.00167547
0.00165817
0.00147517
0.00124508
-0.010231
0.000973595
)
;
    }
    procBoundary58to57
    {
        type            processor;
        value           nonuniform List<scalar> 5(-0.00954982 -0.00957458 -0.00959468 -0.00962379 -0.0096592);
    }
    procBoundary58to59
    {
        type            processor;
        value           nonuniform List<scalar> 8(0.00894113 0.00895973 0.0090169 0.00907865 0.00914571 0.00921066 0.0092719 0.00932828);
    }
}


// ************************************************************************* //
