/*--------------------------------*- C++ -*----------------------------------*\
  =========                 |
  \\      /  F ield         | OpenFOAM: The Open Source CFD Toolbox
   \\    /   O peration     | Website:  https://openfoam.org
    \\  /    A nd           | Version:  7
     \\/     M anipulation  |
\*---------------------------------------------------------------------------*/
FoamFile
{
    version     2.0;
    format      ascii;
    class       volVectorField;
    location    "116";
    object      U;
}
// * * * * * * * * * * * * * * * * * * * * * * * * * * * * * * * * * * * * * //

dimensions      [0 1 -1 0 0 0 0];

internalField   nonuniform List<vector> 
175
(
(1.2629 0.30564 6.87039e-19)
(1.26996 0.323344 -2.84269e-18)
(1.2797 0.341403 -5.12814e-18)
(1.29097 0.362599 -7.54052e-18)
(1.30189 0.378557 -1.69549e-18)
(1.29042 0.392568 -1.51881e-18)
(1.26705 0.304702 2.68099e-19)
(1.27441 0.321828 -3.45294e-18)
(1.28435 0.339134 -5.19652e-18)
(1.2954 0.358847 -6.74187e-18)
(1.30393 0.372249 -1.39573e-18)
(1.28406 0.379412 -1.31471e-18)
(1.27131 0.303656 -2.21694e-20)
(1.27905 0.320176 -3.36365e-18)
(1.28923 0.336662 -5.02175e-18)
(1.29991 0.354763 -6.04418e-18)
(1.3055 0.36534 -2.33383e-18)
(1.27547 0.302501 -3.39688e-19)
(1.28352 0.318383 -3.73185e-18)
(1.29383 0.333986 -4.83649e-18)
(1.30379 0.350353 -6.12981e-18)
(1.30567 0.357882 -2.06119e-18)
(1.27945 0.301248 -5.54638e-19)
(1.28774 0.316468 -3.65168e-18)
(1.29798 0.331129 -4.98774e-18)
(1.30681 0.345651 -5.58508e-18)
(1.30415 0.349947 -3.203e-18)
(1.28327 0.299911 -8.02713e-19)
(1.2917 0.314446 -3.6128e-18)
(1.3017 0.328114 -4.83488e-18)
(1.30899 0.340694 -5.29772e-18)
(1.30101 0.341606 -4.67859e-18)
(1.28693 0.298497 -9.36123e-19)
(1.29544 0.312329 -3.51608e-18)
(1.30502 0.324956 -4.23393e-18)
(1.31033 0.335507 -4.84988e-18)
(1.29627 0.332924 -2.87756e-18)
(1.29045 0.297015 -1.38333e-18)
(1.29895 0.310127 -3.39134e-18)
(1.30792 0.321672 -3.98062e-18)
(1.31088 0.33013 -4.4278e-18)
(1.29008 0.323973 -2.57877e-18)
(1.29381 0.29548 -1.2512e-18)
(1.3022 0.307853 -3.29047e-18)
(1.31029 0.31826 -4.30223e-18)
(1.31029 0.324533 -4.34117e-18)
(1.28178 0.314723 -4.17729e-18)
(1.29694 0.29381 -1.32092e-18)
(1.30516 0.305463 -3.22502e-18)
(1.31244 0.314803 -4.58608e-18)
(1.30992 0.31912 -4.09132e-18)
(1.27506 0.306027 -3.9764e-18)
(1.21472 0.319666 4.88749e-18)
(1.2172 0.343685 -1.73386e-18)
(1.22153 0.369952 -7.90988e-18)
(1.22726 0.40282 -1.71834e-17)
(1.23553 0.435649 -5.60871e-18)
(1.22001 0.318678 4.07975e-18)
(1.22307 0.342176 -3.83209e-18)
(1.22812 0.367757 -8.05031e-18)
(1.2348 0.399745 -1.66592e-17)
(1.24424 0.43126 -5.57874e-18)
(1.22542 0.317554 5.75761e-18)
(1.22914 0.340494 -3.70943e-18)
(1.23502 0.365336 -6.61865e-18)
(1.24274 0.396356 -1.59891e-17)
(1.25339 0.426433 -4.95411e-18)
(1.23073 0.316294 4.89918e-18)
(1.23507 0.338639 -3.65876e-18)
(1.24173 0.362694 -6.53234e-18)
(1.25039 0.392665 -1.45023e-17)
(1.26205 0.421207 -4.41785e-18)
(1.23586 0.314913 5.97525e-18)
(1.24075 0.336632 -3.41682e-18)
(1.2481 0.359862 -6.46353e-18)
(1.25754 0.388713 -1.37191e-17)
(1.26994 0.415641 -3.91427e-18)
(1.24081 0.313424 5.11841e-18)
(1.2462 0.334491 -3.36716e-18)
(1.25415 0.356866 -6.46934e-18)
(1.26425 0.384539 -1.25696e-17)
(1.27715 0.409784 -3.63391e-18)
(1.24561 0.311838 6.10498e-18)
(1.25145 0.332231 -3.19418e-18)
(1.25994 0.353729 -5.50528e-18)
(1.27057 0.380174 -1.12734e-17)
(1.28373 0.40368 -3.34883e-18)
(1.25025 0.310164 4.05311e-18)
(1.25649 0.329865 -1.96447e-18)
(1.26546 0.350467 -6.01275e-18)
(1.27651 0.375644 -1.02205e-17)
(1.28973 0.397371 -3.07705e-18)
(1.25474 0.308422 3.67735e-18)
(1.26133 0.327421 -2.91441e-18)
(1.2707 0.347119 -5.75335e-18)
(1.28203 0.370996 -9.40195e-18)
(1.29501 0.390908 -2.92202e-18)
(1.29208 0.414949 2.45997e-19)
(1.25899 0.306502 2.23909e-18)
(1.26586 0.324766 -2.77091e-18)
(1.27553 0.343523 -5.56271e-18)
(1.28703 0.366072 -8.63096e-18)
(1.29989 0.384207 -1.89085e-18)
(1.29516 0.404592 3.79433e-19)
(1.16516 0.309291 2.18111e-17)
(1.16067 0.335231 3.7715e-18)
(1.15648 0.364925 -1.01176e-17)
(1.1517 0.398759 -1.23703e-17)
(1.14533 0.438708 -4.20842e-17)
(1.17198 0.308465 2.28954e-17)
(1.16838 0.333984 4.02912e-18)
(1.16525 0.363232 -9.53179e-18)
(1.16176 0.396552 -1.49444e-17)
(1.1571 0.436212 -3.86634e-17)
(1.17693 0.307562 2.08317e-17)
(1.17384 0.332637 7.22564e-18)
(1.17137 0.36141 -1.12519e-17)
(1.16879 0.394141 -1.46207e-17)
(1.16549 0.433401 -3.54716e-17)
(1.18155 0.306596 1.9264e-17)
(1.17898 0.331204 6.92913e-18)
(1.17721 0.359463 -7.31744e-18)
(1.17561 0.39153 -1.12048e-17)
(1.17375 0.430268 -3.01726e-17)
(1.18637 0.30555 1.48333e-17)
(1.18439 0.329664 6.6336e-18)
(1.18338 0.35737 -6.85412e-18)
(1.18284 0.388701 -1.06041e-17)
(1.18241 0.426808 -2.7633e-17)
(1.17982 0.468643 -5.25981e-18)
(1.19123 0.304418 1.35016e-17)
(1.18984 0.328014 6.61383e-18)
(1.18956 0.355132 -5.82855e-18)
(1.19003 0.385666 -9.83543e-18)
(1.19095 0.423046 -2.56957e-17)
(1.19056 0.463597 -5.66874e-18)
(1.19599 0.303208 1.21945e-17)
(1.19513 0.326265 6.30475e-18)
(1.19553 0.352765 -2.75262e-18)
(1.19692 0.382452 -9.45556e-18)
(1.19906 0.419018 -2.3693e-17)
(1.20077 0.458119 -5.87145e-18)
(1.20061 0.301928 1.10284e-17)
(1.20025 0.32443 5.91933e-18)
(1.20125 0.350287 -2.20848e-18)
(1.20351 0.379083 -8.86265e-18)
(1.20675 0.414754 -2.1992e-17)
(1.21045 0.452261 -5.91697e-18)
(1.20509 0.300586 1.02778e-17)
(1.20519 0.322519 5.84677e-18)
(1.20675 0.347712 -2.02439e-18)
(1.2098 0.375584 -8.38212e-18)
(1.21402 0.410294 -2.04157e-17)
(1.21956 0.446105 -6.19144e-18)
(1.20947 0.29916 9.18804e-18)
(1.20999 0.320492 5.46596e-18)
(1.21205 0.344974 -1.8219e-18)
(1.21584 0.371848 -7.90696e-18)
(1.22089 0.405473 -1.88653e-17)
(1.2282 0.4394 -6.3696e-18)
(0.932473 0.219326 -3.25849e-17)
(0.986295 0.213345 -8.22069e-17)
(1.01108 0.45666 -7.58569e-17)
(0.961659 0.219221 1.94663e-17)
(1.00606 0.20376 -1.83823e-17)
(1.03476 0.414926 -4.61041e-17)
(0.985417 0.215755 2.81171e-17)
(1.02605 0.195757 -5.63434e-17)
(1.0547 0.377272 -5.07619e-17)
(1.00451 0.209218 8.39469e-17)
(1.04536 0.188776 -6.59879e-18)
(1.07218 0.344106 3.44784e-17)
(1.02012 0.200558 2.81668e-17)
(1.06305 0.182067 3.16679e-18)
(1.08815 0.314805 8.57376e-18)
)
;

boundaryField
{
    inlet
    {
        type            uniformFixedValue;
        uniformValue    constant (1 0 0);
        value           nonuniform 0();
    }
    outlet
    {
        type            pressureInletOutletVelocity;
        value           nonuniform 0();
    }
    polygon
    {
        type            fixedValue;
        value           nonuniform 0();
    }
    top
    {
        type            symmetryPlane;
    }
    bottom
    {
        type            symmetryPlane;
    }
    outside
    {
        type            zeroGradient;
    }
    procBoundary41to33
    {
        type            processor;
        value           nonuniform List<vector> 
36
(
(1.21068 0.360398 5.48736e-19)
(1.18241 0.33755 -5.37615e-19)
(1.27585 0.365616 -8.81505e-19)
(1.27585 0.365616 -8.81505e-19)
(1.26507 0.35134 -2.7096e-18)
(1.25157 0.336701 -4.8179e-18)
(1.23556 0.321851 -4.18803e-18)
(1.21727 0.306955 -4.01501e-18)
(1.19697 0.292159 -3.71871e-18)
(1.17412 0.277602 -3.53991e-18)
(1.1556 0.264184 -3.21851e-18)
(1.241 0.487252 2.06003e-18)
(1.25036 0.480049 2.62024e-18)
(1.2597 0.472188 2.59877e-18)
(1.26796 0.463736 2.5032e-18)
(1.27494 0.454744 2.65592e-18)
(1.28078 0.445287 -7.51661e-20)
(1.28559 0.435452 2.26679e-19)
(1.28947 0.425328 2.66203e-19)
(1.28947 0.425328 2.66203e-19)
(1.23565 0.396781 2.01236e-18)
(1.23351 0.382312 1.57244e-18)
(1.13379 0.48351 -5.39792e-18)
(1.14774 0.480669 -5.99927e-18)
(1.15828 0.477224 -6.62134e-18)
(1.16885 0.473202 -4.63576e-18)
(1.16885 0.473202 -4.63576e-18)
(1.17361 0.527642 3.76132e-18)
(1.18699 0.522243 3.40746e-18)
(1.19965 0.516065 3.02967e-18)
(1.21156 0.509168 2.66255e-18)
(1.22255 0.501659 2.2961e-18)
(1.23284 0.493248 1.90703e-18)
(0.89828 0.216285 4.32702e-17)
(0.967304 0.224299 -2.46843e-17)
(0.980679 0.502664 1.25608e-18)
)
;
    }
    procBoundary41to48
    {
        type            processor;
        value           nonuniform List<vector> 4((0.982492 0.108396 7.15125e-17) (0.98659 0.106089 1.08885e-16) (0.992763 0.103122 2.12995e-17) (1.00109 0.100122 -2.25613e-17));
    }
    procBoundary41to49
    {
        type            processor;
        value           nonuniform List<vector> 
34
(
(1.25807 0.289658 5.69305e-18)
(1.26192 0.289127 5.22594e-18)
(1.26584 0.288508 3.57693e-18)
(1.26967 0.287799 4.02885e-18)
(1.27337 0.287011 3.59809e-18)
(1.27695 0.28615 3.23923e-18)
(1.28042 0.285225 2.2732e-18)
(1.28378 0.284239 2.02408e-18)
(1.28703 0.28321 1.27438e-18)
(1.29011 0.28205 6.43118e-19)
(1.21384 0.298714 5.99161e-18)
(1.21384 0.298714 5.99161e-18)
(1.21865 0.298152 7.77413e-18)
(1.22353 0.29748 9.33356e-18)
(1.22833 0.296698 1.06018e-17)
(1.23299 0.295816 9.96444e-18)
(1.23752 0.294845 5.32587e-18)
(1.24192 0.29379 6.45899e-18)
(1.24621 0.292659 7.56825e-18)
(1.25037 0.291467 7.15156e-18)
(1.25436 0.290125 6.50587e-18)
(1.17 0.286226 -8.64597e-18)
(1.17606 0.285763 -7.54826e-18)
(1.1806 0.285234 -6.45851e-18)
(1.18481 0.284655 -2.39883e-18)
(1.18916 0.284013 -1.82617e-18)
(1.19356 0.283302 -1.43274e-18)
(1.19788 0.282526 -1.05216e-18)
(1.20209 0.281692 -8.28866e-19)
(1.2062 0.280805 -2.30028e-19)
(1.21024 0.279855 -2.01145e-19)
(1.03344 0.190656 5.34675e-18)
(1.07865 0.175243 -6.63963e-20)
(1.10287 0.288807 1.22953e-17)
)
;
    }
    procBoundary41to50
    {
        type            processor;
        value           nonuniform List<vector> 5((1.29962 0.293008 -1.49308e-18) (1.30739 0.303886 -3.21682e-18) (1.31286 0.311755 -4.28752e-18) (1.3051 0.312847 -3.80754e-18) (1.25765 0.293992 -3.69253e-18));
    }
    procBoundary41to56
    {
        type            processor;
        value           uniform (1.01096 0.0971887 -1.831e-17);
    }
}


// ************************************************************************* //
