/*--------------------------------*- C++ -*----------------------------------*\
  =========                 |
  \\      /  F ield         | OpenFOAM: The Open Source CFD Toolbox
   \\    /   O peration     | Website:  https://openfoam.org
    \\  /    A nd           | Version:  7
     \\/     M anipulation  |
\*---------------------------------------------------------------------------*/
FoamFile
{
    version     2.0;
    format      ascii;
    class       volVectorField;
    location    "34";
    object      U;
}
// * * * * * * * * * * * * * * * * * * * * * * * * * * * * * * * * * * * * * //

dimensions      [0 1 -1 0 0 0 0];

internalField   nonuniform List<vector> 
175
(
(0.469279 -0.0713919 -1.50339e-19)
(0.488978 -0.0731592 1.39697e-18)
(0.50957 -0.0752265 -1.15089e-17)
(0.531009 -0.0775388 -1.82679e-18)
(0.553268 -0.0800552 -7.53765e-18)
(0.576335 -0.0827471 1.98693e-18)
(0.600205 -0.0855964 -1.24377e-18)
(0.624875 -0.0885934 -9.09596e-19)
(0.650339 -0.0917342 -8.63179e-19)
(0.676588 -0.0950189 -1.12366e-18)
(0.7036 -0.0984497 -2.90267e-18)
(0.731345 -0.10203 -5.68689e-18)
(0.759779 -0.105762 -1.1086e-17)
(0.494656 -0.0800776 5.34199e-18)
(0.511073 -0.0801406 3.59005e-18)
(0.528821 -0.0808352 1.11751e-18)
(0.547746 -0.0820731 5.84117e-19)
(0.567725 -0.0837705 8.69051e-19)
(0.588656 -0.0858523 -2.56698e-18)
(0.610463 -0.0882536 -3.67469e-18)
(0.63309 -0.0909208 -6.88026e-18)
(0.656493 -0.0938109 -2.81586e-18)
(0.680638 -0.0968907 -6.30966e-18)
(0.705494 -0.100135 -1.60487e-18)
(0.731028 -0.103527 -5.39251e-18)
(0.757203 -0.107052 -2.01261e-18)
(0.783973 -0.110701 -2.39581e-18)
(0.811282 -0.114468 -4.13443e-18)
(0.839062 -0.118344 -2.42873e-18)
(0.867234 -0.122325 -4.80381e-18)
(0.895707 -0.126404 -3.26922e-18)
(0.609349 -0.0920608 3.89266e-17)
(0.627815 -0.0930536 2.78387e-17)
(0.647418 -0.0945723 -6.53402e-18)
(0.66803 -0.0965462 -2.60297e-19)
(0.689548 -0.0989087 -4.51645e-18)
(0.711882 -0.101599 -8.11792e-18)
(0.734959 -0.104565 -1.78961e-17)
(0.758714 -0.10776 -3.95987e-17)
(0.783084 -0.111145 -1.02984e-17)
(0.80801 -0.114688 -4.22231e-17)
(0.833427 -0.118362 -1.23931e-17)
(0.859265 -0.122144 -4.88757e-17)
(0.885446 -0.126014 -2.66458e-17)
(0.911885 -0.129955 -1.16439e-17)
(0.938486 -0.133953 -3.62215e-17)
(0.965147 -0.137994 -4.42322e-18)
(0.991757 -0.142064 -3.02788e-17)
(1.0182 -0.14615 9.0593e-18)
(0.727589 -0.105272 8.76001e-18)
(0.747165 -0.107047 2.55945e-18)
(0.767677 -0.10926 -2.88104e-18)
(0.789011 -0.111852 -1.41327e-18)
(0.811064 -0.114768 -3.55639e-18)
(0.833744 -0.117953 -6.13374e-18)
(0.85696 -0.121358 -8.75504e-18)
(0.880625 -0.12494 -1.10292e-17)
(0.904652 -0.128658 -7.14284e-18)
(0.928948 -0.132478 -1.35883e-17)
(0.953419 -0.136367 -6.87301e-18)
(0.977966 -0.140299 -1.34314e-17)
(1.00248 -0.144248 -5.16976e-18)
(1.02687 -0.148194 -6.34596e-18)
(1.051 -0.152117 -8.26526e-18)
(1.07478 -0.155999 -9.90863e-19)
(1.09809 -0.159826 -5.81837e-18)
(1.12083 -0.163584 4.0428e-18)
(0.844421 -0.118986 3.0772e-17)
(0.864034 -0.121392 -9.26052e-18)
(0.884362 -0.124155 1.84412e-18)
(0.905291 -0.12722 -2.03502e-18)
(0.926709 -0.130535 -1.98661e-18)
(0.948507 -0.134048 -2.95753e-18)
(0.970577 -0.137712 -3.35376e-18)
(0.992811 -0.14148 -3.00248e-18)
(1.0151 -0.145311 -2.53562e-18)
(1.03734 -0.149168 -3.6753e-18)
(1.05941 -0.153019 -2.85389e-18)
(1.08122 -0.156833 -3.733e-18)
(1.10265 -0.160587 -1.58222e-18)
(1.1236 -0.164258 -2.33062e-18)
(1.14397 -0.16783 -2.08606e-18)
(1.16368 -0.171286 -3.87148e-19)
(1.18263 -0.174615 -9.69352e-19)
(1.20075 -0.177807 1.14418e-18)
(0.954642 -0.132414 3.1727e-18)
(0.973183 -0.135288 -2.64448e-18)
(0.992204 -0.138434 8.8715e-19)
(1.01158 -0.141798 -1.02282e-18)
(1.0312 -0.145329 -3.6943e-19)
(1.05094 -0.148976 -1.04985e-18)
(1.07067 -0.15269 -1.60259e-18)
(1.09029 -0.156427 -1.22936e-18)
(1.10968 -0.160146 -1.08543e-18)
(1.12874 -0.163813 -8.15141e-19)
(1.14736 -0.167397 -9.15065e-19)
(1.16546 -0.170872 -1.26792e-18)
(1.18293 -0.174217 -1.85324e-19)
(1.19972 -0.177417 -5.55729e-19)
(1.21575 -0.180458 -7.6339e-19)
(1.23095 -0.183333 -7.98493e-19)
(1.24529 -0.186036 -1.28857e-18)
(1.25873 -0.188566 7.36613e-20)
(1.05358 -0.1448 -2.75022e-17)
(1.07006 -0.147974 1.0178e-17)
(1.0868 -0.15133 -4.71636e-18)
(1.10367 -0.154816 1.66068e-18)
(1.12055 -0.158381 -1.62624e-18)
(1.13733 -0.161975 -4.26368e-19)
(1.15388 -0.165554 -5.09568e-19)
(1.17011 -0.169077 -7.42329e-19)
(1.18591 -0.17251 1.56495e-20)
(1.2012 -0.175821 -4.89491e-19)
(1.2159 -0.178988 -8.10238e-19)
(1.22994 -0.181992 -1.19931e-18)
(1.24326 -0.184819 -1.86955e-18)
(1.25583 -0.187461 -2.2405e-18)
(1.2676 -0.189914 -4.41669e-18)
(1.27856 -0.192177 -8.00377e-18)
(1.28869 -0.194253 -1.24251e-17)
(1.298 -0.196148 -2.18321e-17)
(1.13783 -0.155517 -1.80162e-18)
(1.15156 -0.158833 3.09365e-17)
(1.16536 -0.162244 -1.50739e-17)
(1.17912 -0.1657 4.31092e-18)
(1.19274 -0.169153 -2.71843e-18)
(1.2061 -0.172558 -8.94481e-19)
(1.21911 -0.175877 -1.61298e-18)
(1.23169 -0.179077 -1.80044e-18)
(1.24375 -0.182128 -5.48407e-19)
(1.25524 -0.185011 -1.11004e-18)
(1.2661 -0.187709 -1.70637e-18)
(1.2763 -0.190212 -1.76889e-18)
(1.28581 -0.192515 -2.41528e-18)
(1.29462 -0.194618 -3.30156e-18)
(1.30272 -0.196525 -2.65604e-18)
(1.31012 -0.198242 -3.87735e-18)
(1.31684 -0.199778 -3.8446e-18)
(1.3229 -0.201146 -3.0691e-18)
(1.20551 -0.163614 -3.98402e-18)
(1.21621 -0.167007 -6.08324e-18)
(1.22686 -0.170421 -2.19496e-17)
(1.23739 -0.173809 -2.94085e-17)
(1.24768 -0.177126 -7.94321e-18)
(1.25766 -0.180331 -3.21836e-17)
(1.26724 -0.183393 1.26988e-18)
(1.27638 -0.186283 -2.25231e-17)
(1.28502 -0.188983 -2.8906e-17)
(1.29312 -0.191479 -7.52213e-18)
(1.30065 -0.193764 -3.14309e-17)
(1.30761 -0.195837 2.65128e-19)
(1.31399 -0.197701 -2.22197e-17)
(1.31979 -0.199364 -2.76679e-17)
(1.32504 -0.200836 -4.85183e-18)
(1.32975 -0.20213 -2.62813e-17)
(1.33395 -0.203261 1.08715e-17)
(1.33767 -0.204244 -5.42804e-18)
(1.25357 -0.172308 -3.23495e-18)
(1.26171 -0.175614 -6.60666e-18)
(1.26974 -0.178851 -8.53168e-18)
(1.27758 -0.181979 -6.05371e-18)
(1.28515 -0.184964 -1.75757e-18)
(1.2924 -0.18778 -3.63584e-18)
(1.29926 -0.190404 6.68108e-18)
(1.3057 -0.192824 6.36872e-18)
(1.3117 -0.195032 2.22318e-17)
(1.31723 -0.197027 -2.92583e-18)
(1.32228 -0.198813 1.68035e-17)
(1.32688 -0.200398 -1.42364e-17)
(1.33101 -0.201792 -4.50852e-18)
(1.33471 -0.20301 -7.67603e-18)
(1.338 -0.204065 -3.77578e-19)
(1.34091 -0.204976 -4.93285e-18)
(1.34346 -0.205756 4.11862e-18)
(1.3457 -0.206423 -3.26994e-18)
)
;

boundaryField
{
    inlet
    {
        type            uniformFixedValue;
        uniformValue    constant (1 0 0);
        value           nonuniform 0();
    }
    outlet
    {
        type            pressureInletOutletVelocity;
        value           nonuniform 0();
    }
    polygon
    {
        type            fixedValue;
        value           nonuniform 0();
    }
    top
    {
        type            symmetryPlane;
    }
    bottom
    {
        type            symmetryPlane;
    }
    outside
    {
        type            zeroGradient;
    }
    procBoundary4to3
    {
        type            processor;
        value           nonuniform List<vector> 10((0.788848 -0.109648 -1.6766e-17) (0.92438 -0.130574 -6.3079e-18) (1.04436 -0.150239 -5.83873e-18) (1.14287 -0.167259 -3.63537e-18) (1.21797 -0.180855 -7.48899e-19) (1.27123 -0.190921 -2.13452e-19) (1.30649 -0.197868 9.57934e-18) (1.32832 -0.202357 2.47498e-18) (1.34095 -0.205094 2.60702e-18) (1.34765 -0.206992 1.23106e-18));
    }
    procBoundary4to5
    {
        type            processor;
        value           nonuniform List<vector> 9((0.47974 -0.0807344 1.00777e-17) (0.592167 -0.091666 6.31422e-17) (0.709074 -0.103993 2.07353e-17) (0.825645 -0.116988 1.8666e-17) (0.936704 -0.129861 4.55738e-18) (1.03748 -0.141859 -1.16895e-17) (1.12431 -0.152346 2.87622e-17) (1.19489 -0.160296 -2.09671e-18) (1.2454 -0.168979 -6.13779e-18));
    }
    procBoundary4to12
    {
        type            processor;
        value           nonuniform List<vector> 
19
(
(0.357814 -0.0586863 3.61559e-18)
(0.374865 -0.0597767 2.45007e-17)
(0.392853 -0.0612148 -4.41271e-17)
(0.411711 -0.062927 -6.2796e-18)
(0.431398 -0.0648568 -3.59545e-17)
(0.451896 -0.066964 4.78284e-18)
(0.473205 -0.0692234 -1.54051e-18)
(0.495337 -0.0716219 2.25755e-20)
(0.518311 -0.0741558 -2.02965e-19)
(0.542148 -0.0768286 1.91708e-19)
(0.566868 -0.079648 -2.1611e-18)
(0.592482 -0.0826241 -5.67431e-18)
(0.618996 -0.0857681 -1.87508e-17)
(0.387564 -0.0699205 4.69357e-18)
(0.401216 -0.0689092 5.1699e-18)
(0.416373 -0.0686537 9.88432e-18)
(0.432865 -0.0690497 3.17937e-18)
(0.450542 -0.0699942 8.55973e-18)
(0.450542 -0.0699942 8.55973e-18)
)
;
    }
}


// ************************************************************************* //
