/*--------------------------------*- C++ -*----------------------------------*\
  =========                 |
  \\      /  F ield         | OpenFOAM: The Open Source CFD Toolbox
   \\    /   O peration     | Website:  https://openfoam.org
    \\  /    A nd           | Version:  7
     \\/     M anipulation  |
\*---------------------------------------------------------------------------*/
FoamFile
{
    version     2.0;
    format      ascii;
    class       volVectorField;
    location    "106";
    object      U;
}
// * * * * * * * * * * * * * * * * * * * * * * * * * * * * * * * * * * * * * //

dimensions      [0 1 -1 0 0 0 0];

internalField   nonuniform List<vector> 
115
(
(1.00542 0.000146577 -8.63083e-18)
(0.993783 -2.3666e-05 -1.38013e-18)
(1.00675 0.000497124 1.38255e-17)
(0.991338 0.000360057 -3.97119e-17)
(1.00811 0.000813684 -2.83094e-19)
(0.987827 0.00110333 -2.99375e-17)
(1.00912 0.00144666 -4.67762e-17)
(0.982384 0.00259621 -4.85346e-17)
(1.00907 0.00274754 1.288e-17)
(0.973571 0.00563735 -6.72103e-17)
(1.00629 0.00553628 -2.39697e-17)
(0.958501 0.0119814 -1.11802e-16)
(0.997107 0.0118174 -2.50062e-17)
(0.931058 0.0260125 1.04135e-17)
(0.973264 0.0272211 -6.54009e-18)
(0.877286 0.0609554 -3.234e-17)
(0.915569 0.0717417 -7.60988e-17)
(1.00553 0.000182701 3.38232e-18)
(0.993612 -3.0354e-05 -1.35121e-17)
(1.00699 0.000578591 -2.57438e-18)
(0.99105 0.000402007 -1.43038e-17)
(1.00853 0.000949655 3.49864e-18)
(0.987384 0.00123229 -2.58921e-17)
(1.00983 0.00168435 4.0856e-18)
(0.981698 0.002895 -1.03677e-16)
(1.01028 0.00319356 1.05459e-17)
(0.972511 0.00627308 -9.23704e-17)
(1.00836 0.00640481 -2.24219e-17)
(0.95689 0.0132895 -4.09157e-17)
(1.00077 0.0136019 1.92563e-19)
(0.928745 0.0287179 -4.94814e-19)
(0.980491 0.0312157 -1.75145e-17)
(0.874846 0.0667895 -9.70787e-18)
(1.00565 0.000177428 1.63837e-17)
(0.993444 8.80356e-05 -8.06184e-17)
(1.00724 0.000551037 -1.98525e-17)
(0.990763 0.000626244 -1.40234e-17)
(1.009 0.00098414 1.85296e-17)
(0.986954 0.00163018 -8.73592e-17)
(1.01069 0.00184937 -3.25327e-18)
(0.981058 0.00361708 -6.23163e-17)
(1.0118 0.00363967 7.80089e-17)
(0.971594 0.00760738 -1.44592e-17)
(1.01105 0.00748614 -7.17426e-18)
(0.955679 0.0158145 -3.47658e-17)
(1.00569 0.0160654 9.23471e-17)
(0.92758 0.0335689 -4.55445e-17)
(0.990085 0.0365927 -1.09081e-16)
(0.876135 0.075864 -2.21272e-17)
(1.00567 0.000200459 6.28627e-18)
(0.9934 0.000121924 -1.39219e-17)
(1.00735 0.000581699 -7.85267e-18)
(0.990675 0.000743629 -5.78186e-18)
(1.00925 0.00108881 8.8987e-18)
(0.986833 0.00187784 -2.53444e-17)
(1.01123 0.00209888 2.68924e-17)
(0.980913 0.00411204 -1.1494e-16)
(1.01284 0.00419642 1.0461e-17)
(0.971496 0.0085847 -9.77025e-17)
(1.01303 0.00867729 -2.61383e-17)
(0.955899 0.0177363 -2.20249e-17)
(1.00948 0.0185667 1.82641e-17)
(0.92912 0.0373464 -4.29309e-18)
(0.997529 0.0416182 -1.3817e-17)
(0.883056 0.0831249 -1.06616e-18)
(1.00556 0.00021789 3.08048e-18)
(0.993524 0.000176143 -2.21749e-18)
(1.00726 0.000618112 -3.26976e-18)
(0.990847 0.000853729 -1.10511e-18)
(1.00922 0.00119761 2.76518e-18)
(0.987112 0.00209558 -1.32926e-17)
(1.01133 0.00235052 3.35992e-17)
(0.981401 0.00454311 -1.13196e-16)
(1.01323 0.00473955 1.22303e-17)
(0.972424 0.00943519 -1.00129e-16)
(1.01399 0.00980321 -2.87317e-17)
(0.957845 0.0194149 -2.42172e-17)
(1.0116 0.0208153 1.80679e-17)
(0.933707 0.0406427 -1.19722e-17)
(1.00203 0.0457294 9.1053e-17)
(0.895392 0.0893171 2.13935e-17)
(1.00532 0.000234424 7.80198e-19)
(0.993831 0.000211762 4.36257e-19)
(1.00697 0.000647741 -2.98437e-19)
(0.991299 0.000947742 2.28171e-19)
(1.00888 0.00129314 3.40519e-18)
(0.987819 0.00228971 -8.31623e-18)
(1.01096 0.00257166 2.57338e-17)
(0.982555 0.00493325 -5.78253e-17)
(1.0129 0.00521202 8.03355e-17)
(0.974405 0.0102113 -1.45458e-17)
(1.01387 0.0107605 -5.92611e-18)
(0.961494 0.0209519 -3.00971e-17)
(1.01203 0.0226346 8.80122e-17)
(0.941055 0.043651 9.4884e-18)
(1.00386 0.0486621 3.83066e-17)
(0.911686 0.0947963 5.72149e-18)
(1.00496 0.000240032 2.39086e-18)
(0.99431 0.000255073 -1.63993e-18)
(1.00648 0.000663666 7.58108e-19)
(0.992008 0.00104208 -1.0224e-18)
(1.00825 0.00135835 1.67017e-18)
(0.988914 0.00247853 -1.10151e-17)
(1.01017 0.00273378 2.97495e-17)
(0.984296 0.00530749 -1.03836e-16)
(1.01196 0.0055678 2.48471e-17)
(0.977287 0.0109487 -7.91263e-17)
(1.01283 0.0114751 -1.74513e-17)
(0.966515 0.0223962 -2.39847e-17)
(1.01115 0.0239192 3.0799e-17)
(0.950369 0.0464234 -4.56095e-18)
(1.00396 0.0503818 7.98355e-17)
(0.929935 0.0995244 9.60848e-17)
(1.00449 0.000230293 1.00188e-18)
(0.994925 0.000309812 -3.63062e-18)
)
;

boundaryField
{
    inlet
    {
        type            uniformFixedValue;
        uniformValue    constant (1 0 0);
        value           uniform (1 0 0);
    }
    outlet
    {
        type            pressureInletOutletVelocity;
        value           nonuniform 0();
    }
    polygon
    {
        type            fixedValue;
        value           nonuniform 0();
    }
    top
    {
        type            symmetryPlane;
    }
    bottom
    {
        type            symmetryPlane;
    }
    outside
    {
        type            zeroGradient;
    }
    procBoundary40to32
    {
        type            processor;
        value           nonuniform List<vector> 
17
(
(1.00534 0.000115295 -2.68116e-17)
(0.9939 1.53709e-05 1.12061e-17)
(1.0066 0.000401881 2.23898e-17)
(0.991526 0.000368611 1.1793e-17)
(1.00786 0.000666175 -5.8192e-19)
(0.988113 0.00104031 -6.18849e-17)
(1.0087 0.00119246 -9.42782e-18)
(0.982827 0.00237299 -2.63779e-17)
(1.00838 0.0022706 2.00179e-17)
(0.974267 0.00505815 -7.65672e-19)
(1.00513 0.00458608 -5.16707e-17)
(0.9596 0.0106096 -1.26894e-16)
(0.995128 0.00978115 -2.36995e-17)
(0.932776 0.0228034 2.96374e-17)
(0.969528 0.022427 -1.02727e-17)
(0.879625 0.0530572 -7.93863e-17)
(0.906553 0.0587917 -1.23572e-16)
)
;
    }
    procBoundary40to33
    {
        type            processor;
        value           nonuniform List<vector> 7((0.763611 0.16876 7.68932e-17) (0.933682 0.0818524 -4.14805e-17) (0.933682 0.0818524 -4.14805e-17) (0.95453 0.0920438 -4.28488e-17) (0.969807 0.0998254 -1.95607e-17) (0.979443 0.104551 3.71223e-18) (0.985213 0.106288 9.52484e-17));
    }
    procBoundary40to41
    {
        type            processor;
        value           uniform (0.989406 0.105797 7.4717e-17);
    }
    procBoundary40to48
    {
        type            processor;
        value           nonuniform List<vector> 
17
(
(1.00585 0.000654054 -7.55223e-19)
(0.992918 0.0011477 -3.06321e-18)
(1.0074 0.00137749 1.45372e-18)
(0.990299 0.00267815 -9.02484e-18)
(1.00908 0.00281367 2.01311e-17)
(0.986463 0.00568799 -5.53915e-17)
(1.01059 0.00577291 8.28291e-17)
(0.980782 0.0116753 -1.08389e-17)
(1.01123 0.011902 -2.54632e-18)
(0.972373 0.0237753 -2.74516e-17)
(1.0096 0.0246348 8.87108e-17)
(0.960614 0.0489532 1.8284e-17)
(1.00352 0.0510041 2.13729e-17)
(0.94819 0.103352 8.9745e-18)
(1.00395 0.000201763 7.16758e-18)
(1.00585 0.000654054 -7.55223e-19)
(0.995625 0.000380224 -1.40302e-17)
)
;
    }
}


// ************************************************************************* //
