/*--------------------------------*- C++ -*----------------------------------*\
  =========                 |
  \\      /  F ield         | OpenFOAM: The Open Source CFD Toolbox
   \\    /   O peration     | Website:  https://openfoam.org
    \\  /    A nd           | Version:  7
     \\/     M anipulation  |
\*---------------------------------------------------------------------------*/
FoamFile
{
    version     2.0;
    format      ascii;
    class       surfaceScalarField;
    location    "108";
    object      phi;
}
// * * * * * * * * * * * * * * * * * * * * * * * * * * * * * * * * * * * * * //

dimensions      [0 3 -1 0 0 0 0];

internalField   nonuniform List<scalar> 
322
(
-0.00408259
0.000641369
-0.00424964
0.000687548
-0.00442229
0.000737547
-0.0046003
0.000790995
-0.00478344
0.000847463
-0.00497155
0.000906484
-0.00516452
0.00096756
-0.0053623
0.00103019
-0.0055649
0.00109388
-0.00577236
0.00115816
-0.00598475
0.00122261
-0.00620216
0.00128686
0.00135061
-0.00424257
0.000622564
-0.00439655
0.000653731
-0.00455721
0.000689075
-0.0047242
0.000728603
-0.00489713
0.000772244
-0.00507562
0.000819854
-0.00525929
0.000871219
-0.0054478
0.000926058
-0.00564083
0.000984028
-0.00583811
0.00104474
-0.00603937
0.00110775
-0.0062444
0.00117259
-0.00645299
0.00123878
-0.00666496
0.00130584
-0.00688008
0.00137328
-0.00709812
0.00144065
-0.00731877
0.00150751
0.00157347
-0.00518575
0.000784397
-0.00535392
0.000821905
-0.00552799
0.00086314
-0.00570748
0.000908097
-0.00589194
0.000956705
-0.00608092
0.00100882
-0.00627395
0.00106425
-0.00647061
0.00112272
-0.00667047
0.00118389
-0.00687313
0.00124739
-0.00707815
0.00131277
-0.00728511
0.00137955
-0.00749356
0.00144724
-0.00770302
0.0015153
-0.00791295
0.00158322
-0.00812277
0.00165047
-0.00833181
0.00171655
0.00178097
-0.0061356
0.000954369
-0.0063108
0.000997103
-0.0064907
0.00104304
-0.00667478
0.00109218
-0.00686251
0.00114443
-0.00705334
0.00119965
-0.00724673
0.00125764
-0.00744212
0.00131812
-0.00763895
0.00138072
-0.00783663
0.00144506
-0.00803452
0.00151066
-0.00823198
0.00157701
-0.00842832
0.00164358
-0.00862282
0.0017098
-0.00881472
0.00177512
-0.00900321
0.00183896
-0.00918748
0.00190081
0.00196016
-0.00705161
0.0011244
-0.0072255
0.00117099
-0.00740267
0.00122021
-0.00758255
0.00127206
-0.00776454
0.00132642
-0.00794802
0.00138313
-0.00813234
0.00144196
-0.00831681
0.00150259
-0.00850074
0.00156465
-0.00868338
0.0016277
-0.00886396
0.00169124
-0.00904169
0.00175474
-0.00921576
0.00181765
-0.00938535
0.0018794
-0.00954967
0.00193944
-0.00970793
0.00199722
-0.00985938
0.00205226
0.00210413
-0.00789447
0.00128632
-0.00805883
0.00133534
-0.00822503
0.00138641
-0.00839245
0.00143948
-0.00856045
0.00149442
-0.00872834
0.00155102
-0.00889541
0.00160902
-0.00906089
0.00166808
-0.00922401
0.00172777
-0.00938396
0.00178765
-0.00953995
0.00184722
-0.00969117
0.00190596
-0.00983684
0.00196332
-0.00997622
0.00201879
-0.0101086
0.00207186
-0.0102335
0.00212209
-0.0103503
0.00216907
0.00221248
-0.00863257
0.00143324
-0.00878064
0.00148341
-0.00892928
0.00153505
-0.00907786
0.00158806
-0.00922572
0.00164229
-0.00937218
0.00169748
-0.0095165
0.00175334
-0.00965793
0.0018095
-0.0097957
0.00186555
-0.00992906
0.00192102
-0.0100573
0.00197543
-0.0101796
0.00202832
-0.0102955
0.0020792
-0.0104044
0.00212763
-0.0105057
0.0021732
-0.0105992
0.00221557
-0.0106846
0.00225448
0.00228971
-0.00924641
0.00156056
-0.00937389
0.00161089
-0.009501
0.00166216
-0.00962716
0.00171422
-0.00975174
0.00176687
-0.0098741
0.00181984
-0.00999355
0.0018728
-0.0101094
0.00192538
-0.010221
0.00197716
-0.0103278
0.00202773
-0.010429
0.00207664
-0.0105241
0.00212348
-0.0106128
0.00216785
-0.0106946
0.00220941
-0.0107692
0.00224787
-0.0108367
0.002283
-0.0108968
0.00231465
0.00234275
-0.0097276
0.001667
-0.00983353
0.00171683
-0.00993849
0.00176712
-0.010042
0.00181771
-0.0101435
0.00186836
-0.0102424
0.00191876
-0.0103382
0.00196859
-0.0104303
0.00201747
-0.0105182
0.00206501
-0.0106012
0.00211083
-0.0106791
0.00215453
-0.0107514
0.00219578
-0.0108179
0.00223427
-0.0108782
0.00226974
-0.0109323
0.00230201
-0.0109803
0.00233096
-0.0110222
0.00235655
0.00237881
-0.0100557
-0.0101447
-0.0102323
-0.010318
-0.0104014
-0.0104822
-0.0105598
-0.0106338
-0.0107038
-0.0107694
-0.0108303
-0.0108863
-0.0109372
-0.0109829
-0.0110234
-0.0110587
-0.0110891
)
;

boundaryField
{
    inlet
    {
        type            calculated;
        value           nonuniform 0();
    }
    outlet
    {
        type            calculated;
        value           nonuniform 0();
    }
    polygon
    {
        type            calculated;
        value           nonuniform 0();
    }
    top
    {
        type            symmetryPlane;
        value           uniform 0;
    }
    bottom
    {
        type            symmetryPlane;
        value           uniform 0;
    }
    outside
    {
        type            calculated;
        value           nonuniform List<scalar> 
18
(
0.00175706
0.00180582
0.00185468
0.00190343
0.00195181
0.0019995
0.00204618
0.00209147
0.00213501
0.00217646
0.00221547
0.00225178
0.00228516
0.00231542
0.00234248
0.0023663
0.00238692
0.00240445
)
;
    }
    procBoundary4to3
    {
        type            processor;
        value           nonuniform List<scalar> 10(-0.00642461 -0.00754163 -0.00853931 -0.00936667 -0.0100033 -0.0104587 -0.0107618 -0.0109499 -0.0110583 -0.0111147);
    }
    procBoundary4to5
    {
        type            processor;
        value           nonuniform List<scalar> 9(0.00409562 0.00502392 0.00596563 0.00688159 0.00773254 0.00848566 0.00911909 0.00962115 0.00996564);
    }
    procBoundary4to12
    {
        type            processor;
        value           nonuniform List<scalar> 
19
(
-0.000480208
-0.000520497
-0.000564891
-0.000612989
-0.000664324
-0.000718374
-0.000774589
-0.000832407
-0.00089128
-0.000950699
-0.00101021
-0.00106946
-0.00112815
-0.000475614
-0.000499754
-0.000528408
-0.000561613
0.00392142
-0.000599315
)
;
    }
}


// ************************************************************************* //
