/*--------------------------------*- C++ -*----------------------------------*\
  =========                 |
  \\      /  F ield         | OpenFOAM: The Open Source CFD Toolbox
   \\    /   O peration     | Website:  https://openfoam.org
    \\  /    A nd           | Version:  7
     \\/     M anipulation  |
\*---------------------------------------------------------------------------*/
FoamFile
{
    version     2.0;
    format      ascii;
    class       volVectorField;
    location    "80";
    object      U;
}
// * * * * * * * * * * * * * * * * * * * * * * * * * * * * * * * * * * * * * //

dimensions      [0 1 -1 0 0 0 0];

internalField   nonuniform List<vector> 
175
(
(-0.255478 0.00597867 -3.06629e-18)
(-0.252011 0.00577165 -3.07934e-18)
(-0.248685 0.00554029 -6.7406e-20)
(-0.245512 0.00528758 -8.10681e-19)
(-0.242502 0.00501665 4.34594e-19)
(-0.239662 0.00473071 1.52394e-18)
(-0.236997 0.00443302 -1.59995e-18)
(-0.234509 0.0041268 -3.09138e-18)
(-0.2322 0.00381516 -9.54595e-20)
(-0.230068 0.00350112 -7.9984e-20)
(-0.22811 0.00318751 2.18311e-18)
(-0.226323 0.002877 1.71359e-18)
(-0.224701 0.00257204 1.28737e-19)
(-0.27724 0.00590229 -1.43864e-18)
(-0.273249 0.00586024 7.88435e-19)
(-0.269312 0.00578666 2.89697e-19)
(-0.265453 0.00568277 -2.02163e-18)
(-0.261689 0.00555019 -2.87119e-18)
(-0.258039 0.0053908 -3.2367e-18)
(-0.25452 0.00520678 -2.55609e-18)
(-0.251146 0.00500056 -4.83764e-19)
(-0.247927 0.00477473 4.08139e-19)
(-0.244874 0.00453206 1.12075e-18)
(-0.241995 0.00427538 2.44215e-19)
(-0.239295 0.00400758 -1.24861e-18)
(-0.236776 0.00373152 -2.71136e-18)
(-0.23444 0.00344999 -7.14163e-19)
(-0.232286 0.0031657 -7.23513e-20)
(-0.230312 0.00288119 8.8146e-19)
(-0.228512 0.00259888 1.82708e-18)
(-0.226882 0.00232101 -1.49413e-19)
(-0.279789 0.00523239 -1.71782e-18)
(-0.275742 0.00519804 2.94465e-19)
(-0.271751 0.00513579 4.32419e-19)
(-0.267838 0.00504665 -2.67113e-18)
(-0.264023 0.00493196 -2.3857e-18)
(-0.260324 0.0047933 -2.45207e-18)
(-0.256758 0.00463252 -2.37576e-18)
(-0.253339 0.00445169 -7.70169e-19)
(-0.250079 0.00425305 1.76048e-18)
(-0.246988 0.00403898 2.02824e-18)
(-0.244073 0.00381195 -1.12024e-18)
(-0.241341 0.00357447 -1.19177e-18)
(-0.238794 0.00332907 -2.85533e-18)
(-0.236434 0.00307821 -1.26648e-18)
(-0.23426 0.00282428 -4.92212e-20)
(-0.232269 0.00256956 -2.06596e-19)
(-0.230458 0.0023162 7.45952e-19)
(-0.228821 0.00206623 -5.37775e-19)
(-0.282027 0.0045534 -2.31102e-18)
(-0.27793 0.00452697 -3.16985e-20)
(-0.273891 0.00447632 5.77052e-19)
(-0.269931 0.00440225 -2.37239e-18)
(-0.266071 0.00430581 -2.27272e-18)
(-0.262329 0.00418829 -3.5207e-18)
(-0.258721 0.0040512 -2.50834e-18)
(-0.255263 0.00389626 -1.02859e-18)
(-0.251966 0.00372533 2.08845e-18)
(-0.248841 0.00354043 1.82415e-18)
(-0.245895 0.00334364 -1.40458e-18)
(-0.243135 0.00313714 -1.36418e-18)
(-0.240563 0.00292307 -2.04832e-18)
(-0.238181 0.00270359 -1.93609e-18)
(-0.235989 0.00248075 4.71846e-20)
(-0.233983 0.00225657 -1.28737e-18)
(-0.232161 0.00203294 -1.30944e-19)
(-0.230517 0.00181165 -1.06215e-18)
(-0.283951 0.00386639 -1.82961e-18)
(-0.279811 0.00384802 -1.8248e-19)
(-0.27573 0.00380916 8.06476e-19)
(-0.27173 0.00375038 -1.17956e-18)
(-0.267831 0.00367244 -2.43274e-18)
(-0.264051 0.00357635 -3.7176e-18)
(-0.260408 0.00346328 -1.52448e-18)
(-0.256915 0.00333459 -1.30736e-18)
(-0.253587 0.00319179 1.50443e-18)
(-0.250432 0.0030365 1.81915e-18)
(-0.247459 0.00287044 -2.05414e-18)
(-0.244674 0.00269541 -1.78786e-18)
(-0.242081 0.00251321 -1.65186e-18)
(-0.23968 0.00232564 -2.84251e-18)
(-0.237472 0.00213448 2.57511e-19)
(-0.235453 0.00194142 -2.61309e-18)
(-0.233621 0.00174811 -1.00522e-18)
(-0.231971 0.00155613 -3.16869e-19)
(-0.285558 0.00317248 -1.7693e-18)
(-0.281383 0.00316226 -2.01959e-19)
(-0.277267 0.00313531 -3.37854e-19)
(-0.273233 0.00309195 -1.81993e-18)
(-0.2693 0.0030327 -1.52955e-18)
(-0.265489 0.00295825 -2.98505e-18)
(-0.261816 0.00286944 -2.05023e-18)
(-0.258295 0.00276728 -1.6686e-18)
(-0.25494 0.00265291 1.37301e-18)
(-0.25176 0.00252757 5.80193e-19)
(-0.248764 0.00239261 -1.88442e-18)
(-0.245959 0.00224944 -2.44776e-18)
(-0.243347 0.00209953 -1.47236e-18)
(-0.24093 0.00194433 -2.77325e-18)
(-0.238708 0.00178529 -7.67404e-19)
(-0.236679 0.00162383 -3.05086e-18)
(-0.234839 0.00146135 -1.92928e-18)
(-0.233182 0.00129919 -1.10602e-18)
(-0.286847 0.00247284 -1.90325e-18)
(-0.282642 0.00247083 -1.14869e-19)
(-0.278498 0.00245587 -1.5396e-18)
(-0.274437 0.00242806 -1.37895e-18)
(-0.270478 0.00238764 -9.39464e-19)
(-0.266641 0.00233499 -1.36519e-18)
(-0.262944 0.00227065 -1.3304e-18)
(-0.2594 0.00219524 -2.23459e-18)
(-0.256023 0.00210954 1.60309e-18)
(-0.252823 0.00201443 8.73456e-19)
(-0.249809 0.00191085 -7.488e-19)
(-0.246987 0.00179987 -2.05162e-18)
(-0.24436 0.00168259 -1.47955e-18)
(-0.241931 0.00156011 -3.17083e-18)
(-0.239698 0.00143359 -1.87171e-18)
(-0.23766 0.00130414 -4.0834e-18)
(-0.235813 0.00117291 -1.56865e-18)
(-0.234152 0.00104101 -2.00366e-18)
(-0.287814 0.00176879 -6.93958e-19)
(-0.283588 0.00177505 3.57149e-20)
(-0.279423 0.00177214 -1.52811e-18)
(-0.27534 0.00175996 -1.10557e-18)
(-0.271362 0.00173847 -5.18728e-19)
(-0.267506 0.00170775 -3.17645e-20)
(-0.26379 0.001668 -8.42809e-19)
(-0.260229 0.0016195 -1.76151e-18)
(-0.256836 0.00156265 2.37457e-18)
(-0.253621 0.00149794 1.19326e-18)
(-0.250594 0.00142595 1.30088e-19)
(-0.247759 0.00134737 -2.0386e-18)
(-0.245121 0.00126296 -1.67188e-18)
(-0.242681 0.00117348 -2.69907e-18)
(-0.24044 0.00107976 -1.71273e-18)
(-0.238396 0.000982645 -4.32822e-18)
(-0.236544 0.000883001 -1.22977e-18)
(-0.234879 0.000781721 -1.6966e-18)
(-0.28846 0.00106159 -9.7918e-19)
(-0.284219 0.00107612 1.5781e-19)
(-0.280039 0.00108529 -1.84212e-18)
(-0.275943 0.00108877 -9.66387e-19)
(-0.271951 0.00108625 -1.60306e-18)
(-0.268082 0.00107752 -1.39669e-19)
(-0.264354 0.00106243 -5.51399e-19)
(-0.260782 0.00104091 -1.45644e-19)
(-0.257378 0.00101299 2.35143e-18)
(-0.254153 0.000978793 8.59109e-20)
(-0.251117 0.000938504 -4.37188e-19)
(-0.248273 0.000892466 -1.05599e-18)
(-0.245628 0.000841074 -2.13489e-18)
(-0.243182 0.000784767 -2.66257e-18)
(-0.240936 0.000724042 -1.79454e-18)
(-0.238887 0.000659456 -3.87802e-18)
(-0.237031 0.000591616 -8.93114e-19)
(-0.235364 0.000521189 -1.27849e-19)
(-0.288782 0.000350511 -1.25132e-18)
(-0.284533 0.000373303 4.35267e-19)
(-0.280346 0.000394584 -1.03088e-18)
(-0.276243 0.000413773 -2.46922e-18)
(-0.272245 0.000430318 -1.45044e-18)
(-0.26837 0.000443694 -1.17523e-19)
(-0.264635 0.000453427 -3.93053e-19)
(-0.261057 0.000459101 7.07466e-20)
(-0.257648 0.000460375 2.79934e-18)
(-0.254419 0.000456983 3.11966e-19)
(-0.251377 0.000448748 -1.17319e-18)
(-0.24853 0.000435613 -3.06224e-19)
(-0.245882 0.00041759 -1.56068e-18)
(-0.243433 0.000394768 -3.1118e-18)
(-0.241184 0.000367324 -6.82692e-19)
(-0.239133 0.000335517 -2.63711e-18)
(-0.237276 0.000299694 -4.54538e-19)
(-0.235608 0.000260284 -7.88739e-20)
)
;

boundaryField
{
    inlet
    {
        type            uniformFixedValue;
        uniformValue    constant (1 0 0);
        value           nonuniform 0();
    }
    outlet
    {
        type            pressureInletOutletVelocity;
        value           nonuniform 0();
    }
    polygon
    {
        type            fixedValue;
        value           nonuniform 0();
    }
    top
    {
        type            symmetryPlane;
    }
    bottom
    {
        type            symmetryPlane;
    }
    outside
    {
        type            zeroGradient;
    }
    procBoundary37to29
    {
        type            processor;
        value           nonuniform List<vector> 
18
(
(-0.288779 -0.000365282 -8.26317e-20)
(-0.284531 -0.00033405 8.53509e-19)
(-0.280344 -0.000300394 -5.62087e-19)
(-0.276241 -0.000265124 -2.90447e-18)
(-0.272242 -0.000229063 -1.45381e-18)
(-0.268367 -0.00019304 1.40654e-18)
(-0.264633 -0.000157866 -2.15318e-19)
(-0.261055 -0.000124311 3.94496e-19)
(-0.257646 -9.30869e-05 2.41413e-18)
(-0.254417 -6.48322e-05 3.34816e-19)
(-0.251376 -4.01025e-05 -7.73853e-19)
(-0.24853 -1.94291e-05 4.32986e-19)
(-0.245881 -3.21082e-06 -1.33404e-18)
(-0.243433 8.28375e-06 -2.57383e-18)
(-0.241184 1.49019e-05 -9.86572e-19)
(-0.239134 1.66131e-05 -3.64879e-19)
(-0.237277 1.35079e-05 6.01864e-21)
(-0.23561 5.7957e-06 1.85583e-20)
)
;
    }
    procBoundary37to30
    {
        type            processor;
        value           uniform (-0.293068 0.000326786 -1.8425e-18);
    }
    procBoundary37to36
    {
        type            processor;
        value           nonuniform List<vector> 10((-0.223236 0.00227493 3.64284e-20) (-0.225415 0.00204967 -1.79472e-19) (-0.22735 0.00182155 -4.61414e-19) (-0.229043 0.00159443 -7.80168e-19) (-0.230494 0.00136699 -1.18782e-18) (-0.231703 0.00113867 -1.81081e-18) (-0.23267 0.000909567 -1.27069e-18) (-0.233395 0.000679722 -8.61474e-19) (-0.23388 0.000448893 -4.33031e-19) (-0.234123 0.000217802 -1.6673e-18));
    }
    procBoundary37to38
    {
        type            processor;
        value           nonuniform List<vector> 8((-0.281265 0.00591189 -2.83064e-19) (-0.283871 0.00523813 -7.04732e-20) (-0.286159 0.00455509 -7.445e-21) (-0.288127 0.00386393 -6.5253e-21) (-0.28977 0.00316581 -1.68605e-18) (-0.291088 0.00246191 -2.15182e-18) (-0.292078 0.00175358 -3.07417e-18) (-0.292738 0.00104209 -2.97344e-18));
    }
    procBoundary37to45
    {
        type            processor;
        value           nonuniform List<vector> 
19
(
(-0.274384 0.00656188 -1.34711e-18)
(-0.270455 0.00651222 -1.08185e-20)
(-0.26658 0.0064274 1.27827e-19)
(-0.262779 0.0063089 -1.88483e-18)
(-0.259072 0.00615859 -2.45249e-18)
(-0.259072 0.00615859 -2.45249e-18)
(-0.252829 0.00651247 -1.98198e-18)
(-0.249414 0.00628348 -2.58553e-18)
(-0.246137 0.00602821 4.44572e-19)
(-0.24301 0.00574996 -7.41255e-19)
(-0.240042 0.00545224 -8.86762e-20)
(-0.23724 0.00513861 1.69201e-18)
(-0.234609 0.00481267 -1.03253e-18)
(-0.232151 0.004478 -2.59061e-18)
(-0.229867 0.00413803 -7.38647e-19)
(-0.227756 0.00379606 -6.79479e-20)
(-0.225814 0.00345519 2.48243e-18)
(-0.224038 0.00311831 1.7571e-18)
(-0.222421 0.00278811 2.72592e-19)
)
;
    }
}


// ************************************************************************* //
