/*--------------------------------*- C++ -*----------------------------------*\
  =========                 |
  \\      /  F ield         | OpenFOAM: The Open Source CFD Toolbox
   \\    /   O peration     | Website:  https://openfoam.org
    \\  /    A nd           | Version:  7
     \\/     M anipulation  |
\*---------------------------------------------------------------------------*/
FoamFile
{
    version     2.0;
    format      ascii;
    class       volVectorField;
    location    "12";
    object      U;
}
// * * * * * * * * * * * * * * * * * * * * * * * * * * * * * * * * * * * * * //

dimensions      [0 1 -1 0 0 0 0];

internalField   nonuniform List<vector> 
115
(
(0.108494 -0.186246 2.86103e-18)
(0.0541206 -0.189316 -1.18912e-17)
(-0.00105993 -0.189283 9.25906e-19)
(-0.0560371 -0.185658 3.32671e-17)
(-0.109519 -0.178116 6.60705e-18)
(-0.160267 -0.166799 1.52394e-18)
(-0.207191 -0.151947 1.33504e-18)
(-0.249243 -0.134078 4.26091e-18)
(-0.285636 -0.113957 -5.56631e-17)
(0.703524 -0.202492 2.54989e-18)
(0.697832 -0.163388 4.67833e-19)
(0.692707 -0.122879 -2.51605e-18)
(0.688604 -0.0824106 -1.82695e-18)
(0.685894 -0.0431555 -7.54648e-19)
(0.684833 -0.00598593 -2.04196e-18)
(0.685457 0.0284721 1.65824e-18)
(0.687697 0.0598812 2.38985e-18)
(0.656959 -0.307189 2.0327e-18)
(0.648467 -0.318127 1.42727e-18)
(0.639394 -0.324834 7.25461e-19)
(0.629575 -0.326146 6.79597e-19)
(0.618923 -0.32109 1.44446e-18)
(0.607478 -0.309034 -5.0231e-19)
(0.595419 -0.28985 -8.13781e-19)
(0.583082 -0.263991 1.18405e-18)
(0.570934 -0.232461 1.46381e-18)
(0.559499 -0.196657 -1.78827e-18)
(0.549295 -0.158179 6.09404e-19)
(0.540771 -0.118596 -1.14467e-18)
(0.534257 -0.0792805 6.26414e-19)
(0.529969 -0.041316 -2.6254e-18)
(0.527998 -0.00547642 -2.2104e-18)
(0.528238 0.0277397 -1.11137e-19)
(0.530482 0.0580169 1.07717e-18)
(0.578162 -0.298322 6.50332e-19)
(0.560845 -0.308704 1.61771e-19)
(0.542576 -0.314811 3.95952e-19)
(0.523401 -0.315537 -6.73533e-20)
(0.503507 -0.31 -8.59807e-19)
(0.483241 -0.297665 -9.43675e-20)
(0.463077 -0.278493 3.29211e-20)
(0.443593 -0.253009 -1.26963e-18)
(0.425425 -0.222249 -4.12489e-19)
(0.409159 -0.187574 2.47756e-19)
(0.395275 -0.150526 -1.91868e-18)
(0.384126 -0.112587 3.8549e-19)
(0.375908 -0.0750295 2.69802e-18)
(0.370702 -0.0388371 -9.44099e-19)
(0.368514 -0.00471303 -1.32092e-18)
(0.369083 0.0267315 -2.17414e-18)
(0.372124 0.0555066 9.67256e-19)
(0.46584 -0.292976 1.15523e-19)
(0.438497 -0.298387 6.48307e-19)
(0.410225 -0.298606 -5.99607e-20)
(0.381476 -0.292863 2.18375e-19)
(0.352879 -0.280717 7.43176e-19)
(0.325157 -0.262177 1.62196e-19)
(0.299075 -0.237793 3.02123e-19)
(0.275396 -0.208582 -7.03058e-19)
(0.254734 -0.17581 -1.34053e-18)
(0.237521 -0.140941 7.93312e-19)
(0.224036 -0.105353 -7.68555e-19)
(0.214373 -0.0702315 2.99763e-18)
(0.208485 -0.0365017 6.2671e-19)
(0.20609 -0.00473967 -1.25812e-18)
(0.207064 0.0249589 -6.35722e-19)
(0.211195 0.0520913 6.70746e-19)
(0.365793 -0.270533 -3.90987e-20)
(0.329816 -0.275061 -6.86545e-19)
(0.292957 -0.27472 -8.37905e-19)
(0.2559 -0.268898 -1.21242e-19)
(0.219523 -0.257241 8.60064e-19)
(0.184744 -0.239805 1.18166e-18)
(0.152458 -0.217133 -7.56098e-19)
(0.12355 -0.190219 1.13878e-18)
(0.0986521 -0.160059 4.27823e-19)
(0.0781659 -0.128048 1.33724e-18)
(0.0623285 -0.0954106 9.30424e-19)
(0.0511407 -0.0631915 7.95953e-19)
(0.0444911 -0.0322134 -3.83786e-19)
(0.0423976 -0.00306262 6.64268e-19)
(0.0441922 0.0236544 2.55762e-19)
(0.0491728 0.0481553 -7.09042e-19)
(0.26358 -0.243789 2.29663e-17)
(0.219708 -0.247865 3.13343e-17)
(0.175033 -0.247623 3.4848e-17)
(0.130418 -0.242544 -2.29156e-19)
(0.0869484 -0.23237 3.15565e-19)
(0.0456934 -0.216991 4.44032e-19)
(0.00762727 -0.196947 -8.99547e-19)
(-0.0261693 -0.173029 -1.98959e-18)
(-0.0549959 -0.146252 6.84207e-19)
(-0.0785381 -0.117753 1.19286e-18)
(-0.0965226 -0.0886261 3.00938e-18)
(-0.109002 -0.0598106 3.10221e-18)
(-0.116233 -0.0320027 4.29699e-18)
(-0.118957 -0.00560402 9.9532e-19)
(-0.117292 0.0191817 1.84473e-18)
(-0.111265 0.0420822 1.77027e-18)
(0.163771 -0.206209 8.24522e-18)
(0.112874 -0.208771 1.06082e-17)
(0.0612852 -0.207369 1.14011e-17)
(0.0100694 -0.201975 2.67371e-18)
(-0.0394529 -0.192307 1.29479e-18)
(-0.0860823 -0.178523 -4.07616e-19)
(-0.128837 -0.161056 -2.32906e-19)
(-0.166686 -0.140529 -1.65956e-18)
(-0.198925 -0.117924 -3.9115e-18)
(-0.225187 -0.0940728 9.16262e-18)
(-0.245329 -0.0698352 7.58175e-18)
(-0.259474 -0.045922 1.68152e-17)
(-0.267901 -0.0228505 3.53801e-17)
(-0.270725 -0.000921448 1.31079e-17)
(-0.268711 0.0196051 1.80933e-17)
(-0.26295 0.0385865 1.37267e-17)
)
;

boundaryField
{
    inlet
    {
        type            uniformFixedValue;
        uniformValue    constant (1 0 0);
        value           nonuniform 0();
    }
    outlet
    {
        type            pressureInletOutletVelocity;
        value           nonuniform 0();
    }
    polygon
    {
        type            fixedValue;
        value           nonuniform 0();
    }
    top
    {
        type            symmetryPlane;
    }
    bottom
    {
        type            symmetryPlane;
    }
    outside
    {
        type            zeroGradient;
    }
    procBoundary43to35
    {
        type            processor;
        value           nonuniform List<vector> 
17
(
(0.0708967 -0.165481 8.88398e-19)
(0.0142451 -0.168409 -5.3749e-18)
(-0.0434287 -0.168849 -1.50254e-17)
(-0.101004 -0.166178 2.22264e-17)
(-0.157262 -0.160132 8.5427e-18)
(-0.210958 -0.150753 3.5972e-18)
(-0.260949 -0.138232 4.07711e-18)
(-0.306157 -0.122967 9.38096e-18)
(-0.315892 -0.0923571 7.69652e-17)
(-0.345724 -0.105592 3.63008e-17)
(-0.315892 -0.0923571 7.69652e-17)
(-0.339767 -0.0700598 2.86142e-17)
(-0.357285 -0.0477479 8.94653e-17)
(-0.368635 -0.0259609 1.60946e-16)
(-0.374218 -0.00515139 4.72502e-17)
(-0.374469 0.0141079 5.03459e-17)
(-0.369762 0.0326186 5.0926e-17)
)
;
    }
    procBoundary43to42
    {
        type            processor;
        value           nonuniform List<vector> 5((0.377347 0.0815866 -1.12913e-18) (0.217925 0.0766843 -1.22293e-18) (0.0571875 0.0707 1.26661e-18) (-0.101786 0.0630391 4.16233e-18) (-0.253604 0.0565914 4.1006e-18));
    }
    procBoundary43to44
    {
        type            processor;
        value           nonuniform List<vector> 8((0.161617 -0.179922 2.35933e-18) (0.665042 -0.293224 2.09771e-18) (0.594535 -0.284844 8.88306e-19) (0.491998 -0.283391 2.95221e-20) (0.491998 -0.283391 2.95221e-20) (0.400464 -0.262059 -6.34267e-21) (0.30614 -0.236096 1.39448e-17) (0.213445 -0.200532 5.35527e-18));
    }
    procBoundary43to50
    {
        type            processor;
        value           nonuniform List<vector> 2((0.691465 0.0880266 2.15884e-19) (0.534451 0.0852423 7.06603e-19));
    }
    procBoundary43to51
    {
        type            processor;
        value           nonuniform List<vector> 
18
(
(0.838299 -0.204349 3.61609e-19)
(0.838405 -0.165402 2.52492e-18)
(0.838039 -0.124698 -1.60263e-18)
(0.837736 -0.0837191 -1.09625e-18)
(0.838003 -0.0437096 2.2172e-18)
(0.839279 -0.00562393 9.90708e-19)
(0.841815 0.0298348 1.23264e-18)
(0.845767 0.0622829 1.91438e-18)
(0.726754 -0.310063 5.40311e-18)
(0.726676 -0.32118 5.15774e-18)
(0.726539 -0.328239 2.68095e-18)
(0.725999 -0.33006 3.40383e-19)
(0.724725 -0.325617 -1.27361e-19)
(0.722456 -0.314197 5.39112e-19)
(0.71906 -0.295562 -2.3924e-19)
(0.714585 -0.270053 -9.10971e-20)
(0.709273 -0.238579 3.31484e-19)
(0.709273 -0.238579 3.31484e-19)
)
;
    }
}


// ************************************************************************* //
