/*--------------------------------*- C++ -*----------------------------------*\
  =========                 |
  \\      /  F ield         | OpenFOAM: The Open Source CFD Toolbox
   \\    /   O peration     | Website:  https://openfoam.org
    \\  /    A nd           | Version:  7
     \\/     M anipulation  |
\*---------------------------------------------------------------------------*/
FoamFile
{
    version     2.0;
    format      ascii;
    class       volVectorField;
    location    "32";
    object      U;
}
// * * * * * * * * * * * * * * * * * * * * * * * * * * * * * * * * * * * * * //

dimensions      [0 1 -1 0 0 0 0];

internalField   nonuniform List<vector> 
250
(
(1.25705 0.222131 2.14077e-17)
(1.2527 0.240276 8.76804e-18)
(1.24537 0.24799 1.16905e-18)
(1.23969 0.26209 -9.92495e-18)
(1.23319 0.273529 3.66091e-18)
(1.22778 0.287632 5.81145e-18)
(1.22194 0.301496 3.05874e-17)
(1.21664 0.317255 1.0747e-17)
(1.21111 0.334394 2.09015e-17)
(1.20613 0.352818 3.88085e-17)
(1.20046 0.374962 2.14593e-17)
(1.1961 0.397779 2.66808e-17)
(1.26432 0.227145 1.69009e-17)
(1.25978 0.245083 7.46575e-18)
(1.25277 0.253126 5.41265e-18)
(1.24734 0.267356 1.70964e-17)
(1.24122 0.279106 3.32791e-18)
(1.23614 0.293558 9.88096e-18)
(1.23071 0.307946 2.70521e-17)
(1.22593 0.324352 9.52741e-18)
(1.2212 0.342268 2.46478e-17)
(1.21721 0.362036 3.26759e-17)
(1.21325 0.385538 3.22323e-17)
(1.21113 0.411016 1.59141e-17)
(1.27107 0.231911 1.399e-17)
(1.26628 0.249721 4.20813e-18)
(1.25955 0.257971 7.13122e-19)
(1.25429 0.272332 1.25005e-17)
(1.24862 0.284395 2.88636e-18)
(1.24402 0.299244 9.57106e-18)
(1.23945 0.314185 1.38884e-17)
(1.23578 0.331216 9.80754e-18)
(1.23243 0.349761 2.32704e-17)
(1.23003 0.370441 2.9661e-17)
(1.2283 0.394611 4.20079e-17)
(1.27749 0.236445 9.25853e-18)
(1.27258 0.254161 6.98911e-18)
(1.26617 0.262522 1.33467e-17)
(1.26113 0.276962 1.25606e-17)
(1.25589 0.289188 3.68503e-18)
(1.2517 0.304189 9.23921e-18)
(1.24763 0.31929 3.29737e-17)
(1.24443 0.336556 9.82044e-18)
(1.24171 0.355492 2.83722e-17)
(1.24068 0.376936 3.36555e-17)
(1.24154 0.401517 2.77351e-17)
(1.28369 0.240722 1.35755e-17)
(1.27879 0.258331 1.83469e-18)
(1.27274 0.266734 -1.63876e-17)
(1.26802 0.281242 3.00342e-18)
(1.26329 0.293639 1.62194e-18)
(1.25976 0.30893 2.18677e-17)
(1.25671 0.324515 2.52807e-17)
(1.25503 0.342439 9.84339e-18)
(1.25457 0.361836 1.90109e-17)
(1.25602 0.383087 1.00639e-17)
(1.25795 0.405589 1.91079e-17)
(1.28967 0.244754 -4.54601e-18)
(1.28487 0.262245 2.51608e-18)
(1.27918 0.270651 8.42956e-18)
(1.2748 0.285182 2.09894e-17)
(1.27057 0.297596 1.51696e-17)
(1.26754 0.31285 -4.71925e-18)
(1.26491 0.328195 2.0479e-17)
(1.26352 0.345565 4.25925e-18)
(1.2632 0.364091 2.52745e-17)
(1.26422 0.384188 1.09849e-17)
(1.29543 0.248522 -5.10841e-18)
(1.29076 0.26584 2.29479e-18)
(1.28545 0.274172 6.52642e-18)
(1.28147 0.288682 2.14142e-17)
(1.27778 0.301124 1.29711e-17)
(1.27545 0.316558 1.32175e-17)
(1.27399 0.332272 1.78116e-17)
(1.27453 0.350189 1.97846e-17)
(1.27675 0.368971 1.54656e-18)
(1.27885 0.38742 -1.21163e-18)
(1.30094 0.252068 1.23538e-18)
(1.29645 0.269215 3.48547e-18)
(1.29149 0.277497 1.33354e-17)
(1.28794 0.291983 9.35556e-18)
(1.28474 0.304339 1.00623e-17)
(1.28295 0.319525 1.5073e-17)
(1.28196 0.334481 1.81428e-17)
(1.28224 0.350711 6.90445e-18)
(1.28198 0.366233 1.10993e-18)
(1.27645 0.379124 7.38939e-18)
(1.3062 0.25534 -1.02338e-17)
(1.30195 0.272216 3.28865e-18)
(1.29738 0.280293 -5.6087e-18)
(1.29429 0.294625 2.60273e-17)
(1.2916 0.306843 1.25055e-17)
(1.29048 0.321948 7.54659e-18)
(1.2904 0.336987 5.72043e-18)
(1.29183 0.353532 1.93735e-17)
(1.29214 0.369071 3.35217e-18)
(1.31122 0.258417 -1.13071e-17)
(1.30724 0.275091 9.01488e-19)
(1.30295 0.283148 1.01732e-17)
(1.30034 0.297484 1.62619e-17)
(1.29809 0.30957 -2.64737e-18)
(1.29755 0.324279 1.51688e-17)
(1.2976 0.338123 2.46886e-18)
(1.29733 0.351674 1.11339e-17)
(1.29032 0.360493 -1.09889e-17)
(1.21859 0.196472 2.91962e-17)
(1.21185 0.218336 -1.59344e-17)
(1.20273 0.226718 9.19444e-18)
(1.19347 0.243803 -2.98135e-17)
(1.18413 0.256919 8.39243e-18)
(1.17394 0.273635 -4.52885e-18)
(1.16374 0.289613 3.09413e-17)
(1.15221 0.308176 2.96996e-17)
(1.13997 0.328018 3.86752e-17)
(1.1258 0.349815 4.13183e-17)
(1.22632 0.201787 2.74644e-17)
(1.22016 0.222961 -6.2511e-18)
(1.21142 0.231226 7.94667e-18)
(1.20297 0.247788 -1.77589e-17)
(1.19428 0.260665 5.63387e-18)
(1.18522 0.276987 -2.16472e-18)
(1.17613 0.292655 -2.84409e-18)
(1.16621 0.310854 2.30092e-17)
(1.15585 0.330411 3.13074e-17)
(1.14419 0.351902 3.74585e-17)
(1.13089 0.377176 1.5786e-17)
(1.23402 0.206855 8.40962e-18)
(1.22847 0.227162 -1.61157e-17)
(1.22013 0.235124 4.1701e-19)
(1.21251 0.250901 -2.59981e-17)
(1.20451 0.263262 2.83236e-18)
(1.1966 0.278818 -2.58921e-18)
(1.18863 0.293769 -1.2631e-17)
(1.18037 0.311012 2.17383e-17)
(1.1718 0.329664 2.59208e-17)
(1.16259 0.349972 2.10841e-17)
(1.15206 0.374362 6.57542e-21)
(1.24172 0.212097 3.32421e-17)
(1.23663 0.231705 1.62324e-17)
(1.2286 0.239615 7.96837e-18)
(1.22168 0.254886 1.22558e-17)
(1.21421 0.267017 3.19433e-18)
(1.20725 0.282167 3.93388e-19)
(1.20016 0.296811 1.60482e-17)
(1.19315 0.313657 1.08301e-17)
(1.18583 0.332003 1.93934e-17)
(1.17831 0.351914 4.47981e-17)
(1.1699 0.375964 3.39333e-17)
(1.24928 0.216709 2.72496e-17)
(1.24486 0.235173 1.20645e-17)
(1.23728 0.242411 -9.29089e-18)
(1.23117 0.256377 -1.3619e-18)
(1.22441 0.26748 2.33369e-18)
(1.21854 0.2812 -3.7663e-20)
(1.21245 0.29446 2.25652e-17)
(1.20682 0.309477 3.23146e-17)
(1.20093 0.325958 1.63874e-17)
(1.19582 0.343189 4.94062e-17)
(1.18976 0.364545 3.42282e-17)
(1.18587 0.384891 2.80905e-17)
(1.3227 0.265115 1.44018e-17)
(1.31976 0.280885 2.0673e-17)
(1.31632 0.287906 1.03995e-17)
(1.3149 0.301247 2.82911e-17)
(1.31369 0.31236 3.04001e-18)
(1.31408 0.325851 2.96919e-17)
(1.31383 0.338669 1.83075e-17)
(1.30987 0.350812 7.03149e-18)
(1.29124 0.357626 8.51461e-18)
(1.33928 0.271847 2.8988e-17)
(1.33782 0.284518 2.88971e-17)
(1.33589 0.289384 9.94924e-18)
(1.33586 0.299427 3.14542e-17)
(1.33616 0.306942 6.71334e-18)
(1.33725 0.315669 3.44067e-17)
(1.33587 0.322437 2.25985e-17)
(1.32569 0.325901 4.80927e-18)
(1.29182 0.320597 1.55453e-17)
(1.35225 0.277125 3.8246e-17)
(1.35122 0.287452 3.30701e-17)
(1.34972 0.291423 1.25825e-17)
(1.34953 0.299756 3.47415e-17)
(1.34891 0.305896 1.22075e-17)
(1.34679 0.312661 3.84054e-17)
(1.33764 0.316629 2.48065e-17)
(1.31107 0.315401 6.683e-18)
(1.24871 0.303357 2.08232e-17)
(1.36237 0.280831 2.88696e-17)
(1.36172 0.28884 2.46404e-17)
(1.36073 0.291669 8.67502e-18)
(1.36061 0.297683 2.55242e-17)
(1.3592 0.301286 8.56312e-18)
(1.3538 0.304233 2.73794e-17)
(1.33659 0.302784 1.82298e-17)
(1.2943 0.293871 4.27413e-18)
(1.20771 0.272365 1.56089e-17)
(1.37004 0.283514 4.46187e-17)
(1.36954 0.289589 3.52537e-17)
(1.36861 0.291578 1.3692e-17)
(1.36759 0.295858 3.68473e-17)
(1.3634 0.297723 1.47363e-17)
(1.35124 0.297942 4.05159e-17)
(1.32076 0.292631 2.66083e-17)
(1.25661 0.2785 8.39408e-18)
(1.1408 0.251363 2.42168e-17)
(1.3757 0.285277 4.4726e-18)
(1.37518 0.289662 1.77791e-18)
(1.37391 0.290786 6.599e-18)
(1.37127 0.293226 3.03266e-18)
(1.36306 0.292867 7.37204e-18)
(1.34249 0.289468 3.66511e-18)
(1.29742 0.279034 -5.93988e-19)
(1.2123 0.258429 2.93975e-18)
(1.07284 0.224897 -1.69283e-18)
(1.37952 0.286466 1.2501e-17)
(1.37871 0.289471 1.02945e-17)
(1.37648 0.289802 5.27854e-18)
(1.37104 0.290531 1.11683e-17)
(1.3568 0.287983 5.42621e-18)
(1.32503 0.281185 1.07202e-17)
(1.26245 0.266384 7.42241e-18)
(1.15466 0.241069 2.39508e-18)
(0.992632 0.204129 7.05645e-18)
(1.38184 0.287103 1.49155e-17)
(1.38042 0.288866 1.2126e-17)
(1.37652 0.288302 3.92197e-18)
(1.36704 0.287156 1.25359e-17)
(1.34502 0.282034 4.17463e-18)
(1.30031 0.271413 1.36081e-17)
(1.21968 0.251914 1.02291e-17)
(1.09161 0.221858 2.71098e-18)
(0.913641 0.181849 1.07001e-17)
(1.38284 0.287301 1.93018e-17)
(1.38027 0.287929 1.58751e-17)
(1.37371 0.286381 6.09494e-18)
(1.35867 0.28327 1.67379e-17)
(1.32688 0.275439 6.39891e-18)
(1.2674 0.261104 1.75787e-17)
(1.16808 0.237545 1.33028e-17)
(1.02136 0.204206 4.04995e-18)
(0.831447 0.163316 1.32496e-17)
(1.38263 0.287081 1.49381e-17)
(1.37822 0.286574 1.11797e-17)
(1.36787 0.283846 2.97727e-18)
(1.34569 0.278565 1.10748e-17)
(1.3025 0.267778 3.03547e-18)
(1.22733 0.249672 1.45435e-17)
(1.1103 0.222322 1.07355e-17)
(0.948725 0.18632 3.00735e-18)
(0.753053 0.145198 1.2242e-17)
)
;

boundaryField
{
    inlet
    {
        type            uniformFixedValue;
        uniformValue    constant (1 0 0);
        value           nonuniform 0();
    }
    outlet
    {
        type            pressureInletOutletVelocity;
        value           nonuniform 0();
    }
    polygon
    {
        type            fixedValue;
        value           nonuniform 0();
    }
    top
    {
        type            symmetryPlane;
    }
    bottom
    {
        type            symmetryPlane;
    }
    outside
    {
        type            zeroGradient;
    }
    procBoundary13to9
    {
        type            processor;
        value           nonuniform List<vector> 
30
(
(1.18971 0.429213 -3.85584e-18)
(1.20962 0.444216 4.9608e-20)
(1.2291 0.421103 2.68921e-18)
(1.2291 0.421103 2.68921e-18)
(1.24414 0.426998 6.85361e-18)
(1.2556 0.425319 -4.68746e-18)
(1.2632 0.403755 1.06322e-17)
(1.2632 0.403755 1.06322e-17)
(1.27177 0.400156 2.23664e-17)
(1.25216 0.383099 1.68451e-17)
(1.28313 0.379557 -2.44262e-18)
(1.28313 0.379557 -2.44262e-18)
(1.26213 0.35841 1.34992e-18)
(1.10958 0.375011 8.34062e-18)
(1.10958 0.375011 8.34062e-18)
(1.11508 0.403547 1.21021e-17)
(1.14059 0.39923 -3.22248e-18)
(1.16131 0.400539 3.08432e-17)
(1.16131 0.400539 3.08432e-17)
(1.17771 0.414952 -6.16883e-18)
(1.23803 0.352855 4.30498e-18)
(1.21176 0.300289 4.46375e-18)
(1.12818 0.275157 6.16921e-18)
(1.0587 0.234895 4.36971e-18)
(0.962126 0.209972 8.21762e-18)
(0.876645 0.179665 1.19887e-18)
(0.783048 0.158907 1.83358e-18)
(0.700508 0.136955 3.43446e-18)
(0.619034 0.12091 4.54017e-18)
(0.547262 0.105243 4.35855e-18)
)
;
    }
    procBoundary13to12
    {
        type            processor;
        value           nonuniform List<vector> 10((1.2109 0.191161 4.15046e-17) (1.20352 0.213687 1.63685e-17) (1.19403 0.222214 -2.0989e-17) (1.1839 0.239815 -3.67049e-17) (1.17387 0.253175 1.29415e-17) (1.16249 0.270266 -8.79989e-18) (1.15109 0.286553 2.74961e-17) (1.13789 0.305441 -1.20758e-17) (1.12369 0.325451 4.7167e-17) (1.10684 0.347447 5.26543e-17));
    }
    procBoundary13to14
    {
        type            processor;
        value           nonuniform List<vector> 9((1.38113 0.286455 2.46519e-17) (1.37404 0.284766 2.18839e-17) (1.35859 0.280685 8.10604e-18) (1.32767 0.273076 2.39606e-17) (1.27161 0.259251 1.10374e-17) (1.18031 0.237623 2.3999e-17) (1.04696 0.207214 2.08397e-17) (0.873995 0.169781 7.28432e-18) (0.676755 0.129775 2.0316e-17));
    }
}


// ************************************************************************* //
