/*--------------------------------*- C++ -*----------------------------------*\
  =========                 |
  \\      /  F ield         | OpenFOAM: The Open Source CFD Toolbox
   \\    /   O peration     | Website:  https://openfoam.org
    \\  /    A nd           | Version:  7
     \\/     M anipulation  |
\*---------------------------------------------------------------------------*/
FoamFile
{
    version     2.0;
    format      ascii;
    class       volVectorField;
    location    "2";
    object      U;
}
// * * * * * * * * * * * * * * * * * * * * * * * * * * * * * * * * * * * * * //

dimensions      [0 1 -1 0 0 0 0];

internalField   nonuniform List<vector> 
115
(
(0.991453 -0.00140686 5.09654e-19)
(0.991457 -0.0016014 3.73729e-19)
(0.99146 -0.0018221 5.49245e-19)
(0.991461 -0.00207232 3.4219e-19)
(0.991375 -0.00025396 3.60588e-18)
(0.991375 -0.000290203 3.6894e-18)
(0.991374 -0.000331527 3.80431e-18)
(0.991373 -0.000378625 3.89486e-18)
(0.991372 -0.000432287 3.98207e-18)
(0.991371 -0.000493402 4.05464e-18)
(0.991368 -0.00056298 4.1072e-18)
(0.991366 -0.000642161 4.11947e-18)
(0.991362 -0.000732232 4.12511e-18)
(0.991357 -0.000834648 4.12518e-18)
(0.991352 -0.000951048 3.96681e-18)
(0.991344 -0.00108328 3.73361e-18)
(0.991335 -0.00123343 3.19897e-18)
(0.991324 -0.00140384 2.46748e-18)
(0.991311 -0.00159714 1.09265e-18)
(0.991294 -0.0018163 2.89621e-18)
(0.991273 -0.00206464 4.06241e-18)
(0.991347 -0.000288633 2.0303e-18)
(0.991343 -0.000329609 2.03764e-18)
(0.991338 -0.000376292 2.07675e-18)
(0.991332 -0.000429457 2.10973e-18)
(0.991325 -0.000489978 2.20302e-18)
(0.991316 -0.000558848 2.16242e-18)
(0.991306 -0.000637186 2.124e-18)
(0.991294 -0.000726256 2.08868e-18)
(0.99128 -0.000827483 2.0142e-18)
(0.991264 -0.000942476 1.80657e-18)
(0.991245 -0.00107305 1.56457e-18)
(0.991223 -0.00122123 1.40918e-18)
(0.991196 -0.00138932 1.13415e-18)
(0.991166 -0.0015799 1.1319e-18)
(0.99113 -0.00179586 1.69561e-18)
(0.991087 -0.00204044 1.42792e-18)
(0.99132 -0.000284538 3.92969e-18)
(0.991312 -0.000324824 4.00052e-18)
(0.991303 -0.000370702 4.14848e-18)
(0.991292 -0.000422929 4.25955e-18)
(0.991279 -0.000482359 4.32554e-18)
(0.991264 -0.000549958 4.37055e-18)
(0.991247 -0.000626818 4.38237e-18)
(0.991228 -0.00071417 4.399e-18)
(0.991205 -0.000813402 4.36992e-18)
(0.991178 -0.000926078 4.16398e-18)
(0.991147 -0.00105396 3.93294e-18)
(0.991112 -0.00119903 3.51508e-18)
(0.991071 -0.00136351 2.7198e-18)
(0.991023 -0.00154991 1.36566e-18)
(0.990968 -0.00176104 3.26753e-18)
(0.990905 -0.00200004 4.46734e-18)
(0.991294 -0.000277969 1.97464e-18)
(0.991282 -0.000317228 2.00315e-18)
(0.991268 -0.000361921 2.03925e-18)
(0.991253 -0.00041278 2.16049e-18)
(0.991235 -0.000470633 2.16113e-18)
(0.991214 -0.000536414 2.17084e-18)
(0.99119 -0.000611178 2.10877e-18)
(0.991162 -0.000696115 2.08807e-18)
(0.991131 -0.000792566 1.96416e-18)
(0.991094 -0.000902041 1.78226e-18)
(0.991052 -0.00102624 1.60917e-18)
(0.991004 -0.00116707 1.35005e-18)
(0.990948 -0.00132669 1.15323e-18)
(0.990885 -0.00150751 1.141e-18)
(0.990811 -0.00171222 1.80188e-18)
(0.990727 -0.00194387 1.52133e-18)
(0.991268 -0.000268993 3.68232e-18)
(0.991253 -0.0003069 3.82257e-18)
(0.991235 -0.000350041 3.90822e-18)
(0.991215 -0.000399117 3.96632e-18)
(0.991192 -0.000454924 4.06275e-18)
(0.991165 -0.000518357 4.14133e-18)
(0.991134 -0.000590428 4.15167e-18)
(0.991099 -0.000672277 4.16795e-18)
(0.991059 -0.000765189 4.16101e-18)
(0.991013 -0.000870609 3.98369e-18)
(0.99096 -0.000990165 3.70076e-18)
(0.9909 -0.00112569 3.2464e-18)
(0.99083 -0.00127923 2.47818e-18)
(0.990751 -0.00145309 1.09669e-18)
(0.99066 -0.00164988 2.89499e-18)
(0.990556 -0.00187247 4.16205e-18)
(0.991243 -0.000257708 1.0294e-18)
(0.991225 -0.000293952 1.07767e-18)
(0.991203 -0.000335186 1.05982e-18)
(0.991179 -0.000382081 1.08522e-18)
(0.99115 -0.00043539 1.12015e-18)
(0.991118 -0.000495966 1.13459e-18)
(0.991081 -0.000564769 1.08736e-18)
(0.991039 -0.000642884 1.09126e-18)
(0.990991 -0.000731528 1.00945e-18)
(0.990935 -0.000832076 8.89803e-19)
(0.990872 -0.000946069 7.1908e-19)
(0.9908 -0.00107524 5.54949e-19)
(0.990717 -0.00122155 3.85307e-19)
(0.990623 -0.00138717 3.18366e-19)
(0.990515 -0.00157456 4.51096e-19)
(0.990392 -0.00178647 1.96077e-19)
(0.99122 -0.000244209 2.13244e-19)
(0.991198 -0.000278487 2.8945e-19)
(0.991173 -0.000317475 2.81539e-19)
(0.991144 -0.000361805 2.93639e-19)
(0.991111 -0.000412186 2.73162e-19)
(0.991074 -0.000469421 2.40705e-19)
(0.991031 -0.000534412 2.40746e-19)
(0.990982 -0.000608179 2.2674e-19)
(0.990925 -0.000691868 2.49381e-19)
(0.990861 -0.000786768 1.4779e-19)
(0.990788 -0.00089433 6.68233e-20)
(0.990705 -0.00101618 2.77704e-20)
(0.99061 -0.00115416 -5.92055e-20)
(0.990501 -0.0013103 -1.01636e-19)
)
;

boundaryField
{
    inlet
    {
        type            uniformFixedValue;
        uniformValue    constant (1 0 0);
        value           nonuniform 0();
    }
    outlet
    {
        type            pressureInletOutletVelocity;
        value           nonuniform 0();
    }
    polygon
    {
        type            fixedValue;
        value           nonuniform 0();
    }
    top
    {
        type            symmetryPlane;
    }
    bottom
    {
        type            symmetryPlane;
    }
    outside
    {
        type            zeroGradient;
    }
    procBoundary53to45
    {
        type            processor;
        value           nonuniform List<vector> 
17
(
(0.990378 -0.00148693 -2.5705e-19)
(0.990237 -0.00168661 -4.63482e-19)
(0.991198 -0.000228556 8.99587e-20)
(0.991173 -0.000260596 5.55415e-20)
(0.991144 -0.000297033 8.98214e-20)
(0.991112 -0.000338453 2.09482e-20)
(0.991074 -0.000385516 8.86696e-21)
(0.991032 -0.000438967 4.64166e-20)
(0.990983 -0.000499648 1.09109e-19)
(0.990928 -0.000568504 1.01783e-19)
(0.990864 -0.000646602 1.00401e-19)
(0.990792 -0.000735138 -1.07899e-20)
(0.99071 -0.00083546 -9.68408e-20)
(0.990616 -0.000949081 -4.93808e-20)
(0.990509 -0.0010777 -1.81917e-19)
(0.990378 -0.00148693 -2.5705e-19)
(0.990388 -0.00122322 -3.48904e-19)
)
;
    }
    procBoundary53to52
    {
        type            processor;
        value           nonuniform List<vector> 5((0.991038 -0.00231728 7.66011e-19) (0.990832 -0.00227045 3.05009e-18) (0.990631 -0.00220586 8.64013e-19) (0.990437 -0.00212413 2.65534e-18) (0.990252 -0.00202597 -6.43267e-19));
    }
    procBoundary53to54
    {
        type            processor;
        value           nonuniform List<vector> 8((0.991375 -0.000222182 3.44687e-18) (0.991351 -0.000252678 1.92257e-18) (0.991351 -0.000252678 1.92257e-18) (0.991327 -0.000249176 3.83355e-18) (0.991304 -0.000243496 1.94596e-18) (0.991281 -0.000235696 3.63362e-18) (0.99126 -0.000225864 1.00664e-18) (0.991239 -0.000214085 2.51032e-19));
    }
    procBoundary53to60
    {
        type            processor;
        value           nonuniform List<vector> 2((0.991461 -0.00235585 -8.88296e-20) (0.991249 -0.00234587 2.50434e-18));
    }
    procBoundary53to61
    {
        type            processor;
        value           nonuniform List<vector> 
18
(
(0.991582 -0.00139832 -8.53733e-20)
(0.991603 -0.0015926 -1.53794e-19)
(0.991626 -0.00181315 -2.59358e-19)
(0.991649 -0.00206337 -4.95264e-19)
(0.991399 -0.000252996 1.01705e-18)
(0.991402 -0.00028922 1.0416e-18)
(0.991405 -0.000330541 1.04954e-18)
(0.991409 -0.00037766 1.06342e-18)
(0.991413 -0.000431371 1.08505e-18)
(0.991417 -0.000492574 1.07522e-18)
(0.991421 -0.000562287 1.07391e-18)
(0.991426 -0.000641664 1.07792e-18)
(0.99143 -0.000732007 1.10492e-18)
(0.991435 -0.000834787 9.89571e-19)
(0.99144 -0.000951666 9.32239e-19)
(0.991445 -0.00108452 7.52969e-19)
(0.991449 -0.00123546 6.12291e-19)
(0.991449 -0.00123546 6.12291e-19)
)
;
    }
}


// ************************************************************************* //
