/*--------------------------------*- C++ -*----------------------------------*\
  =========                 |
  \\      /  F ield         | OpenFOAM: The Open Source CFD Toolbox
   \\    /   O peration     | Website:  https://openfoam.org
    \\  /    A nd           | Version:  7
     \\/     M anipulation  |
\*---------------------------------------------------------------------------*/
FoamFile
{
    version     2.0;
    format      ascii;
    class       volVectorField;
    location    "104";
    object      U;
}
// * * * * * * * * * * * * * * * * * * * * * * * * * * * * * * * * * * * * * //

dimensions      [0 1 -1 0 0 0 0];

internalField   nonuniform List<vector> 
175
(
(-0.33361 6.38527e-06 -5.23778e-20)
(-0.333825 4.57774e-05 4.52642e-19)
(-0.33433 9.10066e-05 7.02205e-19)
(-0.334933 0.000129804 1.63852e-18)
(-0.335659 0.000140454 4.76912e-19)
(-0.336382 0.000106355 2.61599e-18)
(-0.33706 1.63269e-05 9.2361e-19)
(-0.33762 -0.000132565 3.27207e-18)
(-0.338019 -0.000337911 1.19703e-18)
(-0.338217 -0.000590246 2.00003e-18)
(-0.338187 -0.000874316 2.78625e-18)
(-0.337909 -0.00117222 1.66561e-18)
(-0.337369 -0.00146349 3.92799e-18)
(-0.336563 -0.00172951 3.19499e-18)
(-0.335489 -0.00195087 4.03306e-18)
(-0.33415 -0.00211288 1.91809e-18)
(-0.332551 -0.00220332 -6.40132e-19)
(-0.332908 1.10019e-05 -7.65027e-21)
(-0.33302 3.13626e-05 -1.33859e-19)
(-0.333244 0.000108829 5.57651e-19)
(-0.333764 0.000183253 6.50769e-19)
(-0.334386 0.000242715 2.08226e-18)
(-0.335131 0.000262149 2.00539e-21)
(-0.335874 0.000224516 2.68067e-18)
(-0.33657 0.000120186 1.14426e-18)
(-0.337147 -5.36336e-05 3.05473e-18)
(-0.337561 -0.000287814 1.47916e-18)
(-0.337772 -0.000575866 2.77008e-18)
(-0.337753 -0.00089978 3.13102e-18)
(-0.337483 -0.0012402 1.89209e-18)
(-0.336951 -0.00157545 3.0623e-18)
(-0.336152 -0.00188594 2.23465e-18)
(-0.335083 -0.00215164 2.93555e-18)
(-0.333747 -0.00235714 8.59971e-19)
(-0.332151 -0.00248974 -1.23923e-18)
(-0.331762 2.18149e-05 -3.52427e-20)
(-0.331883 5.77366e-05 -2.3104e-19)
(-0.33212 0.000174257 4.84371e-19)
(-0.332664 0.000278638 7.42401e-19)
(-0.333312 0.000359119 1.77113e-18)
(-0.334087 0.000387427 9.92312e-20)
(-0.334859 0.000346146 2.50761e-18)
(-0.335583 0.000227619 1.4651e-18)
(-0.336184 2.94376e-05 2.28936e-18)
(-0.336621 -0.000235919 6.6388e-19)
(-0.336853 -0.000560383 2.7915e-18)
(-0.336852 -0.00092468 2.6001e-18)
(-0.336599 -0.00130804 8.11949e-19)
(-0.336082 -0.00168755 2.70162e-18)
(-0.335295 -0.00204274 1.59263e-18)
(-0.334239 -0.00235291 2.28898e-18)
(-0.332914 -0.00260197 -2.84885e-19)
(-0.331329 -0.00277672 -2.13166e-18)
(-0.330065 3.35436e-05 -1.83903e-20)
(-0.330199 8.62587e-05 -1.79111e-19)
(-0.330455 0.00024346 5.39144e-19)
(-0.331031 0.000379003 5.58525e-19)
(-0.331715 0.000481046 1.21805e-18)
(-0.332528 0.000518398 1.55537e-19)
(-0.333338 0.00047331 2.01022e-18)
(-0.334098 0.00034007 1.93229e-18)
(-0.334733 0.000119043 7.85133e-19)
(-0.335201 -0.000179333 1.11244e-18)
(-0.335461 -0.000540646 3.40558e-18)
(-0.335486 -0.000945691 2.31722e-18)
(-0.335257 -0.0013723 1.25189e-18)
(-0.334762 -0.00179635 2.84932e-18)
(-0.333996 -0.00219649 1.06082e-18)
(-0.332958 -0.00255133 1.99088e-18)
(-0.331652 -0.00284414 -1.70864e-18)
(-0.330085 -0.00306124 -1.59425e-18)
(-0.327819 4.65651e-05 -1.06811e-20)
(-0.32797 0.000117682 -1.40248e-19)
(-0.328251 0.000317567 4.30271e-19)
(-0.328868 0.000485733 4.21617e-20)
(-0.329597 0.000609921 8.36161e-19)
(-0.330458 0.000656459 2.01936e-19)
(-0.331315 0.000607315 1.12491e-18)
(-0.33212 0.000458852 1.67642e-18)
(-0.332797 0.00021336 3.96471e-19)
(-0.333304 -0.000117454 5.68645e-19)
(-0.333599 -0.000515795 1.99389e-18)
(-0.333658 -0.000961932 7.88663e-19)
(-0.333459 -0.0014321 3.48694e-19)
(-0.332993 -0.00190095 1.90841e-18)
(-0.332255 -0.00234624 5.9354e-19)
(-0.331245 -0.00274594 1.87167e-18)
(-0.329964 -0.00308266 -1.92856e-18)
(-0.328421 -0.00334222 -1.27494e-18)
(-0.325026 6.13109e-05 -9.82558e-21)
(-0.3252 0.000152871 -1.24685e-19)
(-0.32551 0.000397835 4.28775e-19)
(-0.326178 0.000600335 -4.66945e-20)
(-0.326962 0.000747283 6.15933e-19)
(-0.32788 0.000803122 2.34462e-19)
(-0.328794 0.000749603 4.70062e-19)
(-0.329652 0.000585409 1.65917e-18)
(-0.330379 0.000314692 -7.5697e-20)
(-0.330932 -5.00991e-05 1.37721e-18)
(-0.331271 -0.000484814 9.74066e-19)
(-0.33137 -0.000972401 7.03557e-19)
(-0.331209 -0.00148647 -5.81141e-19)
(-0.33078 -0.00200038 1.37015e-18)
(-0.330077 -0.00249105 7.62043e-20)
(-0.3291 -0.00293578 2.0417e-18)
(-0.327853 -0.00331652 -2.7009e-18)
(-0.326342 -0.00361866 -1.05821e-18)
(-0.321687 7.82781e-05 -1.68372e-20)
(-0.32189 0.000192804 -1.21714e-19)
(-0.322238 0.000485634 5.10123e-19)
(-0.322966 0.000724416 -1.71699e-19)
(-0.323815 0.000894744 5.419e-19)
(-0.3248 0.000959947 2.93843e-19)
(-0.325778 0.000901652 -6.04074e-20)
(-0.326698 0.000721148 1.00657e-18)
(-0.327484 0.000424604 3.92629e-19)
(-0.32809 2.66531e-05 1.31243e-18)
(-0.328479 -0.000446399 1.42173e-18)
(-0.328626 -0.000975913 6.78376e-19)
(-0.328511 -0.00153426 -1.60552e-18)
(-0.328125 -0.00209351 1.10718e-18)
(-0.327464 -0.00262978 -4.34238e-19)
(-0.326528 -0.0031197 2.57738e-18)
(-0.32532 -0.00354459 -4.26261e-18)
(-0.323849 -0.00388938 -8.82478e-19)
(-0.317805 9.8042e-05 -3.13013e-20)
(-0.318044 0.000238542 -1.36012e-19)
(-0.318437 0.000582386 4.06956e-19)
(-0.319237 0.000859555 -3.44429e-19)
(-0.32016 0.00105382 5.68088e-19)
(-0.321222 0.00112835 3.48584e-19)
(-0.322275 0.00106477 -5.95327e-19)
(-0.323265 0.000867278 5.63105e-19)
(-0.324116 0.000544203 9.20009e-19)
(-0.324784 0.000114037 1.501e-18)
(-0.32523 -0.000399415 2.03364e-18)
(-0.325432 -0.000971394 6.57619e-19)
(-0.325369 -0.00157441 -1.44254e-18)
(-0.325033 -0.00217929 1.15387e-18)
(-0.324421 -0.00276136 -1.07837e-18)
(-0.323532 -0.00329661 1.77262e-18)
(-0.322372 -0.00376576 -5.07043e-18)
(-0.320947 -0.00415328 -5.92638e-19)
(-0.313384 0.000121279 -8.71696e-22)
(-0.313667 0.000291253 2.32438e-20)
(-0.314114 0.00068959 3.85033e-19)
(-0.314996 0.00100733 -1.70802e-19)
(-0.316005 0.001226 1.79967e-19)
(-0.317153 0.00130966 3.96641e-19)
(-0.318289 0.00124014 -3.7999e-19)
(-0.319358 0.00102488 2.87806e-19)
(-0.320282 0.000674474 5.17984e-19)
(-0.321018 0.000210324 1.93656e-18)
(-0.321529 -0.000342916 2.99734e-18)
(-0.321792 -0.000957773 5.43604e-19)
(-0.321788 -0.0016058 -1.62921e-18)
(-0.321508 -0.00225654 1.58464e-18)
(-0.320952 -0.00288458 -2.88443e-19)
(-0.320118 -0.0034653 1.32298e-18)
(-0.319011 -0.0039788 -3.36248e-18)
(-0.317639 -0.00440912 -1.66733e-20)
(-0.308426 0.000148838 2.96869e-20)
(-0.308765 0.000352833 1.44888e-20)
(-0.309275 0.000809461 4.25568e-19)
(-0.310251 0.00117045 -6.21445e-20)
(-0.311357 0.00141392 -1.29197e-19)
(-0.312601 0.00150655 5.09784e-19)
(-0.313829 0.00143036 -2.63857e-19)
(-0.314983 0.00119645 1.18347e-19)
(-0.315988 0.000817748 2.33922e-19)
(-0.316799 0.000318381 1.57142e-18)
(-0.317381 -0.000275124 3.0605e-18)
(-0.317712 -0.000932874 3.05033e-19)
(-0.317773 -0.00162614 -2.11046e-18)
(-0.317557 -0.00232296 2.445e-18)
)
;

boundaryField
{
    inlet
    {
        type            uniformFixedValue;
        uniformValue    constant (1 0 0);
        value           nonuniform 0();
    }
    outlet
    {
        type            pressureInletOutletVelocity;
        value           nonuniform List<vector> 9((-0.332908 0 0) (-0.331762 0 0) (-0.330065 0 0) (-0.327819 0 0) (-0.325026 0 0) (-0.321687 0 0) (-0.317805 0 0) (-0.313384 0 0) (-0.308426 0 0));
    }
    polygon
    {
        type            fixedValue;
        value           nonuniform 0();
    }
    top
    {
        type            symmetryPlane;
    }
    bottom
    {
        type            symmetryPlane;
    }
    outside
    {
        type            zeroGradient;
    }
    procBoundary31to23
    {
        type            processor;
        value           nonuniform List<vector> 
19
(
(-0.303355 0.000179304 1.61478e-20)
(-0.303755 0.000421078 7.39994e-21)
(-0.304333 0.000935258 2.57548e-19)
(-0.305409 0.00133991 5.83425e-22)
(-0.306613 0.0016067 -4.34351e-19)
(-0.307955 0.00170771 7.64354e-20)
(-0.309275 0.00162454 -2.59315e-19)
(-0.310515 0.00137239 1.89336e-20)
(-0.3116 0.000966284 1.11639e-19)
(-0.312486 0.000432878 4.45725e-19)
(-0.313139 -0.00019978 2.31341e-18)
(-0.313538 -0.000897009 -1.08925e-19)
(-0.313665 -0.00163259 -1.55923e-18)
(-0.313512 -0.00237256 2.35342e-18)
(-0.317062 -0.00299718 3.24415e-19)
(-0.316289 -0.00362352 1.05016e-18)
(-0.315243 -0.0041815 -2.48743e-18)
(-0.313931 -0.00465474 8.06744e-19)
(-0.317062 -0.00299718 3.24415e-19)
)
;
    }
    procBoundary31to30
    {
        type            processor;
        value           nonuniform List<vector> 9((-0.330702 -0.00221404 -7.16492e-19) (-0.330304 -0.00254087 -6.64118e-19) (-0.329491 -0.00286822 -7.94251e-19) (-0.328264 -0.00319327 -9.87021e-19) (-0.326625 -0.0035149 -1.29839e-18) (-0.324577 -0.00383205 -1.84671e-18) (-0.322123 -0.00414355 -8.60372e-19) (-0.319267 -0.00444828 -1.72077e-20) (-0.316012 -0.004745 -1.08768e-18));
    }
    procBoundary31to39
    {
        type            processor;
        value           nonuniform List<vector> 
19
(
(-0.333651 -1.87057e-05 2.72079e-20)
(-0.333862 -1.73577e-05 4.6587e-19)
(-0.33436 -1.35517e-06 4.68626e-19)
(-0.334954 1.65935e-05 1.47561e-18)
(-0.335669 1.79855e-05 2.88025e-19)
(-0.336382 -1.34315e-05 2.23633e-18)
(-0.33705 -9.00429e-05 7.53955e-19)
(-0.337601 -0.000217019 3.03564e-18)
(-0.337994 -0.000393412 9.33072e-19)
(-0.338187 -0.000610845 1.55979e-18)
(-0.338154 -0.000855774 2.84417e-18)
(-0.337873 -0.00111163 1.65939e-18)
(-0.337334 -0.00135918 3.95563e-18)
(-0.336529 -0.00158072 2.89407e-18)
(-0.335458 -0.00175749 4.02473e-18)
(-0.334122 -0.00187556 3.00882e-18)
(-0.332528 -0.00192319 -3.5951e-19)
(-0.333502 7.55878e-07 1.25293e-20)
(-0.333502 7.55878e-07 1.25293e-20)
)
;
    }
}


// ************************************************************************* //
