/*--------------------------------*- C++ -*----------------------------------*\
  =========                 |
  \\      /  F ield         | OpenFOAM: The Open Source CFD Toolbox
   \\    /   O peration     | Website:  https://openfoam.org
    \\  /    A nd           | Version:  7
     \\/     M anipulation  |
\*---------------------------------------------------------------------------*/
FoamFile
{
    version     2.0;
    format      ascii;
    class       volVectorField;
    location    "96";
    object      U;
}
// * * * * * * * * * * * * * * * * * * * * * * * * * * * * * * * * * * * * * //

dimensions      [0 1 -1 0 0 0 0];

internalField   nonuniform List<vector> 
175
(
(1.00294 0.0254696 3.29583e-17)
(0.993011 0.0522153 1.47324e-17)
(1.00232 0.0501256 -2.8796e-17)
(0.997986 0.105212 -1.37729e-17)
(1.01075 0.096932 -1.78908e-17)
(1.00185 0.000341028 7.18572e-17)
(0.998347 0.000259118 -6.83311e-18)
(1.00226 0.000777226 7.92167e-17)
(0.997834 0.00119845 1.87216e-17)
(1.00269 0.00155395 1.29432e-17)
(0.997467 0.00294575 -5.60939e-18)
(1.0031 0.00305675 -9.71097e-19)
(0.997106 0.00638049 2.80914e-17)
(1.00338 0.006083 8.02488e-17)
(0.996909 0.0131356 7.79252e-17)
(1.0035 0.0121819 7.99185e-19)
(0.997335 0.0265049 5.56083e-17)
(1.00382 0.0243998 9.7448e-17)
(0.999699 0.0530128 4.84933e-17)
(1.00655 0.0483329 -7.08234e-17)
(1.00795 0.104094 -2.02301e-17)
(1.02129 0.0939416 -1.29517e-17)
(1.00142 0.000224375 1.872e-17)
(0.998867 0.000410207 -1.43825e-17)
(1.00173 0.00058873 8.06767e-18)
(0.998578 0.00140504 2.4301e-18)
(1.00208 0.0012827 1.35208e-17)
(0.998541 0.00323653 -1.64902e-17)
(1.00248 0.00267124 1.39007e-17)
(0.998682 0.0067868 -8.60755e-17)
(1.00293 0.0055329 2.12864e-17)
(0.999268 0.0136644 -5.71193e-17)
(1.00365 0.011377 -1.40673e-17)
(1.00094 0.0270606 -3.81049e-18)
(1.00553 0.0231817 3.33363e-17)
(1.00527 0.0530963 2.28855e-17)
(1.01163 0.0464439 -2.06002e-17)
(1.01645 0.101596 -1.07639e-17)
(1.03176 0.0908491 -1.05454e-17)
(1.00106 0.000103804 2.05827e-17)
(0.999279 0.000556405 -7.72914e-17)
(1.00131 0.000392502 -1.41512e-17)
(0.999169 0.0015949 -1.02318e-17)
(1.00164 0.00099674 2.14785e-17)
(0.999395 0.00348872 -8.28039e-17)
(1.00211 0.00226045 -2.04899e-18)
(0.999945 0.00711129 -5.4742e-17)
(1.00284 0.00493951 7.63784e-17)
(1.00118 0.0140212 -3.37782e-18)
(1.00428 0.0104997 -1.01297e-18)
(1.00393 0.0272581 -2.30442e-17)
(1.00779 0.0218605 9.42107e-17)
(1.01003 0.0524698 -2.45832e-17)
(1.01705 0.0444946 -8.87925e-17)
(1.024 0.097898 -2.21704e-17)
(1.04169 0.0875613 -2.78307e-17)
(1.00078 -1.59352e-05 1.64463e-17)
(0.999589 0.000691401 -1.37064e-17)
(1.001 0.000195682 8.9319e-18)
(0.999623 0.00175953 3.27989e-18)
(1.00135 0.000706165 1.19507e-17)
(1.00006 0.00369084 -2.08147e-17)
(1.00194 0.00183839 1.59416e-17)
(1.00095 0.00734008 -8.75232e-17)
(1.00301 0.00432112 1.91087e-17)
(1.00274 0.0141916 -5.72407e-17)
(1.00523 0.00957224 -1.29622e-17)
(1.00645 0.0270935 -6.97012e-18)
(1.01035 0.020457 3.56183e-17)
(1.01423 0.0511776 1.43577e-17)
(1.02243 0.042413 -2.28659e-17)
(1.03091 0.0933171 -1.04536e-17)
(1.05084 0.083937 -1.46147e-17)
(1.00057 -0.000130942 6.9801e-17)
(0.999814 0.000810225 -3.56487e-18)
(1.00078 3.81276e-06 7.87648e-17)
(0.999962 0.00189252 2.05147e-17)
(1.00118 0.000418728 6.33711e-18)
(1.00057 0.00383576 -3.75132e-18)
(1.00193 0.00141436 5.86087e-19)
(1.00175 0.00746565 2.54748e-17)
(1.00337 0.00368894 8.00857e-17)
(1.00404 0.0141721 7.95589e-17)
(1.00635 0.00860655 3.40722e-18)
(1.00865 0.0265782 5.62731e-17)
(1.01297 0.0189847 9.73972e-17)
(1.01806 0.0492714 4.14233e-17)
(1.02755 0.0401393 -5.46408e-17)
(1.03737 0.0880872 -1.44124e-17)
(1.05916 0.0799179 -8.76998e-18)
(1.0004 -0.000238061 1.29488e-17)
(0.999971 0.000909365 -2.39919e-18)
(1.00062 -0.000178968 1.22637e-17)
(1.00021 0.00199 7.26801e-18)
(1.00109 0.000137601 7.52598e-18)
(1.00097 0.00391893 -6.62759e-18)
(1.00203 0.00099235 2.11596e-17)
(1.0024 0.00748295 -8.69722e-17)
(1.00382 0.00305409 2.27411e-17)
(1.00514 0.0139668 -5.54054e-17)
(1.00754 0.00761227 -1.45017e-17)
(1.01061 0.0257362 -3.79938e-18)
(1.01552 0.0174373 3.36541e-17)
(1.02161 0.0468354 8.94638e-18)
(1.03229 0.0376272 6.56892e-17)
(1.04343 0.0823594 1.10185e-17)
(1.06664 0.0754573 4.50755e-18)
(1.00028 -0.000335574 1.65234e-18)
(1.00008 0.000986401 -3.77751e-18)
(1.00052 -0.000348993 1.23368e-18)
(1.0004 0.00204739 8.33821e-19)
(1.00107 -0.000124615 3.62426e-18)
(1.00128 0.00393081 -7.51665e-18)
(1.00218 0.00060802 1.87815e-17)
(1.00294 0.00739713 -5.15787e-17)
(1.00433 0.00243304 7.68689e-17)
(1.00611 0.0135839 -4.04278e-18)
(1.0087 0.00658717 -5.91688e-19)
(1.01239 0.0245904 -2.4654e-17)
(1.01788 0.0157675 8.00501e-17)
(1.02489 0.043957 1.52642e-17)
(1.03659 0.034801 3.01851e-17)
(1.04911 0.0761886 -8.81635e-19)
(1.07333 0.0704868 6.08865e-17)
(1.00018 -0.000422974 5.69279e-18)
(1.00015 0.00104079 -1.32336e-17)
(1.00045 -0.000509445 -8.09911e-18)
(1.00054 0.00207096 -5.48553e-18)
(1.00108 -0.000392055 6.80509e-18)
(1.00154 0.00389243 -1.9815e-17)
(1.00237 0.000153081 2.33221e-17)
(1.0034 0.00720904 -1.02409e-16)
(1.00483 0.00172644 2.04378e-17)
(1.00693 0.0130378 -7.59686e-17)
(1.00978 0.00544509 -1.66244e-17)
(1.01397 0.0231837 -2.1893e-17)
(1.02 0.0138781 3.03437e-17)
(1.02786 0.0407131 -1.02622e-17)
(1.04038 0.0315867 6.32977e-17)
(1.05431 0.06954 1.33843e-17)
(1.07917 0.064954 9.60268e-18)
(1.00011 -0.000489698 1.56909e-17)
(1.00019 0.00106613 -7.62943e-17)
(1.00042 -0.000629938 -2.16231e-17)
(1.00065 0.0020522 -1.40476e-17)
(1.00112 -0.000584805 2.02085e-17)
(1.00173 0.00380016 -8.52317e-17)
(1.00256 -0.000121246 -5.73192e-19)
(1.00377 0.00697916 -6.00641e-17)
(1.00528 0.0012896 7.41368e-17)
(1.00762 0.0124795 -1.29772e-17)
(1.01071 0.00462191 -3.97867e-18)
(1.01529 0.0218602 -2.96983e-17)
(1.02179 0.0123718 8.67958e-17)
(1.03038 0.0378893 -3.94028e-17)
(1.04353 0.02886 -6.80872e-17)
(1.0588 0.0640833 -1.11125e-17)
(1.08399 0.0601986 -1.80882e-17)
(1.00007 -0.000582897 7.81922e-18)
(1.00022 0.00108052 -1.47451e-17)
(1.00041 -0.000812902 -9.66777e-18)
(1.00073 0.0019687 -9.74777e-18)
(1.00116 -0.000905711 1.19506e-17)
(1.0019 0.00354307 -2.42818e-17)
(1.00272 -0.000649431 2.33014e-17)
(1.00406 0.00641115 -1.1098e-16)
(1.00564 0.000321479 1.00184e-17)
(1.00811 0.0112459 -9.15249e-17)
(1.01142 0.00285558 -2.37255e-17)
(1.01625 0.0191988 -1.95984e-17)
(1.02317 0.00914701 1.488e-17)
(1.03221 0.0324485 -2.9836e-19)
(1.04596 0.02311 -1.82501e-17)
(1.06209 0.0537619 -5.42359e-18)
(1.08761 0.050541 -1.17973e-17)
)
;

boundaryField
{
    inlet
    {
        type            uniformFixedValue;
        uniformValue    constant (1 0 0);
        value           uniform (1 0 0);
    }
    outlet
    {
        type            pressureInletOutletVelocity;
        value           nonuniform 0();
    }
    polygon
    {
        type            fixedValue;
        value           nonuniform 0();
    }
    top
    {
        type            symmetryPlane;
    }
    bottom
    {
        type            symmetryPlane;
    }
    outside
    {
        type            zeroGradient;
    }
    procBoundary56to41
    {
        type            processor;
        value           uniform (1.01997 0.200155 2.68639e-17);
    }
    procBoundary56to48
    {
        type            processor;
        value           nonuniform List<vector> 
18
(
(1.00307 0.0263157 9.53646e-17)
(0.98499 0.0507492 -3.32944e-17)
(0.999431 0.0516909 -9.42012e-17)
(0.986018 0.104915 -2.10289e-17)
(1.00089 0.0998623 -2.08185e-17)
(1.00235 0.000448214 1.70405e-17)
(0.997721 0.000110276 -1.33396e-17)
(1.0029 0.000949949 7.48964e-18)
(0.996937 0.000985325 2.13455e-19)
(1.00348 0.00179859 1.30226e-17)
(0.996167 0.00263116 -1.94678e-17)
(1.00399 0.00339941 1.26634e-17)
(0.995191 0.00591294 -8.95407e-17)
(1.00424 0.00656434 2.16444e-17)
(0.99404 0.0124614 -5.88176e-17)
(1.00396 0.0128789 -1.23936e-17)
(0.992963 0.025618 -8.67321e-18)
(0.992963 0.025618 -8.67321e-18)
)
;
    }
    procBoundary56to49
    {
        type            processor;
        value           nonuniform List<vector> 5((1.03326 0.190261 7.45214e-18) (1.04514 0.179658 2.5394e-18) (1.05611 0.168653 6.01683e-17) (1.0664 0.157433 1.57431e-17) (1.07608 0.14608 6.04994e-18));
    }
    procBoundary56to57
    {
        type            processor;
        value           nonuniform List<vector> 5((1.08521 0.134719 1.8006e-17) (1.09372 0.123264 2.83984e-17) (1.10163 0.111434 3.036e-17) (1.10855 0.102167 6.36963e-17) (1.11385 0.08498 1.67699e-17));
    }
}


// ************************************************************************* //
