/*--------------------------------*- C++ -*----------------------------------*\
  =========                 |
  \\      /  F ield         | OpenFOAM: The Open Source CFD Toolbox
   \\    /   O peration     | Website:  https://openfoam.org
    \\  /    A nd           | Version:  7
     \\/     M anipulation  |
\*---------------------------------------------------------------------------*/
FoamFile
{
    version     2.0;
    format      ascii;
    class       volVectorField;
    location    "38";
    object      U;
}
// * * * * * * * * * * * * * * * * * * * * * * * * * * * * * * * * * * * * * //

dimensions      [0 1 -1 0 0 0 0];

internalField   nonuniform List<vector> 
175
(
(-0.0936749 -0.0922223 -8.00755e-20)
(-0.155559 -0.0913529 1.49572e-19)
(-0.209322 -0.0879745 2.40696e-18)
(-0.264881 -0.0852185 -6.57728e-18)
(-0.316503 -0.0812535 -1.35295e-18)
(-0.366416 -0.0769457 1.2914e-17)
(-0.412946 -0.0719247 -1.20487e-18)
(-0.456349 -0.0664902 1.05944e-17)
(-0.496103 -0.0606758 -2.50168e-17)
(-0.532158 -0.0546391 5.34028e-18)
(-0.56437 -0.0484684 1.10551e-17)
(-0.592724 -0.0422521 -1.42604e-17)
(0.329263 -0.119261 8.63639e-19)
(0.18215 -0.112331 -8.59914e-19)
(0.163738 -0.0893879 -7.71074e-19)
(0.0671812 -0.0966263 -1.27863e-18)
(0.0246906 -0.0850155 1.98573e-19)
(-0.0481685 -0.0871355 -2.41261e-19)
(-0.099518 -0.0826373 -1.74605e-19)
(-0.161741 -0.0818509 2.00471e-19)
(-0.215672 -0.0788165 2.26177e-18)
(-0.271461 -0.0763438 -1.22376e-18)
(-0.323258 -0.0727935 -5.6935e-18)
(-0.373366 -0.0689386 1.46402e-17)
(-0.420079 -0.0644464 2.58272e-18)
(-0.463668 -0.0595836 1.75755e-17)
(-0.503601 -0.0543792 -2.02628e-17)
(-0.539827 -0.0489737 1.27262e-17)
(-0.572193 -0.0434458 1.57623e-17)
(-0.600683 -0.0378748 -1.76544e-17)
(0.328746 -0.106102 1.66297e-18)
(0.177932 -0.0997371 -5.42176e-19)
(0.160386 -0.0789786 -4.39836e-20)
(0.062413 -0.0855689 -1.66627e-18)
(0.0200299 -0.0751356 -1.418e-18)
(-0.0534482 -0.0770139 -2.92942e-19)
(-0.104877 -0.073017 -3.11301e-19)
(-0.167393 -0.0723252 3.42511e-19)
(-0.221467 -0.0696383 2.62936e-18)
(-0.277452 -0.067457 -6.29577e-19)
(-0.329398 -0.064324 -4.58832e-18)
(-0.379673 -0.0609253 1.1006e-17)
(-0.42654 -0.0569635 7.04363e-18)
(-0.470288 -0.0526741 1.41851e-17)
(-0.510373 -0.0480808 -5.39899e-18)
(-0.546745 -0.0433076 1.08449e-17)
(-0.579244 -0.0384238 2.01747e-17)
(-0.60785 -0.0334997 -7.44751e-18)
(0.328238 -0.0926382 3.03822e-18)
(0.174035 -0.0869188 -2.7891e-19)
(0.157319 -0.068527 9.1629e-19)
(0.0580805 -0.074398 -2.4195e-18)
(0.0158106 -0.0652074 -1.2734e-18)
(-0.05821 -0.0668459 4.31063e-19)
(-0.109703 -0.0633596 -3.68496e-19)
(-0.172469 -0.0627602 6.03095e-19)
(-0.226662 -0.0604253 3.58692e-18)
(-0.282812 -0.0585347 -3.67142e-19)
(-0.334883 -0.0558195 -4.11143e-18)
(-0.385297 -0.0528759 9.94208e-18)
(-0.432294 -0.0494441 1.34067e-17)
(-0.476175 -0.0457276 1.17362e-17)
(-0.516389 -0.0417461 9.17368e-18)
(-0.552883 -0.0376068 1.21701e-17)
(-0.585493 -0.0333697 2.71516e-17)
(-0.614196 -0.0290958 -2.39687e-18)
(0.327753 -0.078897 1.82323e-18)
(0.170526 -0.0739011 -8.85704e-21)
(0.154579 -0.05804 2.2987e-18)
(0.054239 -0.0631277 -1.90864e-18)
(0.012081 -0.0552398 -1.31174e-18)
(-0.0624048 -0.0566366 4.99254e-19)
(-0.113948 -0.0536703 -4.96683e-19)
(-0.176923 -0.0531629 1.10633e-18)
(-0.231214 -0.0511835 5.3958e-18)
(-0.287501 -0.0495837 -5.87668e-19)
(-0.339673 -0.0472868 -3.93936e-18)
(-0.390202 -0.0447979 1.16947e-17)
(-0.437305 -0.0418956 1.07643e-17)
(-0.481296 -0.0387519 1.16748e-17)
(-0.521615 -0.0353828 2.63557e-17)
(-0.55821 -0.0318787 1.66214e-17)
(-0.590913 -0.0282903 1.95696e-17)
(-0.619696 -0.0246695 -1.44509e-18)
(0.327309 -0.0649099 8.6175e-19)
(0.167473 -0.0607113 -6.43573e-19)
(0.152213 -0.0475238 7.73907e-19)
(0.0509412 -0.0517727 -1.68778e-18)
(0.00888786 -0.0452403 -1.50566e-18)
(-0.0659853 -0.0463928 7.24408e-19)
(-0.117567 -0.0439548 -4.89574e-19)
(-0.180712 -0.0435403 5.89043e-19)
(-0.23508 -0.041919 5.82976e-18)
(-0.291477 -0.0406111 -1.30052e-18)
(-0.343731 -0.038733 -4.32296e-18)
(-0.394352 -0.0366986 8.09594e-18)
(-0.44154 -0.0343258 9.77968e-18)
(-0.485618 -0.0317549 1.37618e-17)
(-0.526022 -0.0289986 3.49079e-17)
(-0.562699 -0.0261306 6.39738e-18)
(-0.595476 -0.0231924 1.34174e-17)
(-0.624324 -0.0202265 -3.86336e-18)
(0.326924 -0.0507142 1.94907e-20)
(0.164941 -0.0473767 -1.52777e-18)
(0.150261 -0.0369855 -5.57535e-19)
(0.0482362 -0.0403468 -1.70137e-18)
(0.0062745 -0.0352158 -2.0002e-18)
(-0.0689082 -0.0361205 2.39048e-19)
(-0.120518 -0.0342176 -5.75067e-19)
(-0.183796 -0.0338972 2.30529e-19)
(-0.238224 -0.0326361 4.60707e-18)
(-0.294706 -0.0316207 -3.01036e-18)
(-0.347023 -0.0301617 -5.39906e-18)
(-0.397715 -0.0285816 6.77657e-18)
(-0.444968 -0.0267378 1.07761e-17)
(-0.489115 -0.0247395 1.95231e-17)
(-0.529585 -0.0225961 3.54949e-17)
(-0.566325 -0.0203648 1.08874e-17)
(-0.59916 -0.0180779 2.71096e-17)
(-0.628059 -0.0157685 -1.05819e-17)
(0.326616 -0.0363515 -7.56259e-19)
(0.162986 -0.0339259 -1.90432e-18)
(0.14876 -0.0264309 -2.0742e-18)
(0.0461664 -0.0288644 -1.94362e-18)
(0.00427845 -0.0251727 -2.77548e-18)
(-0.071136 -0.0258261 -1.69301e-19)
(-0.122765 -0.0244645 -7.41205e-19)
(-0.186141 -0.0242392 3.2498e-20)
(-0.240612 -0.0233398 4.24668e-18)
(-0.297157 -0.0226176 -1.17634e-18)
(-0.349519 -0.0215777 -4.94668e-19)
(-0.400263 -0.0204515 7.47308e-18)
(-0.447564 -0.0191363 1.42001e-17)
(-0.491761 -0.0177101 1.8261e-17)
(-0.532279 -0.0161792 2.67e-17)
(-0.569066 -0.0145848 1.57185e-17)
(-0.601944 -0.0129497 2.67922e-17)
(-0.63088 -0.0112978 -3.12319e-18)
(0.326399 -0.0218659 -1.67309e-18)
(0.161654 -0.020389 -1.71336e-18)
(0.147742 -0.0158644 -3.98399e-18)
(0.0447662 -0.0173403 -2.41879e-18)
(0.00292972 -0.015116 -4.07269e-18)
(-0.0726389 -0.0155158 -5.49785e-19)
(-0.12428 -0.0147003 -1.01552e-18)
(-0.187721 -0.0145713 -1.05761e-19)
(-0.242219 -0.0140355 4.77257e-18)
(-0.298805 -0.0136073 7.85306e-20)
(-0.351197 -0.0129872 4.98948e-18)
(-0.401974 -0.0123151 1.0371e-17)
(-0.449307 -0.0115284 1.04432e-17)
(-0.493536 -0.010674 2.04695e-17)
(-0.534087 -0.0097557 2.20842e-17)
(-0.570904 -0.0087981 2.26601e-17)
(-0.60381 -0.00781504 2.85745e-17)
(-0.632771 -0.00682095 9.8796e-19)
(0.326288 -0.00730117 -2.83688e-18)
(0.16098 -0.00680061 -1.62617e-18)
(0.147226 -0.0052897 -6.72094e-18)
(0.0440594 -0.00578683 -3.2069e-18)
(0.00224933 -0.00504542 -6.17182e-18)
(-0.0733961 -0.00518495 -9.10799e-19)
(-0.125043 -0.00491608 -1.39841e-18)
(-0.188515 -0.00487973 -1.25489e-19)
(-0.243028 -0.00470571 6.35e-18)
(-0.299633 -0.00456916 1.18262e-18)
(-0.35204 -0.00436731 5.54149e-18)
(-0.402834 -0.00414814 1.5221e-17)
(-0.450182 -0.00388954 8.72908e-18)
(-0.494428 -0.00360757 2.69544e-17)
(-0.534994 -0.00330299 2.11638e-17)
(-0.571827 -0.00298414 3.35634e-17)
(-0.604747 -0.00265554 3.29327e-17)
(-0.63372 -0.0023221 1.06176e-18)
(0.326288 0.00730154 -9.9854e-19)
)
;

boundaryField
{
    inlet
    {
        type            uniformFixedValue;
        uniformValue    constant (1 0 0);
        value           nonuniform 0();
    }
    outlet
    {
        type            pressureInletOutletVelocity;
        value           nonuniform List<vector> 10((0.329263 -0.119261 8.63639e-19) (0.328746 -0.106102 1.66297e-18) (0.328238 -0.0926382 3.03822e-18) (0.327753 -0.078897 1.82323e-18) (0.327309 -0.0649099 8.6175e-19) (0.326924 -0.0507142 1.94907e-20) (0.326616 -0.0363515 -7.56259e-19) (0.326399 -0.0218659 -1.67309e-18) (0.326288 -0.00730117 -2.83688e-18) (0.326288 0.00730154 -9.9854e-19));
    }
    polygon
    {
        type            fixedValue;
        value           nonuniform 0();
    }
    top
    {
        type            symmetryPlane;
    }
    bottom
    {
        type            symmetryPlane;
    }
    outside
    {
        type            zeroGradient;
    }
    procBoundary39to31
    {
        type            processor;
        value           nonuniform List<vector> 
19
(
(0.16098 0.00680106 -1.51489e-18)
(0.147226 0.00529018 -6.92658e-18)
(0.0440594 0.00578735 -4.29518e-18)
(0.00224934 0.00504596 -6.90191e-18)
(-0.0733961 0.00518552 -1.24789e-18)
(-0.125043 0.00491667 -1.5923e-18)
(-0.188515 0.00488033 -2.3077e-20)
(-0.243028 0.00470632 6.73971e-18)
(-0.299633 0.0045698 2.18351e-18)
(-0.35204 0.00436796 7.51616e-18)
(-0.402834 0.00414878 1.42756e-17)
(-0.450182 0.00389017 8.64426e-18)
(-0.494428 0.00360819 2.69655e-17)
(-0.534994 0.00330359 2.35947e-17)
(-0.571827 0.00298473 3.475e-17)
(-0.604747 0.00265612 2.29836e-17)
(-0.63372 0.00232266 -2.64683e-18)
(0.16098 0.00680106 -1.51489e-18)
(0.326399 0.0218663 6.57607e-19)
)
;
    }
    procBoundary39to38
    {
        type            processor;
        value           nonuniform List<vector> 10((-0.617217 -0.0360475 -2.24155e-17) (-0.625288 -0.0323128 -1.92109e-17) (-0.63255 -0.0285815 -1.97023e-17) (-0.638977 -0.0248257 -2.36447e-17) (-0.644543 -0.0210507 -8.89752e-18) (-0.649224 -0.0172614 -1.68362e-17) (-0.653 -0.013459 -6.77066e-18) (-0.655851 -0.00964504 3.79928e-18) (-0.657763 -0.00582555 -7.41046e-18) (-0.658722 -0.0019871 -2.01054e-18));
    }
    procBoundary39to47
    {
        type            processor;
        value           nonuniform List<vector> 
19
(
(0.329774 -0.132078 4.46884e-19)
(0.186624 -0.124699 -5.75078e-19)
(0.167331 -0.0997276 1.59503e-18)
(0.0723299 -0.107569 2.44451e-19)
(0.029745 -0.0948345 -2.76221e-19)
(-0.0424198 -0.0972196 4.23882e-19)
(-0.0424198 -0.0972196 4.23882e-19)
(-0.0878705 -0.101052 -3.65777e-20)
(-0.149396 -0.100153 1.45546e-19)
(-0.202978 -0.0964532 2.88625e-18)
(-0.258292 -0.0934652 -7.91088e-18)
(-0.309725 -0.0891227 -2.90438e-18)
(-0.359427 -0.0844113 6.47882e-18)
(-0.405761 -0.0789077 -5.14647e-18)
(-0.448964 -0.0729513 6.0473e-18)
(-0.488525 -0.0665757 -2.11859e-17)
(-0.524398 -0.0599565 1.7536e-18)
(-0.556442 -0.0531897 7.97395e-18)
(-0.58465 -0.0463722 -1.5585e-17)
)
;
    }
}


// ************************************************************************* //
