/*--------------------------------*- C++ -*----------------------------------*\
  =========                 |
  \\      /  F ield         | OpenFOAM: The Open Source CFD Toolbox
   \\    /   O peration     | Website:  https://openfoam.org
    \\  /    A nd           | Version:  7
     \\/     M anipulation  |
\*---------------------------------------------------------------------------*/
FoamFile
{
    version     2.0;
    format      ascii;
    class       volVectorField;
    location    "34";
    object      U;
}
// * * * * * * * * * * * * * * * * * * * * * * * * * * * * * * * * * * * * * //

dimensions      [0 1 -1 0 0 0 0];

internalField   nonuniform List<vector> 
175
(
(-0.608963 0.0335593 -1.78518e-17)
(-0.587445 0.035892 -4.2124e-18)
(-0.5647 0.0375866 4.19622e-18)
(-0.541122 0.0386613 -2.32791e-17)
(-0.517088 0.0391461 -3.195e-17)
(-0.321042 0.0576279 1.15676e-17)
(-0.304516 0.0534547 -8.82683e-19)
(-0.289284 0.0490952 -1.46711e-18)
(-0.275379 0.0446565 -1.39914e-18)
(-0.262803 0.0402357 3.77385e-18)
(-0.25153 0.0359178 1.0253e-17)
(-0.24151 0.031775 -4.01708e-19)
(-0.232676 0.0278659 9.50456e-18)
(-0.534908 0.0604633 1.74761e-18)
(-0.514924 0.0642518 4.48032e-18)
(-0.493924 0.0668917 1.6185e-18)
(-0.472277 0.0684249 7.20934e-18)
(-0.450335 0.0689143 1.74854e-17)
(-0.428424 0.0684412 2.22328e-17)
(-0.406838 0.0671017 1.93738e-17)
(-0.385836 0.0650029 -2.49847e-18)
(-0.365641 0.0622585 1.07587e-17)
(-0.346436 0.0589863 -4.22588e-18)
(-0.328364 0.0553044 1.28386e-17)
(-0.311533 0.0513285 2.84405e-18)
(-0.29601 0.047169 -2.59702e-18)
(-0.28183 0.0429286 -3.31422e-18)
(-0.268997 0.0387002 3.02924e-18)
(-0.257486 0.0345656 1.07323e-17)
(-0.247249 0.0305943 3.66379e-18)
(-0.238219 0.0268428 9.08434e-18)
(-0.544855 0.0575512 -2.19525e-18)
(-0.52465 0.0612026 7.55315e-18)
(-0.503401 0.0637605 -1.9278e-19)
(-0.481483 0.0652638 2.1849e-18)
(-0.459251 0.0657714 1.32406e-17)
(-0.437036 0.0653595 2.22164e-17)
(-0.415135 0.0641188 1.69475e-17)
(-0.393815 0.0621503 -1.92375e-19)
(-0.3733 0.059562 8.53687e-18)
(-0.353779 0.0564653 -4.43602e-18)
(-0.335399 0.0529726 1.63857e-17)
(-0.318269 0.049194 6.36085e-18)
(-0.302462 0.0452347 -4.07069e-18)
(-0.288013 0.0411929 -5.60906e-18)
(-0.274928 0.0371575 2.8651e-18)
(-0.263184 0.033207 1.27756e-17)
(-0.252735 0.0294081 7.72671e-18)
(-0.243514 0.0258152 9.98413e-18)
(-0.554389 0.0546734 -6.06971e-18)
(-0.533975 0.0581837 7.16288e-19)
(-0.512492 0.0606551 -1.24007e-17)
(-0.490316 0.0621232 7.56963e-18)
(-0.467808 0.0626433 3.19779e-18)
(-0.445301 0.0622868 1.59886e-17)
(-0.423099 0.0611391 8.28038e-18)
(-0.401471 0.0592955 9.10322e-19)
(-0.380648 0.0568581 4.07822e-19)
(-0.360821 0.0539325 -5.4609e-18)
(-0.342141 0.0506251 1.58569e-17)
(-0.324721 0.0470406 9.21542e-18)
(-0.308636 0.0432792 -5.80279e-18)
(-0.293925 0.0394344 -8.09358e-18)
(-0.280595 0.035591 3.85458e-18)
(-0.268624 0.0318243 1.0896e-17)
(-0.257968 0.0281981 1.18293e-17)
(-0.24856 0.0247649 1.19605e-17)
(-0.563495 0.0517756 -1.1401e-17)
(-0.542886 0.0551389 -5.06483e-18)
(-0.521181 0.0575179 -2.39824e-17)
(-0.498762 0.0589458 4.69009e-18)
(-0.475992 0.0594739 -5.733e-18)
(-0.453208 0.0591692 5.09809e-18)
(-0.430718 0.0581116 1.3905e-18)
(-0.408796 0.0563908 1.45361e-18)
(-0.387677 0.054103 -7.02727e-18)
(-0.367554 0.0513479 -6.6703e-18)
(-0.348585 0.0482261 1.76088e-17)
(-0.330885 0.0448367 5.90905e-18)
(-0.31453 0.0412747 -9.49151e-18)
(-0.299564 0.0376289 -1.14714e-17)
(-0.285995 0.0339802 5.0408e-18)
(-0.273804 0.0304002 1.05597e-17)
(-0.262947 0.0269501 1.16824e-17)
(-0.253358 0.02368 1.52617e-17)
(-0.572163 0.048851 -1.87444e-17)
(-0.551371 0.0520614 -1.11129e-17)
(-0.529459 0.0543429 -1.92989e-17)
(-0.506811 0.0557259 4.94384e-18)
(-0.483792 0.0562581 -1.42353e-17)
(-0.460746 0.0560019 -3.06314e-18)
(-0.437984 0.055032 -5.56673e-18)
(-0.415781 0.0534325 1.97372e-18)
(-0.394378 0.0512935 -7.91232e-18)
(-0.373973 0.0487089 -8.2132e-18)
(-0.354725 0.0457734 1.57014e-17)
(-0.336754 0.0425806 9.66368e-18)
(-0.32014 0.03922 -8.55149e-18)
(-0.304927 0.0357759 -9.51427e-18)
(-0.291127 0.0323248 1.96407e-18)
(-0.278722 0.0289349 1.17927e-17)
(-0.26767 0.0256644 6.95266e-18)
(-0.257905 0.0225613 1.41367e-17)
(-0.580379 0.0459053 -2.02697e-17)
(-0.559417 0.0489571 -1.72828e-17)
(-0.537312 0.0511359 -1.62497e-17)
(-0.514449 0.0524694 6.71051e-18)
(-0.491199 0.0530016 -1.57987e-17)
(-0.467906 0.0527905 -1.1385e-17)
(-0.444885 0.0519057 -1.28048e-17)
(-0.422417 0.0504255 2.65418e-18)
(-0.400744 0.0484342 -9.9849e-18)
(-0.38007 0.0460197 -9.99337e-18)
(-0.360556 0.043271 1.72071e-17)
(-0.342324 0.0402756 1.31275e-17)
(-0.32546 0.0371182 -9.64834e-18)
(-0.31001 0.0338778 -8.22441e-18)
(-0.295987 0.0306271 3.96745e-20)
(-0.283376 0.0274302 1.46682e-17)
(-0.272135 0.0243426 8.42845e-18)
(-0.262201 0.0214099 1.48117e-17)
(-0.588132 0.0429463 -1.56663e-17)
(-0.567014 0.0458348 -2.39563e-17)
(-0.54473 0.0479063 -1.44188e-17)
(-0.521669 0.049186 9.65873e-18)
(-0.498202 0.0497145 -1.99901e-17)
(-0.474678 0.0495452 -1.86165e-17)
(-0.451415 0.0487427 -1.96951e-17)
(-0.428697 0.0473797 4.4363e-18)
(-0.406769 0.0455347 -6.63938e-18)
(-0.385838 0.0432895 -5.37632e-18)
(-0.36607 0.0407273 1.49816e-17)
(-0.347592 0.0379299 3.91492e-18)
(-0.330488 0.0349766 -1.254e-17)
(-0.31481 0.0319417 -8.26233e-18)
(-0.300574 0.0288932 -1.38195e-18)
(-0.287764 0.0258918 1.98134e-17)
(-0.276342 0.0229898 1.07373e-17)
(-0.266244 0.0202304 1.14957e-17)
(-0.595412 0.0399863 -1.53171e-17)
(-0.57415 0.0427085 -2.29187e-17)
(-0.551702 0.0446696 -2.77287e-18)
(-0.528458 0.0458924 5.60271e-18)
(-0.504791 0.046414 -2.88326e-17)
(-0.481053 0.0462836 -1.90873e-17)
(-0.457564 0.0455607 -2.86302e-17)
(-0.434611 0.0443125 1.79814e-19)
(-0.412444 0.0426118 -1.23511e-17)
(-0.391272 0.0405345 -5.78692e-19)
(-0.371264 0.0381578 1.58681e-17)
(-0.35255 0.035558 1.66067e-18)
(-0.335219 0.0328088 -1.82493e-17)
(-0.319324 0.0299798 -8.7264e-18)
(-0.304884 0.0271346 -2.47609e-18)
(-0.291884 0.0243301 2.20038e-17)
(-0.280288 0.0216154 1.35973e-17)
(-0.270034 0.0190313 9.4548e-18)
(-0.602206 0.0369813 -1.97327e-17)
(-0.580816 0.0395294 -1.34246e-17)
(-0.558219 0.0413729 2.43932e-20)
(-0.534808 0.0425325 -7.9953e-18)
(-0.510958 0.043042 -3.25214e-17)
(-0.487023 0.0429463 -2.93127e-17)
(-0.463325 0.0422999 -3.94784e-17)
(-0.440154 0.0411646 -1.38101e-18)
(-0.417763 0.0396073 -1.19019e-17)
(-0.396365 0.0376981 -2.39566e-18)
(-0.376132 0.0355082 1.85137e-17)
(-0.357196 0.0331083 -8.56257e-18)
(-0.33965 0.0305664 -2.63683e-17)
(-0.323549 0.0279472 -9.36372e-18)
(-0.308914 0.0253096 -2.81466e-18)
(-0.295735 0.0227069 2.17763e-17)
(-0.283973 0.0201847 1.70372e-17)
(-0.273569 0.0177812 2.42255e-18)
)
;

boundaryField
{
    inlet
    {
        type            uniformFixedValue;
        uniformValue    constant (1 0 0);
        value           nonuniform 0();
    }
    outlet
    {
        type            pressureInletOutletVelocity;
        value           nonuniform 0();
    }
    polygon
    {
        type            fixedValue;
        value           nonuniform 0();
    }
    top
    {
        type            symmetryPlane;
    }
    bottom
    {
        type            symmetryPlane;
    }
    outside
    {
        type            zeroGradient;
    }
    procBoundary45to37
    {
        type            processor;
        value           nonuniform List<vector> 
19
(
(-0.615507 0.0300816 -1.88646e-17)
(-0.593862 0.0321811 6.55638e-18)
(-0.570972 0.0337089 7.1496e-18)
(-0.547231 0.034681 -2.40275e-17)
(-0.492954 0.039081 -4.37348e-17)
(-0.523018 0.0351242 -3.82722e-17)
(-0.492954 0.039081 -4.37348e-17)
(-0.469046 0.0385148 -4.59596e-17)
(-0.445655 0.0375029 -8.96447e-18)
(-0.423038 0.0361055 -1.33104e-17)
(-0.401411 0.0343857 4.27867e-18)
(-0.380948 0.0324078 1.72427e-17)
(-0.361787 0.0302358 -1.48248e-17)
(-0.344021 0.0279314 -3.18679e-17)
(-0.32771 0.0255532 -3.33731e-18)
(-0.312876 0.0231553 -2.88458e-18)
(-0.299511 0.0207861 1.89551e-17)
(-0.287579 0.0184875 1.55539e-17)
(-0.277021 0.0162947 1.09476e-18)
)
;
    }
    procBoundary45to38
    {
        type            processor;
        value           nonuniform List<vector> 2((-0.628854 0.0305832 -3.89224e-18) (-0.62199 0.0337225 1.02224e-17));
    }
    procBoundary45to44
    {
        type            processor;
        value           nonuniform List<vector> 10((-0.224942 0.0242359 -1.47957e-17) (-0.230311 0.0233551 -8.66746e-18) (-0.235437 0.022471 -5.0357e-18) (-0.240318 0.0215656 -3.02335e-18) (-0.244955 0.0206294 -2.25751e-18) (-0.249347 0.0196632 -2.49555e-18) (-0.253492 0.018668 2.07379e-18) (-0.257391 0.0176478 6.11836e-18) (-0.261041 0.0166101 3.82086e-18) (-0.264443 0.0155269 1.91968e-18));
    }
    procBoundary45to46
    {
        type            processor;
        value           nonuniform List<vector> 8((-0.553494 0.0555083 1.15754e-17) (-0.563632 0.0527905 4.74439e-18) (-0.573344 0.0501097 1.00918e-17) (-0.582619 0.0474153 1.55991e-17) (-0.591442 0.0447005 1.16611e-17) (-0.599802 0.0419704 9.75265e-18) (-0.607688 0.039232 9.00349e-18) (-0.615087 0.0364954 9.47724e-18));
    }
    procBoundary45to52
    {
        type            processor;
        value           uniform (-0.216075 0.0306962 -2.33877e-18);
    }
    procBoundary45to53
    {
        type            processor;
        value           nonuniform List<vector> 
18
(
(-0.524563 0.0633729 5.31872e-18)
(-0.504813 0.0672983 1.37337e-17)
(-0.484073 0.0700197 4.31933e-18)
(-0.462711 0.071582 1.4593e-17)
(-0.441072 0.0720524 1.56755e-17)
(-0.419476 0.0715172 2.50935e-17)
(-0.398215 0.0700782 2.39258e-17)
(-0.377543 0.0678482 1.49028e-18)
(-0.357677 0.0649474 1.53183e-17)
(-0.338796 0.0614993 -5.68448e-18)
(-0.338796 0.0614993 -5.68448e-18)
(-0.298962 0.0637712 1.22055e-17)
(-0.283376 0.0591098 3.48278e-18)
(-0.26904 0.0542496 7.59031e-19)
(-0.255981 0.0493095 5.26932e-18)
(-0.244195 0.044397 8.2266e-18)
(-0.233653 0.0396067 1.25124e-17)
(-0.224304 0.0350181 -3.2139e-17)
)
;
    }
}


// ************************************************************************* //
