/*--------------------------------*- C++ -*----------------------------------*\
  =========                 |
  \\      /  F ield         | OpenFOAM: The Open Source CFD Toolbox
   \\    /   O peration     | Website:  https://openfoam.org
    \\  /    A nd           | Version:  7
     \\/     M anipulation  |
\*---------------------------------------------------------------------------*/
FoamFile
{
    version     2.0;
    format      ascii;
    class       volVectorField;
    location    "94";
    object      U;
}
// * * * * * * * * * * * * * * * * * * * * * * * * * * * * * * * * * * * * * //

dimensions      [0 1 -1 0 0 0 0];

internalField   nonuniform List<vector> 
115
(
(0.620545 0.0478898 -1.18011e-18)
(0.615478 0.0467772 8.46854e-19)
(0.610948 0.0453014 4.41428e-19)
(0.606073 0.0437518 -1.44268e-19)
(0.601351 0.0419917 -3.40319e-19)
(0.596528 0.0401359 -2.30698e-18)
(0.591758 0.0381475 -3.95725e-18)
(0.586982 0.0360758 -6.02692e-19)
(0.582256 0.0339145 -3.50844e-18)
(0.577582 0.0316863 2.22689e-18)
(0.572993 0.0293916 1.3291e-18)
(0.56851 0.0270392 7.36485e-19)
(0.564164 0.0246278 1.45777e-18)
(0.709158 0.0529771 -2.58208e-19)
(0.703367 0.0531799 -4.67468e-19)
(0.701432 0.0524389 -9.18609e-19)
(0.697101 0.0519742 -2.69162e-19)
(0.694108 0.050842 -1.00544e-18)
(0.690254 0.0497741 1.22286e-18)
(0.686822 0.0483142 1.71545e-18)
(0.683082 0.0467991 7.44438e-20)
(0.679449 0.0450499 1.28228e-18)
(0.675705 0.0432107 -2.56184e-18)
(0.67198 0.0412206 -3.82556e-18)
(0.668223 0.0391419 -6.36698e-19)
(0.664482 0.0369562 -3.21247e-18)
(0.660761 0.0346905 2.9931e-18)
(0.657088 0.0323388 3.85498e-18)
(0.653487 0.0299105 8.27464e-19)
(0.649986 0.0273999 3.91951e-18)
(0.770189 0.0548373 -1.61968e-19)
(0.766703 0.0550877 -2.72317e-19)
(0.765553 0.0544117 -6.20045e-19)
(0.762964 0.0539664 -2.11581e-19)
(0.761192 0.052872 -8.56529e-19)
(0.758891 0.0518368 4.21254e-19)
(0.756839 0.0504062 1.08205e-19)
(0.754584 0.0489284 -1.42938e-19)
(0.752372 0.0472063 -3.55252e-19)
(0.750071 0.0453979 -1.37853e-18)
(0.747753 0.0434267 -2.73052e-18)
(0.745391 0.0413625 -4.63377e-19)
(0.743011 0.0391775 -2.63589e-18)
(0.740623 0.036901 1.26021e-18)
(0.738244 0.0345212 3.06988e-19)
(0.735898 0.032047 1.552e-19)
(0.733607 0.0294676 1.82433e-19)
(0.821066 0.0557467 9.82352e-20)
(0.819952 0.0559832 1.63089e-19)
(0.819653 0.0553477 4.64329e-19)
(0.818955 0.0548703 2.15805e-19)
(0.818527 0.0538044 7.68539e-19)
(0.81798 0.0527674 -1.48971e-19)
(0.817494 0.0513636 8.67856e-20)
(0.816964 0.049907 1.26695e-19)
(0.816417 0.0482147 2.99076e-19)
(0.815838 0.0464359 8.28486e-19)
(0.815218 0.0444935 2.17609e-18)
(0.814568 0.0424557 3.53989e-19)
(0.813879 0.0402909 2.28774e-18)
(0.813171 0.0380281 -4.72468e-19)
(0.812443 0.0356521 3.13968e-19)
(0.811718 0.0331713 -6.7251e-20)
(0.811006 0.0305727 -9.94571e-20)
(0.859519 0.0557817 3.0437e-21)
(0.860501 0.0559143 7.96301e-21)
(0.861026 0.0552875 3.55612e-20)
(0.86209 0.0547051 -3.38161e-21)
(0.862975 0.0536438 1.14486e-19)
(0.864136 0.0525548 -4.56791e-20)
(0.865217 0.051157 5.09007e-20)
(0.866431 0.0496861 1.67834e-21)
(0.867598 0.0480043 8.61123e-20)
(0.868821 0.0462296 1.43365e-19)
(0.870006 0.0442984 1.32446e-19)
(0.871207 0.0422671 -7.43172e-20)
(0.872379 0.0401054 4.52629e-19)
(0.873551 0.0378366 -1.04815e-20)
(0.874705 0.0354426 3.82119e-19)
(0.875861 0.0329267 5.20233e-19)
(0.877019 0.0302709 1.23125e-18)
(0.884374 0.0551231 -6.08383e-20)
(0.88677 0.055008 -1.60411e-19)
(0.887977 0.054362 -9.40001e-20)
(0.89035 0.0536068 -3.30163e-19)
(0.892299 0.0525334 1.24224e-19)
(0.894812 0.0513621 -2.43892e-20)
(0.897182 0.0499628 1.83753e-20)
(0.89984 0.0484671 -2.36129e-20)
(0.902458 0.0468001 -5.48359e-20)
(0.905229 0.0450371 -2.21997e-19)
(0.907997 0.0431383 -5.4918e-19)
(0.910849 0.0411429 -1.46663e-18)
(0.913711 0.0390294 5.18687e-19)
(0.916624 0.0368146 3.40738e-20)
(0.919552 0.0344834 2.93859e-19)
(0.922515 0.0320373 2.79416e-19)
(0.925498 0.0294594 4.43735e-19)
(0.896056 0.0536781 1.01664e-20)
(0.898889 0.0529211 3.88634e-20)
(0.900525 0.052092 9.56021e-20)
(0.903535 0.0509821 1.84686e-19)
(0.906079 0.049725 -2.24494e-20)
(0.909318 0.0483161 5.25567e-20)
(0.912416 0.046755 3.69815e-20)
(0.91589 0.0450834 1.19387e-19)
(0.919355 0.0432768 1.82703e-19)
(0.923042 0.0413727 3.31559e-19)
(0.926771 0.0393494 7.0379e-19)
(0.930647 0.0372299 1.31754e-18)
(0.934585 0.0349977 -3.47644e-19)
(0.938634 0.0326621 3.23541e-19)
(0.942755 0.0302083 1.30926e-19)
(0.946971 0.0276338 2.97645e-19)
(0.951264 0.0249207 4.77991e-19)
)
;

boundaryField
{
    inlet
    {
        type            uniformFixedValue;
        uniformValue    constant (1 0 0);
        value           nonuniform 0();
    }
    outlet
    {
        type            pressureInletOutletVelocity;
        value           nonuniform List<vector> 6((0.709158 0.0529771 -2.58208e-19) (0.770189 0.0548373 -1.61968e-19) (0.821066 0.0557467 9.82352e-20) (0.859519 0.0557817 3.0437e-21) (0.884374 0.0551231 -6.08383e-20) (0.896056 0.0536781 1.01664e-20));
    }
    polygon
    {
        type            fixedValue;
        value           nonuniform 0();
    }
    top
    {
        type            symmetryPlane;
    }
    bottom
    {
        type            symmetryPlane;
    }
    outside
    {
        type            zeroGradient;
    }
    procBoundary7to6
    {
        type            processor;
        value           nonuniform List<vector> 7((0.559989 0.0221576 -3.34128e-19) (0.646621 0.0248056 -1.1719e-18) (0.731407 0.0267776 -7.61956e-19) (0.810336 0.0278505 -8.10793e-19) (0.878199 0.0274632 2.56888e-18) (0.928514 0.0267373 5.11254e-19) (0.955647 0.0220549 7.78941e-19));
    }
    procBoundary7to15
    {
        type            processor;
        value           nonuniform List<vector> 
18
(
(0.543413 0.0442456 -8.83717e-20)
(0.537519 0.0430918 1.05772e-18)
(0.532206 0.0416192 2.20672e-18)
(0.526572 0.0400483 2.64522e-19)
(0.521111 0.0382966 2.09963e-18)
(0.515581 0.0364433 -1.58548e-18)
(0.510128 0.0344774 -1.28238e-18)
(0.504701 0.0324344 -2.3233e-19)
(0.49935 0.0303195 -4.84907e-19)
(0.494081 0.0281511 2.39451e-18)
(0.488923 0.0259348 4.88314e-18)
(0.483897 0.0236794 1.41399e-18)
(0.479033 0.0213869 5.8097e-18)
(0.64068 0.0502409 -2.436e-19)
(0.632893 0.050379 -4.81425e-19)
(0.63029 0.0495571 -9.91509e-19)
(0.62455 0.0490519 -3.29834e-19)
(0.62455 0.0490519 -3.29834e-19)
)
;
    }
}


// ************************************************************************* //
