/*--------------------------------*- C++ -*----------------------------------*\
  =========                 |
  \\      /  F ield         | OpenFOAM: The Open Source CFD Toolbox
   \\    /   O peration     | Website:  https://openfoam.org
    \\  /    A nd           | Version:  7
     \\/     M anipulation  |
\*---------------------------------------------------------------------------*/
FoamFile
{
    version     2.0;
    format      ascii;
    class       volVectorField;
    location    "64";
    object      U;
}
// * * * * * * * * * * * * * * * * * * * * * * * * * * * * * * * * * * * * * //

dimensions      [0 1 -1 0 0 0 0];

internalField   nonuniform List<vector> 
115
(
(1.36843 0.196067 1.99684e-20)
(1.36855 0.196124 1.86496e-20)
(1.36847 0.196127 3.87245e-20)
(1.36817 0.196068 3.61544e-20)
(1.36762 0.195938 7.43682e-20)
(1.36679 0.195727 5.06434e-20)
(1.36561 0.195421 1.05701e-19)
(1.36406 0.195006 1.29904e-19)
(1.36208 0.194464 1.89887e-19)
(1.3596 0.193772 3.23549e-19)
(1.35656 0.192906 4.91296e-19)
(1.35288 0.191834 5.69622e-19)
(1.3485 0.190519 7.64265e-19)
(1.34332 0.188922 1.07672e-18)
(1.33723 0.186998 1.58002e-18)
(1.33008 0.184701 2.55644e-18)
(1.36839 0.196012 1.57165e-20)
(1.36857 0.196261 1.48066e-20)
(1.36854 0.196481 2.4612e-20)
(1.36828 0.196669 1.27105e-20)
(1.36775 0.196821 4.92496e-20)
(1.36693 0.196932 4.45742e-20)
(1.36578 0.196994 6.764e-20)
(1.36424 0.197001 1.01336e-19)
(1.36226 0.196942 1.2626e-19)
(1.35979 0.196804 3.23957e-19)
(1.35674 0.196568 4.73188e-19)
(1.35306 0.196213 6.4143e-19)
(1.34865 0.195707 6.00242e-19)
(1.34345 0.195014 8.35269e-19)
(1.33732 0.1941 1.49643e-18)
(1.3301 0.192929 2.42301e-18)
(1.36798 0.195727 1.15298e-20)
(1.36831 0.196115 -2.00777e-20)
(1.36838 0.196484 -4.43156e-21)
(1.36819 0.196834 2.91623e-20)
(1.36772 0.197164 3.19253e-20)
(1.36692 0.197475 2.26647e-21)
(1.36577 0.197761 5.80303e-20)
(1.36423 0.19802 9.54324e-20)
(1.36223 0.198244 1.18478e-19)
(1.35973 0.198423 1.55327e-19)
(1.35664 0.198548 2.93775e-19)
(1.3529 0.198598 4.62181e-19)
(1.34841 0.198546 6.24566e-19)
(1.3431 0.198358 8.2742e-19)
(1.33683 0.198008 1.34306e-18)
(1.32944 0.197468 1.69205e-18)
(1.3668 0.195336 7.24561e-21)
(1.3675 0.195926 7.11237e-22)
(1.36786 0.1965 -1.84328e-20)
(1.36788 0.197065 2.03142e-20)
(1.36756 0.197628 2.19964e-20)
(1.36688 0.198192 2.4779e-20)
(1.3658 0.198761 2.01183e-20)
(1.3643 0.199336 1.3828e-19)
(1.36233 0.199917 1.16128e-19)
(1.35984 0.200502 1.96944e-19)
(1.35675 0.201089 7.59313e-20)
(1.35298 0.201667 2.10428e-19)
(1.34846 0.202217 5.22737e-19)
(1.34309 0.20271 5.30206e-19)
(1.33677 0.203132 1.14789e-18)
(1.32929 0.203477 1.85599e-18)
(1.36378 0.194512 3.28039e-20)
(1.3653 0.195384 -1.41324e-20)
(1.36632 0.196232 -8.32996e-21)
(1.36687 0.197069 1.00587e-20)
(1.36696 0.197907 2.76113e-20)
(1.36659 0.198757 3.41365e-20)
(1.36574 0.199628 -1.72955e-20)
(1.3644 0.200529 1.07479e-20)
(1.36255 0.201468 1.0928e-19)
(1.36013 0.202451 2.30233e-20)
(1.35709 0.203483 1.41129e-20)
(1.35335 0.204567 -7.45136e-21)
(1.34882 0.20569 2.25988e-19)
(1.34344 0.20683 2.8747e-19)
(1.33709 0.207977 5.8326e-19)
(1.32958 0.209151 1.25879e-18)
(1.35679 0.192835 3.56623e-20)
(1.35991 0.194135 9.74592e-21)
(1.36229 0.195389 -7.3122e-21)
(1.36398 0.196616 8.92539e-21)
(1.365 0.197832 3.69537e-20)
(1.36537 0.199055 5.91414e-21)
(1.36511 0.200303 -2.82375e-20)
(1.36422 0.201591 1.67426e-20)
(1.3627 0.202937 -6.08292e-20)
(1.36053 0.204356 -1.33119e-21)
(1.35767 0.205867 4.04709e-20)
(1.35406 0.207485 -7.11215e-21)
(1.34961 0.209211 -1.51239e-19)
(1.34428 0.211035 -1.94405e-20)
(1.33798 0.212958 -1.41088e-19)
(1.33053 0.215033 1.42919e-19)
(1.34198 0.189573 1.59876e-20)
(1.34792 0.191504 2.14471e-21)
(1.35282 0.193363 2.54528e-21)
(1.3567 0.195168 8.82945e-21)
(1.3596 0.196936 1.30854e-20)
(1.36156 0.19869 1.36984e-20)
(1.36262 0.200453 3.30344e-20)
(1.36279 0.202247 6.25095e-20)
(1.3621 0.204097 3.39776e-20)
(1.36058 0.20603 2.81473e-20)
(1.35821 0.208076 3.21892e-20)
(1.35495 0.210267 1.70282e-19)
(1.35077 0.212623 2.62939e-19)
(1.34561 0.215148 2.63151e-19)
(1.33947 0.21786 2.58452e-19)
(1.3322 0.220847 3.07845e-19)
(1.31339 0.183685 -2.03606e-20)
(1.32377 0.186485 4.58514e-21)
(1.33279 0.189198 1.73159e-20)
)
;

boundaryField
{
    inlet
    {
        type            uniformFixedValue;
        uniformValue    constant (1 0 0);
        value           nonuniform 0();
    }
    outlet
    {
        type            pressureInletOutletVelocity;
        value           nonuniform 0();
    }
    polygon
    {
        type            fixedValue;
        value           nonuniform 0();
    }
    top
    {
        type            symmetryPlane;
    }
    bottom
    {
        type            symmetryPlane;
    }
    outside
    {
        type            zeroGradient;
    }
    procBoundary58to49
    {
        type            processor;
        value           nonuniform List<vector> 2((1.32152 0.217313 -1.08344e-19) (1.32332 0.224244 2.0449e-19));
    }
    procBoundary58to50
    {
        type            processor;
        value           nonuniform List<vector> 
17
(
(1.34044 0.191834 2.59391e-20)
(1.34674 0.194409 2.07187e-21)
(1.35171 0.196942 2.31759e-21)
(1.35537 0.199454 3.33815e-21)
(1.35777 0.201971 1.73466e-20)
(1.35893 0.20452 1.86893e-20)
(1.35891 0.207135 -7.39203e-21)
(1.35774 0.209857 9.61592e-20)
(1.35542 0.212735 1.53468e-19)
(1.35192 0.215808 1.38957e-19)
(1.34727 0.219101 5.0023e-19)
(1.34153 0.222655 8.10847e-19)
(1.33465 0.226603 1.20735e-18)
(1.26319 0.173959 -8.14206e-21)
(1.27967 0.17781 -1.84759e-22)
(1.34044 0.191834 2.59391e-20)
(1.29462 0.1816 1.11882e-20)
)
;
    }
    procBoundary58to51
    {
        type            processor;
        value           nonuniform List<vector> 2((1.33496 0.187554 1.94393e-20) (1.30167 0.18079 -3.5242e-20));
    }
    procBoundary58to57
    {
        type            processor;
        value           nonuniform List<vector> 5((1.32177 0.181972 3.5171e-18) (1.32169 0.191421 3.11018e-18) (1.32072 0.196651 2.01888e-18) (1.32039 0.203696 2.53263e-18) (1.32056 0.210344 2.18019e-18));
    }
    procBoundary58to59
    {
        type            processor;
        value           nonuniform List<vector> 6((1.36815 0.195964 9.48015e-21) (1.36802 0.195735 -2.19255e-20) (1.36741 0.195316 -3.58774e-21) (1.36575 0.194724 -1.25091e-21) (1.36175 0.193603 1.40173e-21) (1.35291 0.191476 3.36999e-21));
    }
}


// ************************************************************************* //
