/*--------------------------------*- C++ -*----------------------------------*\
  =========                 |
  \\      /  F ield         | OpenFOAM: The Open Source CFD Toolbox
   \\    /   O peration     | Website:  https://openfoam.org
    \\  /    A nd           | Version:  7
     \\/     M anipulation  |
\*---------------------------------------------------------------------------*/
FoamFile
{
    version     2.0;
    format      ascii;
    class       volVectorField;
    location    "50";
    object      U;
}
// * * * * * * * * * * * * * * * * * * * * * * * * * * * * * * * * * * * * * //

dimensions      [0 1 -1 0 0 0 0];

internalField   nonuniform List<vector> 
175
(
(-0.416915 -0.0355408 -1.17104e-17)
(-0.408995 -0.0393195 -6.74535e-18)
(-0.400114 -0.0426699 -8.64223e-18)
(-0.390386 -0.0455684 -1.20732e-17)
(-0.379927 -0.0479942 -2.83358e-18)
(-0.368863 -0.0499305 -1.02694e-17)
(-0.357321 -0.0513655 -1.41277e-17)
(-0.345431 -0.0522934 -5.24845e-18)
(-0.333323 -0.0527155 -8.96789e-18)
(-0.321127 -0.0526404 1.71621e-18)
(-0.361818 0.0107138 -5.18634e-17)
(-0.365265 0.00304063 -7.36521e-17)
(-0.367225 -0.00427655 -1.4898e-17)
(-0.367735 -0.0112331 -6.95635e-17)
(-0.366859 -0.0178219 -1.71005e-17)
(-0.36468 -0.0240363 -6.33211e-17)
(-0.361276 -0.0298591 -7.62586e-17)
(-0.356729 -0.0352673 -1.82722e-17)
(-0.351125 -0.0402332 -5.78277e-17)
(-0.344556 -0.0447267 -1.38007e-17)
(-0.337125 -0.0487179 -4.96741e-17)
(-0.328935 -0.0521791 -6.24588e-17)
(-0.320098 -0.0550853 -1.43062e-17)
(-0.310728 -0.0574166 -4.62836e-17)
(-0.300942 -0.0591589 -5.6887e-17)
(-0.290859 -0.0603051 -1.27879e-17)
(-0.280598 -0.0608563 -4.42182e-17)
(-0.270275 -0.0608226 -9.05811e-18)
(-0.285155 0.0137104 7.19381e-18)
(-0.288758 0.00499062 -7.22191e-18)
(-0.291011 -0.00329894 -2.81532e-18)
(-0.291977 -0.0111785 -1.31079e-17)
(-0.291706 -0.0186545 -5.60778e-18)
(-0.290269 -0.0257139 -1.19885e-17)
(-0.28774 -0.0323317 -1.85635e-17)
(-0.284196 -0.0384772 -7.61979e-18)
(-0.279723 -0.0441172 -1.44306e-17)
(-0.274411 -0.0492176 -5.04261e-18)
(-0.268354 -0.0537451 -1.16525e-17)
(-0.261651 -0.0576683 -1.68844e-17)
(-0.254405 -0.0609599 -7.22026e-18)
(-0.246722 -0.0635979 -1.0959e-17)
(-0.238707 -0.0655669 -1.53417e-17)
(-0.230468 -0.0668598 -5.7391e-18)
(-0.222111 -0.0674785 -1.12894e-17)
(-0.21374 -0.0674348 -4.90171e-18)
(-0.205877 0.0167505 6.60938e-17)
(-0.209447 0.00712917 1.30202e-17)
(-0.211822 -0.00204676 1.87317e-18)
(-0.21306 -0.0107804 -3.58075e-18)
(-0.21321 -0.0190609 -1.59934e-18)
(-0.212343 -0.0268713 -4.26658e-18)
(-0.210531 -0.0341844 -5.27796e-18)
(-0.207853 -0.0409671 -3.26473e-18)
(-0.204389 -0.0471831 -4.56412e-18)
(-0.200228 -0.0527954 -8.12347e-19)
(-0.195459 -0.0577677 -3.70677e-18)
(-0.190175 -0.0620667 -4.24576e-18)
(-0.184471 -0.0656633 -2.61968e-18)
(-0.178444 -0.0685345 -2.95377e-18)
(-0.172189 -0.0706652 -4.23513e-18)
(-0.165801 -0.0720486 -1.66052e-18)
(-0.159374 -0.0726883 -2.66618e-18)
(-0.152995 -0.0725986 -1.92502e-18)
(-0.125208 0.0196379 2.1298e-17)
(-0.128585 0.00920467 6.52629e-18)
(-0.130919 -0.000749978 -6.75328e-19)
(-0.132274 -0.0102099 -1.12575e-17)
(-0.132698 -0.0191759 -4.52165e-18)
(-0.132264 -0.0276246 -1.2888e-17)
(-0.131043 -0.0355237 -4.56079e-18)
(-0.129115 -0.0428362 -3.04259e-18)
(-0.126558 -0.0495231 -8.197e-19)
(-0.123458 -0.0555447 -1.15191e-19)
(-0.119902 -0.0608631 -1.16036e-18)
(-0.115976 -0.0654437 -1.09254e-18)
(-0.111768 -0.0692572 1.075e-19)
(-0.107366 -0.0722809 -4.25315e-19)
(-0.102853 -0.0745005 -1.03838e-18)
(-0.0983125 -0.0759112 -2.19491e-19)
(-0.0938215 -0.0765191 -6.90316e-19)
(-0.0894528 -0.076342 -5.59587e-19)
(-0.0440706 0.0222836 3.10909e-18)
(-0.0471457 0.0111531 1.00477e-18)
(-0.049327 0.000539022 -8.35295e-18)
(-0.0506862 -0.00954273 -6.37387e-17)
(-0.0512847 -0.0190844 -1.4297e-17)
(-0.0511878 -0.0280581 -6.35684e-17)
(-0.0504705 -0.0364285 -8.80454e-18)
(-0.0492112 -0.044156 -2.34396e-18)
(-0.0474906 -0.0511996 -5.73664e-19)
(-0.0453913 -0.0575183 -4.41369e-19)
(-0.0429959 -0.0630739 7.06754e-19)
(-0.0403861 -0.0678319 -2.91117e-19)
(-0.0376417 -0.0717641 -5.63594e-19)
(-0.0348392 -0.0748495 1.70509e-19)
(-0.0320513 -0.0770761 -1.26803e-19)
(-0.0293449 -0.0784424 -5.70466e-19)
(-0.0267807 -0.0789584 -8.99161e-20)
(-0.0244117 -0.0786469 1.65984e-19)
(0.0367552 0.0246281 -2.88566e-18)
(0.0340456 0.0129101 -4.81594e-18)
(0.0320711 0.00175229 -1.92294e-17)
(0.0307602 -0.00884017 -2.77102e-17)
(0.0300452 -0.0188411 -1.98997e-17)
(0.029857 -0.0282214 -2.32877e-17)
(0.0301185 -0.0369434 -3.46762e-18)
(0.0307505 -0.0449657 -8.02544e-19)
(0.0316722 -0.0522464 6.67233e-20)
(0.0328033 -0.0587446 7.45227e-19)
(0.0340657 -0.064423 -4.36066e-19)
(0.0353842 -0.069249 3.17176e-19)
(0.0366886 -0.0731971 -2.03035e-19)
(0.0379146 -0.0762498 -1.46019e-19)
(0.039005 -0.0783994 3.14125e-20)
(0.0399111 -0.0796496 9.17696e-20)
(0.0405943 -0.0800167 4.30439e-19)
(0.0410272 -0.0795305 1.03925e-19)
(0.116585 0.0266483 -1.69046e-18)
(0.114246 0.0144501 -1.35507e-17)
(0.112486 0.00285527 -7.55484e-17)
(0.111231 -0.00812768 -7.76518e-17)
(0.110409 -0.0184688 -7.56122e-17)
(0.109946 -0.0281347 -6.29638e-17)
(0.109762 -0.0370859 -2.56922e-18)
(0.109777 -0.0452802 8.8018e-19)
(0.109911 -0.0526761 7.78696e-19)
(0.110088 -0.0592345 -4.69441e-19)
(0.110234 -0.0649208 5.43154e-19)
(0.110286 -0.0697064 1.34674e-18)
(0.110184 -0.0735707 2.65822e-19)
(0.109882 -0.0765019 -2.7395e-19)
(0.109342 -0.0784995 -4.98499e-19)
(0.108542 -0.0795748 -2.47799e-19)
(0.10747 -0.0797533 5.5811e-19)
(0.106135 -0.0790751 5.93224e-19)
(0.194856 0.0283614 -4.87122e-18)
(0.192843 0.0157882 -9.56279e-18)
(0.191257 0.00386584 -2.69407e-17)
(0.190025 -0.00739346 -2.07676e-17)
(0.189068 -0.0179574 -2.53895e-17)
(0.188309 -0.0277896 -1.24356e-17)
(0.187667 -0.0368495 -1.2353e-18)
(0.187061 -0.0450957 1.24572e-18)
(0.186414 -0.0524889 3.85163e-19)
(0.185656 -0.0589939 1.76298e-19)
(0.184723 -0.0645812 -1.43407e-18)
(0.183566 -0.0692289 2.88961e-19)
(0.182143 -0.0729239 -6.01714e-19)
(0.180432 -0.0756637 -2.96431e-19)
(0.178424 -0.0774576 2.63586e-19)
(0.176127 -0.0783285 5.6319e-19)
(0.173569 -0.0783144 -3.95189e-19)
(0.170801 -0.0774689 5.73694e-19)
(0.271208 0.0298217 -7.56307e-18)
(0.269437 0.0169741 -1.81278e-17)
(0.267955 0.00482843 -6.22621e-17)
(0.266685 -0.00659928 -1.41519e-17)
(0.265549 -0.0172764 -5.87074e-17)
(0.264467 -0.0271641 1.56593e-18)
(0.263356 -0.0362222 -1.5084e-18)
(0.26214 -0.0444116 7.82639e-19)
(0.260748 -0.0516978 -1.06678e-18)
(0.259121 -0.058052 1.4733e-18)
(0.257211 -0.0634534 -9.04689e-19)
(0.254987 -0.0678898 -1.09476e-19)
(0.252437 -0.0713597 -4.05559e-19)
(0.249566 -0.073873 -5.29957e-19)
(0.246403 -0.075453 5.59197e-19)
(0.242996 -0.0761375 -2.20699e-20)
(0.239417 -0.0759794 7.79335e-21)
(0.23576 -0.0750481 1.56677e-20)
(0.345603 0.0311053 -2.13611e-18)
(0.343978 0.0180752 -6.92439e-18)
(0.342521 0.00579945 -9.89052e-18)
)
;

boundaryField
{
    inlet
    {
        type            uniformFixedValue;
        uniformValue    constant (1 0 0);
        value           nonuniform 0();
    }
    outlet
    {
        type            pressureInletOutletVelocity;
        value           nonuniform 0();
    }
    polygon
    {
        type            fixedValue;
        value           nonuniform 0();
    }
    top
    {
        type            symmetryPlane;
    }
    bottom
    {
        type            symmetryPlane;
    }
    outside
    {
        type            zeroGradient;
    }
    procBoundary14to6
    {
        type            processor;
        value           nonuniform List<vector> 
19
(
(0.341157 -0.00570299 -3.34435e-18)
(0.339811 -0.0163994 -1.16248e-17)
(0.338404 -0.0262491 1.39803e-18)
(0.336857 -0.0352139 -3.21115e-18)
(0.335102 -0.0432597 -1.66358e-18)
(0.333079 -0.05036 -7.18101e-19)
(0.330745 -0.0564962 -1.73723e-18)
(0.328076 -0.0616595 -6.57875e-19)
(0.325067 -0.0658517 -7.34402e-19)
(0.321737 -0.0690862 -2.76842e-19)
(0.318131 -0.0713893 -1.81856e-19)
(0.314315 -0.0728008 -1.20116e-19)
(0.31038 -0.0733752 9.87899e-20)
(0.306439 -0.0731815 -7.2893e-19)
(0.302625 -0.0723037 -1.37885e-18)
(0.418404 0.0322842 2.04323e-18)
(0.416858 0.0191512 -8.87715e-18)
(0.341157 -0.00570299 -3.34435e-18)
(0.415384 0.00682129 6.41772e-18)
)
;
    }
    procBoundary14to7
    {
        type            processor;
        value           nonuniform List<vector> 2((0.273338 0.043368 5.42892e-17) (0.347466 0.0448844 9.49731e-18));
    }
    procBoundary14to13
    {
        type            processor;
        value           nonuniform List<vector> 10((-0.30897 -0.052085 -5.75671e-18) (-0.260006 -0.0602229 -3.66782e-17) (-0.205454 -0.0667507 -9.33606e-18) (-0.14675 -0.0718053 -2.83207e-18) (-0.0852726 -0.07541 -6.57164e-19) (-0.0222813 -0.077544 4.35206e-20) (0.041196 -0.0782356 -4.81525e-19) (0.104559 -0.0775963 2.3246e-19) (0.167889 -0.0758622 1.91805e-19) (0.232139 -0.0734285 -9.89688e-20));
    }
    procBoundary14to15
    {
        type            processor;
        value           nonuniform List<vector> 8((-0.356832 0.0187851 9.45883e-18) (-0.280147 0.0228588 1.06527e-17) (-0.20106 0.0268399 2.91581e-17) (-0.120739 0.0305684 7.29352e-17) (-0.0400605 0.0339444 4.68834e-18) (0.0402487 0.0369123 -5.81075e-17) (0.11956 0.0394522 -5.61533e-18) (0.197362 0.0415847 1.00269e-17));
    }
    procBoundary14to22
    {
        type            processor;
        value           nonuniform List<vector> 
19
(
(-0.451774 -0.0322374 -1.06758e-17)
(-0.443015 -0.03562 -7.56097e-18)
(-0.433251 -0.0386207 -6.62491e-18)
(-0.4226 -0.0412183 -1.03924e-17)
(-0.411184 -0.0433937 3.11669e-18)
(-0.399134 -0.0451316 -1.69824e-17)
(-0.386583 -0.046421 -1.69016e-17)
(-0.373667 -0.0472566 -4.61937e-18)
(-0.360523 -0.0476392 -8.79767e-18)
(-0.347287 -0.0475763 1.47614e-17)
(-0.434301 0.00754675 -5.84572e-17)
(-0.437347 0.00100698 -3.06437e-17)
(-0.438747 -0.00517065 2.11486e-19)
(-0.438597 -0.0110544 -6.11535e-17)
(-0.43695 -0.0166286 -1.51988e-17)
(-0.433874 -0.0218816 -6.23351e-17)
(-0.429451 -0.0267978 -2.90655e-17)
(-0.423767 -0.0313586 -7.12601e-18)
(-0.423767 -0.0313586 -7.12601e-18)
)
;
    }
}


// ************************************************************************* //
