/*--------------------------------*- C++ -*----------------------------------*\
  =========                 |
  \\      /  F ield         | OpenFOAM: The Open Source CFD Toolbox
   \\    /   O peration     | Website:  https://openfoam.org
    \\  /    A nd           | Version:  7
     \\/     M anipulation  |
\*---------------------------------------------------------------------------*/
FoamFile
{
    version     2.0;
    format      ascii;
    class       surfaceScalarField;
    location    "30";
    object      phi;
}
// * * * * * * * * * * * * * * * * * * * * * * * * * * * * * * * * * * * * * //

dimensions      [0 3 -1 0 0 0 0];

internalField   nonuniform List<scalar> 
465
(
0.0038958
-0.00904783
0.00355833
-0.00908218
0.00319436
-0.00909994
0.00280388
-0.00909781
0.00238743
-0.00907295
0.00194629
-0.00902398
0.00148273
-0.00895342
0.00100025
-0.00887102
0.000503848
-0.00879538
-0.00874938
0.00375928
-0.00873648
0.00342495
-0.00874785
0.00306737
-0.00874236
0.00268667
-0.00871711
0.00228341
-0.00866969
0.00185872
-0.00859929
0.00141446
-0.00850916
0.000953517
-0.00841008
0.000480126
-0.00832199
-0.00826926
0.00377755
-0.00842162
0.00343984
-0.00841013
0.00307905
-0.00838158
0.00269537
-0.00833343
0.00228944
-0.00826376
0.0018625
-0.00817235
0.00141653
-0.00806319
0.000954451
-0.007948
0.000480439
-0.00784797
-0.00778882
0.00379067
-0.00810268
0.00345011
-0.00806958
0.00308751
-0.00801898
0.00270279
-0.00794871
0.0022963
-0.00785727
0.00186892
-0.00774497
0.00142224
-0.00761651
0.000958876
-0.00748464
0.000482888
-0.00737199
-0.00730593
0.00383816
-0.00777692
0.0034907
-0.00772212
0.00312131
-0.00764958
0.00273006
-0.00755746
0.00231748
-0.00744469
0.00188462
-0.0073121
0.00143315
-0.00716504
0.000965678
-0.00701717
0.000486137
-0.00689245
-0.00681979
0.00394782
-0.00744444
0.00359331
-0.00736761
0.00321615
-0.00727242
0.00281609
-0.0071574
0.00239332
-0.00702192
0.00194861
-0.00686739
0.00148348
-0.00669991
0.00100055
-0.00653423
0.000504016
-0.00639592
-0.00631577
0.00403621
-0.0071029
0.00367193
-0.00700332
0.00328451
-0.006885
0.00287396
-0.00674685
0.00244072
-0.00658868
0.00198579
-0.00641247
0.00151085
-0.00622496
0.00101852
-0.0060419
0.000512918
-0.00589032
-0.00580286
0.00421304
-0.0067533
0.00383891
-0.00662919
0.00343949
-0.00648558
0.00301444
-0.0063218
0.00256399
-0.00613824
0.00208906
-0.00593754
0.00159139
-0.00572729
0.00107386
-0.00552438
0.000541134
-0.00535759
-0.00526172
0.00435338
-0.0063936
0.0039673
-0.00624311
0.00355426
-0.00607253
0.00311423
-0.00588177
0.00264785
-0.00567185
0.0021564
-0.00544609
0.00164197
-0.00521285
0.00110761
-0.00499002
0.000558016
-0.004808
-0.00470371
0.0045863
-0.00602584
0.00418864
-0.00584545
0.00376021
-0.00564411
0.00330085
-0.0054224
0.00281115
-0.00518216
0.00229263
-0.00492757
0.0017477
-0.00466792
0.00117995
-0.00442227
0.000594788
-0.00422283
-0.00410892
0.00478874
-0.00564808
0.00437744
-0.00543414
0.00393189
-0.00519856
0.00345234
-0.00494285
0.00294004
-0.00466985
0.00239717
-0.00438471
0.00182681
-0.00409756
0.00123299
-0.00382845
0.000621402
-0.00361124
-0.00348752
0.00507727
-0.00526346
0.00465329
-0.00501017
0.00418919
-0.00473446
0.00368535
-0.00443901
0.0031434
-0.00412791
0.00256615
-0.00380746
0.00195739
-0.0034888
0.00132199
-0.00319305
0.000666514
-0.00295577
-0.002821
0.00534907
-0.00486969
0.00490972
-0.00457081
0.00442439
-0.00424913
0.00389421
-0.00390884
0.00332184
-0.00355553
0.00271121
-0.00319684
0.00206724
-0.00284482
0.00139562
-0.00252143
0.000703432
-0.00226358
-0.00211757
0.00569267
-0.00447018
0.00523924
-0.00411738
0.00473171
-0.0037416
0.00417178
-0.00334891
0.00356302
-0.00294677
0.00291052
-0.00254434
0.00222039
-0.0021547
0.00149948
-0.00180052
0.000755902
-0.00152
-0.00136167
0.00602846
-0.00406224
0.00555736
-0.00364628
0.00502384
-0.00320807
0.00443094
-0.00275602
0.00378384
-0.00229967
0.00308936
-0.00184985
0.0023552
-0.00142053
0.00158944
-0.00103476
0.000800871
-0.000731434
-0.000560798
0.00640855
-0.00364798
0.00592029
-0.00315803
0.0053598
-0.00264758
0.0047315
-0.00212772
0.00404223
-0.0016104
0.00330055
-0.00110817
0.00251579
-0.00063578
0.00169724
-0.000216208
0.000854817
0.000110994
0.000294019
0.00676276
-0.00322422
0.00625401
-0.00264928
0.00566378
-0.00205734
0.00499851
-0.00146246
0.00426714
-0.00087902
0.00348024
-0.000321273
0.00264928
0.000195186
0.00178547
0.000647602
0.000898863
0.000997598
0.00119288
0.00709081
-0.00279043
0.00656233
-0.00212079
0.00594438
-0.00143939
0.00524507
-0.000763148
0.00447508
-0.000109033
0.00364732
0.000506491
0.00277451
0.00106799
0.00186837
0.00155374
0.000939909
0.00192606
0.00213279
0.00730014
-0.00234603
0.00675577
-0.00157642
0.00611789
-0.000801514
0.00539602
-4.1283e-05
0.00460077
0.000686223
0.00374599
0.00136126
0.00284613
0.00196786
0.00191442
0.00248545
0.000962286
0.00287819
0.00309508
0.00731981
-0.00189845
0.00677416
-0.00103076
0.00613633
-0.000163683
0.00541198
0.000683067
0.00461356
0.00148464
0.00375479
0.00222003
0.00285087
0.00287178
0.00191611
0.00342021
0.000962512
0.00383179
0.00405759
0.00705501
-0.00146585
0.00653346
-0.000509209
0.00592419
0.000445582
0.00523235
0.00137491
0.00446619
0.00225081
0.00363803
0.00304819
0.00276317
0.00374664
0.00185701
0.00432638
0.000932589
0.00475621
0.00499018
0.00648841
-0.00107269
0.00601955
-4.03476e-05
0.00547172
0.000993416
0.00484687
0.00199976
0.00414888
0.00294879
0.00338739
0.00380968
0.00257678
0.00455725
0.00173308
0.00517008
0.000870573
0.00561872
0.00586075
0.00570102
-0.000738076
0.00529986
0.00036082
0.00483189
0.00146139
0.00429461
0.00253704
0.00368883
0.00355457
0.00302092
0.00447759
0.00230317
0.005275
0.00155112
0.00592212
0.000779629
0.00639021
0.00664038
0.00482634
-0.000464464
0.00449359
0.000693577
0.00410263
0.00185234
0.00365282
0.00298685
0.00314416
0.00406322
0.00258039
0.00504136
0.00197074
0.00588465
0.00132869
0.00656417
0.000668151
0.00705075
0.00730853
0.00394235
0.00366964
0.00334674
0.00297657
0.00256063
0.00210141
0.0016052
0.00108229
0.000544182
)
;

boundaryField
{
    inlet
    {
        type            calculated;
        value           nonuniform 0();
    }
    outlet
    {
        type            calculated;
        value           nonuniform List<scalar> 10(0.00935924 0.00941965 0.0094639 0.00948829 0.0094894 0.00946512 0.00941698 0.0093535 0.00929178 0.00925323);
    }
    polygon
    {
        type            calculated;
        value           nonuniform 0();
    }
    top
    {
        type            symmetryPlane;
        value           uniform 0;
    }
    bottom
    {
        type            symmetryPlane;
        value           uniform 0;
    }
    outside
    {
        type            calculated;
        value           nonuniform 0();
    }
    procBoundary7to3
    {
        type            processor;
        value           nonuniform List<scalar> 
25
(
-0.00420722
-0.00407063
-0.00409241
-0.0041096
-0.00416392
-0.0042803
-0.00437776
-0.00456265
-0.00471308
-0.00495406
-0.0051665
-0.00546189
-0.00574284
-0.00609218
-0.00643641
-0.0068228
-0.00718652
-0.0075246
-0.00774455
-0.0077674
-0.00748761
-0.00688158
-0.00603564
-0.00509996
-0.00416016
)
;
    }
    procBoundary7to6
    {
        type            processor;
        value           nonuniform List<scalar> 10(-0.000246649 0.00096629 0.00217524 0.00335702 0.00447917 0.00550058 0.00638087 0.00708708 0.00758886 0.00785271);
    }
    procBoundary7to11
    {
        type            processor;
        value           nonuniform List<scalar> 
25
(
-5.50249e-12
-5.11597e-12
-5.11157e-12
-4.79133e-12
-4.66814e-12
-4.49033e-12
-4.19642e-12
-4.04792e-12
-3.70411e-12
-3.56132e-12
-3.17568e-12
-2.95587e-12
-2.55719e-12
-2.20805e-12
-1.7516e-12
-1.26508e-12
-6.7846e-13
-5.94573e-14
6.45346e-13
1.379e-12
2.0811e-12
2.68493e-12
3.06511e-12
3.15957e-12
3.03581e-12
)
;
    }
}


// ************************************************************************* //
