/*--------------------------------*- C++ -*----------------------------------*\
  =========                 |
  \\      /  F ield         | OpenFOAM: The Open Source CFD Toolbox
   \\    /   O peration     | Website:  https://openfoam.org
    \\  /    A nd           | Version:  7
     \\/     M anipulation  |
\*---------------------------------------------------------------------------*/
FoamFile
{
    version     2.0;
    format      ascii;
    class       surfaceScalarField;
    location    "30";
    object      phi;
}
// * * * * * * * * * * * * * * * * * * * * * * * * * * * * * * * * * * * * * //

dimensions      [0 3 -1 0 0 0 0];

internalField   nonuniform List<scalar> 
322
(
-0.00540503
0.00444863
-0.00534533
0.00456973
-0.00527522
0.00462314
-0.00519812
0.00473336
-0.00511617
0.00481125
-0.00503215
0.00490962
-0.00494798
0.00499093
-0.00486615
0.00507455
-0.00478898
0.00514411
-0.00471919
0.00520506
-0.00465975
0.00524936
-0.00461433
0.00527729
-0.00458738
0.00528442
-0.00458433
0.00527003
-0.00461304
0.00523235
-0.0046731
0.00517594
0.00509426
-0.00541679
0.00440328
-0.00535219
0.00450513
-0.00528024
0.00455119
-0.00520061
0.00465373
-0.00511668
0.00472731
-0.00503052
0.00482347
-0.00494438
0.00490479
-0.00486054
0.00499071
-0.00478144
0.00506501
-0.0047098
0.00513342
-0.0046487
0.00518826
-0.00460171
0.0052303
-0.00457309
0.00525579
-0.00456746
0.00526441
-0.00459014
0.00525502
-0.00464212
0.00522792
0.00517676
-0.00544111
0.00434656
-0.00536894
0.00443296
-0.00529196
0.00447421
-0.00520757
0.00456934
-0.00511934
0.00463909
-0.005029
0.00473313
-0.00493863
0.00481442
-0.0048505
0.00490259
-0.00476698
0.00498148
-0.00469079
0.00505723
-0.004625
0.00512247
-0.00457312
0.00517843
-0.00453915
0.00522182
-0.00452727
0.00525253
-0.00454105
0.0052688
-0.00458248
0.00526934
0.00524803
-0.00547279
0.0042789
-0.00539206
0.00435223
-0.00530808
0.00439023
-0.005217
0.00447826
-0.00512278
0.00454486
-0.0050264
0.00463676
-0.00492998
0.004718
-0.00483563
0.00480824
-0.00474559
0.00489145
-0.00466254
0.00497418
-0.00458945
0.00504938
-0.00452972
0.0051187
-0.00448706
0.00517915
-0.00446521
0.00523068
-0.00446737
0.00527096
-0.00449564
0.00529762
0.00530504
-0.00550922
0.00420052
-0.00541961
0.00426262
-0.00532709
0.0042977
-0.00522793
0.00437911
-0.00512613
0.00444306
-0.00502209
0.00453272
-0.00491796
0.00461386
-0.00481562
0.0047059
-0.00471722
0.00479305
-0.00462532
0.00488227
-0.00454272
0.00496678
-0.00447262
0.00504859
-0.00441835
0.00512489
-0.00438325
0.00519558
-0.00437028
0.00525798
-0.00438174
0.00530908
0.00534373
-0.00554977
0.00411107
-0.00545038
0.00416323
-0.00534808
0.0041954
-0.00523964
0.00427067
-0.00512878
0.0043322
-0.00501557
0.00441951
-0.00490216
0.00450045
-0.00479017
0.00459391
-0.00468164
0.00468452
-0.00457896
0.00477959
-0.00448471
0.00487253
-0.0044018
0.00496569
-0.00433319
0.00505628
-0.00428177
0.00514416
-0.0042502
0.00522641
-0.00424095
0.00529982
0.00535966
-0.00559379
0.00401
-0.00548353
0.00405297
-0.00537037
0.00408224
-0.00525152
0.00415182
-0.00513026
0.00421094
-0.00500653
0.00429577
-0.00488238
0.0043763
-0.00475917
0.0044707
-0.00463883
0.00456419
-0.00452351
0.00466426
-0.00441552
0.00476455
-0.00431745
0.00486761
-0.00423183
0.00497066
-0.00416116
0.00507349
-0.00410778
0.00517304
-0.00407412
0.00526615
0.00534846
-0.0056404
0.00389666
-0.0055183
0.00393088
-0.00539332
0.00395726
-0.005263
0.00402149
-0.00513015
0.00407809
-0.00499469
0.00416031
-0.00485847
0.00424009
-0.00472264
0.00433487
-0.00458896
0.0044305
-0.00445927
0.00453458
-0.00433561
0.00464089
-0.00422017
0.00475217
-0.00411508
0.00486557
-0.00402243
0.00498084
-0.00394427
0.00509488
-0.00388278
0.00520467
0.00530605
-0.00568876
0.00377036
-0.00555397
0.00379609
-0.00541632
0.00381961
-0.00527356
0.00387873
-0.00512808
0.00393261
-0.00497983
0.00401206
-0.00483038
0.00409064
-0.00468069
0.00418518
-0.00453228
0.00428209
-0.00438669
0.00438899
-0.00424564
0.00449983
-0.00411088
0.00461742
-0.00398415
0.00473884
-0.00386713
0.00486382
-0.00376153
0.00498928
-0.00366918
0.00511232
0.00522888
-0.00573811
0.00363031
-0.00558984
0.00364781
-0.00543876
0.00366854
-0.00528272
0.00372269
-0.00512374
0.00377363
-0.00496179
-0.00479811
-0.00463349
-0.00446917
-0.00430637
-0.00414644
-0.00399073
-0.00384054
-0.00369717
-0.00356194
-0.00343627
-0.00578771
-0.00562526
-0.00546009
-0.00529005
)
;

boundaryField
{
    inlet
    {
        type            calculated;
        value           nonuniform 0();
    }
    outlet
    {
        type            calculated;
        value           nonuniform List<scalar> 
11
(
0.00544206
0.00546213
0.00549784
0.00554045
0.0055876
0.00563922
0.00569486
0.00575373
0.00581507
0.00587817
0.00594227
)
;
    }
    polygon
    {
        type            calculated;
        value           nonuniform 0();
    }
    top
    {
        type            symmetryPlane;
        value           uniform 0;
    }
    bottom
    {
        type            symmetryPlane;
        value           uniform 0;
    }
    outside
    {
        type            calculated;
        value           nonuniform List<scalar> 
17
(
-0.00448566
-0.00462943
-0.00469326
-0.00481045
-0.0048932
-0.00499365
-0.00507511
-0.00515637
-0.00522128
-0.00527485
-0.0053088
-0.00532271
-0.00531137
-0.00527308
-0.00520364
-0.00511587
-0.00500335
)
;
    }
    procBoundary63to55
    {
        type            processor;
        value           nonuniform List<scalar> 
18
(
0.0038501
0.00392697
0.00402056
0.00411777
0.00422619
0.00433989
0.00446171
0.00458865
0.00472045
0.00485404
0.00498665
0.00511415
0.00347574
0.00348536
0.00350337
0.00355266
-0.00511686
0.00360044
)
;
    }
    procBoundary63to62
    {
        type            processor;
        value           nonuniform List<scalar> 10(-0.00476401 -0.00472462 -0.00465375 -0.00455265 -0.00442043 -0.00425688 -0.00406291 -0.00384037 -0.00359201 -0.00332154);
    }
}


// ************************************************************************* //
