/*--------------------------------*- C++ -*----------------------------------*\
  =========                 |
  \\      /  F ield         | OpenFOAM: The Open Source CFD Toolbox
   \\    /   O peration     | Website:  https://openfoam.org
    \\  /    A nd           | Version:  7
     \\/     M anipulation  |
\*---------------------------------------------------------------------------*/
FoamFile
{
    version     2.0;
    format      ascii;
    class       volVectorField;
    location    "76";
    object      U;
}
// * * * * * * * * * * * * * * * * * * * * * * * * * * * * * * * * * * * * * //

dimensions      [0 1 -1 0 0 0 0];

internalField   nonuniform List<vector> 
250
(
(1.21088 -0.191149 3.38976e-18)
(1.2035 -0.21367 1.99476e-17)
(1.19402 -0.222196 6.16321e-18)
(1.18388 -0.239793 -2.04238e-18)
(1.17385 -0.253151 -1.06489e-17)
(1.16248 -0.27024 -2.40414e-17)
(1.15109 -0.286527 -8.51778e-18)
(1.13788 -0.305413 -1.32625e-17)
(1.12369 -0.325423 -6.59157e-18)
(1.10684 -0.347419 -8.82173e-18)
(1.08758 -0.372288 -1.1875e-17)
(1.20326 -0.185732 2.90799e-18)
(1.19521 -0.208795 1.33611e-17)
(1.18541 -0.217392 7.54595e-18)
(1.17441 -0.235364 -3.47095e-18)
(1.16373 -0.248828 -3.29041e-18)
(1.1512 -0.266082 -8.32326e-18)
(1.13863 -0.282464 9.45472e-18)
(1.1238 -0.301342 -1.647e-17)
(1.10768 -0.32116 -9.0057e-18)
(1.08837 -0.342838 5.75066e-18)
(1.1957 -0.180289 3.12913e-18)
(1.18695 -0.203811 2.16608e-17)
(1.17687 -0.212462 9.3325e-18)
(1.16495 -0.230727 -3.79053e-18)
(1.15362 -0.244241 -8.25262e-18)
(1.13993 -0.261543 -1.99554e-17)
(1.12622 -0.277918 -1.37949e-17)
(1.10983 -0.296598 2.77566e-19)
(1.0919 -0.315998 -9.66748e-18)
(1.07028 -0.337019 -2.32094e-17)
(1.18809 -0.174794 1.70967e-18)
(1.17862 -0.198669 2.42516e-17)
(1.16828 -0.207324 1.05156e-17)
(1.15535 -0.225763 -5.24912e-18)
(1.14337 -0.239248 -7.67475e-18)
(1.12842 -0.256443 -2.08401e-17)
(1.11353 -0.272681 -4.75191e-18)
(1.09552 -0.290929 -4.51173e-18)
(1.07576 -0.30967 -1.44618e-17)
(1.05195 -0.329652 -1.72323e-17)
(1.18039 -0.169292 1.32466e-17)
(1.17034 -0.193397 4.53589e-17)
(1.15969 -0.201991 -2.51968e-18)
(1.14592 -0.22049 1.09185e-17)
(1.13323 -0.23387 -9.39761e-18)
(1.11713 -0.250812 -2.7653e-17)
(1.10103 -0.266792 -9.2194e-18)
(1.08138 -0.284393 -2.61708e-17)
(1.05961 -0.302283 -4.51115e-17)
(1.03328 -0.32097 2.94977e-18)
(1.15538 -0.151645 -4.52531e-18)
(1.14426 -0.176008 1.46425e-17)
(1.13251 -0.184311 6.02411e-18)
(1.11808 -0.202686 2.4473e-18)
(1.10366 -0.215451 -1.70454e-17)
(1.0868 -0.231198 -4.69632e-17)
(1.06903 -0.245819 -4.53279e-18)
(1.0485 -0.26051 -1.50686e-17)
(1.02559 -0.274627 -5.25714e-17)
(1.12153 -0.117274 -8.23001e-19)
(1.11227 -0.136089 -4.45443e-18)
(1.10175 -0.141613 5.70879e-18)
(1.08944 -0.154439 3.90803e-17)
(1.07614 -0.162727 -4.83965e-18)
(1.0617 -0.172554 -1.48162e-17)
(1.04587 -0.181223 -1.55708e-17)
(1.02884 -0.189521 -1.79612e-17)
(1.01036 -0.197192 -1.95615e-17)
(0.990603 -0.204042 -7.52077e-18)
(1.09177 -0.0959091 -3.64357e-18)
(1.0833 -0.112289 -3.63511e-18)
(1.07379 -0.116988 -1.02461e-17)
(1.06245 -0.127719 -2.18916e-17)
(1.05036 -0.133936 -2.21984e-17)
(1.03701 -0.140815 -7.24335e-17)
(1.02252 -0.146016 -3.53141e-17)
(1.00657 -0.150058 -4.81152e-17)
(0.989099 -0.152592 -1.00275e-16)
(0.969876 -0.153383 -3.52108e-17)
(1.06941 -0.0689523 -8.22776e-18)
(1.06273 -0.0812309 -5.40452e-18)
(1.05537 -0.0845486 -9.1169e-18)
(1.04657 -0.092329 -8.60214e-18)
(1.03731 -0.0968066 -1.04219e-17)
(1.02752 -0.10187 -1.85259e-17)
(1.01737 -0.105781 -7.40877e-17)
(1.00703 -0.108907 -7.05155e-17)
(0.996576 -0.11104 -8.36281e-17)
(0.986157 -0.111988 -8.216e-17)
(1.05119 -0.0557679 -2.19629e-17)
(1.04568 -0.0652432 -1.15921e-17)
(1.03951 -0.0675298 -2.83237e-17)
(1.03201 -0.0730779 -3.72536e-17)
(1.02399 -0.075741 -3.48553e-17)
(1.01522 -0.0784942 -6.46453e-17)
(1.00573 -0.0800376 5.73791e-18)
(0.995498 -0.0806757 3.27773e-17)
(0.984537 -0.0803055 -4.10038e-17)
(0.972914 -0.0788811 1.1519e-17)
(1.03797 -0.0384218 -6.01926e-17)
(1.03391 -0.0457436 -1.72872e-17)
(1.02957 -0.0476914 -7.19752e-17)
(1.02437 -0.0522033 -8.99661e-17)
(1.01906 -0.0546304 -6.50318e-17)
(1.01359 -0.0572119 -4.87844e-18)
(1.00814 -0.0589711 -4.92896e-17)
(1.00281 -0.0601137 6.95641e-17)
(0.997684 -0.0605214 4.80651e-18)
(0.992802 -0.0601114 -5.18943e-17)
(1.0275 -0.0307469 2.01228e-17)
(1.02425 -0.035874 5.39285e-18)
(1.0206 -0.0369636 8.4201e-18)
(1.01611 -0.0397542 -4.28698e-17)
(1.01127 -0.0408889 7.63756e-18)
(1.00597 -0.0419807 -1.29714e-17)
(1.00027 -0.0423686 1.88647e-17)
(0.994168 -0.0422288 5.15011e-17)
(0.987725 -0.0415346 -1.09344e-17)
(0.981032 -0.0402941 2.25902e-17)
(1.02034 -0.020929 -3.6838e-18)
(1.01812 -0.0250855 -7.53181e-18)
(1.01579 -0.0261956 -8.17704e-18)
(1.01304 -0.0287244 -1.13589e-17)
(1.01029 -0.0300431 -1.08451e-17)
(1.00754 -0.031399 -6.2379e-17)
(1.0049 -0.0322519 -8.79986e-18)
(1.00242 -0.0327154 -2.5035e-18)
(1.00014 -0.0327278 -6.23156e-17)
(0.998062 -0.0322563 -9.15305e-18)
(1.01438 -0.0163703 1.21068e-17)
(1.01254 -0.0190711 -1.49865e-17)
(1.01047 -0.0195892 -2.22416e-21)
(1.00788 -0.0209825 -6.19318e-17)
(1.00508 -0.0214687 9.9278e-18)
(1.002 -0.0219079 1.84625e-17)
(0.99868 -0.0219655 1.35719e-17)
(0.99513 -0.0217419 7.56703e-17)
(0.991396 -0.0212328 2.65859e-17)
(0.987552 -0.0204532 1.56154e-17)
(1.01076 -0.011319 3.70499e-17)
(1.00962 -0.0136166 -5.72335e-17)
(1.00847 -0.0142391 3.89694e-17)
(1.00713 -0.01564 7.41603e-18)
(1.00583 -0.0163691 4.72506e-17)
(1.00459 -0.0171073 -4.25137e-18)
(1.00345 -0.0175576 -1.95807e-17)
(1.00245 -0.0177809 -5.94354e-18)
(1.00158 -0.0177445 -8.39005e-18)
(1.00086 -0.0174335 -1.85598e-17)
(1.0073 -0.00845968 -6.64016e-17)
(1.00628 -0.00986498 -2.31982e-17)
(1.00512 -0.0101068 -6.60387e-17)
(1.00366 -0.0108012 -6.81636e-17)
(1.00207 -0.0110052 -5.86307e-17)
(1.0003 -0.0111816 -1.13896e-17)
(0.998376 -0.0111555 -4.40842e-17)
(0.996312 -0.0109861 6.52698e-17)
(0.994138 -0.0106746 9.86968e-18)
(0.991905 -0.0102327 -3.9579e-17)
(1.00562 -0.00611423 8.18345e-17)
(1.00507 -0.00737319 -5.53115e-17)
(1.00455 -0.00772339 8.32576e-17)
(1.00396 -0.0085004 7.22418e-17)
(1.00344 -0.00891194 1.16555e-16)
(1.00297 -0.0093269 8.15217e-18)
(1.00259 -0.00958158 3.25515e-17)
(1.0023 -0.00970804 -2.67119e-18)
(1.00212 -0.00968772 1.05576e-17)
(1.00201 -0.00951259 3.68102e-17)
(1.00353 -0.00420184 -2.46572e-17)
(1.00297 -0.00492805 -6.12706e-17)
(1.00233 -0.00503603 -1.73706e-17)
(1.00151 -0.00538134 7.35129e-17)
(1.00061 -0.00546027 5.64229e-17)
(0.999594 -0.00552846 -6.23365e-17)
(0.998478 -0.0054893 6.48187e-17)
(0.997271 -0.00538 3.00815e-17)
(0.995994 -0.00520242 1.68697e-17)
(0.994678 -0.00496454 7.6467e-17)
(1.00287 -0.00329175 2.82545e-17)
(1.00262 -0.00398346 3.60527e-18)
(1.00243 -0.00418169 1.20813e-17)
(1.00223 -0.00461731 5.84498e-17)
(1.00208 -0.00485383 5.58478e-17)
(1.002 -0.00509451 -3.27855e-17)
(1.00197 -0.00524593 3.06884e-17)
(1.00202 -0.00532595 5.82008e-17)
(1.00213 -0.00532323 5.04588e-18)
(1.00229 -0.00523283 3.00567e-17)
(1.00153 -0.00192863 5.46955e-17)
(1.00123 -0.00230181 -5.8995e-17)
(1.00088 -0.002345 -8.73759e-18)
(1.00043 -0.00251613 -1.00353e-17)
(0.999921 -0.00253954 -9.69297e-19)
(0.999339 -0.00256382 1.78949e-17)
(0.998689 -0.00253013 -8.11362e-17)
(0.997978 -0.00246455 -2.0742e-17)
(0.99722 -0.00236815 -1.66657e-17)
(0.996435 -0.00224622 -9.12611e-17)
(1.00138 -0.00173462 -1.42011e-17)
(1.00129 -0.00211713 1.6861e-17)
(1.00126 -0.00222877 1.27076e-17)
(1.00125 -0.00247637 2.96508e-17)
(1.00128 -0.00261327 3.76269e-17)
(1.00137 -0.00275682 7.17517e-17)
(1.0015 -0.0028497 -1.21437e-17)
(1.00168 -0.0029038 2.91892e-17)
(1.0019 -0.00291127 8.58269e-18)
(1.00215 -0.00286914 -2.13014e-17)
(1.00048 -0.000711378 4.69666e-18)
(1.00033 -0.000898513 -1.9181e-18)
(1.00014 -0.000908489 5.35453e-18)
(0.999899 -0.000990506 6.82188e-17)
(0.999613 -0.000988099 6.74195e-17)
(0.999279 -0.000993947 1.63268e-17)
(0.998899 -0.00096768 6.32239e-17)
(0.998477 -0.000930351 7.32582e-17)
(0.998022 -0.000880947 1.52699e-17)
(0.997548 -0.000823773 6.18658e-17)
(1.00058 -0.000841063 8.49315e-19)
(1.00058 -0.0010459 8.9756e-19)
(1.00062 -0.00110476 -3.70837e-18)
(1.00069 -0.00124219 -1.98213e-17)
(1.0008 -0.00131847 -1.24925e-17)
(1.00095 -0.00140346 4.71988e-17)
(1.00113 -0.00145978 -7.14635e-17)
(1.00134 -0.00149709 -7.90643e-18)
(1.00159 -0.00150881 -1.29444e-17)
(1.00184 -0.00149384 -8.0827e-17)
(0.999985 -4.65566e-05 -2.56154e-18)
(0.999918 -0.000115312 -1.65916e-18)
(0.999832 -0.000105728 -1.35681e-19)
(0.999705 -0.000130998 6.1055e-18)
(0.999549 -0.000113032 3.59067e-19)
(0.999357 -0.000106007 -1.13129e-17)
(0.999133 -8.28153e-05 2.55773e-17)
(0.998878 -6.16066e-05 7.40611e-17)
(0.998599 -3.81516e-05 1.74167e-17)
(0.998305 -1.76645e-05 3.44165e-17)
(1.00018 -0.000314645 -6.26616e-19)
(1.00022 -0.00039025 -3.12263e-19)
(1.00029 -0.000413255 -1.12282e-18)
(1.00039 -0.000465168 -1.54171e-18)
(1.00051 -0.000498974 -2.3156e-18)
(1.00066 -0.000534271 -5.48947e-19)
(1.00083 -0.000562277 -9.26216e-18)
(1.00102 -0.000581968 -1.60006e-17)
(1.00123 -0.000592249 -6.50143e-18)
(1.00145 -0.00059106 -8.97753e-18)
)
;

boundaryField
{
    inlet
    {
        type            uniformFixedValue;
        uniformValue    constant (1 0 0);
        value           uniform (1 0 0);
    }
    outlet
    {
        type            pressureInletOutletVelocity;
        value           nonuniform 0();
    }
    polygon
    {
        type            fixedValue;
        value           nonuniform 0();
    }
    top
    {
        type            symmetryPlane;
    }
    bottom
    {
        type            symmetryPlane;
    }
    outside
    {
        type            zeroGradient;
    }
    procBoundary0to1
    {
        type            processor;
        value           nonuniform List<vector> 
11
(
(1.21857 -0.196459 4.88057e-18)
(1.21182 -0.218318 1.60575e-17)
(1.20271 -0.226698 4.77036e-18)
(1.19345 -0.24378 -4.98026e-18)
(1.18411 -0.256894 -1.97173e-17)
(1.17393 -0.273607 -8.59058e-18)
(1.16373 -0.289584 -6.24555e-18)
(1.15221 -0.308146 -1.47292e-17)
(1.13997 -0.327987 -9.26627e-18)
(1.12581 -0.349785 -1.7281e-17)
(1.10959 -0.374981 1.08577e-18)
)
;
    }
    procBoundary0to4
    {
        type            processor;
        value           nonuniform List<vector> 
28
(
(1.06364 -0.398287 3.19827e-17)
(1.06612 -0.366798 -1.07103e-17)
(1.06612 -0.366798 -1.07103e-17)
(1.04523 -0.359705 -1.74158e-17)
(1.0244 -0.350636 -1.66201e-17)
(1.00259 -0.340055 1.16072e-17)
(0.999027 -0.287653 -7.63647e-18)
(0.999027 -0.287653 -7.63647e-18)
(0.999027 -0.287653 -7.63647e-18)
(0.969439 -0.209534 -1.60926e-18)
(0.948924 -0.15224 -2.15333e-17)
(0.975805 -0.11152 -6.20769e-17)
(0.960802 -0.076383 4.64471e-17)
(0.98816 -0.0588019 7.85611e-17)
(0.974239 -0.0385262 6.03282e-17)
(0.996156 -0.0312746 5.57908e-18)
(0.9837 -0.0194211 7.46164e-17)
(1.00023 -0.0168388 -2.55858e-18)
(0.989679 -0.00967253 6.74385e-17)
(1.00196 -0.0091788 -1.79165e-18)
(0.993367 -0.00467367 3.29649e-17)
(1.00248 -0.0050526 5.70484e-17)
(0.995651 -0.00210314 -3.06606e-17)
(1.00242 -0.00277585 1.64054e-17)
(0.997072 -0.000761198 7.09972e-17)
(1.00211 -0.00145057 -1.91859e-17)
(0.998008 -5.57329e-07 8.16637e-17)
(1.00167 -0.000577904 -1.84147e-17)
)
;
    }
}


// ************************************************************************* //
