/*--------------------------------*- C++ -*----------------------------------*\
  =========                 |
  \\      /  F ield         | OpenFOAM: The Open Source CFD Toolbox
   \\    /   O peration     | Website:  https://openfoam.org
    \\  /    A nd           | Version:  7
     \\/     M anipulation  |
\*---------------------------------------------------------------------------*/
FoamFile
{
    version     2.0;
    format      ascii;
    class       surfaceScalarField;
    location    "118";
    object      phi;
}
// * * * * * * * * * * * * * * * * * * * * * * * * * * * * * * * * * * * * * //

dimensions      [0 3 -1 0 0 0 0];

internalField   nonuniform List<scalar> 
310
(
3.32558e-05
-0.00944909
0.00940627
7.45319e-05
-0.00942045
0.00937918
0.000113859
-0.00939507
0.00935574
0.00015112
-0.0093746
0.00933734
-0.00935949
0.00932462
3.25167e-05
-0.0094913
7.30884e-05
-0.00946103
0.000111609
-0.00943359
0.000147922
-0.00941091
-0.00939323
3.18191e-05
-0.0095329
7.16939e-05
-0.0095009
0.00010942
-0.00947132
0.000144804
-0.00944629
-0.00942588
3.11592e-05
-0.0095739
7.03368e-05
-0.00954008
0.000107269
-0.00950825
0.00014172
-0.00948075
-0.00945743
3.05434e-05
-0.00961431
6.9027e-05
-0.00957856
0.000105167
-0.00954439
0.000138686
-0.00951427
-0.00948787
2.99867e-05
-0.00965412
6.77882e-05
-0.00961636
0.00010315
-0.00957975
0.000135752
-0.00954687
-0.00951722
2.94986e-05
-0.00969336
6.66358e-05
-0.0096535
0.000101246
-0.00961436
0.000132964
-0.00957859
-0.00954552
2.90321e-05
-0.00973201
6.54982e-05
-0.00968997
9.9355e-05
-0.00964822
0.0001302
-0.00960943
-0.00957281
2.84693e-05
-0.00977003
6.41918e-05
-0.00972569
9.72059e-05
-0.00968123
0.00012707
-0.0096393
-0.00959895
2.7432e-05
-0.00980716
6.19605e-05
-0.00976022
9.36915e-05
-0.00971296
0.000122106
-0.00966771
-0.00962345
-0.000293044
-0.00939999
0.00939948
-0.000293946
-0.00939282
0.00939372
-0.000296367
-0.00939283
0.00939525
-0.000300472
-0.00940159
0.00940569
-0.00942158
0.0094275
-0.000293599
-0.0093999
-0.000295181
-0.00939123
-0.000298396
-0.00938961
-0.000303442
-0.00939654
-0.00941451
-0.00029399
-0.00939923
-0.000296229
-0.009389
-0.000300207
-0.00938564
-0.000306159
-0.00939059
-0.00940634
-0.000294307
-0.00939799
-0.000297197
-0.00938611
-0.000301933
-0.0093809
-0.000308786
-0.00938374
-0.00939707
-0.000294537
-0.00939619
-0.000298069
-0.00938257
-0.000303553
-0.00937542
-0.000311295
-0.009376
-0.00938672
-0.000292323
-0.00941416
-0.000294677
-0.00939384
-0.00029884
-0.00937841
-0.00030506
-0.0093692
-0.000313677
-0.00936738
-0.0093753
-0.000291824
-0.00941289
-0.00029472
-0.00939094
-0.000299504
-0.00937363
-0.000306445
-0.00936226
-0.000315922
-0.0093579
-0.00936283
-0.000291238
-0.00941114
-0.000294661
-0.00938752
-0.000300049
-0.00936824
-0.000307693
-0.00935461
-0.000318005
-0.00934759
-0.00934934
-0.00029056
-0.00940893
-0.00029449
-0.00938359
-0.00030046
-0.00936227
-0.000308779
-0.00934629
-0.000319888
-0.00933648
-0.00933489
-0.000289765
-0.000294177
-0.000300701
-0.000309655
-0.000321512
-0.000588738
-0.00980762
-0.000632398
-0.00980679
-0.000677133
-0.00981316
-0.000723059
-0.0098286
-0.000770208
-0.00985496
-0.00989465
-0.000588213
-0.00976471
-0.000632222
-0.00976278
-0.000677372
-0.00976801
-0.000723787
-0.00978218
-0.000771544
-0.0098072
-0.00984557
-0.000587525
-0.00972149
-0.000631861
-0.00971844
-0.000677397
-0.00972248
-0.000724272
-0.00973531
-0.000772606
-0.00975887
-0.00979573
-0.000586761
-0.00967798
-0.000631422
-0.00967378
-0.000677337
-0.00967656
-0.000724665
-0.00968798
-0.000773566
-0.00970997
-0.00974515
-0.000585909
-0.000630887
-0.0096288
-0.000677173
-0.00963028
-0.000724943
-0.00964021
-0.000774395
-0.00966051
-0.00969384
-0.000630256
-0.00958351
-0.000676901
-0.00958363
-0.000725099
-0.00959201
-0.000775083
-0.00961053
-0.00964184
-0.000629523
-0.00953793
-0.000676514
-0.00953664
-0.000725124
-0.0095434
-0.000775618
-0.00956004
-0.00958918
-0.000628684
-0.00949205
-0.000676007
-0.00948932
-0.000725011
-0.00949439
-0.000775992
-0.00950906
-0.00953589
-0.000627735
-0.0094459
-0.000675379
-0.00944167
-0.000724764
-0.00944501
-0.000776215
-0.0094576
-0.00948199
-0.000626679
-0.000674633
-0.000724391
-0.000776304
0.00908893
-0.00428946
0.00932068
-0.00419103
-0.00609205
0.00901232
-0.00460905
0.00923539
-0.00441411
-0.00661687
0.00892808
-0.00492395
0.00914214
-0.00462816
-0.0071877
0.00883434
-0.00522983
0.00903916
-0.00483297
-0.00781625
0.00872838
0.00892458
)
;

boundaryField
{
    inlet
    {
        type            calculated;
        value           nonuniform 0();
    }
    outlet
    {
        type            calculated;
        value           nonuniform 0();
    }
    polygon
    {
        type            calculated;
        value           nonuniform 0();
    }
    top
    {
        type            symmetryPlane;
        value           uniform 0;
    }
    bottom
    {
        type            symmetryPlane;
        value           uniform 0;
    }
    outside
    {
        type            calculated;
        value           nonuniform 0();
    }
    procBoundary9to0
    {
        type            processor;
        value           nonuniform List<scalar> 5(-0.00876698 -0.00869273 -0.00861319 -0.00852847 -0.00843886);
    }
    procBoundary9to1
    {
        type            processor;
        value           nonuniform List<scalar> 
35
(
9.56123e-06
9.69199e-06
9.78548e-06
9.84242e-06
9.85931e-06
9.82731e-06
9.73978e-06
9.62241e-06
9.54959e-06
9.69815e-06
0.000293553
0.000293509
0.000293323
0.000293069
0.000292736
0.00941493
0.000291546
0.000290558
0.000289491
0.000288346
0.000287107
0.000546145
0.000545296
0.000544309
0.00054325
0.000542112
-0.00963418
0.000584969
0.000583937
0.00058281
0.000581583
0.000580256
0.0039675
0.00395929
0.00560557
)
;
    }
    procBoundary9to2
    {
        type            processor;
        value           nonuniform List<scalar> 3(0.00985021 0.00985045 0.0098579);
    }
    procBoundary9to10
    {
        type            processor;
        value           nonuniform List<scalar> 3(0.00987452 0.00990211 0.00994295);
    }
    procBoundary9to17
    {
        type            processor;
        value           nonuniform List<scalar> 
34
(
0.000185984
-0.00931955
0.000181666
0.000177452
0.000173266
0.000169127
0.000165103
0.000161271
0.000157487
0.000153211
0.000146606
-0.000306394
-0.000310509
-0.00031433
-0.000318055
-0.000321648
-0.000325098
-0.00032839
-0.000331491
-0.000334338
-0.000336853
-0.000818499
-0.000820624
-0.000822447
-0.000824151
-0.0008257
-0.000827083
-0.000828279
-0.000829282
-0.000830112
-0.000830798
-0.00551935
-0.00502918
-0.00851512
)
;
    }
}


// ************************************************************************* //
