/*--------------------------------*- C++ -*----------------------------------*\
  =========                 |
  \\      /  F ield         | OpenFOAM: The Open Source CFD Toolbox
   \\    /   O peration     | Website:  https://openfoam.org
    \\  /    A nd           | Version:  7
     \\/     M anipulation  |
\*---------------------------------------------------------------------------*/
FoamFile
{
    version     2.0;
    format      ascii;
    class       surfaceScalarField;
    location    "90";
    object      phi;
}
// * * * * * * * * * * * * * * * * * * * * * * * * * * * * * * * * * * * * * //

dimensions      [0 3 -1 0 0 0 0];

internalField   nonuniform List<scalar> 
310
(
3.28541e-05
-0.00944331
0.00940049
7.41284e-05
-0.00941435
0.00937308
0.000113461
-0.00938865
0.00934932
0.00015073
-0.00936786
0.00933059
-0.00935245
0.00931757
3.21332e-05
-0.00948552
7.27044e-05
-0.00945492
0.000111231
-0.00942717
0.000147555
-0.00940418
-0.00938621
3.14532e-05
-0.00952712
7.13288e-05
-0.0094948
0.000109063
-0.00946491
0.000144459
-0.00943958
-0.00941888
3.08106e-05
-0.00956812
6.99903e-05
-0.00953398
0.000106931
-0.00950185
0.000141396
-0.00947404
-0.00945044
3.02117e-05
-0.00960853
6.86987e-05
-0.00957246
0.000104849
-0.009538
0.000138383
-0.00950758
-0.0094809
2.96715e-05
-0.00964835
6.74775e-05
-0.00961027
0.000102851
-0.00957337
0.000135469
-0.0095402
-0.00951027
2.91994e-05
-0.00968759
6.63426e-05
-0.00964741
0.000100965
-0.00960799
0.000132701
-0.00957193
-0.0095386
2.87489e-05
-0.00972625
6.52222e-05
-0.00968389
9.90929e-05
-0.00964187
0.000129957
-0.0096028
-0.00956591
2.82024e-05
-0.00976428
6.39334e-05
-0.00971962
9.69629e-05
-0.00967489
0.000126848
-0.00963268
-0.00959208
2.71843e-05
-0.00980142
6.17229e-05
-0.00975416
9.34711e-05
-0.00970664
0.000121909
-0.00966112
-0.00961661
-0.000293525
-0.00939348
0.00939293
-0.000294371
-0.00938589
0.00938673
-0.000296725
-0.00938549
0.00938785
-0.000300753
-0.00939386
0.00939789
-0.0094135
0.00941934
-0.000294049
-0.00939344
-0.000295576
-0.00938436
-0.000298725
-0.00938234
-0.000303693
-0.0093889
-0.00940652
-0.000294412
-0.00939282
-0.000296595
-0.00938218
-0.000300508
-0.00937843
-0.000306384
-0.00938302
-0.00939843
-0.000294701
-0.00939162
-0.000297536
-0.00937934
-0.000302206
-0.00937376
-0.000308984
-0.00937624
-0.00938924
-0.000294904
-0.00938987
-0.000298381
-0.00937586
-0.000303799
-0.00936834
-0.000311466
-0.00936857
-0.00937897
-0.000292708
-0.00940824
-0.000295018
-0.00938756
-0.000299126
-0.00937176
-0.00030528
-0.00936219
-0.000313823
-0.00936003
-0.00936763
-0.000292185
-0.00940701
-0.000295036
-0.00938471
-0.000299764
-0.00936703
-0.00030664
-0.00935531
-0.000316043
-0.00935063
-0.00935524
-0.000291574
-0.00940529
-0.000294952
-0.00938133
-0.000300284
-0.0093617
-0.000307864
-0.00934773
-0.000318102
-0.00934039
-0.00934184
-0.000290873
-0.00940311
-0.000294758
-0.00937744
-0.000300672
-0.00935578
-0.000308925
-0.00933948
-0.000319961
-0.00932936
-0.00932747
-0.000290055
-0.000294422
-0.000300889
-0.000309779
-0.000321562
-0.000589391
-0.00980082
-0.000632944
-0.00979936
-0.000677547
-0.00980511
-0.000723318
-0.00981996
-0.000770291
-0.00984579
-0.00988502
-0.000588829
-0.00975799
-0.000632733
-0.00975545
-0.000677753
-0.00976009
-0.000724017
-0.0097737
-0.000771604
-0.0097982
-0.00983612
-0.000588105
-0.00971485
-0.000632338
-0.00971122
-0.000677748
-0.00971468
-0.000724476
-0.00972697
-0.000772645
-0.00975003
-0.00978646
-0.000587306
-0.00967142
-0.000631866
-0.00966666
-0.000677658
-0.00966889
-0.000724843
-0.00967978
-0.000773584
-0.00970129
-0.00973604
-0.000586422
-0.000631301
-0.00962178
-0.000677466
-0.00962272
-0.000725097
-0.00963215
-0.000774393
-0.009652
-0.00968491
-0.000630639
-0.00957659
-0.000677166
-0.0095762
-0.000725229
-0.00958409
-0.000775061
-0.00960216
-0.00963307
-0.000629877
-0.0095311
-0.000676753
-0.00952932
-0.00072523
-0.00953561
-0.000775577
-0.00955182
-0.00958057
-0.00062901
-0.00948532
-0.00067622
-0.00948211
-0.000725095
-0.00948674
-0.000775932
-0.00950098
-0.00952743
-0.000628034
-0.00943926
-0.000675567
-0.00943458
-0.000724825
-0.00943748
-0.000776136
-0.00944967
-0.00947368
-0.000626951
-0.000674797
-0.000724431
-0.000776207
0.00908463
-0.00428474
0.00931592
-0.0041902
-0.0060904
0.00900793
-0.00460334
0.0092305
-0.00441278
-0.00661405
0.00892361
-0.00491716
0.00913714
-0.00462631
-0.00718355
0.00882981
-0.00522189
0.00903407
-0.00483057
-0.0078106
0.0087238
0.00891943
)
;

boundaryField
{
    inlet
    {
        type            calculated;
        value           nonuniform 0();
    }
    outlet
    {
        type            calculated;
        value           nonuniform 0();
    }
    polygon
    {
        type            calculated;
        value           nonuniform 0();
    }
    top
    {
        type            symmetryPlane;
        value           uniform 0;
    }
    bottom
    {
        type            symmetryPlane;
        value           uniform 0;
    }
    outside
    {
        type            calculated;
        value           nonuniform 0();
    }
    procBoundary9to0
    {
        type            processor;
        value           nonuniform List<scalar> 5(-0.00876359 -0.00868933 -0.00860979 -0.00852507 -0.00843548);
    }
    procBoundary9to1
    {
        type            processor;
        value           nonuniform List<scalar> 
35
(
9.96218e-06
1.00754e-05
1.0152e-05
1.01925e-05
1.01934e-05
1.01458e-05
1.00431e-05
9.91124e-06
9.82441e-06
9.9621e-06
0.000294077
0.000294003
0.000293789
0.000293508
0.000293148
0.00940898
0.000291965
0.000290952
0.000289861
0.000288693
0.000287431
0.000546879
0.000545992
0.000544968
0.000543874
0.000542702
-0.0096277
0.00058545
0.000584387
0.00058323
0.000581974
0.00058062
0.0039637
0.00395891
0.0056049
)
;
    }
    procBoundary9to2
    {
        type            processor;
        value           nonuniform List<scalar> 3(0.00984334 0.00984291 0.00984971);
    }
    procBoundary9to10
    {
        type            processor;
        value           nonuniform List<scalar> 3(0.00986573 0.00989276 0.00993312);
    }
    procBoundary9to17
    {
        type            processor;
        value           nonuniform List<scalar> 
34
(
0.000185609
-0.0093122
0.000181315
0.000177123
0.00017296
0.000168844
0.000164842
0.000161031
0.000157269
0.000153016
0.000146438
-0.00030659
-0.000310676
-0.000314472
-0.000318171
-0.000321738
-0.000325163
-0.000328431
-0.000331507
-0.000334331
-0.000336823
-0.000818392
-0.000820499
-0.000822308
-0.000823997
-0.000825531
-0.000826898
-0.00082808
-0.000829068
-0.000829883
-0.000830554
-0.00551021
-0.00502621
-0.00850778
)
;
    }
}


// ************************************************************************* //
