/*--------------------------------*- C++ -*----------------------------------*\
  =========                 |
  \\      /  F ield         | OpenFOAM: The Open Source CFD Toolbox
   \\    /   O peration     | Website:  https://openfoam.org
    \\  /    A nd           | Version:  7
     \\/     M anipulation  |
\*---------------------------------------------------------------------------*/
FoamFile
{
    version     2.0;
    format      ascii;
    class       volVectorField;
    location    "90";
    object      U;
}
// * * * * * * * * * * * * * * * * * * * * * * * * * * * * * * * * * * * * * //

dimensions      [0 1 -1 0 0 0 0];

internalField   nonuniform List<vector> 
115
(
(-0.176551 0.00103995 5.19547e-19)
(-0.174988 0.0011147 -5.80938e-18)
(-0.173338 0.00121346 -2.10507e-18)
(-0.171593 0.00133736 8.6453e-18)
(-0.169744 0.00148803 2.15757e-18)
(-0.167783 0.00166762 1.43051e-18)
(-0.1657 0.00187896 9.51215e-19)
(-0.163484 0.00212508 1.00059e-18)
(-0.161126 0.00240997 -4.05556e-18)
(0.378048 0.0467608 -1.57346e-19)
(0.398711 0.0490578 -1.04131e-19)
(0.420246 0.0514887 2.97934e-19)
(0.4427 0.0540668 1.90988e-19)
(0.466127 0.0568079 8.66358e-20)
(0.490588 0.0597311 -4.22787e-20)
(0.516154 0.0628594 -1.57394e-19)
(0.542905 0.0662205 -2.87081e-20)
(0.130319 0.021949 1.43262e-19)
(0.141577 0.023 -1.32662e-19)
(0.153337 0.0241144 1.59551e-19)
(0.165618 0.0252946 6.42083e-20)
(0.178434 0.0265433 -1.01047e-19)
(0.191806 0.0278637 -8.82709e-20)
(0.205753 0.0292596 7.52367e-20)
(0.220295 0.0307354 1.22096e-19)
(0.235457 0.0322962 -6.54039e-20)
(0.251264 0.0339476 -9.53533e-20)
(0.267744 0.0356965 -2.25143e-20)
(0.284928 0.0375507 2.26588e-19)
(0.302852 0.039519 4.18617e-19)
(0.321555 0.0416121 2.1433e-19)
(0.341086 0.0438423 4.11091e-19)
(0.361498 0.0462241 1.12711e-19)
(0.382856 0.0487748 2.33252e-20)
(0.0488221 0.0151465 1.79614e-19)
(0.0574519 0.015886 1.37236e-19)
(0.066478 0.0166792 2.16249e-19)
(0.0759132 0.0175279 9.49155e-20)
(0.0857707 0.0184341 5.24777e-20)
(0.0960646 0.0194004 4.50158e-20)
(0.10681 0.0204299 8.19829e-20)
(0.118021 0.0215261 7.66432e-20)
(0.129716 0.022693 1.74338e-19)
(0.14191 0.0239353 6.68714e-20)
(0.154623 0.0252585 -7.03434e-19)
(0.167875 0.0266684 -1.43757e-19)
(0.181686 0.0281721 9.48908e-20)
(0.196079 0.0297772 3.26291e-19)
(0.211082 0.0314929 2.39398e-19)
(0.226721 0.0333288 8.71687e-22)
(0.243031 0.0352965 1.90566e-19)
(-0.0131101 0.010522 7.05579e-19)
(-0.0063896 0.0110668 6.3911e-19)
(0.000643741 0.011659 6.69257e-19)
(0.00800054 0.0123004 6.60529e-20)
(0.0156917 0.0129932 4.27323e-20)
(0.0237285 0.0137402 4.60399e-20)
(0.0321225 0.0145445 9.85871e-20)
(0.0408854 0.0154099 1.62053e-19)
(0.0500293 0.0163408 2.62404e-20)
(0.0595664 0.0173422 -1.9619e-19)
(0.0695088 0.0184198 -3.91866e-21)
(0.0798687 0.0195803 2.27157e-19)
(0.0906587 0.0208307 -3.30329e-20)
(0.101891 0.0221799 9.89502e-20)
(0.113576 0.0236369 -1.8605e-19)
(0.125726 0.0252121 2.3921e-20)
(-0.0712571 0.00659976 2.8497e-18)
(-0.0664182 0.00695785 2.7739e-18)
(-0.0613466 0.00735654 2.80819e-18)
(-0.0560331 0.00779752 6.89386e-19)
(-0.0504684 0.0082829 2.05032e-19)
(-0.0446432 0.00881526 6.9551e-20)
(-0.0385478 0.00939773 4.71518e-21)
(-0.0321725 0.010034 -1.85121e-19)
(-0.0255077 0.0107285 1.77352e-19)
(-0.0185437 0.0114864 1.3224e-19)
(-0.011271 0.0123136 1.11227e-19)
(-0.00368126 0.0132172 -1.4139e-19)
(0.00423447 0.0142051 2.41807e-19)
(0.0124833 0.0152865 3.18572e-19)
(0.0210703 0.0164719 1.35266e-19)
(0.0299992 0.0177735 -1.27434e-19)
(-0.11829 0.00381373 1.26418e-17)
(-0.114943 0.00403374 1.25764e-17)
(-0.111428 0.00428839 1.27448e-17)
(-0.107736 0.00457923 2.65052e-18)
(-0.103859 0.00490826 5.79555e-19)
(-0.0997886 0.00527795 2.34649e-19)
(-0.0955152 0.00569142 7.13554e-20)
(-0.0910296 0.00615232 5.25514e-20)
(-0.0863225 0.00666512 6.38796e-20)
(-0.0813844 0.00723507 2.79338e-19)
(-0.0762058 0.00786837 2.91424e-19)
(-0.0707776 0.00857229 6.43845e-19)
(-0.0650908 0.00935593 9.60184e-19)
(-0.059137 0.0102288 2.48461e-19)
(-0.0529093 0.0112031 7.44097e-20)
(-0.0464023 0.012293 9.76704e-20)
(-0.15548 0.00205437 2.56228e-18)
(-0.153279 0.00218604 1.02919e-18)
(-0.150961 0.00234685 1.76278e-18)
(-0.148519 0.00253829 2.61511e-18)
(-0.145943 0.00276229 1.05448e-18)
(-0.143225 0.00302099 4.13861e-19)
(-0.140355 0.00331729 8.36298e-19)
(-0.137324 0.00365459 2.30514e-19)
(-0.134121 0.00403724 -1.21313e-18)
(-0.130737 0.00447036 2.04938e-18)
(-0.127161 0.00496011 1.56533e-18)
(-0.12338 0.00551383 2.94886e-18)
(-0.119384 0.00614049 4.5511e-18)
(-0.11516 0.00685042 1.66804e-18)
(-0.110697 0.00765634 1.43805e-18)
(-0.105983 0.00857353 8.89872e-19)
)
;

boundaryField
{
    inlet
    {
        type            uniformFixedValue;
        uniformValue    constant (1 0 0);
        value           nonuniform 0();
    }
    outlet
    {
        type            pressureInletOutletVelocity;
        value           nonuniform 0();
    }
    polygon
    {
        type            fixedValue;
        value           nonuniform 0();
    }
    top
    {
        type            symmetryPlane;
    }
    bottom
    {
        type            symmetryPlane;
    }
    outside
    {
        type            zeroGradient;
    }
    procBoundary43to35
    {
        type            processor;
        value           nonuniform List<vector> 
17
(
(-0.189571 0.000631171 -1.98669e-19)
(-0.188437 0.000678168 -1.79013e-18)
(-0.187237 0.000745861 -5.74065e-18)
(-0.185964 0.000835478 5.73375e-18)
(-0.18461 0.000948785 3.39199e-18)
(-0.183164 0.00108726 2.49823e-18)
(-0.181619 0.00125319 2.33684e-18)
(-0.179963 0.00144921 2.5019e-18)
(-0.158613 0.00273835 1.03737e-17)
(-0.178186 0.00167886 7.0327e-18)
(-0.158613 0.00273835 1.03737e-17)
(-0.155935 0.00311595 4.4198e-18)
(-0.153076 0.00354965 1.13531e-17)
(-0.150025 0.00404788 1.64382e-17)
(-0.146765 0.00462054 3.54521e-18)
(-0.14328 0.00527986 4.47979e-18)
(-0.139554 0.00604069 3.4246e-18)
)
;
    }
    procBoundary43to42
    {
        type            processor;
        value           nonuniform List<vector> 5((0.260051 0.0374086 6.65703e-20) (0.138351 0.026917 -1.63058e-19) (0.0392704 0.0192049 1.41707e-19) (-0.0396132 0.0135151 4.70814e-20) (-0.101006 0.0096205 -1.36979e-19));
    }
    procBoundary43to44
    {
        type            processor;
        value           nonuniform List<vector> 8((-0.178036 0.000988291 -1.69838e-19) (0.11955 0.0209595 3.62009e-20) (0.0405766 0.0144591 1.61257e-19) (-0.019528 0.0100229 7.18268e-19) (-0.019528 0.0100229 7.18268e-19) (-0.075872 0.00628096 2.82171e-18) (-0.121478 0.00362716 1.22858e-17) (-0.157572 0.00195076 2.27935e-18));
    }
    procBoundary43to50
    {
        type            processor;
        value           nonuniform List<vector> 2((0.570937 0.0698487 1.60397e-19) (0.40524 0.0515153 3.5352e-19));
    }
    procBoundary43to51
    {
        type            processor;
        value           nonuniform List<vector> 
18
(
(0.520061 0.0625739 -3.64389e-20)
(0.544858 0.0655266 2.51336e-19)
(0.570617 0.0686471 3.2303e-19)
(0.597376 0.071953 9.99596e-20)
(0.625176 0.0754649 1.28825e-19)
(0.654058 0.0792072 6.87989e-20)
(0.684064 0.0832084 -2.89352e-20)
(0.715234 0.0875019 5.55637e-20)
(0.22571 0.0307153 5.10649e-19)
(0.239967 0.0321563 3.45125e-19)
(0.254839 0.033673 1.88717e-19)
(0.270347 0.0352686 1.06495e-19)
(0.286511 0.0369469 -1.27144e-19)
(0.303354 0.0387123 -6.3279e-20)
(0.320901 0.0405699 -9.54581e-20)
(0.339178 0.0425257 5.7659e-20)
(0.358216 0.0445867 4.56693e-20)
(0.358216 0.0445867 4.56693e-20)
)
;
    }
}


// ************************************************************************* //
