/*--------------------------------*- C++ -*----------------------------------*\
  =========                 |
  \\      /  F ield         | OpenFOAM: The Open Source CFD Toolbox
   \\    /   O peration     | Website:  https://openfoam.org
    \\  /    A nd           | Version:  7
     \\/     M anipulation  |
\*---------------------------------------------------------------------------*/
FoamFile
{
    version     2.0;
    format      ascii;
    class       volVectorField;
    location    "92";
    object      U;
}
// * * * * * * * * * * * * * * * * * * * * * * * * * * * * * * * * * * * * * //

dimensions      [0 1 -1 0 0 0 0];

internalField   nonuniform List<vector> 
175
(
(1.34311 0.204954 1.56446e-19)
(1.34529 0.205638 -2.94061e-20)
(1.34721 0.206233 1.92742e-19)
(1.3489 0.20675 -2.41301e-20)
(1.3504 0.207202 1.82675e-20)
(1.35171 0.207596 2.41322e-20)
(1.35286 0.207942 7.5205e-20)
(1.35387 0.208243 1.30327e-19)
(1.35475 0.208505 3.55327e-20)
(1.35549 0.20873 -7.37053e-20)
(1.3561 0.208917 -3.40021e-20)
(1.35658 0.209067 -2.06141e-19)
(1.3569 0.209176 -4.12364e-20)
(1.35707 0.209241 -8.83569e-20)
(1.35705 0.209255 5.51186e-20)
(1.35683 0.209211 -1.01657e-19)
(1.35637 0.209099 -1.43696e-19)
(1.33673 0.202608 6.95783e-19)
(1.34003 0.203579 -1.93894e-19)
(1.34295 0.204429 1.40002e-19)
(1.3455 0.205173 6.09406e-20)
(1.34772 0.205826 9.38702e-20)
(1.34966 0.206401 2.16309e-21)
(1.35133 0.206911 4.29067e-20)
(1.35276 0.207366 1.55736e-19)
(1.35398 0.207774 -2.40692e-21)
(1.35499 0.208143 -1.76765e-20)
(1.35582 0.208478 -5.71254e-20)
(1.35645 0.208784 -3.92014e-20)
(1.3569 0.209061 2.20463e-20)
(1.35716 0.209311 3.68352e-20)
(1.3572 0.209534 9.00881e-20)
(1.35702 0.209725 6.25776e-20)
(1.35659 0.209881 -4.07138e-20)
(1.32453 0.199591 9.65728e-20)
(1.32971 0.200911 1.82471e-20)
(1.33431 0.202082 5.0561e-20)
(1.33836 0.20312 -4.07445e-20)
(1.34191 0.20404 7.98667e-20)
(1.345 0.204856 2.23073e-19)
(1.34765 0.205583 9.88613e-21)
(1.34992 0.206233 1.04939e-19)
(1.35184 0.206819 -1.24103e-19)
(1.35342 0.207351 2.12102e-20)
(1.35471 0.207838 -1.49788e-19)
(1.35571 0.208288 2.15436e-20)
(1.35644 0.208708 -2.09664e-21)
(1.3569 0.209103 1.93985e-19)
(1.3571 0.209476 -1.12886e-19)
(1.35702 0.209827 -3.4274e-22)
(1.35666 0.210158 7.76183e-20)
(1.30334 0.194871 -1.27389e-19)
(1.3113 0.196688 3.816e-20)
(1.31847 0.198331 -4.3872e-20)
(1.32489 0.199813 -2.83726e-20)
(1.33058 0.201147 9.39488e-20)
(1.33559 0.202348 1.06786e-19)
(1.33996 0.20343 -6.3115e-20)
(1.34373 0.204407 -1.29459e-19)
(1.34694 0.205293 -2.14597e-20)
(1.34963 0.206101 -4.98502e-20)
(1.35184 0.206843 -9.19254e-20)
(1.35361 0.207533 3.94182e-20)
(1.35496 0.208181 1.36915e-19)
(1.35591 0.208796 -5.31397e-20)
(1.35649 0.209389 2.81986e-20)
(1.35671 0.209964 1.40929e-19)
(1.35656 0.21053 9.23042e-20)
(1.26894 0.187773 -3.25862e-20)
(1.28065 0.190219 -1.84646e-19)
(1.29141 0.19248 -2.08608e-20)
(1.30123 0.194563 1.47695e-19)
(1.31011 0.196477 2.02185e-21)
(1.31808 0.198232 -7.43334e-20)
(1.32516 0.199839 -8.10466e-20)
(1.33139 0.20131 -9.0712e-20)
(1.33681 0.202658 -1.80862e-20)
(1.34145 0.203896 9.60838e-20)
(1.34536 0.205039 -1.13541e-20)
(1.34859 0.206101 8.39689e-20)
(1.35117 0.207095 3.56873e-20)
(1.35316 0.208036 -2.71458e-19)
(1.35457 0.208936 -4.19381e-19)
(1.35546 0.20981 2.13192e-20)
(1.35582 0.210669 2.05155e-19)
(1.21677 0.177648 6.72751e-20)
(1.23304 0.180801 -1.25074e-19)
(1.24832 0.183784 -2.43953e-20)
(1.26255 0.186594 8.7253e-20)
(1.27572 0.189235 6.0543e-20)
(1.2878 0.191709 1.70175e-19)
(1.29879 0.194021 1.24579e-19)
(1.30869 0.196178 6.2378e-21)
(1.31752 0.198186 1.1176e-19)
(1.32529 0.200057 -4.80266e-20)
(1.33203 0.2018 1.10684e-19)
(1.33779 0.203428 1.75736e-20)
(1.34261 0.204954 9.96315e-20)
(1.34653 0.206395 -1.63891e-19)
(1.3496 0.207765 8.42777e-20)
(1.35186 0.209082 -1.65441e-19)
(1.35337 0.210363 2.76275e-19)
(1.14297 0.164092 2.00252e-19)
(1.16412 0.167917 -2.57808e-19)
(1.18441 0.17162 1.2805e-20)
(1.20374 0.175193 -1.67112e-19)
(1.22203 0.178629 9.98347e-20)
(1.23922 0.181924 7.44956e-20)
(1.25525 0.185074 1.3474e-19)
(1.27006 0.188077 -3.51913e-20)
(1.28362 0.190932 4.34156e-20)
(1.2959 0.19364 7.98172e-20)
(1.30691 0.196204 9.01774e-20)
(1.31663 0.198631 -1.40246e-19)
(1.32508 0.200928 -2.55095e-19)
(1.33229 0.203106 -1.03315e-20)
(1.33828 0.205178 -3.38341e-20)
(1.34312 0.207159 -1.11869e-19)
(1.34683 0.209068 -1.04574e-19)
(1.0458 0.147193 7.7809e-19)
(1.07135 0.151507 -2.58536e-19)
(1.09636 0.155778 1.78502e-20)
(1.12073 0.159996 -1.09204e-19)
(1.14433 0.164151 -7.88699e-21)
(1.16703 0.168231 -2.05224e-19)
(1.18873 0.172225 -1.01025e-19)
(1.20931 0.176124 -4.69976e-20)
(1.22867 0.179918 -6.30259e-20)
(1.24673 0.183598 -1.63632e-19)
(1.26341 0.187157 -5.58056e-20)
(1.27863 0.190591 -2.06851e-20)
(1.29236 0.193896 -7.13608e-20)
(1.30456 0.197072 3.47334e-19)
(1.31521 0.200124 2.41706e-19)
(1.3243 0.203057 1.42796e-19)
(1.33187 0.205884 -2.97882e-21)
(0.927024 0.127695 2.34565e-19)
(0.955546 0.132177 -1.77484e-19)
(0.984036 0.13671 1.30694e-19)
(1.01237 0.141288 -1.59209e-19)
(1.04041 0.1459 1.06263e-19)
(1.06802 0.150537 -3.15928e-20)
(1.09505 0.155187 -3.78683e-20)
(1.12135 0.159839 3.20141e-20)
(1.14677 0.164477 -5.30584e-20)
(1.17116 0.169089 -1.96044e-19)
(1.19437 0.173658 -1.26772e-19)
(1.21624 0.178171 -2.34135e-20)
(1.23666 0.182613 -2.38743e-19)
(1.25549 0.186972 -3.50803e-19)
(1.27263 0.191238 -7.09597e-20)
(1.28798 0.195402 1.22859e-19)
(1.30147 0.199462 2.34865e-19)
(0.792296 0.106935 4.87795e-19)
(0.821717 0.11121 -9.79623e-20)
(0.851613 0.115615 8.51263e-20)
(0.881895 0.120149 -1.46109e-20)
(0.91246 0.124814 7.51254e-20)
(0.943192 0.129607 1.70324e-19)
(0.97396 0.134525 -9.00849e-21)
(1.00462 0.139561 -3.41089e-20)
(1.03502 0.144708 3.16102e-20)
(1.06498 0.149955 -8.6574e-20)
(1.09432 0.155289 -1.00579e-19)
(1.12285 0.160696 -8.88294e-20)
(1.15036 0.166158 -2.10628e-19)
(1.17665 0.171657 -1.54203e-20)
(1.20151 0.177173 1.44996e-19)
(1.22473 0.182686 -1.49178e-19)
(1.24612 0.188175 1.96087e-19)
(0.650096 0.0864988 1.67995e-19)
(0.678249 0.0902555 -1.79278e-19)
(0.707242 0.094181 -9.62101e-20)
(0.737039 0.0982858 -4.14802e-20)
(0.767598 0.10258 1.02538e-19)
)
;

boundaryField
{
    inlet
    {
        type            uniformFixedValue;
        uniformValue    constant (1 0 0);
        value           nonuniform 0();
    }
    outlet
    {
        type            pressureInletOutletVelocity;
        value           nonuniform 0();
    }
    polygon
    {
        type            fixedValue;
        value           nonuniform 0();
    }
    top
    {
        type            symmetryPlane;
    }
    bottom
    {
        type            symmetryPlane;
    }
    outside
    {
        type            zeroGradient;
    }
    procBoundary59to50
    {
        type            processor;
        value           nonuniform List<vector> 2((1.31306 0.203417 3.07281e-19) (1.26551 0.193623 -6.9575e-20));
    }
    procBoundary59to51
    {
        type            processor;
        value           nonuniform List<vector> 
18
(
(0.798862 0.107072 1.75813e-19)
(0.830761 0.11177 1.36001e-19)
(0.863211 0.116682 -5.18853e-20)
(0.896108 0.121814 1.1797e-19)
(0.929331 0.127169 -3.78832e-20)
(0.962735 0.132749 -2.29814e-19)
(0.996151 0.138554 -3.06887e-19)
(1.02938 0.144578 4.76908e-19)
(1.06222 0.150815 2.13321e-19)
(1.0944 0.157252 1.61758e-19)
(1.12566 0.163872 6.78228e-20)
(1.15571 0.170653 -2.92812e-20)
(0.509403 0.0677511 2.59118e-19)
(0.534631 0.0708237 -7.32642e-20)
(0.560846 0.0740668 -1.48329e-20)
(0.588062 0.0774953 -1.08406e-19)
(0.798862 0.107072 1.75813e-19)
(0.616285 0.0811249 1.11056e-19)
)
;
    }
    procBoundary59to52
    {
        type            processor;
        value           nonuniform List<vector> 2((0.763428 0.102785 -1.59299e-18) (0.622808 0.0829001 -5.85354e-19));
    }
    procBoundary59to58
    {
        type            processor;
        value           nonuniform List<vector> 8((1.35563 0.208908 -3.2354e-20) (1.35588 0.209995 1.00055e-20) (1.35598 0.210464 1.95312e-19) (1.35603 0.211088 8.17402e-20) (1.35569 0.211524 5.7218e-20) (1.35415 0.211625 2.69951e-20) (1.34947 0.210924 -3.37135e-20) (1.33792 0.20862 1.23706e-19));
    }
    procBoundary59to60
    {
        type            processor;
        value           nonuniform List<vector> 9((1.34064 0.204166 -1.69062e-19) (1.33298 0.2015 -1.52539e-18) (1.31873 0.198106 -1.03181e-19) (1.29457 0.192869 -3.64282e-20) (1.25628 0.185134 -5.52969e-21) (1.19955 0.174324 7.84176e-20) (1.12104 0.160151 -3.07466e-19) (1.01986 0.142846 -1.58412e-18) (0.898589 0.123269 -5.25932e-19));
    }
}


// ************************************************************************* //
