/*--------------------------------*- C++ -*----------------------------------*\
  =========                 |
  \\      /  F ield         | OpenFOAM: The Open Source CFD Toolbox
   \\    /   O peration     | Website:  https://openfoam.org
    \\  /    A nd           | Version:  7
     \\/     M anipulation  |
\*---------------------------------------------------------------------------*/
FoamFile
{
    version     2.0;
    format      ascii;
    class       surfaceScalarField;
    location    "96";
    object      phi;
}
// * * * * * * * * * * * * * * * * * * * * * * * * * * * * * * * * * * * * * //

dimensions      [0 3 -1 0 0 0 0];

internalField   nonuniform List<scalar> 
322
(
-0.010122
-0.0017743
-0.010207
-0.0018269
-0.0102887
-0.00187724
-0.010367
-0.00192524
-0.0104417
-0.00197088
-0.0105125
-0.00201412
-0.0105794
-0.00205494
-0.0106422
-0.00209334
-0.0107009
-0.00212931
-0.0107554
-0.00216288
-0.0108058
-0.00219406
-0.0108522
-0.00222289
-0.0108946
-0.00224942
-0.0109331
-0.00227372
-0.0109679
-0.00229585
-0.0109992
-0.0023159
-0.0110271
-0.00233397
-0.00235016
-0.00977288
-0.00166914
-0.00987602
-0.00172376
-0.00997669
-0.00177656
-0.0100745
-0.00182746
-0.010169
-0.00187639
-0.0102598
-0.00192328
-0.0103467
-0.00196807
-0.0104293
-0.00201072
-0.0105075
-0.00205117
-0.0105809
-0.0020894
-0.0106496
-0.00212538
-0.0107134
-0.00215909
-0.0107723
-0.00219053
-0.0108263
-0.00221972
-0.0108755
-0.00224666
-0.01092
-0.00227141
-0.0109599
-0.00229401
-0.00231453
-0.00926781
-0.0015424
-0.00939367
-0.0015979
-0.00951804
-0.00165219
-0.00964033
-0.00170517
-0.00975997
-0.00175675
-0.00987641
-0.00180683
-0.00998915
-0.00185533
-0.0100977
-0.00190215
-0.0102017
-0.00194721
-0.0103007
-0.00199041
-0.0103944
-0.00203168
-0.0104825
-0.00207094
-0.0105649
-0.00210813
-0.0106415
-0.00214319
-0.0107121
-0.00217608
-0.0107767
-0.00220677
-0.0108355
-0.00223525
-0.00226152
-0.0086285
-0.001396
-0.00877558
-0.00145082
-0.00892265
-0.00150512
-0.00906899
-0.00155882
-0.00921393
-0.00161181
-0.00935678
-0.00166399
-0.00949687
-0.00171524
-0.00963356
-0.00176546
-0.00976625
-0.00181452
-0.00989436
-0.0018623
-0.0100174
-0.00190867
-0.0101348
-0.00195351
-0.0102462
-0.00199669
-0.0103513
-0.00203809
-0.0104498
-0.00207761
-0.0105414
-0.00211513
-0.0106261
-0.00215057
-0.00218385
-0.00786569
-0.00123526
-0.00802898
-0.00128753
-0.00819414
-0.00133997
-0.00836044
-0.00139252
-0.00852716
-0.00144509
-0.00869354
-0.0014976
-0.00885884
-0.00154994
-0.00902232
-0.00160198
-0.00918323
-0.00165361
-0.00934084
-0.00170469
-0.00949445
-0.00175506
-0.00964338
-0.00180457
-0.009787
-0.00185307
-0.00992472
-0.00190038
-0.010056
-0.00194633
-0.0101804
-0.00199076
-0.0102974
-0.00203351
-0.00207443
-0.00700224
-0.00106773
-0.00717422
-0.00111554
-0.00735006
-0.00116413
-0.00752912
-0.00121346
-0.00771072
-0.00126349
-0.00789416
-0.00131416
-0.0080787
-0.00136539
-0.0082636
-0.00141709
-0.00844808
-0.00146913
-0.00863136
-0.00152141
-0.00881264
-0.00157378
-0.00899114
-0.00162608
-0.00916607
-0.00167814
-0.00933665
-0.00172979
-0.00950214
-0.00178084
-0.00966181
-0.00183109
-0.00981499
-0.00188033
-0.00192836
-0.00607278
-0.00090179
-0.00624478
-0.000943551
-0.00642237
-0.000986533
-0.00660508
-0.00103075
-0.00679237
-0.00107621
-0.00698366
-0.00112287
-0.00717834
-0.00117071
-0.00737576
-0.00121967
-0.00757524
-0.00126966
-0.00777606
-0.00132059
-0.00797749
-0.00137235
-0.00817874
-0.00142482
-0.00837902
-0.00147786
-0.00857752
-0.0015313
-0.00877339
-0.00158497
-0.00896578
-0.0016387
-0.00915385
-0.00169227
-0.00174547
-0.00511801
-0.000745073
-0.0052818
-0.00077976
-0.0054524
-0.000815937
-0.00562949
-0.000853663
-0.00581272
-0.000892977
-0.0060017
-0.000933897
-0.00619599
-0.000976421
-0.00639513
-0.00102053
-0.00659861
-0.00106618
-0.00680588
-0.00111331
-0.00701637
-0.00116186
-0.00722946
-0.00121173
-0.0074445
-0.00126282
-0.00766078
-0.00131502
-0.00787757
-0.00136819
-0.00809407
-0.00142219
-0.00830946
-0.00147687
-0.00153207
-0.00417758
-0.000603358
-0.00432674
-0.0006306
-0.00448324
-0.00065944
-0.00464693
-0.000689972
-0.00481764
-0.000722268
-0.00499516
-0.00075638
-0.00517924
-0.00079234
-0.00536961
-0.000830156
-0.00556597
-0.000869819
-0.00576798
-0.0009113
-0.00597529
-0.000954555
-0.00618749
-0.000999525
-0.00640418
-0.00104614
-0.00662487
-0.00684909
-0.00707626
-0.00730579
-0.00328426
-0.00341479
-0.00355258
-0.00369759
-0.00384981
-0.00400917
-0.00417558
-0.00434893
-0.00452911
-0.00471595
-0.0049093
-0.00510897
)
;

boundaryField
{
    inlet
    {
        type            calculated;
        value           nonuniform 0();
    }
    outlet
    {
        type            calculated;
        value           nonuniform 0();
    }
    polygon
    {
        type            calculated;
        value           nonuniform 0();
    }
    top
    {
        type            symmetryPlane;
        value           uniform 0;
    }
    bottom
    {
        type            symmetryPlane;
        value           uniform 0;
    }
    outside
    {
        type            calculated;
        value           nonuniform List<scalar> 
18
(
0.00186222
0.00191188
0.001959
0.00200355
0.00204553
0.00208494
0.0021218
0.00215614
0.002188
0.00221743
0.00224449
0.00226925
0.0022918
0.00231223
0.00233065
0.00234716
0.00236188
0.00237493
)
;
    }
    procBoundary60to52
    {
        type            processor;
        value           nonuniform List<scalar> 
19
(
-0.00109432
-0.00114398
-0.00119502
-0.00124735
-0.00130086
-0.000480058
-0.000500065
-0.000521658
-0.000544954
-0.00057005
-0.000597024
-0.000625929
-0.0006568
-0.000689645
-0.000724458
-0.000761208
-0.000799854
-0.00531477
-0.00084034
)
;
    }
    procBoundary60to59
    {
        type            processor;
        value           nonuniform List<scalar> 9(-0.0110518 -0.0109956 -0.0108885 -0.0107038 -0.0104068 -0.00996105 -0.00933674 -0.00852286 -0.007537);
    }
    procBoundary60to61
    {
        type            processor;
        value           nonuniform List<scalar> 10(0.0100341 0.00966772 0.00914107 0.00848209 0.00770495 0.00683472 0.00590684 0.0049613 0.00403587 0.00316096);
    }
}


// ************************************************************************* //
