/*--------------------------------*- C++ -*----------------------------------*\
  =========                 |
  \\      /  F ield         | OpenFOAM: The Open Source CFD Toolbox
   \\    /   O peration     | Website:  https://openfoam.org
    \\  /    A nd           | Version:  7
     \\/     M anipulation  |
\*---------------------------------------------------------------------------*/
FoamFile
{
    version     2.0;
    format      ascii;
    class       labelList;
    location    "constant/polyMesh";
    object      faceProcAddressing;
}
// * * * * * * * * * * * * * * * * * * * * * * * * * * * * * * * * * * * * * //


318
(
791
793
794
796
797
799
800
802
805
1561
1562
1563
1564
1565
1566
1567
1568
1569
1570
1571
1572
1574
1580
1581
1582
1583
1584
1585
1586
1587
1588
1589
1590
1591
1593
1599
1600
1601
1602
1603
1604
1605
1606
1607
1608
1609
1610
1612
1618
1619
1620
1621
1622
1623
1624
1625
1626
1627
1628
1629
1631
1637
1638
1639
1640
1641
1642
1643
1644
1645
1646
1647
1648
1650
1656
1657
1658
1659
1660
1661
1662
1663
1664
1665
1666
1667
1669
1675
1676
1677
1678
1679
1680
1681
1682
1683
1684
1685
1686
1688
1694
1695
1696
1697
1698
1699
1700
1701
1702
1703
1704
1705
1707
1713
1714
1715
1716
1717
1718
1719
1720
1721
1722
1723
1724
1726
1732
1733
1734
1735
1736
1737
2291
2301
2302
2303
2304
2305
2306
2307
2308
2309
2310
2841
2851
2861
2871
2881
3241
3242
3243
3244
3245
3246
3247
3248
3249
3250
3251
3252
3253
3254
3255
3256
3257
3258
3259
3260
3261
3262
3263
3264
3265
3266
3267
3268
3269
3270
3271
3272
3273
3274
3275
3276
3277
3278
3279
3280
3281
3282
3283
3284
3285
3286
3287
3288
3289
3290
3291
3292
3293
3294
3295
3296
3297
3298
3299
3300
3301
3302
3303
3304
3305
3306
3307
3308
3309
3310
4041
4051
4061
4071
4081
4441
4442
4443
4444
4445
4446
4447
4448
4449
4450
4451
4452
4453
4454
4455
4456
4457
4458
4459
4460
4461
4462
4463
4464
4465
4466
4467
4468
4469
4470
4471
4472
4473
4474
4475
4476
4477
4478
4479
4480
4481
4482
4483
4484
4485
4486
4487
4488
4489
4490
4491
4492
4493
4494
4495
4496
4497
4498
4499
4500
4501
4502
4503
4504
4505
4506
4507
4508
4509
4510
4881
4882
4883
4884
4885
4886
4887
1573
1592
1611
1630
1649
792
795
798
801
803
804
-808
-811
1668
1687
1706
1725
1738
)


// ************************************************************************* //
