/*--------------------------------*- C++ -*----------------------------------*\
  =========                 |
  \\      /  F ield         | OpenFOAM: The Open Source CFD Toolbox
   \\    /   O peration     | Website:  https://openfoam.org
    \\  /    A nd           | Version:  7
     \\/     M anipulation  |
\*---------------------------------------------------------------------------*/
FoamFile
{
    version     2.0;
    format      ascii;
    class       surfaceScalarField;
    location    "20";
    object      phi;
}
// * * * * * * * * * * * * * * * * * * * * * * * * * * * * * * * * * * * * * //

dimensions      [0 3 -1 0 0 0 0];

internalField   nonuniform List<scalar> 
322
(
-0.000497544
-6.58216e-05
-0.000427508
-7.00355e-05
-0.000353052
-7.44566e-05
-0.000273998
-7.9054e-05
-0.000190217
-8.37806e-05
-0.000101649
-8.8568e-05
-8.32307e-06
-9.33268e-05
8.96027e-05
-9.79265e-05
0.000191814
-0.000102212
0.00029784
-0.000106027
0.000406976
-0.000109137
0.000518302
-0.000111327
0.000630674
-0.000112372
0.000742745
-0.000112071
0.00085301
-0.000110265
0.000959873
-0.000106862
0.00106173
-0.000101853
-9.53137e-05
-0.000497669
-0.000131685
-0.000427587
-0.000140117
-0.000353079
-0.000148965
-0.000273968
-0.000158165
-0.000190126
-0.000167623
-0.000101491
-0.000177202
-8.09588e-06
-0.000186722
8.99024e-05
-0.000195925
0.000192185
-0.000204495
0.000298276
-0.000212118
0.000407469
-0.000218329
0.000518838
-0.000222696
0.000631232
-0.000224766
0.000743298
-0.000224137
0.000853525
-0.000220492
0.000960313
-0.00021365
0.00106205
-0.000203592
-0.000190472
-0.000498727
-0.000197556
-0.000428632
-0.000210212
-0.000354107
-0.00022349
-0.000274974
-0.000237298
-0.000191105
-0.000251492
-0.00010244
-0.000265867
-9.00983e-06
-0.000280152
8.90246e-05
-0.000293959
0.000191343
-0.000306813
0.000297466
-0.000318242
0.000406683
-0.000327545
0.00051806
-0.000334073
0.000630441
-0.000337147
0.000742466
-0.000336161
0.000852615
-0.000330642
0.000959283
-0.000320318
0.00106086
-0.000305165
-0.000285419
-0.00050069
-0.000263406
-0.000430614
-0.000280288
-0.000356103
-0.000298001
-0.000276981
-0.00031642
-0.000193118
-0.000335355
-0.000104455
-0.00035453
-1.10217e-05
-0.000373586
8.70184e-05
-0.000391999
0.000189344
-0.000409138
0.000295472
-0.00042437
0.000404685
-0.000436759
0.000516046
-0.000445434
0.000628389
-0.00044949
0.000740345
-0.000448117
0.000850385
-0.000440682
0.000956896
-0.000426829
0.00105826
-0.000406528
-0.000380101
-0.000503525
-0.000329206
-0.000433497
-0.000350316
-0.000359032
-0.000372467
-0.000279951
-0.0003955
-0.000196125
-0.000419181
-0.000107495
-0.000443161
-1.40877e-05
-0.000466993
8.39288e-05
-0.000490016
0.000186233
-0.000511443
0.000292339
-0.000530476
0.000401525
-0.000545945
0.000512845
-0.000556754
0.000625125
-0.00056177
0.000736984
-0.000559976
0.000846886
-0.000550584
0.000953205
-0.000533148
0.00105432
-0.000507639
-0.000474469
-0.000507187
-0.000394927
-0.000437236
-0.000420268
-0.000362844
-0.000446858
-0.000283835
-0.00047451
-0.000200075
-0.000502941
-0.000111507
-0.000531729
-1.81548e-05
-0.000560344
7.98099e-05
-0.000587981
0.000182067
-0.000613699
0.000288125
-0.000636534
0.000397259
-0.000655079
0.000508514
-0.00066801
0.000620707
-0.000673963
0.000732445
-0.000671714
0.000842177
-0.000660316
0.000948268
-0.000639239
0.00104909
-0.000608456
-0.000568473
-0.000511625
-0.000460545
-0.000441776
-0.000490117
-0.000367486
-0.000521148
-0.000288574
-0.000553421
-0.000204909
-0.000586606
-0.00011643
-0.000620209
-2.316e-05
-0.000653615
7.47261e-05
-0.000685867
0.00017691
-0.000715883
0.000282896
-0.00074252
0.000391954
-0.000764138
0.000503122
-0.000779177
0.000615203
-0.000786045
0.000726793
-0.000783304
0.000836326
-0.000769849
0.000942154
-0.000745066
0.00104263
-0.000708936
-0.000662061
-0.000516783
-0.000526037
-0.00044706
-0.000559839
-0.000372895
-0.000595313
-0.000294107
-0.00063221
-0.000210562
-0.000670151
-0.000122198
-0.000708573
-2.90343e-05
-0.000746778
6.87479e-05
-0.000783649
0.000170833
-0.000817968
0.000276723
-0.00084841
0.000385683
-0.000873098
0.000496739
-0.000890233
0.000608685
-0.00089799
0.000720099
-0.000894718
0.000829401
-0.000879151
0.000934927
-0.000850592
0.00103502
-0.000809032
-0.000755179
-0.000522595
-0.000591383
-0.00045302
-0.000629415
-0.000379002
-0.000669331
-0.00030036
-0.000710852
-0.000216958
-0.000753553
-0.000128732
-0.000796798
-3.56978e-05
-0.000839812
6.19572e-05
-0.000881304
0.000163922
-0.000919934
0.000269694
-0.000954181
0.000378533
-0.000981937
0.000489454
-0.00100115
0.000601238
-0.00100977
0.000712447
0.000821483
0.000926664
0.00102633
-0.000528995
-0.000459584
-0.000385731
-0.000307252
-0.00022401
-0.000135941
-4.30545e-05
5.44544e-05
0.000156282
0.000261917
0.000370616
0.00048138
)
;

boundaryField
{
    inlet
    {
        type            calculated;
        value           nonuniform 0();
    }
    outlet
    {
        type            calculated;
        value           nonuniform 0();
    }
    polygon
    {
        type            calculated;
        value           nonuniform 0();
    }
    top
    {
        type            symmetryPlane;
        value           uniform 0;
    }
    bottom
    {
        type            symmetryPlane;
        value           uniform 0;
    }
    outside
    {
        type            calculated;
        value           nonuniform 0();
    }
    procBoundary29to21
    {
        type            processor;
        value           nonuniform List<scalar> 
19
(
-0.000656565
-0.000698825
-0.000743184
-0.00078933
-0.000836795
-0.000884868
-0.000932698
-0.000978813
-0.00102176
-0.00105982
-0.00109064
-0.00111192
-0.00112137
-0.00100593
-0.000988186
-0.000955774
-0.000908695
-0.00084777
0.000592978
)
;
    }
    procBoundary29to28
    {
        type            processor;
        value           nonuniform List<scalar> 9(0.00115704 0.00115721 0.0011558 0.00115294 0.00114868 0.00114309 0.00113622 0.00112814 0.00111892);
    }
    procBoundary29to30
    {
        type            processor;
        value           nonuniform List<scalar> 10(0.000563366 0.000563532 0.000564599 0.00056654 0.000569324 0.000572909 0.000577244 0.000582275 0.000587941 0.000594177);
    }
    procBoundary29to37
    {
        type            processor;
        value           nonuniform List<scalar> 
18
(
-8.49219e-11
-7.92382e-11
-3.05443e-11
3.20227e-11
1.0898e-10
2.81923e-10
4.58815e-10
7.28948e-10
7.9307e-10
8.12672e-10
7.67014e-10
4.93644e-10
2.3193e-10
-3.54805e-11
-1.66768e-10
-2.49568e-10
-3.03421e-10
-2.6765e-10
)
;
    }
}


// ************************************************************************* //
