/*--------------------------------*- C++ -*----------------------------------*\
  =========                 |
  \\      /  F ield         | OpenFOAM: The Open Source CFD Toolbox
   \\    /   O peration     | Website:  https://openfoam.org
    \\  /    A nd           | Version:  7
     \\/     M anipulation  |
\*---------------------------------------------------------------------------*/
FoamFile
{
    version     2.0;
    format      ascii;
    class       volVectorField;
    location    "20";
    object      U;
}
// * * * * * * * * * * * * * * * * * * * * * * * * * * * * * * * * * * * * * //

dimensions      [0 1 -1 0 0 0 0];

internalField   nonuniform List<vector> 
175
(
(0.27796 0.00288348 -2.39276e-18)
(0.242506 0.00307938 2.98204e-19)
(0.204795 0.00328628 8.34991e-18)
(0.164722 0.00350302 1.27152e-17)
(0.122211 0.00372769 1.94745e-18)
(0.077199 0.00395742 -6.74284e-18)
(0.0296891 0.00418836 6.19429e-19)
(-0.0202914 0.00441464 -1.11962e-18)
(-0.072612 0.00462924 -2.07767e-18)
(-0.127067 0.00482486 -5.05982e-19)
(-0.183372 0.0049905 -2.13863e-18)
(-0.241084 0.00511575 1.88764e-18)
(-0.299678 0.00518951 -6.13665e-18)
(-0.358494 0.00520145 -1.76043e-17)
(-0.416784 0.00514309 -7.41612e-18)
(-0.473729 0.0050089 -4.22512e-18)
(-0.528483 0.00479713 -5.33375e-19)
(-0.580215 0.00451019 4.30692e-18)
(0.278445 0.00861631 -8.59397e-18)
(0.243007 0.00918206 -9.6619e-19)
(0.205313 0.00977694 7.87523e-18)
(0.165256 0.010397 1.05546e-17)
(0.122762 0.0110363 1.71606e-18)
(0.0777665 0.0116856 -8.47265e-18)
(0.0302727 0.0123334 8.24456e-19)
(-0.0196922 0.0129623 -1.67403e-18)
(-0.0719975 0.0135514 -8.9235e-19)
(-0.126438 0.0140798 -3.52081e-19)
(-0.182728 0.0145158 -1.56856e-18)
(-0.240426 0.0148304 -6.21114e-20)
(-0.299005 0.0149926 -6.5548e-18)
(-0.357805 0.0149746 -1.661e-17)
(-0.416076 0.0147542 -1.20173e-17)
(-0.472999 0.0143183 4.46306e-18)
(-0.527726 0.0136646 7.90202e-18)
(-0.579427 0.0128025 4.5612e-18)
(0.279406 0.0143341 -1.64324e-17)
(0.244001 0.0152659 -3.29094e-18)
(0.20634 0.0162452 8.1275e-18)
(0.166317 0.0172654 1.07369e-17)
(0.123857 0.0183164 2.25106e-18)
(0.0788947 0.0193834 -6.97411e-18)
(0.0314338 0.0204468 -3.20422e-18)
(-0.0184992 0.0214781 -2.62729e-18)
(-0.0707736 0.0224428 7.26302e-20)
(-0.125184 0.023306 -2.03424e-19)
(-0.181446 0.024016 -1.32566e-18)
(-0.239115 0.0245245 -2.25859e-18)
(-0.297666 0.0247809 -8.81882e-18)
(-0.356434 0.0247393 -1.86658e-17)
(-0.414669 0.0243637 -1.70103e-17)
(-0.471551 0.0236327 1.42012e-17)
(-0.526228 0.0225428 1.58439e-17)
(-0.577871 0.0211101 3.62467e-18)
(0.280832 0.0200499 -1.89847e-17)
(0.245476 0.0213487 -7.24901e-18)
(0.207864 0.0227134 9.59149e-18)
(0.167892 0.0241349 1.31344e-17)
(0.125482 0.0255988 3.5606e-18)
(0.0805707 0.0270844 -6.79647e-18)
(0.0331592 0.0285643 -3.09432e-18)
(-0.016726 0.0299987 -4.14176e-18)
(-0.0689539 0.031339 -3.09262e-19)
(-0.12332 0.0325367 -7.21374e-20)
(-0.179539 0.0335194 -1.40909e-18)
(-0.237167 0.0342197 -4.48645e-18)
(-0.295675 0.034567 -5.17004e-18)
(-0.354398 0.0344977 -1.3451e-17)
(-0.412583 0.0339615 -2.30382e-17)
(-0.469405 0.0329292 1.1309e-17)
(-0.524013 0.0313967 2.52291e-17)
(-0.575573 0.0293871 2.33262e-18)
(0.282705 0.0257599 -1.72992e-17)
(0.247413 0.0274259 -5.75386e-18)
(0.209867 0.0291761 1.21436e-17)
(0.169961 0.0309986 1.11883e-17)
(0.127618 0.0328751 5.753e-18)
(0.0827736 0.0347787 -8.28003e-18)
(0.0354275 0.0366744 -3.335e-18)
(-0.0143944 0.0385105 -3.67336e-18)
(-0.0665608 0.040225 -2.99249e-19)
(-0.120868 0.0417551 5.11268e-20)
(-0.177031 0.043008 -1.81905e-18)
(-0.234605 0.0438969 -2.53178e-18)
(-0.293058 0.0443313 -2.49778e-18)
(-0.351723 0.0442296 -1.18687e-17)
(-0.409843 0.0435277 -3.20749e-17)
(-0.46659 0.0421887 1.26396e-17)
(-0.521108 0.0402082 1.73591e-17)
(-0.572562 0.0376167 -2.4499e-19)
(0.285003 0.0314606 -1.13651e-17)
(0.249789 0.0334936 -6.48197e-18)
(0.212323 0.035629 1.62579e-17)
(0.1725 0.0378523 1.15969e-17)
(0.130239 0.0401412 9.53907e-18)
(0.0854766 0.0424625 -6.07268e-18)
(0.038211 0.0447738 -4.25901e-18)
(-0.011533 0.0470112 -9.0942e-19)
(-0.0636236 0.0490992 -2.84069e-19)
(-0.117859 0.0509608 2.35966e-19)
(-0.173953 0.0524827 -2.44889e-18)
(-0.23146 0.0535583 -7.67689e-19)
(-0.289846 0.0540772 -9.87504e-20)
(-0.348441 0.0539397 -1.29196e-17)
(-0.406483 0.053068 -3.13694e-17)
(-0.463138 0.0514174 3.86416e-18)
(-0.517547 0.0489835 1.18035e-17)
(-0.568871 0.0458047 -3.42168e-18)
(0.287699 0.0371499 -8.42594e-18)
(0.252577 0.0395496 -1.02953e-17)
(0.215205 0.0420702 1.58073e-17)
(0.175478 0.0446944 7.24395e-18)
(0.133313 0.0473958 9.38573e-18)
(0.0886476 0.0501349 -5.24489e-18)
(0.0414767 0.0528622 -5.91221e-18)
(-0.00817571 0.055501 -1.38044e-18)
(-0.0601769 0.0579629 -4.46746e-19)
(-0.114327 0.0601559 4.96921e-19)
(-0.17034 0.0619464 -3.55788e-18)
(-0.227768 0.0632076 5.53313e-18)
(-0.286076 0.063809 1.61384e-18)
(-0.344588 0.0636326 -6.57342e-18)
(-0.402537 0.0625868 -2.1971e-17)
(-0.459084 0.0606193 -7.74777e-19)
(-0.513364 0.0577261 8.88863e-18)
(-0.564534 0.0539537 1.63821e-17)
(0.290763 0.0428242 -7.06106e-18)
(0.255745 0.0455898 -9.35757e-18)
(0.21848 0.0484946 1.82555e-17)
(0.178861 0.0515185 4.65185e-18)
(0.136807 0.0546314 5.50126e-18)
(0.092251 0.0577874 -5.39101e-18)
(0.0451879 0.0609299 -4.67324e-18)
(-0.00436001 0.0639686 -1.76898e-18)
(-0.0562589 0.0668033 7.52609e-19)
(-0.110311 0.0693265 8.53539e-19)
(-0.166232 0.0713841 -5.02418e-18)
(-0.22357 0.0728287 7.37555e-18)
(-0.281787 0.0735099 -4.51826e-18)
(-0.340203 0.0732911 -2.821e-18)
(-0.398044 0.0720667 -3.00297e-17)
(-0.454466 0.0697771 -2.67381e-18)
(-0.508595 0.0664188 9.3241e-18)
(-0.559587 0.0620471 1.41157e-17)
(0.294163 0.0484771 -7.02849e-18)
(0.25926 0.0516063 -4.5469e-18)
(0.222114 0.0548925 1.66715e-17)
(0.182615 0.0583133 2.98655e-18)
(0.140682 0.0618341 3.49335e-18)
(0.0962485 0.0654032 -6.64754e-18)
(0.0493052 0.0689571 -4.17786e-19)
(-0.000126151 0.0723906 -2.49455e-18)
(-0.0519103 0.0755934 8.70538e-19)
(-0.105852 0.0784412 1.1289e-18)
(-0.161669 0.0807599 -4.59588e-18)
(-0.218904 0.0823816 5.55046e-18)
(-0.277018 0.0831358 -4.0391e-18)
(-0.335325 0.0828675 -2.20839e-19)
(-0.393043 0.0814574 -2.91351e-17)
(-0.449319 0.078839 -1.94251e-18)
(-0.503276 0.0750097 1.2182e-17)
(-0.554061 0.0700343 1.21375e-17)
(0.297866 0.0541138 -8.45189e-18)
(0.263087 0.0576101 -2.21525e-18)
(0.226069 0.0612822 1.13359e-17)
(0.186701 0.0651049 1.81756e-18)
(0.144901 0.0690397 2.70175e-18)
(0.1006 0.0730283 -4.20207e-18)
(0.0537877 0.0770011 -6.83208e-19)
(0.00448425 0.0808365 -3.73321e-18)
(-0.0471733 0.084415 2.81281e-19)
(-0.100994 0.0875945 8.3412e-19)
(-0.156694 0.0901807 -4.70797e-18)
(-0.213815 0.0919837 4.48137e-18)
(-0.271812 0.0928128 -4.22599e-18)
)
;

boundaryField
{
    inlet
    {
        type            uniformFixedValue;
        uniformValue    constant (1 0 0);
        value           nonuniform 0();
    }
    outlet
    {
        type            pressureInletOutletVelocity;
        value           nonuniform 0();
    }
    polygon
    {
        type            fixedValue;
        value           nonuniform 0();
    }
    top
    {
        type            symmetryPlane;
    }
    bottom
    {
        type            symmetryPlane;
    }
    outside
    {
        type            zeroGradient;
    }
    procBoundary29to21
    {
        type            processor;
        value           nonuniform List<vector> 
19
(
(0.301565 0.0593937 -4.01087e-18)
(0.266912 0.0632569 -2.13574e-18)
(0.230023 0.0673181 9.50423e-18)
(0.190788 0.0715498 1.13016e-18)
(0.149122 0.0759104 2.8943e-18)
(0.104958 0.0803355 -3.33485e-18)
(0.0582799 0.0847486 -5.80062e-19)
(0.00910819 0.0890166 -3.17641e-18)
(-0.0424178 0.0930035 2.77902e-19)
(-0.0961112 0.0965534 4.88764e-19)
(-0.151689 0.0994489 -2.92757e-18)
(-0.208688 0.101477 3.62658e-20)
(-0.26656 0.102424 -5.17367e-18)
(-0.329993 0.0924936 1.1633e-17)
(-0.38757 0.0908932 -2.00637e-17)
(-0.44368 0.0879378 2.04923e-18)
(-0.497438 0.0836268 1.70708e-17)
(-0.547987 0.0780347 1.02491e-17)
(-0.329993 0.0924936 1.1633e-17)
)
;
    }
    procBoundary29to28
    {
        type            processor;
        value           nonuniform List<vector> 9((-0.628156 0.0041544 -3.59654e-17) (-0.627333 0.0117521 -1.24192e-17) (-0.62571 0.0193683 1.08678e-17) (-0.623316 0.0269481 1.10442e-17) (-0.620181 0.0344762 1.44617e-17) (-0.616339 0.0419579 2.161e-17) (-0.611823 0.0493944 8.64603e-18) (-0.606666 0.05677 -3.14155e-18) (-0.6009 0.0640372 -1.46299e-17));
    }
    procBoundary29to30
    {
        type            processor;
        value           nonuniform List<vector> 10((0.311271 0.00269917 3.88295e-18) (0.311739 0.00808189 2.55421e-19) (0.312669 0.0134536 -2.76357e-18) (0.314047 0.0188222 -4.78034e-18) (0.315858 0.0241849 -6.21739e-18) (0.318079 0.0295385 -1.57672e-17) (0.320686 0.0348808 -1.90854e-17) (0.323649 0.0402091 -1.76533e-17) (0.326938 0.045518 -1.19292e-17) (0.33052 0.0508078 -8.86331e-18));
    }
    procBoundary29to37
    {
        type            processor;
        value           nonuniform List<vector> 
18
(
(0.27796 -0.0028835 3.07448e-18)
(0.242506 -0.0030794 1.15303e-18)
(0.204795 -0.00328628 9.54392e-18)
(0.164722 -0.00350301 1.07552e-17)
(0.122211 -0.00372767 2.77573e-18)
(0.077199 -0.00395737 -7.01796e-19)
(0.0296891 -0.00418828 7.94381e-19)
(-0.0202914 -0.00441451 -6.47307e-19)
(-0.072612 -0.0046291 -2.33017e-18)
(-0.127067 -0.00482472 -6.18386e-19)
(-0.183372 -0.00499037 -2.80318e-18)
(-0.241084 -0.00511566 -8.52767e-19)
(-0.299678 -0.00518947 -7.56994e-18)
(-0.358494 -0.00520146 -2.15567e-17)
(-0.416784 -0.00514312 -3.30457e-18)
(-0.473729 -0.00500894 -2.98247e-17)
(-0.528483 -0.00479718 -7.52361e-18)
(-0.580215 -0.00451024 3.04512e-18)
)
;
    }
}


// ************************************************************************* //
