/*--------------------------------*- C++ -*----------------------------------*\
  =========                 |
  \\      /  F ield         | OpenFOAM: The Open Source CFD Toolbox
   \\    /   O peration     | Website:  https://openfoam.org
    \\  /    A nd           | Version:  7
     \\/     M anipulation  |
\*---------------------------------------------------------------------------*/
FoamFile
{
    version     2.0;
    format      ascii;
    class       volVectorField;
    location    "24";
    object      U;
}
// * * * * * * * * * * * * * * * * * * * * * * * * * * * * * * * * * * * * * //

dimensions      [0 1 -1 0 0 0 0];

internalField   nonuniform List<vector> 
175
(
(0.979145 -0.172072 2.03348e-18)
(0.645576 -0.0951851 9.30406e-19)
(0.245801 -0.0254354 -8.44639e-19)
(-0.0213839 -0.0317059 -1.6724e-18)
(-0.0683739 -0.0352745 -2.93702e-18)
(1.0242 -0.185017 2.79767e-18)
(0.705293 -0.106646 1.35602e-18)
(0.295356 -0.0287514 3.13629e-19)
(-0.000411176 -0.0307673 -1.31645e-18)
(-0.0679069 -0.0330163 -1.74941e-18)
(1.06256 -0.198873 3.21468e-18)
(0.76172 -0.121002 1.70986e-18)
(0.347159 -0.0339138 9.45777e-19)
(0.0225128 -0.025963 -1.09294e-18)
(-0.0660125 -0.0295287 -1.29741e-18)
(1.09883 -0.212752 3.60768e-18)
(0.817433 -0.136523 2.05401e-18)
(0.402115 -0.04152 9.96464e-19)
(0.0493412 -0.0189369 -9.84831e-19)
(-0.0630934 -0.0250332 -1.05825e-18)
(1.13276 -0.226606 3.90885e-18)
(0.872815 -0.152858 2.44507e-18)
(0.461689 -0.0519223 1.17232e-18)
(0.0812741 -0.0111743 4.51211e-19)
(-0.0593483 -0.019668 -1.09397e-18)
(0.927025 -0.169892 2.64199e-18)
(0.525506 -0.0652277 9.94198e-19)
(0.118842 -0.00420356 1.03126e-19)
(-0.0543969 -0.0136326 -1.4334e-18)
(0.979305 -0.187515 3.01893e-18)
(0.592792 -0.0813508 1.64769e-18)
(0.162484 0.000420254 -2.12768e-19)
(-0.047593 -0.00719619 -2.24269e-18)
(1.02912 -0.205618 3.37844e-18)
(0.663133 -0.100073 2.1776e-18)
(0.213105 0.0012923 -3.3e-19)
(-0.038211 -0.00066427 -1.63202e-18)
(1.07613 -0.224159 3.72172e-18)
(0.736467 -0.121157 2.69474e-18)
(0.272826 -0.00251915 -4.15525e-19)
(-0.0244116 0.00580388 -1.34807e-18)
(1.11937 -0.24312 3.96447e-18)
(0.809714 -0.144472 4.07809e-18)
(0.340198 -0.01145 -4.16593e-19)
(-0.00128379 0.0122857 -1.39298e-18)
(-0.0803053 -0.0565157 -3.56112e-19)
(-0.0728388 -0.0611537 -1.0658e-18)
(-0.0533013 -0.074506 -1.12654e-18)
(-0.0161258 -0.0387427 -1.51353e-18)
(-0.134051 -0.00818982 -1.4783e-18)
(-0.129876 -0.0110036 -2.96849e-18)
(-0.124645 -0.0142864 -8.4131e-19)
(-0.11896 -0.0184857 2.00475e-18)
(-0.111699 -0.0233332 -5.56058e-18)
(-0.104962 -0.0296254 -2.81645e-19)
(-0.0951495 -0.0373017 5.0939e-19)
(-0.0889901 -0.0458832 5.47863e-19)
(-0.0757844 -0.0588408 -7.11451e-19)
(-0.0713195 -0.0635275 -1.75574e-18)
(-0.053299 -0.077364 -7.2858e-19)
(-0.0178795 -0.0383309 -1.4303e-18)
(-0.125743 -0.00895675 -3.26838e-18)
(-0.121354 -0.011932 -1.87878e-18)
(-0.115985 -0.0153842 -1.08712e-18)
(-0.110225 -0.019775 1.38544e-18)
(-0.103084 -0.0248012 -4.73553e-18)
(-0.0966215 -0.0313364 2.57579e-19)
(-0.0874576 -0.0391324 -1.55916e-20)
(-0.0824211 -0.0480104 4.91658e-19)
(-0.0706955 -0.0608408 -1.19039e-18)
(-0.0693674 -0.0655964 -1.05636e-18)
(-0.0529557 -0.0798574 -4.03274e-19)
(-0.0205044 -0.0379341 -1.58499e-18)
(-0.116812 -0.00976676 -3.89201e-18)
(-0.112182 -0.0128974 -8.77275e-19)
(-0.106654 -0.0165093 -1.55774e-18)
(-0.100801 -0.0210756 1.27572e-18)
(-0.0937684 -0.0262565 -3.30766e-18)
(-0.0875718 -0.0329996 1.08995e-18)
(-0.0790572 -0.0408534 -6.2612e-19)
(-0.0751428 -0.0499647 -9.92594e-19)
(-0.0649188 -0.0625055 -2.0511e-18)
(-0.0668267 -0.0673483 -2.4073e-18)
(-0.0521601 -0.0818613 7.41185e-21)
(-0.0244664 -0.0376423 -2.20106e-18)
(-0.107225 -0.0106156 -5.15319e-18)
(-0.102327 -0.0138986 2.22409e-19)
(-0.0966145 -0.0176641 -2.37397e-18)
(-0.0906462 -0.0223941 1.78275e-18)
(-0.0837021 -0.0277117 -2.54334e-18)
(-0.077753 -0.0346312 2.43834e-18)
(-0.0698679 -0.0424886 -1.4061e-18)
(-0.0670505 -0.0517628 -2.95525e-18)
(-0.0583045 -0.0638472 -3.38054e-18)
(-0.0634932 -0.0687544 -2.44736e-18)
(-0.050755 -0.083116 8.54121e-19)
(-0.0304448 -0.0376328 -3.6031e-18)
(-0.101565 -0.00873015 -5.86788e-18)
(-0.0969497 -0.0115347 -5.35558e-18)
(-0.0917526 -0.0149642 -1.89365e-18)
(-0.0858259 -0.018873 -5.47323e-18)
(-0.0797148 -0.0237429 -6.56809e-19)
(-0.0728293 -0.029167 -4.15102e-18)
(-0.0670969 -0.0362084 9.52923e-19)
(-0.0597949 -0.0440002 -4.23824e-18)
(-0.058022 -0.0533406 -5.53893e-18)
(-0.0506635 -0.0647921 -3.7223e-18)
(-0.0590983 -0.0697255 -2.87671e-18)
(-0.0485173 -0.0835694 -4.64992e-19)
(-0.0394325 -0.0379038 -4.28953e-18)
(-0.0735721 -0.0111006 -1.33668e-17)
(-0.0681013 -0.0142287 -1.29691e-17)
(-0.0621251 -0.0179426 -1.15489e-17)
(-0.0556462 -0.0221016 -1.17519e-17)
(-0.0491791 -0.0271466 -1.06997e-17)
(-0.0424481 -0.0326259 -1.05507e-17)
(-0.0372782 -0.0396694 -1.58295e-18)
(-0.0313945 -0.0469146 -9.99063e-18)
(-0.0322098 -0.0560933 -1.11208e-17)
(-0.0280584 -0.0655563 -1.01986e-17)
(-0.0445721 -0.0706244 -1.03166e-17)
(-0.0398932 -0.0850655 -6.91416e-18)
(-0.0732123 -0.038043 -8.99392e-18)
(-0.00926505 -0.0148664 -5.49977e-18)
(-0.00143389 -0.0183662 -5.5256e-18)
(0.0067633 -0.0222833 -4.89608e-18)
(0.0151745 -0.0265253 -4.91718e-18)
(0.0233172 -0.0312624 -4.45185e-18)
(0.031146 -0.0362291 -4.04679e-18)
(0.037115 -0.0419833 -1.48147e-18)
(0.042813 -0.0472665 -4.24831e-18)
(0.0409302 -0.0538567 -4.63711e-18)
(0.0442588 -0.0578971 -4.28635e-18)
(0.0186157 -0.0601364 -4.26772e-18)
(0.0279245 -0.0639053 -3.09643e-18)
(-0.0602922 -0.0168238 -3.46579e-18)
(0.0773738 -0.021371 -1.41823e-17)
(0.0889217 -0.0251714 -1.36693e-17)
(0.100805 -0.0292105 -1.30968e-17)
(0.112856 -0.0333962 -1.27777e-17)
(0.124751 -0.03777 -1.20076e-17)
(0.136354 -0.0421045 -1.09397e-17)
(0.146862 -0.0465999 -3.65179e-18)
(0.157062 -0.0500765 -1.1661e-17)
(0.162759 -0.0541115 -1.19027e-17)
(0.174024 -0.0525539 -1.13297e-17)
(0.165055 -0.0537788 -1.17663e-17)
(0.199413 -0.0373279 -7.5111e-18)
(0.149164 -0.0187276 -1.042e-17)
(0.191285 -0.0309281 -3.81961e-18)
(0.208366 -0.0350659 -3.40633e-18)
(0.226094 -0.0393184 -3.72826e-18)
(0.244482 -0.0436187 -4.27316e-18)
(0.263542 -0.0479545 -3.14788e-18)
(0.283478 -0.0521897 -4.51608e-18)
(0.304432 -0.0563213 -9.90248e-18)
(0.327384 -0.0598142 -2.44666e-18)
(0.352111 -0.0634583 -3.07745e-18)
(0.385442 -0.0642465 -2.68092e-18)
(0.417732 -0.0706354 -2.61008e-18)
(0.494762 -0.064684 -1.3839e-18)
(0.5235 -0.0859102 -1.12193e-18)
(0.336193 -0.0450261 -1.02217e-18)
(0.360928 -0.0497919 -1.71207e-18)
(0.387098 -0.0547369 -3.64128e-18)
(0.415037 -0.0598829 -9.98616e-18)
(0.44521 -0.0653096 -2.17384e-19)
(0.478331 -0.0711001 -2.34997e-18)
(0.51532 -0.0774599 -2.52828e-18)
(0.557574 -0.0845911 -1.22726e-19)
(0.606437 -0.0933418 -8.84937e-19)
(0.665195 -0.103733 -4.31161e-19)
(0.732478 -0.119618 -1.80627e-19)
(0.825395 -0.131109 5.01347e-19)
(0.8867 -0.166872 1.3721e-18)
)
;

boundaryField
{
    inlet
    {
        type            uniformFixedValue;
        uniformValue    constant (1 0 0);
        value           nonuniform 0();
    }
    outlet
    {
        type            pressureInletOutletVelocity;
        value           nonuniform 0();
    }
    polygon
    {
        type            fixedValue;
        value           uniform (0 0 0);
    }
    top
    {
        type            symmetryPlane;
    }
    bottom
    {
        type            symmetryPlane;
    }
    outside
    {
        type            zeroGradient;
    }
    procBoundary18to10
    {
        type            processor;
        value           nonuniform List<vector> 
24
(
(1.17933 -0.232636 4.01999e-18)
(1.20492 -0.243105 4.18915e-18)
(1.22477 -0.253044 4.43863e-18)
(1.24289 -0.262657 2.51552e-18)
(1.2588 -0.271899 3.48455e-18)
(1.16406 -0.24036 4.8227e-18)
(1.16406 -0.24036 4.8227e-18)
(1.19254 -0.25391 5.37256e-18)
(1.21797 -0.267137 5.9215e-18)
(1.24031 -0.279934 6.36585e-18)
(1.25967 -0.292181 6.00778e-18)
(0.511255 -0.065069 -9.41247e-19)
(0.544956 -0.071093 -1.19694e-18)
(0.580921 -0.0776062 -1.76084e-18)
(0.619607 -0.0847518 -2.46226e-18)
(0.661533 -0.0927354 -1.39706e-18)
(0.707266 -0.101795 -4.02032e-18)
(0.757297 -0.112229 -8.17106e-18)
(0.811947 -0.124362 2.16344e-18)
(0.87112 -0.138686 -4.96371e-19)
(0.93493 -0.155339 5.66642e-19)
(1.00276 -0.174716 1.032e-18)
(1.0755 -0.193874 1.63465e-18)
(1.12674 -0.227044 2.94852e-18)
)
;
    }
    procBoundary18to11
    {
        type            processor;
        value           nonuniform List<vector> 6((-0.105447 -0.00639505 -4.57218e-18) (-0.0783608 -0.00843248 -1.27795e-17) (-0.0165003 -0.011772 -5.00945e-18) (0.0663714 -0.0178429 -1.41418e-17) (0.174913 -0.0269554 -3.22359e-18) (0.31269 -0.0404405 -3.73991e-19));
    }
    procBoundary18to19
    {
        type            processor;
        value           nonuniform List<vector> 5((-0.137564 -0.00597407 -2.84312e-19) (-0.129488 -0.00659234 -1.23652e-18) (-0.120815 -0.00725588 -2.35798e-18) (-0.111518 -0.00795849 -3.81414e-18) (-0.111518 -0.00795849 -3.81414e-18));
    }
    procBoundary18to25
    {
        type            processor;
        value           nonuniform List<vector> 4((1.15845 -0.262876 4.19368e-18) (0.876394 -0.170398 3.87838e-18) (0.401924 -0.0265477 -3.76332e-19) (0.0171036 0.0177485 -1.76372e-18));
    }
    procBoundary18to26
    {
        type            processor;
        value           nonuniform List<vector> 
13
(
(-0.0843543 -0.0538927 -4.14476e-20)
(-0.0740492 -0.0584906 -5.9967e-19)
(-0.0530437 -0.0713365 -1.2701e-19)
(-0.0149226 -0.039123 -2.06764e-18)
(-0.141762 -0.00746523 -9.96731e-20)
(-0.137781 -0.0101124 -2.68781e-18)
(-0.132669 -0.0132165 -7.01139e-19)
(-0.127046 -0.017208 1.28936e-18)
(-0.119657 -0.0218524 -4.17615e-18)
(-0.112648 -0.0278662 -6.80445e-19)
(-0.102202 -0.0353609 -4.85459e-19)
(-0.0949389 -0.0435857 7.18054e-19)
(-0.0949389 -0.0435857 7.18054e-19)
)
;
    }
}


// ************************************************************************* //
