/*--------------------------------*- C++ -*----------------------------------*\
  =========                 |
  \\      /  F ield         | OpenFOAM: The Open Source CFD Toolbox
   \\    /   O peration     | Website:  https://openfoam.org
    \\  /    A nd           | Version:  7
     \\/     M anipulation  |
\*---------------------------------------------------------------------------*/
FoamFile
{
    version     2.0;
    format      ascii;
    class       volVectorField;
    location    "70";
    object      U;
}
// * * * * * * * * * * * * * * * * * * * * * * * * * * * * * * * * * * * * * //

dimensions      [0 1 -1 0 0 0 0];

internalField   nonuniform List<vector> 
125
(
(-0.290615 0.00427836 4.5176e-19)
(-0.288937 0.00485912 -4.35949e-19)
(-0.287028 0.00541233 -4.8052e-19)
(-0.284903 0.00593165 4.91531e-18)
(-0.282574 0.00641124 1.73962e-18)
(-0.28006 0.00684582 1.39349e-18)
(-0.277378 0.00723095 -2.36868e-20)
(-0.27455 0.00756293 2.0643e-18)
(-0.271597 0.0078388 -2.66453e-18)
(-0.268542 0.00805651 1.02448e-18)
(-0.265407 0.00821486 -2.49081e-18)
(-0.262216 0.00831358 -1.17975e-18)
(-0.258993 0.0083533 1.58082e-18)
(-0.25576 0.00833551 -1.54308e-18)
(-0.252538 0.00826252 -7.70881e-20)
(-0.24935 0.00813737 -9.31383e-19)
(-0.30178 0.00324764 -6.84374e-19)
(-0.300238 0.00377323 -8.23826e-19)
(-0.29845 0.00428111 -1.36614e-18)
(-0.296426 0.00476516 -1.01258e-18)
(-0.294179 0.00521976 4.69187e-18)
(-0.291724 0.00563983 5.92887e-19)
(-0.289078 0.00602069 -1.19161e-19)
(-0.286262 0.00635841 -4.64743e-20)
(-0.283295 0.00664968 -1.52352e-20)
(-0.2802 0.00689191 -2.20061e-18)
(-0.277 0.00708326 9.47524e-19)
(-0.273719 0.00722264 -2.02029e-18)
(-0.270382 0.00730978 -1.91517e-18)
(-0.267012 0.00734518 -3.21382e-19)
(-0.263633 0.00733009 3.54631e-20)
(-0.260268 0.00726647 -6.78636e-19)
(-0.256939 0.00715694 -6.18212e-19)
(-0.310197 0.00279108 -1.48939e-18)
(-0.308567 0.00323911 -2.61002e-18)
(-0.306685 0.00367233 -3.09464e-18)
(-0.304562 0.00408548 -1.56925e-18)
(-0.302211 0.00447372 8.27462e-18)
(-0.299648 0.00483269 -1.33911e-18)
(-0.296889 0.00515833 -1.86943e-18)
(-0.293956 0.00544724 -6.13689e-20)
(-0.290869 0.00569656 -2.1593e-18)
(-0.28765 0.00590408 -3.26304e-18)
(-0.284325 0.00606818 1.82365e-18)
(-0.280918 0.00618792 -3.34326e-18)
(-0.277453 0.00626304 -3.5635e-18)
(-0.273955 0.00629391 -1.95434e-18)
(-0.270449 0.00628158 1.66253e-18)
(-0.266957 0.00622766 -1.70807e-18)
(-0.263504 0.00613436 -5.7876e-19)
(-0.317269 0.00231191 1.36701e-18)
(-0.315566 0.00268083 -1.83319e-18)
(-0.313607 0.00303778 -1.88546e-18)
(-0.311402 0.00337842 -1.88029e-18)
(-0.308965 0.00369875 9.0371e-18)
(-0.306311 0.00399513 -1.78476e-18)
(-0.303458 0.00426414 -1.5992e-19)
(-0.300427 0.00450294 2.84459e-19)
(-0.297239 0.00470915 -1.80613e-18)
(-0.293917 0.00488092 -1.4815e-18)
(-0.290486 0.00501692 3.06638e-19)
(-0.286971 0.00511635 -3.43665e-18)
(-0.283398 0.00517896 -2.8038e-18)
(-0.279792 0.00520505 3.21278e-19)
(-0.276177 0.00519542 7.51644e-19)
(-0.272579 0.00515141 -4.07752e-19)
(-0.26902 0.00507478 -5.49275e-19)
(-0.322967 0.00181463 1.23833e-18)
(-0.321206 0.00210312 1.56867e-18)
(-0.319185 0.00238246 -1.69979e-18)
(-0.316915 0.00264923 -2.51026e-18)
(-0.314409 0.00290028 7.4743e-18)
(-0.311683 0.00313278 -1.42547e-18)
(-0.308754 0.00334392 1.77316e-18)
(-0.305644 0.00353143 6.20517e-19)
(-0.302375 0.00369345 -2.81424e-18)
(-0.29897 0.00382853 -1.79927e-19)
(-0.295454 0.00393561 -8.11283e-19)
(-0.291852 0.00401405 -2.06104e-18)
(-0.288191 0.00406364 -3.10985e-18)
(-0.284497 0.0040846 -7.3526e-19)
(-0.280794 0.00407754 2.35511e-19)
(-0.277109 0.00404348 4.33711e-19)
(-0.273464 0.00398378 -7.96439e-19)
(-0.327266 0.00130386 1.71408e-18)
(-0.325462 0.00151085 1.33424e-18)
(-0.323395 0.00171142 -3.28981e-18)
(-0.321076 0.00190313 -3.89897e-18)
(-0.318518 0.00208377 2.937e-18)
(-0.315737 0.00225136 6.26295e-19)
(-0.312752 0.00240367 8.31841e-19)
(-0.309583 0.00253891 7.92888e-19)
(-0.306253 0.00265579 -1.71199e-18)
(-0.302785 0.00275331 -2.78609e-18)
(-0.299204 0.0028307 -2.55274e-18)
(-0.295537 0.0028875 -2.10156e-18)
(-0.291809 0.00292357 -1.05752e-18)
(-0.288048 0.00293903 -1.50613e-18)
(-0.284279 0.00293433 6.21209e-20)
(-0.280526 0.00291018 -2.32338e-18)
(-0.276816 0.00286754 -1.8098e-18)
(-0.330145 0.000783924 3.36069e-18)
(-0.328312 0.000908446 1.13876e-18)
(-0.326215 0.00102931 -3.40611e-18)
(-0.323863 0.00114508 -2.37558e-18)
(-0.321271 0.00125447 1.55711e-18)
(-0.318454 0.00135642 2.35686e-18)
(-0.315431 0.00144933 4.05377e-19)
(-0.312223 0.00153167 1.22834e-18)
(-0.308851 0.00160278 -2.23989e-18)
(-0.305341 0.00166212 -2.73412e-18)
(-0.301717 0.00170925 -1.2115e-18)
(-0.298006 0.00174391 -2.90921e-18)
(-0.294234 0.00176601 8.37759e-19)
(-0.290427 0.00177564 1.02694e-18)
(-0.286613 0.00177305 1.77689e-19)
(-0.282816 0.00175867 -2.98413e-18)
(-0.27906 0.00173306 5.17194e-19)
(-0.33159 0.000257438 3.20911e-18)
(-0.329743 0.000299597 5.82883e-19)
(-0.32763 0.000340662 -1.99318e-18)
(-0.325262 0.000380144 -1.55932e-18)
(-0.322653 0.000417611 2.08496e-18)
(-0.319818 0.000452736 9.47545e-19)
(-0.316776 0.000484882 -2.25767e-19)
)
;

boundaryField
{
    inlet
    {
        type            uniformFixedValue;
        uniformValue    constant (1 0 0);
        value           nonuniform 0();
    }
    outlet
    {
        type            pressureInletOutletVelocity;
        value           nonuniform 0();
    }
    polygon
    {
        type            fixedValue;
        value           nonuniform 0();
    }
    top
    {
        type            symmetryPlane;
    }
    bottom
    {
        type            symmetryPlane;
    }
    outside
    {
        type            zeroGradient;
    }
    procBoundary38to30
    {
        type            processor;
        value           nonuniform List<vector> 
18
(
(-0.313547 0.000513298 2.41918e-18)
(-0.310156 0.0005378 -5.95928e-19)
(-0.306624 0.000558219 3.45372e-19)
(-0.302978 0.000574416 -2.10383e-19)
(-0.299245 0.000586303 -1.31383e-18)
(-0.29545 0.000593847 -4.83831e-20)
(-0.291621 0.000597075 -1.23575e-19)
(-0.287784 0.000596071 -1.01982e-19)
(-0.283964 0.000590975 -1.67002e-18)
(-0.280186 0.000581978 -1.23357e-19)
(-0.33159 -0.000255531 1.2353e-18)
(-0.329743 -0.000297541 -6.33388e-19)
(-0.32763 -0.000338501 -2.18739e-18)
(-0.325262 -0.000377928 -1.16234e-18)
(-0.322653 -0.000415395 4.24051e-20)
(-0.319818 -0.000450575 -4.38548e-19)
(-0.313547 0.000513298 2.41918e-18)
(-0.316776 -0.00048283 -1.11406e-18)
)
;
    }
    procBoundary38to37
    {
        type            processor;
        value           nonuniform List<vector> 6((-0.253665 0.00700469 5.2552e-19) (-0.260109 0.00600436 1.61537e-19) (-0.265522 0.00496771 1.27744e-20) (-0.269881 0.00390012 -2.32427e-20) (-0.273169 0.0028076 1.65656e-19) (-0.27537 0.00169693 8.21375e-19));
    }
    procBoundary38to39
    {
        type            processor;
        value           nonuniform List<vector> 7((-0.303068 0.00271104 -5.54924e-19) (-0.311568 0.00233399 -2.26583e-18) (-0.318709 0.0019358 -1.78952e-18) (-0.324462 0.00152072 1.33574e-18) (-0.328801 0.00109315 6.25061e-19) (-0.331706 0.000657343 1.07302e-19) (-0.333164 0.000214735 1.02053e-21));
    }
    procBoundary38to45
    {
        type            processor;
        value           uniform (-0.246213 0.00796377 1.48574e-18);
    }
    procBoundary38to46
    {
        type            processor;
        value           nonuniform List<vector> 
18
(
(-0.279737 0.00474931 2.11359e-18)
(-0.278185 0.00540119 1.30597e-20)
(-0.276409 0.00602191 1.59921e-19)
(-0.274422 0.00660439 4.20333e-18)
(-0.272237 0.00714208 2.9665e-18)
(-0.269872 0.00762905 -1.0885e-18)
(-0.267344 0.0080604 -1.61414e-19)
(-0.264673 0.00843199 9.66788e-19)
(-0.26188 0.00874059 -9.63026e-19)
(-0.258987 0.00898389 2.41326e-18)
(-0.256016 0.00916064 -7.44467e-19)
(-0.252989 0.00927059 -5.33145e-19)
(-0.24993 0.00931451 8.00217e-19)
(-0.246859 0.00929415 -5.65908e-19)
(-0.243797 0.00921217 8.55063e-19)
(-0.240764 0.00907207 -1.95503e-18)
(-0.292053 0.003677 -2.76964e-19)
(-0.292053 0.003677 -2.76964e-19)
)
;
    }
}


// ************************************************************************* //
