/*--------------------------------*- C++ -*----------------------------------*\
  =========                 |
  \\      /  F ield         | OpenFOAM: The Open Source CFD Toolbox
   \\    /   O peration     | Website:  https://openfoam.org
    \\  /    A nd           | Version:  7
     \\/     M anipulation  |
\*---------------------------------------------------------------------------*/
FoamFile
{
    version     2.0;
    format      ascii;
    class       volVectorField;
    location    "110";
    object      U;
}
// * * * * * * * * * * * * * * * * * * * * * * * * * * * * * * * * * * * * * //

dimensions      [0 1 -1 0 0 0 0];

internalField   nonuniform List<vector> 
175
(
(1.00536 0.00030405 3.79475e-18)
(0.993687 -0.000335831 3.04345e-19)
(1.00655 0.000671736 3.05073e-17)
(0.991429 -0.000260745 -1.70927e-17)
(1.00771 0.00102153 -2.5203e-17)
(0.988042 -8.62713e-06 4.19326e-18)
(1.00839 0.00159503 1.25395e-17)
(0.982832 0.000616349 -6.60985e-17)
(1.00775 0.00260157 -4.79129e-18)
(0.974483 0.00203714 -4.74086e-17)
(1.0039 0.00447991 3.48864e-17)
(0.960352 0.00523894 -2.36272e-17)
(0.992587 0.00821588 -7.36927e-17)
(0.934816 0.0127435 7.67233e-18)
(0.963764 0.0163864 5.02391e-17)
(0.884605 0.0323554 6.54361e-17)
(0.890223 0.0379724 4.06493e-17)
(0.772875 0.0956852 -4.46385e-17)
(1.00538 0.000329615 -2.6839e-18)
(0.993661 -0.00036495 -7.22358e-18)
(1.00659 0.000730936 2.94632e-17)
(0.991386 -0.000284784 -2.21768e-17)
(1.00776 0.00111149 -1.75982e-17)
(0.987978 -1.3125e-05 -1.93276e-17)
(1.00848 0.00173662 1.41788e-17)
(0.982738 0.000661368 -5.99825e-17)
(1.00789 0.00283596 1.71571e-18)
(0.974339 0.00219815 -3.32435e-17)
(1.00411 0.00489363 4.26998e-17)
(0.960116 0.00566468 -1.05824e-17)
(0.992945 0.00900423 -7.43243e-17)
(0.934388 0.0137924 -2.89309e-18)
(0.964466 0.0180543 4.4797e-17)
(0.883729 0.0350353 6.57878e-17)
(0.892173 0.0421521 5.53593e-17)
(0.771037 0.10381 -3.92562e-17)
(1.0054 0.000355291 -9.23457e-18)
(0.993634 -0.00039456 -1.38413e-17)
(1.00663 0.000790685 3.14757e-17)
(0.991339 -0.000309547 -3.16805e-17)
(1.00783 0.00120188 -1.21878e-17)
(0.987908 -1.75815e-05 -4.34662e-17)
(1.00858 0.00187846 1.58798e-17)
(0.982634 0.000705166 -6.14232e-17)
(1.00804 0.00307021 9.6374e-18)
(0.974178 0.00235612 -2.01462e-17)
(1.00436 0.00530668 3.5592e-17)
(0.959851 0.00608306 -5.42664e-18)
(0.993354 0.00979166 -6.0287e-17)
(0.93392 0.0148219 -8.44169e-18)
(0.965254 0.0197222 2.1945e-17)
(0.882826 0.0376513 4.53833e-17)
(0.894306 0.046329 7.22381e-17)
(0.769384 0.111606 -4.03746e-17)
(1.00543 0.000380984 -1.83295e-17)
(0.993606 -0.00042444 -2.02873e-17)
(1.00667 0.000850807 3.58415e-17)
(0.991291 -0.000334671 -2.62742e-17)
(1.00789 0.00129285 -8.54564e-18)
(0.987835 -2.30705e-05 -5.12235e-17)
(1.00868 0.00202157 1.91205e-17)
(0.982522 0.000748536 -7.03696e-17)
(1.00821 0.00330755 -5.65523e-19)
(0.974001 0.00251456 -9.27064e-18)
(1.00463 0.00572715 3.36264e-17)
(0.959562 0.00650463 -5.38289e-18)
(0.993818 0.0105972 -5.27409e-17)
(0.933419 0.0158617 -1.05789e-17)
(0.966142 0.0214363 3.01895e-17)
(0.881915 0.040292 3.10719e-17)
(0.896647 0.0506303 9.95855e-17)
(0.767961 0.119389 -5.06264e-17)
(1.00545 0.000406709 -3.12708e-17)
(0.993579 -0.000454667 -2.66541e-17)
(1.00671 0.000911362 4.42504e-17)
(0.991241 -0.000360381 -2.62733e-17)
(1.00796 0.00138446 -2.77004e-17)
(0.987757 -2.94579e-05 -4.35019e-17)
(1.0088 0.00216598 2.36107e-17)
(0.982402 0.000790408 -6.80062e-17)
(1.0084 0.0035477 -6.98188e-18)
(0.973812 0.00267092 2.76044e-18)
(1.00494 0.00615378 3.57333e-17)
(0.959252 0.00692339 1.13792e-17)
(0.99434 0.0114168 -5.14364e-17)
(0.932893 0.0168973 -9.59268e-18)
(0.967141 0.0231851 4.45205e-17)
(0.881012 0.04292 2.34413e-17)
(0.899227 0.0550254 1.07975e-16)
(0.766814 0.127057 -3.88691e-17)
(1.00547 0.000432466 -3.07639e-17)
(0.993551 -0.000485267 -3.18175e-17)
(1.00675 0.000972356 3.77514e-17)
(0.991189 -0.000386738 -1.33462e-17)
(1.00804 0.00147667 -3.00375e-17)
(0.987677 -3.69389e-05 -3.81328e-17)
(1.00892 0.00231153 3.05411e-17)
(0.982277 0.000830556 -5.50952e-17)
(1.00861 0.00379025 -1.1047e-17)
(0.973612 0.00282462 -5.04183e-18)
(1.00528 0.00658568 2.04962e-17)
(0.958926 0.007338 2.59093e-17)
(0.994925 0.0122486 -3.47329e-17)
(0.932348 0.0179256 -4.10124e-18)
(0.968264 0.0249635 3.84919e-17)
(0.88013 0.0455274 2.18228e-17)
(0.902083 0.0594941 9.59569e-17)
(0.765996 0.134567 -3.54864e-17)
(1.00549 0.000458259 -1.75066e-17)
(0.993525 -0.00051628 -3.80758e-17)
(1.00679 0.00103386 1.69331e-17)
(0.991138 -0.000413737 -5.17412e-18)
(1.00812 0.00156955 -3.67793e-17)
(0.987595 -4.56541e-05 -3.42307e-17)
(1.00905 0.0024582 2.00134e-17)
(0.982148 0.000868849 -5.05266e-17)
(1.00883 0.00403495 -1.38584e-17)
(0.973405 0.00297513 -1.11523e-17)
(1.00565 0.00702197 1.0024e-17)
(0.958588 0.00774699 1.90407e-17)
(0.995575 0.0130902 -2.26732e-17)
(0.931793 0.0189428 3.95224e-18)
(0.969525 0.0267647 3.91566e-17)
(0.879285 0.0481044 2.48124e-17)
(0.905263 0.0640125 9.51301e-17)
(0.765566 0.141889 -4.03424e-17)
(1.00551 0.000484204 -7.72307e-18)
(0.9935 -0.000548125 -4.62349e-17)
(1.00684 0.00109654 -6.42996e-19)
(0.991087 -0.000441938 3.53318e-19)
(1.00819 0.00166404 -4.91336e-17)
(0.987513 -5.53801e-05 -3.15893e-17)
(1.00919 0.00260755 1.05499e-17)
(0.982017 0.000904715 -5.38044e-17)
(1.00906 0.00428417 -1.54886e-17)
(0.973193 0.00312145 -1.79234e-17)
(1.00606 0.00746603 2.57683e-18)
(0.958244 0.0081488 1.28309e-17)
(0.996294 0.013946 -1.52794e-17)
(0.931238 0.019946 1.58838e-17)
(0.97094 0.0285929 4.77687e-17)
(0.878493 0.0506439 4.47711e-18)
(0.908828 0.0685782 7.19545e-17)
(0.765597 0.149009 -5.77865e-17)
(1.00553 0.000510383 -1.21254e-18)
(0.993476 -0.000581298 -5.87623e-17)
(1.00688 0.00116113 -1.62217e-17)
(0.991038 -0.000472508 3.93893e-18)
(1.00827 0.00176132 -4.74369e-17)
(0.987432 -6.75842e-05 -2.88224e-17)
(1.00934 0.00276234 1.64885e-18)
(0.981886 0.00093755 -6.42631e-17)
(1.00932 0.00454425 -1.81057e-17)
(0.972981 0.00326682 -2.61466e-17)
(1.00649 0.00793222 -3.4299e-18)
(0.957899 0.00855647 7.69289e-18)
(0.997087 0.0148477 -9.15327e-18)
(0.930693 0.0209733 9.16984e-18)
(0.972529 0.0305195 3.38386e-17)
(0.877776 0.0532482 -1.755e-17)
(0.912865 0.0733487 5.34944e-17)
(0.766185 0.15619 -5.8007e-17)
(1.00555 0.000535702 2.34589e-18)
(0.993456 -0.000612641 -5.94364e-17)
(1.00692 0.00122248 -3.00299e-17)
(0.99099 -0.000501133 -1.28322e-17)
(1.00836 0.00185403 -3.28913e-17)
(0.987354 -8.33692e-05 -2.75984e-17)
(1.00949 0.00291058 -9.03313e-18)
(0.981759 0.000972424 -8.2769e-17)
(0.93521 0.0114685 2.61374e-17)
(0.963125 0.0145538 6.61198e-17)
(0.885455 0.0291415 7.42352e-17)
(0.888428 0.0335393 2.66212e-17)
(0.774884 0.086337 -5.46135e-17)
)
;

boundaryField
{
    inlet
    {
        type            uniformFixedValue;
        uniformValue    constant (1 0 0);
        value           uniform (1 0 0);
    }
    outlet
    {
        type            pressureInletOutletVelocity;
        value           nonuniform 0();
    }
    polygon
    {
        type            fixedValue;
        value           nonuniform 0();
    }
    top
    {
        type            symmetryPlane;
    }
    bottom
    {
        type            symmetryPlane;
    }
    outside
    {
        type            zeroGradient;
    }
    procBoundary40to32
    {
        type            processor;
        value           nonuniform List<vector> 
19
(
(1.00534 0.000276579 1.25301e-17)
(0.993714 -0.00030545 9.0455e-18)
(1.00651 0.00060863 3.45964e-17)
(0.991473 -0.000237581 -1.67975e-17)
(1.00765 0.000924826 -3.53382e-17)
(0.988104 -7.52393e-06 1.04879e-17)
(1.0083 0.00144138 9.18151e-18)
(0.982921 0.000554879 -5.98174e-17)
(1.00762 0.00234445 -1.03087e-17)
(0.974616 0.00183423 -6.71232e-17)
(1.0037 0.00402198 3.26557e-17)
(0.960567 0.00471516 -2.18504e-17)
(0.992263 0.00734072 -5.77989e-17)
(0.93559 0.0103097 3.14849e-17)
(0.96247 0.0129612 6.35563e-17)
(0.886277 0.0262421 6.34041e-17)
(0.886533 0.0298833 8.74175e-18)
(0.776666 0.077996 -7.14423e-17)
(0.992263 0.00734072 -5.77989e-17)
)
;
    }
    procBoundary40to33
    {
        type            processor;
        value           nonuniform List<vector> 10((0.681451 0.125409 4.89417e-17) (0.690647 0.13899 6.26494e-17) (0.700676 0.152199 4.78814e-17) (0.711534 0.165413 3.80103e-17) (0.723232 0.17866 3.8456e-17) (0.735788 0.191895 4.51566e-17) (0.749241 0.20508 1.40401e-17) (0.763679 0.218294 -2.65593e-17) (0.779265 0.231854 -4.53785e-17) (0.673216 0.111813 4.74995e-17));
    }
    procBoundary40to48
    {
        type            processor;
        value           nonuniform List<vector> 
19
(
(1.00958 0.00479715 8.97393e-19)
(0.972772 0.00341902 -3.70978e-17)
(1.00697 0.00839403 -7.81789e-18)
(0.957564 0.0089804 2.01552e-18)
(0.997958 0.0157554 -3.78223e-18)
(0.930174 0.022038 5.43555e-18)
(0.974317 0.0324787 2.16401e-17)
(0.877167 0.0559243 -1.46599e-17)
(0.917493 0.0781576 3.94722e-17)
(0.767462 0.163315 -3.75398e-17)
(1.00559 0.00060113 6.65166e-18)
(0.993402 -0.000671856 -2.62288e-17)
(1.00704 0.00135317 -1.59133e-17)
(0.990857 -0.000526327 -9.09012e-18)
(1.0086 0.00205555 -2.62706e-18)
(0.987132 -5.71336e-05 -2.84164e-17)
(1.00994 0.0032237 1.03623e-17)
(1.00958 0.00479715 8.97393e-19)
(0.981397 0.00112837 -1.06544e-16)
)
;
    }
}


// ************************************************************************* //
