/*--------------------------------*- C++ -*----------------------------------*\
  =========                 |
  \\      /  F ield         | OpenFOAM: The Open Source CFD Toolbox
   \\    /   O peration     | Website:  https://openfoam.org
    \\  /    A nd           | Version:  7
     \\/     M anipulation  |
\*---------------------------------------------------------------------------*/
FoamFile
{
    version     2.0;
    format      ascii;
    class       surfaceScalarField;
    location    "44";
    object      phi;
}
// * * * * * * * * * * * * * * * * * * * * * * * * * * * * * * * * * * * * * //

dimensions      [0 3 -1 0 0 0 0];

internalField   nonuniform List<scalar> 
465
(
0.00409607
-0.00717126
0.0037905
-0.0071125
0.0034478
-0.0070259
0.0030657
-0.00690524
0.00264277
-0.00674445
0.0021789
-0.00654019
0.00167611
-0.00629796
0.00113925
-0.0060412
0.000576623
-0.00581655
-0.0056829
0.00399224
-0.00689482
0.00368351
-0.00680377
0.00334032
-0.00668272
0.00296102
-0.00652594
0.00254483
-0.00632826
0.00209232
-0.00608768
0.00160574
-0.00581139
0.00108953
-0.005525
0.000550891
-0.00527791
-0.00513201
0.00397888
-0.00661085
0.00366278
-0.00648766
0.00331284
-0.00633279
0.00292811
-0.00614121
0.00250871
-0.00590886
0.00205615
-0.00563512
0.00157342
-0.00532866
0.0010651
-0.00501668
0.000537716
-0.00475052
-0.0045943
0.00409102
-0.00633086
0.00377742
-0.00617406
0.00342762
-0.00598299
0.0030398
-0.00575339
0.00261333
-0.00548239
0.00214911
-0.0051709
0.0016497
-0.00482925
0.00111966
-0.00448664
0.000566261
-0.00419712
-0.00402804
0.00412505
-0.00604025
0.00379972
-0.00584873
0.00343778
-0.00562106
0.00303848
-0.00535409
0.00260254
-0.00504644
0.00213223
-0.00470059
0.00163116
-0.00432817
0.00110408
-0.00395956
0.000557419
-0.00365047
-0.00347062
0.00435481
-0.00575658
0.00403176
-0.00552568
0.00366621
-0.0052555
0.00325637
-0.00494425
0.00280224
-0.00459231
0.0023057
-0.00420406
0.00177042
-0.00379289
0.00120183
-0.00339097
0.000607911
-0.00305655
-0.00286271
0.00446499
-0.00546263
0.0041281
-0.00518878
0.00374599
-0.00487339
0.00331821
-0.00451647
0.00284643
-0.00412053
0.00233425
-0.00369188
0.00178669
-0.00324532
0.00120974
-0.00281402
0.000610882
-0.00245769
-0.00225182
0.00475625
-0.00517508
0.00441839
-0.00485092
0.00402718
-0.00448218
0.00358181
-0.00407111
0.00308388
-0.00362259
0.0025372
-0.0031452
0.00194735
-0.00265547
0.00132131
-0.00218798
0.000668124
-0.0018045
-0.0015837
0.00494026
-0.0048774
0.0045859
-0.00449656
0.00417318
-0.00406946
0.00370311
-0.00360104
0.00317936
-0.00309883
0.00260774
-0.00257358
0.00199545
-0.00204319
0.00135044
-0.00154297
0.000681637
-0.0011357
-0.000902063
0.00524454
-0.00458095
0.00488254
-0.00413457
0.00445386
-0.00364078
0.00396027
-0.00310745
0.0034062
-0.00254476
0.00279816
-0.00196555
0.00214405
-0.00138908
0.00145261
-0.000851524
0.0007338
-0.000416888
-0.000168263
0.00545213
-0.0042701
0.00506877
-0.00375121
0.00461414
-0.00318615
0.00409234
-0.00258565
0.0035098
-0.00196222
0.00287472
-0.00133047
0.00219632
-0.000710682
0.00148442
-0.000139621
0.000748501
0.000319031
0.000580238
0.00568157
-0.00394858
0.00528161
-0.00335125
0.00480636
-0.0027109
0.00426128
-0.00204057
0.00365357
-0.00135451
0.00299166
-0.000668563
0.00228464
-3.66005e-06
0.00154315
0.000601871
0.000777809
0.00108437
0.00135805
0.00578492
-0.00360516
0.00536206
-0.00292839
0.00486548
-0.00221431
0.00430213
-0.00147722
0.00367986
-0.000732242
0.00300778
3.51195e-06
0.00229397
0.000710152
0.00154772
0.00134812
0.000779504
0.00185259
0.00213755
0.00579006
-0.00324189
0.00535109
-0.00248942
0.00484344
-0.00170666
0.00427415
-0.000907936
0.00365044
-0.000108525
0.00297815
0.000675799
0.00226755
0.00142075
0.00152775
0.00208792
0.000768659
0.00261168
0.00290621
0.00562143
-0.00286243
0.00517612
-0.00204411
0.00467204
-0.00120258
0.00411501
-0.000350904
0.00350909
0.0004974
0.00286062
0.00132426
0.00217655
0.00210482
0.00146547
0.002799
0.000736914
0.00334024
0.00364312
0.00529549
-0.00247906
0.00485909
-0.00160772
0.00437521
-0.000718695
0.00384723
0.000177073
0.00327752
0.00106711
0.00267019
0.00193159
0.00203059
0.00274442
0.00136646
0.00346313
0.000686799
0.0040199
0.00432992
0.00482949
-0.00210909
0.00441937
-0.0011976
0.00397228
-0.000271606
0.00348874
0.000660613
0.00297068
0.00158517
0.0024196
0.00248267
0.00183952
0.0033245
0.00123739
0.00406526
0.000621682
0.00463561
0.00495161
0.00428496
-0.00176809
0.00391342
-0.000826064
0.00351244
0.000129374
0.00308211
0.00109095
0.0026227
0.00204459
0.00213499
0.00297037
0.0016222
0.0038373
0.00109049
0.00459697
0.000547557
0.00517854
0.00549916
0.00371602
-0.00146659
0.00338962
-0.000499666
0.00303828
0.000480709
0.00266271
0.00146652
0.00226285
0.00244445
0.00183956
0.00339366
0.00139578
0.00428108
0.000937038
0.00505571
0.000470031
0.00564555
0.00596919
0.00316077
-0.00120812
0.00288018
-0.000219077
0.00257774
0.000783143
0.00225446
0.0017898
0.00191124
0.00278767
0.00154962
0.00375528
0.00117267
0.00465802
0.000785388
0.005443
0.000393286
0.00603765
0.00636248
0.00263435
-0.000992306
0.00239785
1.74192e-05
0.00214144
0.00103956
0.001867
0.00206423
0.00157663
0.00307804
0.00127283
0.00405908
0.000959053
0.0049718
0.000639859
0.00576219
0.000319545
0.00635796
0.00668202
0.00213791
-0.00081655
0.00194252
0.000212801
0.00172927
0.00125281
0.00150071
0.00229279
0.00125998
0.00331877
0.00101056
0.00430851
0.000756366
0.00522599
0.000501628
0.00601693
0.000249456
0.00661013
0.00693148
0.00166524
-0.000677631
0.00150856
0.000369475
0.00133622
0.00142515
0.00115145
0.00247757
0.000958182
0.00351203
0.000760679
0.00450602
0.00056331
0.00542336
0.000369988
0.00621025
0.000182717
0.0067974
0.0071142
0.00120901
-0.00057249
0.00108882
0.00048967
0.000955899
0.00155807
0.000813743
0.00261972
0.000666777
0.003659
0.000519789
0.004653
0.000377459
0.00556569
0.00024339
0.00634432
0.000118577
0.00692222
0.00723277
0.0007633
0.000677799
0.000583274
0.00048313
0.000381993
0.000284897
0.000196647
0.000120453
5.63756e-05
)
;

boundaryField
{
    inlet
    {
        type            calculated;
        value           nonuniform 0();
    }
    outlet
    {
        type            calculated;
        value           nonuniform List<scalar> 10(0.00744225 0.00741806 0.00736861 0.00728734 0.00716739 0.00700406 0.00680075 0.00657807 0.00637918 0.00625953);
    }
    polygon
    {
        type            calculated;
        value           nonuniform 0();
    }
    top
    {
        type            symmetryPlane;
        value           uniform 0;
    }
    bottom
    {
        type            symmetryPlane;
        value           uniform 0;
    }
    outside
    {
        type            calculated;
        value           nonuniform 0();
    }
    procBoundary7to3
    {
        type            processor;
        value           nonuniform List<scalar> 
25
(
-0.00436706
-0.00426868
-0.00426286
-0.00437101
-0.00441566
-0.00463848
-0.00475895
-0.0050438
-0.00523794
-0.00554098
-0.00576298
-0.00600309
-0.00612835
-0.00615333
-0.00600089
-0.00567885
-0.00519946
-0.00462595
-0.00401752
-0.00341924
-0.00285016
-0.00231366
-0.00180415
-0.00131415
-0.000837404
)
;
    }
    procBoundary7to6
    {
        type            processor;
        value           nonuniform List<scalar> 10(-0.000498386 0.000575172 0.00165259 0.00271987 0.00376014 0.0047501 0.00565394 0.00642051 0.00698629 0.00728915);
    }
    procBoundary7to11
    {
        type            processor;
        value           nonuniform List<scalar> 
25
(
1.50507e-11
1.43022e-11
1.32797e-11
1.27424e-11
1.11974e-11
1.01401e-11
8.11267e-12
6.3534e-12
3.83046e-12
1.33747e-12
-1.57841e-12
-4.48937e-12
-7.40165e-12
-1.00428e-11
-1.21481e-11
-1.35985e-11
-1.43887e-11
-1.47521e-11
-1.48988e-11
-1.51857e-11
-1.58281e-11
-1.68662e-11
-1.82418e-11
-1.9869e-11
-2.1591e-11
)
;
    }
}


// ************************************************************************* //
