/*--------------------------------*- C++ -*----------------------------------*\
  =========                 |
  \\      /  F ield         | OpenFOAM: The Open Source CFD Toolbox
   \\    /   O peration     | Website:  https://openfoam.org
    \\  /    A nd           | Version:  7
     \\/     M anipulation  |
\*---------------------------------------------------------------------------*/
FoamFile
{
    version     2.0;
    format      ascii;
    class       volVectorField;
    location    "36";
    object      U;
}
// * * * * * * * * * * * * * * * * * * * * * * * * * * * * * * * * * * * * * //

dimensions      [0 1 -1 0 0 0 0];

internalField   nonuniform List<vector> 
250
(
(1.18041 0.169315 4.6715e-17)
(1.17035 0.193424 1.55134e-17)
(1.1597 0.202018 -1.14584e-17)
(1.14593 0.22052 -3.70531e-17)
(1.13323 0.2339 -2.13892e-17)
(1.11713 0.250841 7.36471e-17)
(1.10103 0.26682 2.00632e-17)
(1.08137 0.284419 6.93492e-17)
(1.05959 0.302307 1.37615e-18)
(1.03326 0.320992 9.13408e-18)
(1.18811 0.174819 4.14877e-17)
(1.17864 0.198698 1.29323e-17)
(1.16829 0.207353 -4.06556e-18)
(1.15536 0.225794 -3.36591e-17)
(1.14337 0.23928 -1.9044e-17)
(1.12842 0.256475 2.90447e-17)
(1.11353 0.272711 2.23679e-17)
(1.09551 0.290958 2.07343e-17)
(1.07575 0.309697 3.57242e-17)
(1.05194 0.329676 5.0015e-17)
(1.19572 0.180316 2.4528e-17)
(1.18696 0.203843 8.62444e-18)
(1.17688 0.212494 -1.78736e-17)
(1.16495 0.23076 -1.67936e-17)
(1.15362 0.244275 -9.92263e-18)
(1.13992 0.261577 1.7629e-17)
(1.12621 0.277951 5.64238e-18)
(1.10982 0.296629 2.5964e-17)
(1.09188 0.316027 3.52605e-17)
(1.07026 0.337045 3.00557e-17)
(1.20328 0.185761 4.26128e-17)
(1.19523 0.208829 7.19226e-18)
(1.18543 0.217426 2.20062e-17)
(1.17442 0.2354 -4.06234e-17)
(1.16373 0.248865 -1.88636e-17)
(1.15119 0.266119 2.49725e-17)
(1.13862 0.2825 3.74588e-17)
(1.12379 0.301377 -3.39799e-18)
(1.10767 0.321192 1.60354e-17)
(1.08835 0.342867 5.73528e-17)
(1.21091 0.19118 3.60801e-17)
(1.20351 0.213706 1.38306e-17)
(1.19403 0.222233 -1.80679e-17)
(1.18389 0.239832 -3.18816e-17)
(1.17386 0.253191 1.08369e-17)
(1.16248 0.27028 -7.11226e-18)
(1.15108 0.286565 2.38077e-17)
(1.13787 0.305451 -1.05022e-17)
(1.12367 0.325458 4.14366e-17)
(1.10682 0.347452 4.6738e-17)
(1.08755 0.372316 7.93997e-18)
(1.00018 0.000314619 -1.1731e-17)
(1.00022 0.000390225 -1.38849e-17)
(1.00029 0.000413229 -2.50433e-17)
(1.00039 0.000465142 -1.58878e-17)
(1.00051 0.000498946 -6.11503e-17)
(1.00066 0.000534241 -1.30081e-17)
(1.00083 0.000562246 -1.31411e-17)
(1.00102 0.000581935 -2.47364e-17)
(1.00123 0.000592214 -1.48519e-17)
(0.999985 4.66052e-05 4.28618e-17)
(0.999918 0.000115371 4.72241e-17)
(0.999832 0.000105792 1.03871e-16)
(0.999705 0.000131069 2.29955e-17)
(0.999549 0.00011311 -9.62092e-17)
(0.999357 0.000106091 1.95332e-17)
(0.999133 8.29074e-05 4.39831e-17)
(0.998878 6.17037e-05 1.03728e-16)
(0.998599 3.82537e-05 2.27394e-17)
(0.998305 1.77681e-05 -9.78301e-17)
(1.00058 0.000841079 -1.18096e-16)
(1.00058 0.00104592 -1.01031e-16)
(1.00062 0.00110479 -1.60829e-21)
(1.00069 0.00124221 -9.94718e-17)
(1.0008 0.00131849 -6.03081e-17)
(1.00095 0.00140347 -1.15852e-16)
(1.00113 0.00145979 -1.01784e-16)
(1.00134 0.00149709 1.85573e-19)
(1.00159 0.00150881 -1.00236e-16)
(1.00184 0.00149383 -5.8915e-17)
(1.00048 0.000711469 -1.89252e-17)
(1.00033 0.000898625 -1.33619e-17)
(1.00014 0.000908609 -1.82282e-18)
(0.999899 0.000990643 -1.47968e-17)
(0.999613 0.000988249 -1.99424e-17)
(0.999279 0.000994111 -2.01917e-17)
(0.998899 0.000967857 -1.46924e-17)
(0.998477 0.000930538 -1.79922e-18)
(0.998022 0.000881142 -1.5036e-17)
(0.997548 0.000823971 -1.94473e-17)
(1.00138 0.00173474 -8.82523e-17)
(1.00129 0.00211727 -7.90878e-17)
(1.00126 0.0022289 -9.90623e-18)
(1.00125 0.0024765 -7.23668e-17)
(1.00128 0.00261339 -1.51691e-17)
(1.00137 0.00275693 -8.08952e-17)
(1.0015 0.0028498 -7.7572e-17)
(1.00168 0.00290388 -9.73647e-18)
(1.0019 0.00291133 -7.22785e-17)
(1.00215 0.0028692 -1.50719e-17)
(1.00153 0.00192875 -1.66719e-16)
(1.00123 0.00230198 -1.55073e-16)
(1.00088 0.00234517 -5.41669e-17)
(1.00043 0.00251634 -1.39348e-16)
(0.999921 0.00253977 -5.28388e-17)
(0.999339 0.00256407 -1.48966e-16)
(0.998689 0.00253041 -1.52852e-16)
(0.997978 0.00246484 -5.55065e-17)
(0.99722 0.00236846 -1.39744e-16)
(0.996435 0.00224653 -5.36556e-17)
(1.00287 0.00329207 -5.03502e-17)
(1.00262 0.00398381 -1.96816e-17)
(1.00243 0.00418205 1.50887e-17)
(1.00223 0.00461767 -4.83127e-18)
(1.00208 0.00485418 9.29164e-18)
(1.002 0.00509484 -3.43657e-17)
(1.00197 0.00524624 -1.64918e-17)
(1.00202 0.00532623 1.5447e-17)
(1.00213 0.00532348 -3.19204e-18)
(1.00229 0.00523305 9.34443e-18)
(1.00353 0.00420208 -4.69471e-17)
(1.00297 0.00492835 -1.27678e-16)
(1.00233 0.00503635 -1.3108e-16)
(1.00151 0.00538171 -1.31883e-16)
(1.00061 0.00546067 -1.18913e-16)
(0.999594 0.0055289 -5.17542e-17)
(0.998478 0.00548977 -1.27419e-16)
(0.997271 0.0053805 -1.32317e-16)
(0.995993 0.00520294 -1.32922e-16)
(0.994678 0.00496506 -1.20081e-16)
(1.00562 0.0061149 1.07101e-17)
(1.00507 0.00737392 -3.15697e-17)
(1.00455 0.00772413 -2.20657e-17)
(1.00397 0.00850116 -3.92813e-17)
(1.00344 0.00891268 -2.85305e-17)
(1.00297 0.00932763 4.23399e-18)
(1.00259 0.00958227 -3.25032e-17)
(1.0023 0.00970868 -2.20819e-17)
(1.00212 0.00968832 -3.96788e-17)
(1.00201 0.00951313 -2.78955e-17)
(1.0073 0.0084601 -1.08444e-16)
(1.00628 0.0098655 -3.83109e-17)
(1.00512 0.0101074 -1.09237e-16)
(1.00366 0.0108018 -3.74784e-17)
(1.00207 0.0110059 -5.33283e-17)
(1.0003 0.0111823 -1.0884e-16)
(0.998375 0.0111563 -3.95975e-17)
(0.996311 0.0109869 -1.11722e-16)
(0.994138 0.0106754 -3.81328e-17)
(0.991905 0.0102335 -5.41559e-17)
(1.01076 0.0113202 -3.99204e-17)
(1.00962 0.013618 -2.16801e-17)
(1.00847 0.0142405 -3.56992e-17)
(1.00713 0.0156415 -2.80407e-18)
(1.00583 0.0163706 7.95461e-17)
(1.00459 0.0171087 -2.45987e-17)
(1.00345 0.0175589 -1.99555e-17)
(1.00245 0.0177822 -3.46326e-17)
(1.00158 0.0177457 -4.67057e-19)
(1.00086 0.0174346 8.25402e-17)
(1.01438 0.0163712 -1.19226e-17)
(1.01254 0.0190722 -8.35805e-18)
(1.01047 0.0195903 -1.0633e-17)
(1.00788 0.0209838 -4.89834e-18)
(1.00508 0.02147 -2.08933e-18)
(1.002 0.0219093 -8.24298e-18)
(0.99868 0.0219669 -7.18879e-18)
(0.995129 0.0217433 -1.16858e-17)
(0.991395 0.0212342 -5.1096e-18)
(0.987551 0.0204546 -3.09469e-18)
(1.02034 0.0209312 -1.32129e-17)
(1.01812 0.025088 -8.21692e-18)
(1.0158 0.0261981 -1.01442e-17)
(1.01304 0.0287271 1.01249e-17)
(1.01029 0.0300458 8.87002e-17)
(1.00754 0.0314017 -1.08853e-19)
(1.0049 0.0322546 -7.56488e-18)
(1.00242 0.0327179 -9.81917e-18)
(1.00014 0.0327302 1.00226e-17)
(0.998062 0.0322586 9.24251e-17)
(1.0275 0.0307488 2.36091e-17)
(1.02425 0.0358762 8.61017e-18)
(1.0206 0.0369659 2.33387e-17)
(1.01611 0.0397566 1.45132e-17)
(1.01127 0.0408914 4.13382e-17)
(1.00597 0.0419833 2.92988e-17)
(1.00027 0.0423712 9.81878e-18)
(0.994167 0.0422314 2.45541e-17)
(0.987723 0.0415371 1.64345e-17)
(0.98103 0.0402966 4.35378e-17)
(1.03797 0.0384256 -8.02193e-17)
(1.03391 0.045748 -1.17844e-17)
(1.02957 0.0476959 -8.01535e-17)
(1.02437 0.0522081 -5.69634e-18)
(1.01906 0.0546353 -2.36738e-17)
(1.01359 0.0572168 -7.98071e-17)
(1.00814 0.0589759 -1.26895e-17)
(1.00281 0.0601184 -8.57231e-17)
(0.997684 0.0605259 -6.82599e-18)
(0.992801 0.0601157 -2.6358e-17)
(1.05119 0.0557721 -6.39782e-17)
(1.04568 0.065248 -3.95834e-17)
(1.03951 0.0675347 -3.36014e-17)
(1.03201 0.073083 -1.09174e-17)
(1.02399 0.0757461 7.1613e-17)
(1.01521 0.0784993 -5.07445e-17)
(1.00573 0.0800426 -3.94181e-17)
(0.995496 0.0806805 -3.4995e-17)
(0.984535 0.0803101 -1.09031e-17)
(0.972911 0.0788855 7.88797e-17)
(1.06942 0.0689594 7.76905e-17)
(1.06273 0.081239 7.34188e-17)
(1.05537 0.0845569 5.02803e-18)
(1.04657 0.0923379 7.4272e-17)
(1.03731 0.0968157 1.49351e-17)
(1.02752 0.10188 8.93258e-17)
(1.01737 0.10579 8.30924e-17)
(1.00703 0.108916 8.44448e-18)
(0.996575 0.111049 8.51084e-17)
(0.986154 0.111996 1.73724e-17)
(1.09177 0.0959181 3.23025e-17)
(1.0833 0.112299 3.34968e-17)
(1.0738 0.116998 2.87391e-17)
(1.06246 0.12773 6.13669e-17)
(1.05036 0.133946 1.24809e-16)
(1.03701 0.140825 3.88534e-17)
(1.02251 0.146026 3.67967e-17)
(1.00656 0.150067 2.88711e-17)
(0.989094 0.152601 7.273e-17)
(0.969869 0.153391 1.45369e-16)
(1.12154 0.117287 1.59716e-17)
(1.11228 0.136104 -2.51353e-18)
(1.10175 0.141629 -2.5342e-17)
(1.08944 0.154456 -1.0572e-17)
(1.07614 0.162744 -5.81281e-17)
(1.0617 0.172571 1.9839e-17)
(1.04586 0.18124 7.86269e-19)
(1.02884 0.189538 -1.35606e-17)
(1.01035 0.197208 -1.08824e-17)
(0.990596 0.204056 -7.88849e-17)
(1.1554 0.151664 -1.44181e-17)
(1.14427 0.17603 2.81427e-17)
(1.13252 0.184333 1.05233e-16)
(1.11808 0.202709 4.84636e-17)
(1.10366 0.215474 7.07454e-17)
(1.08679 0.23122 -3.16428e-17)
(1.06903 0.24584 2.09422e-17)
(1.04849 0.26053 7.05113e-17)
(1.02558 0.274644 3.08574e-17)
(0.999013 0.287668 8.4001e-17)
)
;

boundaryField
{
    inlet
    {
        type            uniformFixedValue;
        uniformValue    constant (1 0 0);
        value           uniform (1 0 0);
    }
    outlet
    {
        type            pressureInletOutletVelocity;
        value           nonuniform 0();
    }
    polygon
    {
        type            fixedValue;
        value           nonuniform 0();
    }
    top
    {
        type            symmetryPlane;
    }
    bottom
    {
        type            symmetryPlane;
    }
    outside
    {
        type            zeroGradient;
    }
    procBoundary12to8
    {
        type            processor;
        value           nonuniform List<vector> 
27
(
(1.00257 0.340073 3.69145e-17)
(1.02438 0.350657 -9.11249e-18)
(1.0452 0.359727 -2.13647e-18)
(1.06609 0.366824 3.86573e-18)
(1.06609 0.366824 3.86573e-18)
(1.06361 0.398311 1.32281e-17)
(1.00145 0.000591024 -6.09348e-17)
(1.00145 0.000591024 -6.09348e-17)
(0.998008 6.61673e-07 1.87724e-17)
(1.00211 0.00145055 -1.15202e-16)
(0.997072 0.000761395 -1.86156e-17)
(1.00242 0.00277589 -8.23558e-17)
(0.995651 0.00210345 -1.52177e-16)
(1.00248 0.00505279 -3.47763e-17)
(0.993367 0.00467419 -5.16592e-17)
(1.00196 0.00917929 4.15788e-18)
(0.989678 0.00967333 -1.09662e-16)
(1.00023 0.0168399 -2.31384e-17)
(0.9837 0.0194225 -8.7577e-18)
(0.996155 0.0312767 -4.83302e-19)
(0.974237 0.0385285 3.17051e-17)
(0.988158 0.0588059 -8.77193e-17)
(0.960799 0.0763871 -5.54482e-17)
(0.975801 0.111528 1.02916e-16)
(0.948917 0.152247 4.84463e-17)
(0.96943 0.209546 3.56034e-18)
(0.968517 0.299132 1.82143e-17)
)
;
    }
    procBoundary12to9
    {
        type            processor;
        value           uniform (1.10956 0.375013 7.98127e-18);
    }
    procBoundary12to13
    {
        type            processor;
        value           nonuniform List<vector> 10((1.21859 0.196492 2.55838e-17) (1.21184 0.218356 -1.29312e-17) (1.20273 0.226738 7.38222e-18) (1.19346 0.243821 -2.60523e-17) (1.18412 0.256936 6.58369e-18) (1.17393 0.27365 -3.6373e-18) (1.16372 0.289626 2.70662e-17) (1.1522 0.308186 2.60887e-17) (1.13995 0.328025 3.40487e-17) (1.12578 0.34982 3.73639e-17));
    }
}


// ************************************************************************* //
