/*--------------------------------*- C++ -*----------------------------------*\
  =========                 |
  \\      /  F ield         | OpenFOAM: The Open Source CFD Toolbox
   \\    /   O peration     | Website:  https://openfoam.org
    \\  /    A nd           | Version:  7
     \\/     M anipulation  |
\*---------------------------------------------------------------------------*/
FoamFile
{
    version     2.0;
    format      ascii;
    class       volVectorField;
    location    "60";
    object      U;
}
// * * * * * * * * * * * * * * * * * * * * * * * * * * * * * * * * * * * * * //

dimensions      [0 1 -1 0 0 0 0];

internalField   nonuniform List<vector> 
115
(
(-0.206274 -0.00481147 -6.4845e-18)
(-0.204649 -0.00407903 5.96764e-18)
(-0.203209 -0.00341651 2.58915e-18)
(-0.201927 -0.00282915 1.62966e-17)
(-0.200773 -0.00231884 7.87082e-19)
(-0.199723 -0.00188454 3.3431e-18)
(-0.19875 -0.00152255 6.59157e-18)
(-0.197832 -0.00122733 9.69459e-18)
(-0.19695 -0.000992355 4.96665e-18)
(-0.196087 -0.000810692 -2.88115e-18)
(-0.195227 -0.000675507 -5.16175e-19)
(-0.194358 -0.000580479 -9.07419e-19)
(-0.193469 -0.000520259 3.5682e-18)
(-0.192549 -0.000490371 -7.81994e-18)
(-0.191591 -0.000486711 3.65892e-18)
(-0.190586 -0.000506397 -3.50027e-18)
(-0.196791 -0.00524268 -1.67878e-18)
(-0.195192 -0.0044547 7.15823e-18)
(-0.193739 -0.00374831 2.54853e-18)
(-0.192405 -0.00312797 1.20675e-17)
(-0.191162 -0.00259451 -5.33974e-18)
(-0.189986 -0.00214589 7.73447e-19)
(-0.188852 -0.00177718 -5.57215e-18)
(-0.187742 -0.00148157 3.82319e-18)
(-0.186636 -0.00125139 2.39217e-18)
(-0.185521 -0.00107877 -7.99191e-18)
(-0.184382 -0.000956139 -7.9618e-19)
(-0.222716 -0.0036759 6.65062e-19)
(-0.220972 -0.00310172 6.86107e-18)
(-0.21948 -0.0025757 2.49197e-18)
(-0.218214 -0.00210307 5.59053e-18)
(-0.217142 -0.00168652 6.1655e-18)
(-0.216238 -0.00132639 9.51514e-20)
(-0.215474 -0.0010209 7.54615e-19)
(-0.214822 -0.000766647 7.49009e-19)
(-0.21426 -0.000559233 5.91231e-19)
(-0.213766 -0.00039372 -3.41869e-18)
(-0.213322 -0.000264996 -4.12177e-18)
(-0.212912 -0.000168062 -5.16437e-18)
(-0.212521 -9.87823e-05 4.32206e-19)
(-0.212138 -5.53945e-05 -4.03016e-18)
(-0.211751 -3.26508e-05 -3.41263e-18)
(-0.211352 -2.47008e-05 -4.61074e-18)
(-0.214996 -0.00430731 4.3824e-18)
(-0.21332 -0.00364441 1.17605e-17)
(-0.211865 -0.00304027 2.64246e-18)
(-0.210603 -0.00250044 1.47867e-17)
(-0.209505 -0.00202748 3.67767e-18)
(-0.208544 -0.00162127 8.51792e-18)
(-0.207693 -0.00127924 3.13108e-18)
(-0.206928 -0.000997033 3.49546e-18)
(-0.206227 -0.000769246 9.15529e-18)
(-0.205571 -0.000589958 -7.88728e-19)
(-0.204942 -0.000453189 -1.77017e-18)
(-0.204327 -0.000353299 -2.45904e-18)
(-0.203712 -0.000285226 7.39469e-18)
(-0.203087 -0.000243421 -3.12587e-18)
(-0.202443 -0.000224741 -3.03095e-19)
(-0.20177 -0.000229064 -2.51032e-18)
(-0.234284 -0.00218798 -2.38145e-18)
(-0.232399 -0.0018432 -1.11673e-18)
(-0.230814 -0.00152457 1.50524e-18)
(-0.229502 -0.00123566 -7.94701e-19)
(-0.228433 -0.000978577 -1.29456e-17)
(-0.227577 -0.000754026 -6.51131e-18)
(-0.226906 -0.000561412 -4.43671e-18)
(-0.22639 -0.00039914 -3.12028e-18)
(-0.226002 -0.000264922 -1.46437e-18)
(-0.225718 -0.000156106 -5.65316e-18)
(-0.225518 -6.98179e-05 -5.05507e-18)
(-0.225381 -3.63733e-06 -6.73602e-18)
(-0.225293 4.80779e-05 -1.35044e-17)
(-0.22524 8.97617e-05 -3.94263e-18)
(-0.225205 0.000117688 -2.31143e-18)
(-0.225181 0.0001317 -5.10181e-18)
(-0.229213 -0.00298504 -7.49107e-19)
(-0.227396 -0.00252061 9.09349e-18)
(-0.225857 -0.00209297 2.27594e-18)
(-0.224571 -0.0017067 1.84726e-18)
(-0.223507 -0.00136433 -8.43007e-18)
(-0.222636 -0.00106654 -1.0097e-17)
(-0.221929 -0.000812245 -2.28618e-18)
(-0.221359 -0.000599042 -1.13468e-18)
(-0.2209 -0.000423655 -6.99935e-18)
(-0.22053 -0.000282337 -1.01858e-17)
(-0.220228 -0.000171112 -1.06799e-17)
(-0.219976 -8.63083e-05 -1.15748e-17)
(-0.219758 -2.59977e-05 -5.02067e-18)
(-0.219562 1.75004e-05 -9.32385e-18)
(-0.21938 4.35019e-05 -9.15488e-18)
(-0.219198 5.68607e-05 -1.02074e-17)
(-0.231214 -3.92615e-05 1.48116e-17)
(-0.231013 -1.53479e-05 2.25982e-18)
(-0.23091 3.84086e-06 -3.27784e-18)
(-0.230887 1.8937e-05 -2.16631e-17)
(-0.230924 3.12627e-05 -9.56821e-18)
(-0.231006 4.11864e-05 1.47677e-17)
(-0.231119 4.85315e-05 1.08196e-17)
(-0.231252 5.28847e-05 7.51757e-18)
(-0.237764 -0.00135046 -6.46555e-18)
(-0.235829 -0.00114077 -1.09654e-17)
(-0.234206 -0.000946564 2.7083e-18)
(-0.232871 -0.000770101 -5.21281e-18)
(-0.231794 -0.000612737 -9.77021e-18)
(-0.230944 -0.000474978 -5.35816e-18)
(-0.230292 -0.000356531 -1.05424e-17)
(-0.229808 -0.000256483 -6.75598e-18)
(-0.229465 -0.000173486 3.26303e-18)
(-0.229237 -0.000105966 -7.28849e-18)
(-0.229102 -5.21704e-05 -3.37152e-18)
(-0.229042 -1.05019e-05 -8.6859e-18)
(-0.229037 2.45864e-05 -1.47297e-17)
(-0.229073 4.78983e-05 1.08294e-18)
(-0.229138 6.31446e-05 2.89528e-18)
(-0.229219 7.22043e-05 -5.2773e-18)
)
;

boundaryField
{
    inlet
    {
        type            uniformFixedValue;
        uniformValue    constant (1 0 0);
        value           nonuniform 0();
    }
    outlet
    {
        type            pressureInletOutletVelocity;
        value           nonuniform 0();
    }
    polygon
    {
        type            fixedValue;
        value           nonuniform 0();
    }
    top
    {
        type            symmetryPlane;
    }
    bottom
    {
        type            symmetryPlane;
    }
    outside
    {
        type            zeroGradient;
    }
    procBoundary28to20
    {
        type            processor;
        value           nonuniform List<vector> 
17
(
(-0.183209 -0.000876624 -3.95527e-21)
(-0.181993 -0.000834238 2.7948e-18)
(-0.180723 -0.000823723 -1.85869e-18)
(-0.179394 -0.000841374 -5.34565e-18)
(-0.177996 -0.000885195 -8.9631e-18)
(-0.181088 -0.00605473 2.36959e-18)
(-0.179533 -0.00521044 1.86544e-17)
(-0.17806 -0.00446237 4.79338e-18)
(-0.176644 -0.00381414 2.02128e-17)
(-0.17526 -0.00326521 2.60649e-18)
(-0.173886 -0.00281128 5.65159e-19)
(-0.172502 -0.002446 -1.40049e-18)
(-0.171092 -0.00216138 6.74079e-19)
(-0.169642 -0.00194865 7.35222e-19)
(-0.168139 -0.0017991 6.58245e-19)
(-0.183209 -0.000876624 -3.95527e-21)
(-0.166576 -0.00170457 2.57053e-18)
)
;
    }
    procBoundary28to21
    {
        type            processor;
        value           nonuniform List<vector> 2((-0.208112 -0.00560495 -2.09614e-18) (-0.198565 -0.00610376 -4.54601e-20));
    }
    procBoundary28to27
    {
        type            processor;
        value           nonuniform List<vector> 7((-0.189526 -0.000547339 -5.95929e-18) (-0.210932 -3.32075e-05 8.46415e-19) (-0.201062 -0.00025179 4.10861e-18) (-0.225157 0.000135743 7.48806e-19) (-0.219007 5.49734e-05 -3.04588e-19) (-0.231395 5.48489e-05 1.84763e-17) (-0.229308 7.53208e-05 5.03626e-18));
    }
    procBoundary28to29
    {
        type            processor;
        value           nonuniform List<vector> 5((-0.224738 -0.00429049 -2.67902e-18) (-0.216919 -0.00502027 -7.55949e-18) (-0.23649 -0.00255391 -1.46987e-18) (-0.231332 -0.00347975 -1.58112e-18) (-0.240035 -0.00157253 -4.66259e-19));
    }
    procBoundary28to36
    {
        type            processor;
        value           nonuniform List<vector> 
17
(
(-0.231214 3.91425e-05 7.06434e-18)
(-0.231013 1.52985e-05 8.3267e-18)
(-0.23091 -3.81903e-06 -9.918e-18)
(-0.230887 -1.8839e-05 -1.82898e-17)
(-0.230924 -3.1105e-05 -7.16699e-18)
(-0.231006 -4.09701e-05 1.03529e-17)
(-0.231119 -4.82736e-05 5.96562e-18)
(-0.231252 -5.25732e-05 5.78778e-18)
(-0.239535 -0.000447376 4.97753e-18)
(-0.237572 -0.000375238 -8.40393e-18)
(-0.235929 -0.000308298 1.09198e-17)
(-0.23458 -0.000247329 -1.84165e-17)
(-0.233497 -0.000192804 -1.65681e-17)
(-0.232649 -0.000144911 -7.46917e-18)
(-0.232005 -0.000103572 -5.03247e-18)
(-0.231536 -6.8499e-05 -1.4979e-17)
(-0.231536 -6.8499e-05 -1.4979e-17)
)
;
    }
}


// ************************************************************************* //
