/*--------------------------------*- C++ -*----------------------------------*\
  =========                 |
  \\      /  F ield         | OpenFOAM: The Open Source CFD Toolbox
   \\    /   O peration     | Website:  https://openfoam.org
    \\  /    A nd           | Version:  7
     \\/     M anipulation  |
\*---------------------------------------------------------------------------*/
FoamFile
{
    version     2.0;
    format      ascii;
    class       volVectorField;
    location    "26";
    object      U;
}
// * * * * * * * * * * * * * * * * * * * * * * * * * * * * * * * * * * * * * //

dimensions      [0 1 -1 0 0 0 0];

internalField   nonuniform List<vector> 
125
(
(1.35437 0.192012 1.73749e-20)
(1.35469 0.192076 -1.81293e-20)
(1.35482 0.192101 -8.78741e-21)
(1.35468 0.192068 2.40315e-20)
(1.35423 0.191954 1.86388e-20)
(1.35342 0.191741 2.49724e-20)
(1.35216 0.191407 8.91204e-21)
(1.35042 0.190934 -1.43291e-20)
(1.34811 0.190299 3.07853e-20)
(1.34518 0.189472 7.12684e-20)
(1.34155 0.188421 7.13044e-20)
(1.33716 0.187108 2.43584e-19)
(1.33192 0.185491 1.86634e-19)
(1.32573 0.183524 4.79404e-19)
(1.31846 0.181161 6.61724e-19)
(1.31007 0.178355 1.71352e-18)
(1.30071 0.17501 3.00274e-18)
(1.35459 0.191774 7.76016e-21)
(1.35497 0.192043 -3.85597e-21)
(1.35513 0.192325 1.41294e-20)
(1.35502 0.192599 4.10617e-20)
(1.35459 0.192846 -1.89507e-20)
(1.35377 0.193047 1.929e-20)
(1.35252 0.193187 -5.59009e-21)
(1.35077 0.19325 -2.66636e-20)
(1.34846 0.193221 -2.39211e-20)
(1.34552 0.193079 -6.46822e-20)
(1.34188 0.192796 8.41067e-20)
(1.33745 0.192339 -1.10134e-19)
(1.33217 0.191666 -8.88339e-20)
(1.32592 0.190736 -4.24796e-20)
(1.3186 0.189506 -9.63161e-20)
(1.31013 0.187906 -4.12466e-20)
(1.30051 0.185786 -1.36698e-19)
(1.35464 0.191349 -2.31835e-21)
(1.35512 0.191751 -6.84888e-21)
(1.35534 0.192195 1.18191e-20)
(1.35527 0.192663 2.20519e-20)
(1.35484 0.193135 -1.32624e-20)
(1.35402 0.193595 -3.76633e-20)
(1.35275 0.194027 -2.32155e-20)
(1.35096 0.194418 -4.56692e-20)
(1.34861 0.194752 -5.13352e-20)
(1.3456 0.195012 -3.26356e-20)
(1.34187 0.195174 -2.40913e-20)
(1.33734 0.195205 -1.27427e-19)
(1.33191 0.195065 -8.74014e-20)
(1.32548 0.194716 -6.7441e-20)
(1.31792 0.19411 -2.03677e-19)
(1.30909 0.193147 -4.98526e-19)
(1.29898 0.191629 -1.70383e-18)
(1.35439 0.190888 1.13562e-20)
(1.35511 0.191482 2.68368e-20)
(1.3555 0.192145 -1.75782e-20)
(1.35554 0.19286 -2.02961e-21)
(1.35518 0.193611 -1.30865e-20)
(1.3544 0.194387 -2.1996e-20)
(1.35313 0.195177 1.66122e-20)
(1.35135 0.19597 1.59775e-20)
(1.34897 0.196758 6.58758e-20)
(1.34594 0.197528 3.15591e-20)
(1.34216 0.198264 -1.17668e-19)
(1.33756 0.198941 4.17689e-20)
(1.33205 0.199526 -3.41555e-20)
(1.32553 0.199988 -5.17684e-20)
(1.31783 0.200296 2.03485e-19)
(1.30878 0.200376 5.63695e-19)
(1.29827 0.200039 1.29692e-18)
(1.35326 0.190127 -4.74002e-21)
(1.35452 0.190982 3.38629e-21)
(1.35532 0.191916 2.20687e-20)
(1.35566 0.192918 1.75497e-21)
(1.35552 0.193976 -9.70505e-21)
(1.35488 0.195083 -2.00813e-20)
(1.3537 0.196235 -6.37993e-21)
(1.35197 0.197426 4.03016e-20)
(1.34961 0.198655 9.22472e-20)
(1.34657 0.199916 7.55901e-20)
(1.34278 0.201201 -4.51021e-20)
(1.33814 0.20249 -1.54719e-20)
(1.33257 0.203757 -2.31591e-19)
(1.32596 0.204973 -3.89962e-19)
(1.31815 0.20612 -6.65531e-19)
(1.3089 0.20714 -4.45185e-19)
(1.29801 0.207843 -6.30085e-19)
(1.34984 0.188776 8.43924e-21)
(1.35224 0.190018 3.2372e-20)
(1.35397 0.191336 2.60312e-20)
(1.35503 0.19272 4.61208e-20)
(1.35544 0.194163 1.16091e-20)
(1.35521 0.195666 3.12588e-20)
(1.35433 0.19723 4.89721e-20)
(1.35279 0.19886 8.72492e-20)
(1.35056 0.200561 1.16182e-19)
(1.34761 0.20234 1.48895e-19)
(1.34385 0.204201 1.30871e-19)
(1.33922 0.206136 -6.77309e-21)
(1.33364 0.20813 4.03009e-20)
(1.32701 0.210166 -1.93801e-19)
(1.31917 0.212246 -5.96203e-19)
(1.30981 0.214354 -9.29901e-19)
(1.29861 0.216313 -2.39542e-18)
(1.34128 0.186242 2.722e-20)
(1.34585 0.188071 2.03946e-20)
(1.34942 0.189955 2.84317e-20)
(1.35203 0.191885 7.70926e-21)
(1.3537 0.193858 3.83469e-20)
(1.35448 0.195879 4.13271e-20)
(1.35438 0.197958 6.82778e-20)
(1.35342 0.200105 9.11879e-20)
(1.35161 0.202338 1.63961e-19)
(1.34894 0.204676 2.56598e-19)
(1.34537 0.207137 2.56737e-19)
(1.34085 0.209733 3.98171e-19)
(1.33532 0.212459 5.04083e-19)
(1.32872 0.215318 7.66513e-19)
(1.3209 0.218339 1.21708e-18)
(1.31152 0.22156 1.37414e-18)
(1.30006 0.224841 1.6759e-18)
(1.32254 0.181598 2.02908e-20)
(1.3308 0.184273 1.61186e-20)
(1.33769 0.186979 -7.5339e-21)
(1.34323 0.189704 3.88139e-20)
(1.34745 0.192444 4.55639e-20)
(1.35039 0.195204 3.02512e-20)
)
;

boundaryField
{
    inlet
    {
        type            uniformFixedValue;
        uniformValue    constant (1 0 0);
        value           nonuniform 0();
    }
    outlet
    {
        type            pressureInletOutletVelocity;
        value           nonuniform 0();
    }
    polygon
    {
        type            fixedValue;
        value           nonuniform 0();
    }
    top
    {
        type            symmetryPlane;
    }
    bottom
    {
        type            symmetryPlane;
    }
    outside
    {
        type            zeroGradient;
    }
    procBoundary58to49
    {
        type            processor;
        value           nonuniform List<vector> 2((1.29005 0.217179 -3.97435e-18) (1.29107 0.226637 2.52037e-18));
    }
    procBoundary58to50
    {
        type            processor;
        value           nonuniform List<vector> 
18
(
(1.35208 0.197994 8.02708e-20)
(1.35256 0.200834 1.22062e-19)
(1.35188 0.203747 1.72559e-19)
(1.35005 0.206764 2.42468e-19)
(1.34708 0.20992 3.44569e-19)
(1.34296 0.213245 4.71449e-19)
(1.33768 0.216757 5.95268e-19)
(1.33124 0.220482 9.39583e-19)
(1.32355 0.224489 1.45034e-18)
(1.31425 0.228887 1.74428e-18)
(1.30261 0.233619 1.95428e-18)
(1.28616 0.173603 9.94122e-21)
(1.29994 0.177382 -3.14178e-20)
(1.31206 0.181192 1.9059e-20)
(1.32247 0.18501 4.0155e-20)
(1.33116 0.188827 3.15595e-20)
(1.35208 0.197994 8.02708e-20)
(1.33813 0.19264 3.12139e-20)
)
;
    }
    procBoundary58to51
    {
        type            processor;
        value           uniform (1.3129 0.178974 2.16565e-21);
    }
    procBoundary58to57
    {
        type            processor;
        value           nonuniform List<vector> 5((1.29421 0.172286 4.47961e-18) (1.29345 0.183868 -9.32661e-20) (1.29168 0.190136 -2.25932e-18) (1.29052 0.199342 2.16647e-18) (1.28988 0.20785 -6.37641e-19));
    }
    procBoundary58to59
    {
        type            processor;
        value           nonuniform List<vector> 7((1.35389 0.19193 -2.58993e-22) (1.35404 0.191539 2.07067e-20) (1.35394 0.191012 1.84153e-20) (1.35336 0.190383 -1.6223e-20) (1.35154 0.189372 -4.53047e-21) (1.34674 0.187624 -4.33856e-20) (1.33568 0.184483 -2.55589e-20));
    }
}


// ************************************************************************* //
