/*--------------------------------*- C++ -*----------------------------------*\
  =========                 |
  \\      /  F ield         | OpenFOAM: The Open Source CFD Toolbox
   \\    /   O peration     | Website:  https://openfoam.org
    \\  /    A nd           | Version:  7
     \\/     M anipulation  |
\*---------------------------------------------------------------------------*/
FoamFile
{
    version     2.0;
    format      ascii;
    class       volVectorField;
    location    "30";
    object      U;
}
// * * * * * * * * * * * * * * * * * * * * * * * * * * * * * * * * * * * * * //

dimensions      [0 1 -1 0 0 0 0];

internalField   nonuniform List<vector> 
125
(
(-0.194379 0.00147799 8.30248e-18)
(-0.28779 -0.0506988 1.32533e-17)
(-0.270456 -0.0459325 9.39355e-18)
(-0.254874 -0.041034 2.65545e-17)
(-0.241062 -0.0361068 2.08128e-17)
(-0.229005 -0.0312457 2.06154e-17)
(-0.218656 -0.0265367 8.28089e-18)
(-0.209939 -0.0220555 7.43847e-18)
(-0.202753 -0.0178669 5.41542e-19)
(-0.196977 -0.0140236 7.5599e-18)
(-0.192469 -0.0105628 1.44647e-17)
(-0.189086 -0.00754729 3.2364e-18)
(-0.186664 -0.00498896 1.74197e-17)
(-0.185032 -0.00287713 7.4488e-18)
(-0.184034 -0.0012014 6.84559e-18)
(-0.183508 5.55511e-05 6.97236e-18)
(-0.183307 0.000972476 1.60559e-17)
(-0.183299 0.00153622 4.71793e-18)
(-0.27205 -0.0559959 5.52521e-18)
(-0.255209 -0.050662 -2.17053e-18)
(-0.240097 -0.0451939 1.12156e-17)
(-0.226727 -0.0397059 4.84802e-18)
(-0.215078 -0.0343029 8.82998e-18)
(-0.205099 -0.0290797 5.0001e-18)
(-0.19671 -0.0241197 3.95192e-18)
(-0.189809 -0.0194948 1.85564e-19)
(-0.184269 -0.0152636 3.48181e-18)
(-0.179955 -0.0114685 6.19954e-18)
(-0.17672 -0.00816173 8.87582e-19)
(-0.17439 -0.00535835 6.72196e-18)
(-0.1728 -0.00305832 2.6294e-18)
(-0.171792 -0.00125008 2.24421e-18)
(-0.171189 7.89469e-05 2.27752e-18)
(-0.170861 0.00104091 7.14667e-18)
(-0.170693 0.00160957 1.79683e-18)
(-0.243986 -0.0634955 -1.47409e-18)
(-0.227975 -0.0574092 -2.78257e-17)
(-0.213655 -0.0511814 -2.54229e-18)
(-0.201029 -0.0449416 -2.30077e-17)
(-0.190069 -0.0388091 -2.4404e-18)
(-0.180717 -0.0328917 6.9444e-19)
(-0.172889 -0.027285 1.21594e-18)
(-0.166475 -0.0220718 4.94533e-20)
(-0.161348 -0.0173216 6.45017e-19)
(-0.157362 -0.0130903 -1.32261e-18)
(-0.154362 -0.00939793 -3.46483e-18)
(-0.152185 -0.00625451 -2.69593e-18)
(-0.150661 -0.00367923 -3.68675e-18)
(-0.149623 -0.00165708 -3.865e-18)
(-0.148913 -0.000150544 -3.94475e-18)
(-0.148386 0.000819425 3.35328e-19)
(-0.147912 0.00135703 -2.97803e-18)
(-0.196115 -0.0755042 -3.00532e-17)
(-0.181451 -0.0682336 -3.70716e-17)
(-0.168413 -0.0608052 -6.87691e-18)
(-0.15699 -0.0533715 -2.78653e-17)
(-0.14714 -0.046074 -5.15152e-18)
(-0.138794 -0.0390408 -5.49413e-19)
(-0.131855 -0.0323856 1.1058e-19)
(-0.126205 -0.0262072 -4.21879e-20)
(-0.121705 -0.0205873 -1.89538e-19)
(-0.118201 -0.0155902 -1.98651e-17)
(-0.11553 -0.0112593 -2.29764e-17)
(-0.113519 -0.00761406 -2.37909e-17)
(-0.11199 -0.00465499 -2.43904e-17)
(-0.110773 -0.00236686 -2.47267e-17)
(-0.109702 -0.000714565 -2.47026e-17)
(-0.108638 0.000344923 -4.30074e-18)
(-0.107457 0.000872915 -2.27817e-17)
(-0.140448 -0.0859461 -8.01114e-18)
(-0.12731 -0.0775479 -6.94539e-18)
(-0.115716 -0.0689945 -1.90893e-18)
(-0.105637 -0.0604598 -3.40012e-18)
(-0.0970144 -0.0521068 -7.2606e-19)
(-0.089763 -0.0440826 3.27729e-19)
(-0.0837705 -0.0365184 5.50978e-19)
(-0.0789024 -0.0295279 7.02601e-19)
(-0.0750044 -0.0232052 3.31725e-19)
(-0.0719074 -0.0176231 -3.98252e-18)
(-0.0694321 -0.01283 -5.10014e-18)
(-0.0673927 -0.00884871 -5.60715e-18)
(-0.0656039 -0.00567996 -5.67817e-18)
(-0.0638893 -0.00330262 -5.44188e-18)
(-0.0620871 -0.00167454 -4.9945e-18)
(-0.0600599 -0.000742566 -1.49506e-18)
(-0.0576906 -0.000427379 -3.78829e-18)
(-0.0779104 -0.0951418 -1.39852e-18)
(-0.066465 -0.085689 2.3275e-17)
(-0.0564513 -0.0760981 4.24757e-18)
(-0.0478188 -0.0665618 2.1505e-17)
(-0.0404904 -0.0572646 5.15948e-18)
(-0.0343568 -0.0483724 3.77856e-18)
(-0.029283 -0.0400335 4.02405e-18)
(-0.0251099 -0.0323768 3.64556e-18)
(-0.0216583 -0.0255086 3.04045e-18)
(-0.0187347 -0.0195103 -1.11788e-18)
(-0.0161379 -0.0144354 -3.99863e-18)
(-0.013667 -0.0103076 -2.20356e-18)
(-0.0111296 -0.00712239 -4.28035e-18)
(-0.00835162 -0.00484751 -2.03867e-18)
(-0.00518503 -0.00342483 -9.47255e-19)
(-0.00151235 -0.00277721 -2.09906e-19)
(0.00275697 -0.0028062 -6.50765e-19)
(-0.00946759 -0.103096 2.37304e-19)
(0.000156192 -0.0926687 6.08971e-18)
(0.0085047 -0.0821327 2.435e-18)
(0.0156534 -0.0717071 7.26318e-18)
(0.0217076 -0.0615951 2.4015e-17)
(0.0268117 -0.0519832 2.37046e-17)
(0.0311363 -0.0430384 2.27222e-17)
(0.0348782 -0.0349056 2.19994e-17)
(0.0382522 -0.0277034 1.93015e-17)
(0.0414822 -0.0215198 -4.01052e-19)
(0.0447896 -0.0164088 -1.90105e-17)
(0.0483812 -0.0123876 -3.10594e-18)
(0.0524386 -0.00943746 -1.97045e-17)
(0.0571089 -0.00750575 -1.44028e-18)
(0.0625005 -0.0065108 -2.88592e-19)
(0.0686822 -0.00634872 1.19476e-19)
(0.0756877 -0.00689885 -2.25924e-19)
(0.0638809 -0.109679 3.87801e-19)
(0.0716313 -0.0983906 1.08196e-18)
(0.078321 -0.0870439 3.63798e-19)
(0.0840661 -0.0758886 1.93087e-18)
(0.0890211 -0.0651489 3.55923e-18)
)
;

boundaryField
{
    inlet
    {
        type            uniformFixedValue;
        uniformValue    constant (1 0 0);
        value           nonuniform 0();
    }
    outlet
    {
        type            pressureInletOutletVelocity;
        value           nonuniform 0();
    }
    polygon
    {
        type            fixedValue;
        value           nonuniform 0();
    }
    top
    {
        type            symmetryPlane;
    }
    bottom
    {
        type            symmetryPlane;
    }
    outside
    {
        type            zeroGradient;
    }
    procBoundary20to12
    {
        type            processor;
        value           nonuniform List<vector> 
18
(
(0.0933804 -0.0550346 5.18565e-18)
(0.0973671 -0.045733 2.96866e-18)
(0.101226 -0.0374041 4.26755e-18)
(0.105209 -0.0301738 2.12746e-18)
(0.109558 -0.024128 2.60016e-18)
(0.114491 -0.0193083 -2.53294e-18)
(0.120186 -0.0157106 1.5021e-18)
(0.126773 -0.0132879 -3.58951e-18)
(0.134333 -0.011956 -4.06766e-19)
(0.142898 -0.0116024 -1.55099e-20)
(0.152461 -0.0120949 -4.37899e-20)
(0.162985 -0.0132913 1.9192e-19)
(0.14117 -0.11485 5.34328e-19)
(0.147126 -0.102865 1.15359e-18)
(0.152333 -0.0909088 1.32096e-19)
(0.156974 -0.0792583 -2.91799e-18)
(0.0933804 -0.0550346 5.18565e-18)
(0.161274 -0.0681679 -1.85612e-17)
)
;
    }
    procBoundary20to13
    {
        type            processor;
        value           uniform (0.0549852 -0.120646 -3.59196e-19);
    }
    procBoundary20to19
    {
        type            processor;
        value           nonuniform List<vector> 8((-0.194622 0.00174197 7.33024e-18) (-0.183364 0.00179099 1.60057e-17) (-0.170548 0.00183396 6.80543e-18) (-0.147375 0.00151895 4.97971e-19) (-0.10605 0.000941758 -4.03781e-18) (-0.054886 -0.000635487 -9.74708e-19) (0.00767771 -0.0034063 -7.61914e-19) (0.0835194 -0.00803851 1.3563e-18));
    }
    procBoundary20to21
    {
        type            processor;
        value           nonuniform List<vector> 7((-0.306819 -0.0552213 2.63412e-18) (-0.290571 -0.0610719 1.49788e-18) (-0.261648 -0.0693003 -7.56622e-19) (-0.212384 -0.0824507 -7.26637e-18) (-0.155127 -0.0939984 -4.16207e-18) (-0.0908072 -0.104242 -1.11676e-18) (-0.0204164 -0.113176 -4.39405e-19));
    }
    procBoundary20to28
    {
        type            processor;
        value           nonuniform List<vector> 
18
(
(-0.203974 0.00135297 1.59436e-17)
(-0.301991 -0.0453495 2.7808e-17)
(-0.284182 -0.0411318 2.18081e-17)
(-0.268146 -0.0367882 2.80424e-17)
(-0.253906 -0.0324111 1.63873e-17)
(-0.241454 -0.0280857 1.49847e-17)
(-0.230746 -0.0238887 1.20169e-17)
(-0.221711 -0.0198883 1.50196e-17)
(-0.214249 -0.016143 -3.60734e-19)
(-0.208242 -0.0127013 1.68771e-17)
(-0.203547 -0.00959957 7.51062e-18)
(-0.200021 -0.00687455 4.85456e-18)
(-0.197507 -0.00454994 1.56516e-17)
(-0.195834 -0.00262052 1.50156e-17)
(-0.194842 -0.00107619 1.58089e-17)
(-0.194362 9.4901e-05 1.59781e-17)
(-0.194249 0.00093971 8.88629e-18)
(-0.194249 0.00093971 8.88629e-18)
)
;
    }
}


// ************************************************************************* //
