/*--------------------------------*- C++ -*----------------------------------*\
  =========                 |
  \\      /  F ield         | OpenFOAM: The Open Source CFD Toolbox
   \\    /   O peration     | Website:  https://openfoam.org
    \\  /    A nd           | Version:  7
     \\/     M anipulation  |
\*---------------------------------------------------------------------------*/
FoamFile
{
    version     2.0;
    format      ascii;
    class       volVectorField;
    location    "30";
    object      U;
}
// * * * * * * * * * * * * * * * * * * * * * * * * * * * * * * * * * * * * * //

dimensions      [0 1 -1 0 0 0 0];

internalField   nonuniform List<vector> 
115
(
(1.29778 0.219719 4.65285e-18)
(1.29861 0.229168 4.87836e-18)
(1.30046 0.238933 3.16126e-19)
(1.30359 0.248926 -1.15959e-18)
(1.30829 0.259104 3.2574e-18)
(1.31473 0.269266 5.45527e-18)
(1.30197 0.22079 1.06579e-18)
(1.30304 0.230095 6.38121e-19)
(1.3052 0.239668 -2.7414e-18)
(1.30867 0.249353 -1.36646e-19)
(1.31361 0.258952 2.46969e-18)
(1.31956 0.267822 -1.16287e-19)
(1.28814 0.228676 1.32454e-18)
(1.28942 0.239193 2.62603e-18)
(1.29188 0.250101 2.27053e-18)
(1.29586 0.261426 3.95997e-18)
(1.30173 0.273126 3.49133e-18)
(1.29308 0.219124 3.55776e-19)
(1.29367 0.228863 5.09127e-18)
(1.29524 0.238966 -6.38583e-19)
(1.29802 0.24935 2.40315e-18)
(1.30227 0.259951 -2.62539e-18)
(1.30811 0.270532 1.50816e-19)
(1.27558 0.228132 1.42807e-18)
(1.27623 0.239554 2.35595e-18)
(1.27796 0.251527 6.54301e-19)
(1.28108 0.264129 2.93483e-18)
(1.28597 0.277425 2.34069e-18)
(1.28219 0.228104 3.3284e-18)
(1.28317 0.238983 1.68699e-18)
(1.28527 0.250308 2.65921e-18)
(1.28874 0.2621 1.59072e-18)
(1.29392 0.274351 4.53961e-18)
(1.26101 0.227558 2.58121e-18)
(1.26094 0.240034 3.28898e-18)
(1.26185 0.253229 1.69893e-18)
(1.264 0.267281 1.34455e-18)
(1.26774 0.282376 2.10065e-18)
(1.27358 0.298481 2.83064e-18)
(1.26862 0.22747 2.43264e-18)
(1.26894 0.239314 2.74124e-18)
(1.27026 0.251773 1.34025e-18)
(1.27287 0.264948 3.93251e-19)
(1.27712 0.278974 1.92571e-18)
(1.24457 0.226973 3.08787e-18)
(1.24366 0.240638 5.5829e-18)
(1.24361 0.255196 1.79206e-18)
(1.24463 0.270859 7.21034e-19)
(1.24705 0.287958 1.72305e-18)
(1.2531 0.226856 2.83379e-18)
(1.25265 0.239817 4.53968e-18)
(1.25312 0.25357 1.23883e-18)
(1.25474 0.268286 -2.76835e-19)
(1.25786 0.284233 1.84965e-19)
(1.22707 0.226395 4.16563e-18)
(1.22507 0.241361 8.45539e-18)
(1.22374 0.257342 2.17305e-18)
(1.2232 0.274714 1.78026e-18)
(1.22382 0.293939 1.75915e-18)
(1.2359 0.226263 4.29323e-18)
(1.23451 0.240471 6.89336e-18)
(1.23391 0.255628 2.00272e-18)
(1.23425 0.272001 4.9684e-19)
(1.23588 0.289998 1.08864e-18)
(1.21412 0.210885 2.9907e-18)
(1.21078 0.225973 1.94735e-18)
(1.20773 0.242178 1.059e-17)
(1.20521 0.259588 2.46364e-18)
(1.20331 0.278666 -1.08597e-18)
(1.20215 0.299957 -1.41382e-18)
(1.21892 0.225686 4.61124e-18)
(1.21631 0.241189 7.94273e-18)
(1.21432 0.257749 2.55288e-18)
(1.213 0.275821 1.26681e-18)
(1.21261 0.295926 8.4604e-19)
(1.19527 0.21004 3.02835e-18)
(1.19041 0.226335 4.94606e-18)
(1.18572 0.243913 1.72065e-17)
(1.18137 0.262978 6.6847e-19)
(1.17741 0.283933 1.88859e-18)
(1.17386 0.307311 -6.31961e-18)
(1.20545 0.210084 1.90639e-18)
(1.20167 0.225664 9.97645e-18)
(1.19821 0.242403 1.61093e-17)
(1.19531 0.260473 6.01991e-18)
(1.19303 0.280291 3.02671e-18)
(1.19141 0.302376 -1.61463e-18)
(1.02677 0.0926759 -1.26023e-17)
(1.02866 0.192413 5.61984e-18)
(1.08506 0.17318 5.56639e-19)
(1.10024 0.289977 7.10302e-18)
(1.03621 0.0896084 -8.84472e-18)
(1.04166 0.181582 8.39552e-19)
(1.09729 0.16586 -5.88275e-19)
(1.11452 0.265949 3.34025e-18)
(1.05359 0.170374 4.71871e-17)
(1.1079 0.158271 4.19273e-18)
(1.12753 0.244203 3.47695e-17)
(1.06462 0.158961 1.36423e-17)
(1.11728 0.150408 -1.72476e-19)
(1.13931 0.22436 1.61023e-17)
(1.07483 0.147451 4.90453e-18)
(1.12573 0.142293 -3.46452e-18)
(1.15001 0.206063 5.65695e-18)
(1.32161 0.217438 3.92373e-19)
(1.31057 0.21972 1.01747e-18)
(1.3234 0.224382 -2.73734e-19)
(1.31216 0.228047 1.86272e-19)
(1.32619 0.231323 -9.10159e-19)
(1.3149 0.236494 -1.36961e-18)
(1.32997 0.238086 1.9471e-19)
(1.31896 0.244872 3.8704e-19)
(1.33425 0.244398 9.40802e-19)
(1.32428 0.252952 1.46867e-18)
(1.33691 0.249474 -6.6869e-19)
)
;

boundaryField
{
    inlet
    {
        type            uniformFixedValue;
        uniformValue    constant (1 0 0);
        value           nonuniform 0();
    }
    outlet
    {
        type            pressureInletOutletVelocity;
        value           nonuniform 0();
    }
    polygon
    {
        type            fixedValue;
        value           nonuniform 0();
    }
    top
    {
        type            symmetryPlane;
    }
    bottom
    {
        type            symmetryPlane;
    }
    outside
    {
        type            zeroGradient;
    }
    procBoundary49to41
    {
        type            processor;
        value           nonuniform List<vector> 
27
(
(1.32238 0.278814 -1.77711e-18)
(1.32404 0.274337 -7.4819e-19)
(1.32975 0.26008 -4.23736e-19)
(1.30976 0.284962 -2.40946e-18)
(1.31519 0.280572 -1.91648e-18)
(1.29305 0.291303 -1.4989e-18)
(1.30115 0.286956 -1.76467e-19)
(1.28168 0.316089 1.07867e-18)
(1.28353 0.293857 3.78777e-18)
(1.26304 0.301429 1.48598e-18)
(1.28353 0.293857 3.78777e-18)
(1.25139 0.306497 5.19975e-18)
(1.26304 0.301429 1.48598e-18)
(1.22601 0.315053 7.17148e-18)
(1.23933 0.309621 5.17167e-18)
(1.20192 0.323686 1.06804e-17)
(1.21354 0.318134 8.18742e-18)
(1.17078 0.333559 1.70347e-17)
(1.08469 0.316769 1.35374e-17)
(1.19056 0.327082 1.35311e-17)
(1.01722 0.0956035 -1.46999e-17)
(1.0142 0.202575 2.28487e-17)
(1.07085 0.180285 2.27512e-18)
(1.08469 0.316769 1.35374e-17)
(1.32975 0.26008 -4.23736e-19)
(1.32975 0.26008 -4.23736e-19)
(1.33183 0.251406 -7.45575e-19)
)
;
    }
    procBoundary49to48
    {
        type            processor;
        value           nonuniform List<vector> 4((1.00322 0.10606 -1.70693e-17) (1.01264 0.103366 -1.07467e-17) (1.04518 0.0863172 -2.05382e-17) (1.04518 0.0863172 -2.05382e-17));
    }
    procBoundary49to50
    {
        type            processor;
        value           nonuniform List<vector> 4((1.33473 0.226778 -2.88294e-19) (1.33775 0.232294 1.93909e-19) (1.34031 0.237165 6.18839e-20) (1.33912 0.240362 -2.67565e-19));
    }
    procBoundary49to56
    {
        type            processor;
        value           nonuniform List<vector> 2((1.05353 0.0826828 -1.21828e-17) (1.06122 0.0786541 -7.54871e-18));
    }
    procBoundary49to57
    {
        type            processor;
        value           nonuniform List<vector> 
23
(
(1.2978 0.210462 -1.0201e-18)
(1.30178 0.211626 -4.64812e-19)
(1.28781 0.218585 4.56543e-18)
(1.28781 0.218585 4.56543e-18)
(1.2933 0.209626 7.45421e-19)
(1.27581 0.217257 1.27729e-18)
(1.28212 0.217698 1.88053e-18)
(1.2619 0.215765 3.11759e-18)
(1.26915 0.216226 3.00512e-18)
(1.24623 0.21414 5.04659e-18)
(1.25433 0.214639 3.91769e-18)
(1.22971 0.212409 3.91996e-18)
(1.23801 0.212948 4.52407e-18)
(1.21788 0.196748 -3.13814e-18)
(1.22194 0.211222 5.0091e-18)
(1.22194 0.211222 5.0091e-18)
(1.20035 0.194869 -4.57382e-18)
(1.20964 0.195532 -4.27491e-18)
(1.08427 0.135933 1.38028e-17)
(1.13341 0.133928 -3.16533e-17)
(1.15983 0.189064 -6.53702e-18)
(1.32067 0.210455 1.21132e-19)
(1.3099 0.211438 -3.58535e-19)
)
;
    }
    procBoundary49to58
    {
        type            processor;
        value           nonuniform List<vector> 2((1.33065 0.215176 4.09046e-19) (1.3323 0.221007 -3.11329e-20));
    }
}


// ************************************************************************* //
