/*--------------------------------*- C++ -*----------------------------------*\
  =========                 |
  \\      /  F ield         | OpenFOAM: The Open Source CFD Toolbox
   \\    /   O peration     | Website:  https://openfoam.org
    \\  /    A nd           | Version:  7
     \\/     M anipulation  |
\*---------------------------------------------------------------------------*/
FoamFile
{
    version     2.0;
    format      ascii;
    class       vectorField;
    location    "constant/polyMesh";
    object      points;
}
// * * * * * * * * * * * * * * * * * * * * * * * * * * * * * * * * * * * * * //


282
(
(10.9146329 1.684330746 -0.05)
(10.79847934 1.684330746 -0.05)
(10.68232578 1.684330746 -0.05)
(10.56617222 1.684330746 -0.05)
(10.45001866 1.684330746 -0.05)
(10.3338651 1.684330746 -0.05)
(12.29324116 1.646446609 -0.05)
(12.1767767 1.646446609 -0.05)
(12.06031223 1.646446609 -0.05)
(11.94384776 1.646446609 -0.05)
(11.8273833 1.646446609 -0.05)
(11.71091883 1.646446609 -0.05)
(11.59445436 1.646446609 -0.05)
(11.4779899 1.646446609 -0.05)
(11.36152543 1.646446609 -0.05)
(11.24506097 1.646446609 -0.05)
(11.1285965 1.646446609 -0.05)
(11.01213203 1.646446609 -0.05)
(10.89566757 1.646446609 -0.05)
(10.7792031 1.646446609 -0.05)
(10.66273864 1.646446609 -0.05)
(10.54627417 1.646446609 -0.05)
(10.4298097 1.646446609 -0.05)
(10.31334524 1.646446609 -0.05)
(10.9146329 1.684330746 0.05)
(10.79847934 1.684330746 0.05)
(10.68232578 1.684330746 0.05)
(10.56617222 1.684330746 0.05)
(10.45001866 1.684330746 0.05)
(10.3338651 1.684330746 0.05)
(12.29324116 1.646446609 0.05)
(12.1767767 1.646446609 0.05)
(12.06031223 1.646446609 0.05)
(11.94384776 1.646446609 0.05)
(11.8273833 1.646446609 0.05)
(11.71091883 1.646446609 0.05)
(11.59445436 1.646446609 0.05)
(11.4779899 1.646446609 0.05)
(11.36152543 1.646446609 0.05)
(11.24506097 1.646446609 0.05)
(11.1285965 1.646446609 0.05)
(11.01213203 1.646446609 0.05)
(10.89566757 1.646446609 0.05)
(10.7792031 1.646446609 0.05)
(10.66273864 1.646446609 0.05)
(10.54627417 1.646446609 0.05)
(10.4298097 1.646446609 0.05)
(10.31334524 1.646446609 0.05)
(12.29324116 1.564124279 -0.05)
(12.1767767 1.564124279 -0.05)
(12.06031223 1.564124279 -0.05)
(11.94384776 1.564124279 -0.05)
(11.8273833 1.564124279 -0.05)
(11.71091883 1.564124279 -0.05)
(11.59445436 1.564124279 -0.05)
(11.4779899 1.564124279 -0.05)
(11.36152543 1.564124279 -0.05)
(11.24506097 1.564124279 -0.05)
(11.1285965 1.564124279 -0.05)
(11.01213203 1.564124279 -0.05)
(10.89566757 1.564124279 -0.05)
(10.7792031 1.564124279 -0.05)
(10.66273864 1.564124279 -0.05)
(10.54627417 1.564124279 -0.05)
(10.4298097 1.564124279 -0.05)
(10.31334524 1.564124279 -0.05)
(12.29324116 1.481801948 -0.05)
(12.1767767 1.481801948 -0.05)
(12.06031223 1.481801948 -0.05)
(11.94384776 1.481801948 -0.05)
(11.8273833 1.481801948 -0.05)
(11.71091883 1.481801948 -0.05)
(11.59445436 1.481801948 -0.05)
(11.4779899 1.481801948 -0.05)
(11.36152543 1.481801948 -0.05)
(11.24506097 1.481801948 -0.05)
(11.1285965 1.481801948 -0.05)
(11.01213203 1.481801948 -0.05)
(10.89566757 1.481801948 -0.05)
(10.7792031 1.481801948 -0.05)
(10.66273864 1.481801948 -0.05)
(10.54627417 1.481801948 -0.05)
(10.4298097 1.481801948 -0.05)
(10.31334524 1.481801948 -0.05)
(12.29324116 1.399479618 -0.05)
(12.1767767 1.399479618 -0.05)
(12.06031223 1.399479618 -0.05)
(11.94384776 1.399479618 -0.05)
(11.8273833 1.399479618 -0.05)
(11.71091883 1.399479618 -0.05)
(11.59445436 1.399479618 -0.05)
(11.4779899 1.399479618 -0.05)
(11.36152543 1.399479618 -0.05)
(11.24506097 1.399479618 -0.05)
(11.1285965 1.399479618 -0.05)
(11.01213203 1.399479618 -0.05)
(10.89566757 1.399479618 -0.05)
(10.7792031 1.399479618 -0.05)
(10.66273864 1.399479618 -0.05)
(10.54627417 1.399479618 -0.05)
(10.4298097 1.399479618 -0.05)
(10.31334524 1.399479618 -0.05)
(12.29324116 1.317157288 -0.05)
(12.1767767 1.317157288 -0.05)
(12.06031223 1.317157288 -0.05)
(11.94384776 1.317157288 -0.05)
(11.8273833 1.317157288 -0.05)
(11.71091883 1.317157288 -0.05)
(11.59445436 1.317157288 -0.05)
(11.4779899 1.317157288 -0.05)
(11.36152543 1.317157288 -0.05)
(11.24506097 1.317157288 -0.05)
(11.1285965 1.317157288 -0.05)
(11.01213203 1.317157288 -0.05)
(10.89566757 1.317157288 -0.05)
(10.7792031 1.317157288 -0.05)
(10.66273864 1.317157288 -0.05)
(10.54627417 1.317157288 -0.05)
(10.4298097 1.317157288 -0.05)
(10.31334524 1.317157288 -0.05)
(12.29324116 1.234834957 -0.05)
(12.1767767 1.234834957 -0.05)
(12.06031223 1.234834957 -0.05)
(11.94384776 1.234834957 -0.05)
(11.8273833 1.234834957 -0.05)
(11.71091883 1.234834957 -0.05)
(11.59445436 1.234834957 -0.05)
(11.4779899 1.234834957 -0.05)
(11.36152543 1.234834957 -0.05)
(11.24506097 1.234834957 -0.05)
(11.1285965 1.234834957 -0.05)
(11.01213203 1.234834957 -0.05)
(10.89566757 1.234834957 -0.05)
(10.7792031 1.234834957 -0.05)
(10.66273864 1.234834957 -0.05)
(10.54627417 1.234834957 -0.05)
(10.4298097 1.234834957 -0.05)
(10.31334524 1.234834957 -0.05)
(12.29324116 1.152512627 -0.05)
(12.1767767 1.152512627 -0.05)
(12.06031223 1.152512627 -0.05)
(11.94384776 1.152512627 -0.05)
(11.8273833 1.152512627 -0.05)
(11.71091883 1.152512627 -0.05)
(11.59445436 1.152512627 -0.05)
(11.4779899 1.152512627 -0.05)
(11.36152543 1.152512627 -0.05)
(11.24506097 1.152512627 -0.05)
(11.1285965 1.152512627 -0.05)
(11.01213203 1.152512627 -0.05)
(10.89566757 1.152512627 -0.05)
(10.7792031 1.152512627 -0.05)
(10.66273864 1.152512627 -0.05)
(10.54627417 1.152512627 -0.05)
(10.4298097 1.152512627 -0.05)
(10.31334524 1.152512627 -0.05)
(12.29324116 1.070190296 -0.05)
(12.1767767 1.070190296 -0.05)
(12.06031223 1.070190296 -0.05)
(11.94384776 1.070190296 -0.05)
(11.8273833 1.070190296 -0.05)
(11.71091883 1.070190296 -0.05)
(11.59445436 1.070190296 -0.05)
(11.4779899 1.070190296 -0.05)
(11.36152543 1.070190296 -0.05)
(12.29324116 1.564124279 0.05)
(12.1767767 1.564124279 0.05)
(12.06031223 1.564124279 0.05)
(11.94384776 1.564124279 0.05)
(11.8273833 1.564124279 0.05)
(11.71091883 1.564124279 0.05)
(11.59445436 1.564124279 0.05)
(11.4779899 1.564124279 0.05)
(11.36152543 1.564124279 0.05)
(11.24506097 1.564124279 0.05)
(11.1285965 1.564124279 0.05)
(11.01213203 1.564124279 0.05)
(10.89566757 1.564124279 0.05)
(10.7792031 1.564124279 0.05)
(10.66273864 1.564124279 0.05)
(10.54627417 1.564124279 0.05)
(10.4298097 1.564124279 0.05)
(10.31334524 1.564124279 0.05)
(12.29324116 1.481801948 0.05)
(12.1767767 1.481801948 0.05)
(12.06031223 1.481801948 0.05)
(11.94384776 1.481801948 0.05)
(11.8273833 1.481801948 0.05)
(11.71091883 1.481801948 0.05)
(11.59445436 1.481801948 0.05)
(11.4779899 1.481801948 0.05)
(11.36152543 1.481801948 0.05)
(11.24506097 1.481801948 0.05)
(11.1285965 1.481801948 0.05)
(11.01213203 1.481801948 0.05)
(10.89566757 1.481801948 0.05)
(10.7792031 1.481801948 0.05)
(10.66273864 1.481801948 0.05)
(10.54627417 1.481801948 0.05)
(10.4298097 1.481801948 0.05)
(10.31334524 1.481801948 0.05)
(12.29324116 1.399479618 0.05)
(12.1767767 1.399479618 0.05)
(12.06031223 1.399479618 0.05)
(11.94384776 1.399479618 0.05)
(11.8273833 1.399479618 0.05)
(11.71091883 1.399479618 0.05)
(11.59445436 1.399479618 0.05)
(11.4779899 1.399479618 0.05)
(11.36152543 1.399479618 0.05)
(11.24506097 1.399479618 0.05)
(11.1285965 1.399479618 0.05)
(11.01213203 1.399479618 0.05)
(10.89566757 1.399479618 0.05)
(10.7792031 1.399479618 0.05)
(10.66273864 1.399479618 0.05)
(10.54627417 1.399479618 0.05)
(10.4298097 1.399479618 0.05)
(10.31334524 1.399479618 0.05)
(12.29324116 1.317157288 0.05)
(12.1767767 1.317157288 0.05)
(12.06031223 1.317157288 0.05)
(11.94384776 1.317157288 0.05)
(11.8273833 1.317157288 0.05)
(11.71091883 1.317157288 0.05)
(11.59445436 1.317157288 0.05)
(11.4779899 1.317157288 0.05)
(11.36152543 1.317157288 0.05)
(11.24506097 1.317157288 0.05)
(11.1285965 1.317157288 0.05)
(11.01213203 1.317157288 0.05)
(10.89566757 1.317157288 0.05)
(10.7792031 1.317157288 0.05)
(10.66273864 1.317157288 0.05)
(10.54627417 1.317157288 0.05)
(10.4298097 1.317157288 0.05)
(10.31334524 1.317157288 0.05)
(12.29324116 1.234834957 0.05)
(12.1767767 1.234834957 0.05)
(12.06031223 1.234834957 0.05)
(11.94384776 1.234834957 0.05)
(11.8273833 1.234834957 0.05)
(11.71091883 1.234834957 0.05)
(11.59445436 1.234834957 0.05)
(11.4779899 1.234834957 0.05)
(11.36152543 1.234834957 0.05)
(11.24506097 1.234834957 0.05)
(11.1285965 1.234834957 0.05)
(11.01213203 1.234834957 0.05)
(10.89566757 1.234834957 0.05)
(10.7792031 1.234834957 0.05)
(10.66273864 1.234834957 0.05)
(10.54627417 1.234834957 0.05)
(10.4298097 1.234834957 0.05)
(10.31334524 1.234834957 0.05)
(12.29324116 1.152512627 0.05)
(12.1767767 1.152512627 0.05)
(12.06031223 1.152512627 0.05)
(11.94384776 1.152512627 0.05)
(11.8273833 1.152512627 0.05)
(11.71091883 1.152512627 0.05)
(11.59445436 1.152512627 0.05)
(11.4779899 1.152512627 0.05)
(11.36152543 1.152512627 0.05)
(11.24506097 1.152512627 0.05)
(11.1285965 1.152512627 0.05)
(11.01213203 1.152512627 0.05)
(10.89566757 1.152512627 0.05)
(10.7792031 1.152512627 0.05)
(10.66273864 1.152512627 0.05)
(10.54627417 1.152512627 0.05)
(10.4298097 1.152512627 0.05)
(10.31334524 1.152512627 0.05)
(12.29324116 1.070190296 0.05)
(12.1767767 1.070190296 0.05)
(12.06031223 1.070190296 0.05)
(11.94384776 1.070190296 0.05)
(11.8273833 1.070190296 0.05)
(11.71091883 1.070190296 0.05)
(11.59445436 1.070190296 0.05)
(11.4779899 1.070190296 0.05)
(11.36152543 1.070190296 0.05)
)


// ************************************************************************* //
