/*--------------------------------*- C++ -*----------------------------------*\
  =========                 |
  \\      /  F ield         | OpenFOAM: The Open Source CFD Toolbox
   \\    /   O peration     | Website:  https://openfoam.org
    \\  /    A nd           | Version:  7
     \\/     M anipulation  |
\*---------------------------------------------------------------------------*/
FoamFile
{
    version     2.0;
    format      ascii;
    class       volVectorField;
    location    "120";
    object      U;
}
// * * * * * * * * * * * * * * * * * * * * * * * * * * * * * * * * * * * * * //

dimensions      [0 1 -1 0 0 0 0];

internalField   nonuniform List<vector> 
115
(
(1.00494 5.12755e-06 1.20971e-17)
(0.994467 1.06376e-05 -4.77086e-17)
(1.00595 2.18799e-05 4.33817e-17)
(0.992352 4.52594e-05 3.67732e-17)
(1.00496 -1.56918e-05 -5.48844e-17)
(0.994431 -2.89188e-05 -4.31746e-17)
(1.00599 -6.45022e-05 -5.2874e-18)
(0.992303 -0.000127844 5.75468e-17)
(1.00691 -0.000115124 -6.38638e-18)
(0.98921 -0.000304171 -4.92701e-18)
(1.00727 -0.000218185 -1.69672e-17)
(0.984405 -0.000642531 -9.22329e-17)
(1.00621 -0.000435268 -1.89138e-19)
(0.976597 -0.00130714 1.59083e-17)
(1.00181 -0.000904557 4.4224e-17)
(0.963193 -0.00266031 3.09527e-18)
(0.989746 -0.00194433 1.80689e-17)
(0.938702 -0.00561985 2.38964e-17)
(0.959463 -0.00440239 4.01324e-17)
(0.890223 -0.0130165 4.68607e-17)
(0.880594 -0.0113695 -5.42082e-18)
(1.00494 -4.7347e-06 -7.4701e-17)
(0.994467 -1.00699e-05 -8.68471e-17)
(1.00595 -2.04597e-05 4.22047e-17)
(0.992352 -4.40272e-05 -1.24427e-17)
(1.00686 -3.79431e-05 6.31609e-17)
(0.989276 -0.000105683 5.52809e-18)
(1.00719 -7.50942e-05 3.22203e-17)
(0.984497 -0.000225572 -1.04066e-16)
(1.00609 -0.000155058 4.09875e-17)
(0.976729 -0.000464127 5.79939e-17)
(1.00163 -0.000330654 8.49766e-17)
(0.963402 -0.000956199 -3.02207e-18)
(0.989443 -0.000724619 3.84979e-17)
(0.939086 -0.00204535 6.72525e-17)
(0.958826 -0.00166547 5.0017e-17)
(0.891047 -0.00478947 8.6216e-17)
(0.878756 -0.00435047 -2.89623e-17)
(1.00508 -4.43483e-05 -5.08649e-18)
(0.994268 -5.04903e-05 -2.03086e-17)
(1.00617 -0.000169686 -8.63637e-18)
(0.992073 -0.000271012 -1.70985e-18)
(1.00718 -0.000295562 1.27627e-17)
(0.988894 -0.000670482 -5.67356e-17)
(1.00767 -0.000549771 1.92689e-17)
(0.983966 -0.00144411 -3.12833e-17)
(1.00679 -0.00108213 3.82305e-17)
(0.975961 -0.00297453 9.28158e-19)
(1.00268 -0.00223399 7.66707e-17)
(0.962203 -0.00610322 -8.42529e-18)
(0.991163 -0.00480542 5.80324e-17)
(0.936957 -0.0129496 2.51208e-17)
(0.962296 -0.0109602 5.98572e-17)
(0.886625 -0.0300177 2.77027e-17)
(0.888575 -0.0284232 -8.57619e-18)
(1.00501 -2.82371e-05 -1.53129e-17)
(0.994363 -4.33826e-05 -2.17268e-17)
(1.00606 -0.000113274 -1.48815e-17)
(0.992208 -0.000206913 5.49859e-17)
(1.00702 -0.000201785 1.3036e-17)
(0.989081 -0.000501862 -1.92446e-17)
(1.00743 -0.00038328 4.74454e-18)
(0.984227 -0.00107256 -4.19806e-17)
(1.00644 -0.000766992 6.36801e-18)
(0.97634 -0.00220208 1.28183e-18)
(1.00216 -0.00160121 4.19876e-17)
(0.962789 -0.00451626 7.91271e-19)
(0.990318 -0.00346438 2.62011e-17)
(0.937969 -0.00959876 1.04895e-17)
(0.96063 -0.00790974 7.90159e-17)
(0.888642 -0.0223207 3.67237e-17)
(0.883898 -0.0205296 -5.07499e-18)
(1.00525 -8.76733e-05 -2.99655e-17)
(0.994026 -3.57755e-05 -9.48937e-17)
(1.00645 -0.000310518 -2.94256e-18)
(0.991719 -0.000353262 -1.90803e-17)
(1.00761 -0.000523662 1.34315e-17)
(0.988395 -0.000943304 -1.67293e-17)
(1.00832 -0.000950817 4.74863e-17)
(0.983247 -0.00210299 9.07047e-18)
(1.00777 -0.0018356 -1.81909e-17)
(0.974902 -0.0044235 6.57132e-17)
(1.00417 -0.00374396 6.38273e-17)
(0.96058 -0.00920122 9.09545e-18)
(0.993546 -0.00802971 5.05038e-17)
(0.934309 -0.0196807 1.68773e-16)
(0.966679 -0.0184331 7.26536e-17)
(0.881936 -0.0457254 2.91611e-17)
(0.899897 -0.0481917 8.84879e-17)
(1.00517 -6.37155e-05 -5.91129e-18)
(0.994153 -4.85773e-05 -4.17198e-17)
(1.0063 -0.000235121 -3.3789e-18)
(0.991906 -0.000322449 -4.98615e-17)
(1.00738 -0.000404651 7.31139e-18)
(0.988662 -0.00082612 -3.17772e-17)
(1.00796 -0.000747509 6.39812e-17)
(0.983636 -0.00181001 -4.06544e-17)
(1.00723 -0.00146273 4.44757e-19)
(0.975481 -0.00376988 1.63024e-17)
(1.00334 -0.00301052 5.69073e-17)
(0.961466 -0.00779537 -3.73458e-17)
(0.992214 -0.00648001 2.71898e-17)
(0.935725 -0.0166214 6.0477e-17)
(0.964258 -0.0148451 9.93413e-17)
(0.884285 -0.038598 1.76096e-17)
(0.89377 -0.03865 1.3288e-16)
(1.00838 -0.00226882 -3.72356e-17)
(0.974266 -0.00505639 8.50902e-17)
(1.00513 -0.00458411 1.05871e-16)
(0.959599 -0.0106071 5.49465e-17)
(0.995126 -0.00977883 4.44995e-17)
(0.932775 -0.0227994 1.80244e-16)
(0.969526 -0.0224238 5.4202e-17)
(0.879624 -0.0530507 6.93101e-17)
(0.90655 -0.0587866 1.1067e-16)
)
;

boundaryField
{
    inlet
    {
        type            uniformFixedValue;
        uniformValue    constant (1 0 0);
        value           uniform (1 0 0);
    }
    outlet
    {
        type            pressureInletOutletVelocity;
        value           nonuniform 0();
    }
    polygon
    {
        type            fixedValue;
        value           nonuniform 0();
    }
    top
    {
        type            symmetryPlane;
    }
    bottom
    {
        type            symmetryPlane;
    }
    outside
    {
        type            zeroGradient;
    }
    procBoundary24to16
    {
        type            processor;
        value           nonuniform List<vector> 
18
(
(1.00534 -0.000115076 -8.58862e-18)
(0.9939 -1.50203e-05 -3.80991e-18)
(1.0066 -0.000401063 1.99493e-17)
(0.991526 -0.000367873 -3.51752e-18)
(1.00786 -0.000664906 3.41101e-17)
(0.988112 -0.00103927 -6.66869e-18)
(1.0087 -0.00119089 7.68046e-17)
(0.982827 -0.00237166 4.09001e-17)
(1.00907 -0.00274576 -6.63843e-17)
(0.973571 -0.00563561 9.01321e-17)
(1.00629 -0.00553429 9.73716e-17)
(0.9585 -0.0119789 1.16424e-16)
(0.997105 -0.0118151 -1.44646e-17)
(0.931057 -0.0260086 7.95845e-17)
(0.973262 -0.0272179 3.62327e-17)
(0.877285 -0.060949 3.52071e-17)
(0.915565 -0.0717366 5.19998e-17)
(0.982827 -0.00237166 4.09001e-17)
)
;
    }
    procBoundary24to25
    {
        type            processor;
        value           nonuniform List<vector> 7((0.780467 -0.0362623 3.92798e-18) (0.782029 -0.0133801 -1.80986e-17) (0.773372 -0.0836671 -2.64657e-17) (0.777157 -0.062267 5.19373e-17) (0.765424 -0.127112 -1.00403e-17) (0.768785 -0.107467 5.10729e-17) (0.763185 -0.146954 7.70581e-17));
    }
    procBoundary24to32
    {
        type            processor;
        value           nonuniform List<vector> 
18
(
(1.00496 1.60835e-05 -2.67156e-17)
(0.994432 2.94866e-05 -4.26623e-17)
(1.00599 6.59226e-05 -4.27866e-19)
(1.00686 4.01024e-05 8.08089e-17)
(0.992303 0.000129077 1.1544e-17)
(1.00686 4.01024e-05 8.08089e-17)
(0.989276 0.00010738 1.97638e-18)
(1.00719 7.77158e-05 7.37728e-17)
(0.984497 0.00022771 -9.55631e-17)
(1.00609 0.000157928 -6.16407e-17)
(0.97673 0.000466965 5.28126e-17)
(1.00163 0.000333709 5.79192e-17)
(0.963402 0.00096037 -3.46941e-17)
(0.989443 0.000728085 -5.69267e-18)
(0.939086 0.00205196 5.00896e-17)
(0.958826 0.00167012 -3.48494e-17)
(0.891047 0.00480036 3.67131e-17)
(0.878756 0.00435823 4.33765e-17)
)
;
    }
}


// ************************************************************************* //
