/*--------------------------------*- C++ -*----------------------------------*\
  =========                 |
  \\      /  F ield         | OpenFOAM: The Open Source CFD Toolbox
   \\    /   O peration     | Website:  https://openfoam.org
    \\  /    A nd           | Version:  7
     \\/     M anipulation  |
\*---------------------------------------------------------------------------*/
FoamFile
{
    version     2.0;
    format      ascii;
    class       volVectorField;
    location    "120";
    object      U;
}
// * * * * * * * * * * * * * * * * * * * * * * * * * * * * * * * * * * * * * //

dimensions      [0 1 -1 0 0 0 0];

internalField   nonuniform List<vector> 
125
(
(1.24165 -0.221826 1.39334e-17)
(1.24089 -0.234638 5.01924e-18)
(1.24095 -0.248251 9.69327e-19)
(1.242 -0.262771 -1.31502e-17)
(1.2444 -0.278561 -1.70719e-17)
(1.23551 -0.222697 2.16965e-17)
(1.23443 -0.23622 5.16628e-18)
(1.23415 -0.250657 1.16121e-18)
(1.23483 -0.266159 -1.58373e-17)
(1.23685 -0.283112 -1.95022e-17)
(1.22924 -0.222624 1.24179e-17)
(1.22782 -0.236659 -4.53179e-19)
(1.22714 -0.25169 2.30217e-18)
(1.22736 -0.267894 -2.36198e-17)
(1.22883 -0.285668 -2.315e-17)
(1.22512 -0.209101 6.92181e-18)
(1.22268 -0.222729 1.89795e-17)
(1.22083 -0.237332 7.17735e-18)
(1.21968 -0.253027 -2.25319e-18)
(1.21934 -0.27002 -1.40934e-17)
(1.22015 -0.288721 -2.61857e-17)
(1.21877 -0.20847 1.3642e-17)
(1.21592 -0.222556 2.09716e-17)
(1.2136 -0.237679 5.2212e-18)
(1.2119 -0.25398 -6.5213e-19)
(1.21091 -0.27169 -1.2981e-17)
(1.21093 -0.291228 -3.09268e-17)
(1.21235 -0.20772 1.38153e-17)
(1.20906 -0.222248 2.54628e-17)
(1.20623 -0.237869 6.7527e-18)
(1.20392 -0.254753 6.92441e-18)
(1.20218 -0.273152 -1.4478e-17)
(1.20595 -0.206805 1.54492e-17)
(1.20225 -0.221738 2.9977e-17)
(1.19892 -0.237815 6.29629e-18)
(1.19601 -0.25523 6.54447e-18)
(1.19353 -0.274254 -1.65391e-17)
(1.19941 -0.205758 1.63267e-17)
(1.19532 -0.221071 3.50432e-17)
(1.19154 -0.237572 5.83791e-18)
(1.18809 -0.255475 9.28119e-18)
(1.18497 -0.275067 -9.6153e-18)
(1.1921 -0.204576 -8.58081e-19)
(1.18749 -0.220248 3.23596e-17)
(1.18314 -0.237151 1.37351e-17)
(1.17905 -0.255519 1.88961e-18)
(1.1752 -0.275649 -2.10111e-17)
(1.18345 -0.20317 1.1716e-17)
(1.17797 -0.219167 3.08173e-17)
(1.17259 -0.23644 2.65186e-18)
(1.16728 -0.255243 -4.17977e-18)
(1.16199 -0.275884 -1.95461e-17)
(1.29035 -0.217928 8.071e-18)
(1.29129 -0.227427 1.9025e-19)
(1.29328 -0.237304 -3.64298e-19)
(1.29665 -0.24741 -3.38082e-18)
(1.30194 -0.257729 -3.41358e-18)
(1.2863 -0.2175 9.84963e-18)
(1.28704 -0.227271 2.09942e-18)
(1.28878 -0.237462 9.94413e-20)
(1.29185 -0.247949 -3.59951e-18)
(1.29681 -0.258771 -4.36295e-18)
(1.28205 -0.217246 9.60298e-18)
(1.28257 -0.227346 2.23837e-18)
(1.28407 -0.237915 -9.56758e-19)
(1.28684 -0.248845 -3.73444e-18)
(1.29141 -0.260189 -5.98749e-18)
(1.27768 -0.216762 7.32506e-18)
(1.27798 -0.227156 3.28229e-18)
(1.27921 -0.238067 1.97707e-18)
(1.28165 -0.249405 -3.70222e-18)
(1.2858 -0.261255 -5.9922e-18)
(1.27316 -0.216202 6.78571e-18)
(1.2732 -0.22689 3.68913e-18)
(1.27416 -0.23814 -2.10459e-19)
(1.27625 -0.249881 -3.46129e-18)
(1.27994 -0.26221 -7.6403e-18)
(1.26849 -0.215493 8.25789e-18)
(1.26828 -0.226457 4.63348e-18)
(1.26893 -0.238027 1.17648e-18)
(1.27065 -0.250151 -3.07049e-18)
(1.27386 -0.262941 -8.93893e-18)
(1.27928 -0.276566 -1.6699e-18)
(1.26368 -0.214652 9.40782e-18)
(1.26318 -0.225877 5.70793e-18)
(1.26351 -0.237748 1.70646e-18)
(1.26483 -0.250232 3.0087e-19)
(1.26749 -0.263447 -1.07688e-17)
(1.27216 -0.277608 -3.02322e-18)
(1.25874 -0.213657 1.06822e-17)
(1.25794 -0.225119 1.10591e-17)
(1.2579 -0.237264 1.95762e-18)
(1.25877 -0.250077 1.42987e-18)
(1.26083 -0.263681 -1.26274e-17)
(1.26468 -0.278332 -6.56395e-18)
(1.25256 -0.224173 1.24616e-17)
(1.25217 -0.236558 2.54151e-18)
(1.25259 -0.249659 -1.806e-19)
(1.25408 -0.263595 -1.11303e-17)
(1.2571 -0.278661 -1.11295e-17)
(1.24713 -0.223052 1.04456e-17)
(1.24649 -0.23565 3.53738e-18)
(1.24663 -0.249004 -1.64228e-18)
(1.24777 -0.263229 -1.27731e-17)
(1.25029 -0.278654 -1.2993e-17)
(1.05804 -0.0743002 1.40623e-17)
(1.07026 -0.139451 -1.72959e-17)
(1.11884 -0.137244 9.54291e-17)
(1.14215 -0.195002 3.92441e-17)
(1.0507 -0.0777545 2.93355e-18)
(1.06043 -0.150507 1.20428e-17)
(1.11072 -0.144856 1.04616e-17)
(1.13136 -0.212044 1.9826e-17)
(1.04268 -0.080716 -1.91096e-17)
(1.04982 -0.161525 4.89199e-17)
(1.1018 -0.152092 1.20036e-17)
(1.11946 -0.230497 6.57492e-17)
(1.03387 -0.0831724 -5.50573e-17)
(1.03845 -0.172443 -3.00241e-17)
(1.09193 -0.158894 4.56429e-17)
(1.10619 -0.250666 5.32269e-18)
(1.02406 -0.0851355 -3.63809e-19)
(1.02644 -0.183184 -2.44512e-17)
(1.08076 -0.165173 -7.5036e-18)
(1.09121 -0.272882 -2.48797e-17)
)
;

boundaryField
{
    inlet
    {
        type            uniformFixedValue;
        uniformValue    constant (1 0 0);
        value           nonuniform 0();
    }
    outlet
    {
        type            pressureInletOutletVelocity;
        value           nonuniform 0();
    }
    polygon
    {
        type            fixedValue;
        value           nonuniform 0();
    }
    top
    {
        type            symmetryPlane;
    }
    bottom
    {
        type            symmetryPlane;
    }
    outside
    {
        type            zeroGradient;
    }
    procBoundary9to0
    {
        type            processor;
        value           nonuniform List<vector> 2((1.03395 -0.0851887 2.00688e-17) (1.02743 -0.0904857 3.32482e-17));
    }
    procBoundary9to1
    {
        type            processor;
        value           nonuniform List<vector> 
26
(
(1.24312 -0.209773 8.90432e-18)
(1.23727 -0.210021 1.01318e-17)
(1.23132 -0.209497 4.80517e-18)
(1.23132 -0.209497 4.80517e-18)
(1.22817 -0.196126 1.25113e-18)
(1.22218 -0.1951 9.07737e-19)
(1.21613 -0.193975 6.87733e-18)
(1.21008 -0.192715 1.26815e-17)
(1.20388 -0.191348 2.06079e-17)
(1.197 -0.189866 1.29764e-17)
(1.18908 -0.188193 9.69821e-18)
(1.29026 -0.208549 3.45175e-18)
(1.28639 -0.207891 3.10484e-18)
(1.28236 -0.20735 3.72476e-19)
(1.2782 -0.206613 -1.43368e-20)
(1.27389 -0.2058 -8.7528e-19)
(1.26946 -0.204854 1.53091e-18)
(1.2649 -0.203789 -3.88112e-19)
(1.26023 -0.20259 -1.23448e-18)
(1.25367 -0.2125 6.82643e-18)
(1.25367 -0.2125 6.82643e-18)
(1.24847 -0.211191 8.30119e-18)
(1.06476 -0.0703572 1.70395e-17)
(1.07937 -0.128426 -5.21704e-18)
(1.12625 -0.129268 2.29241e-17)
(1.15203 -0.179183 2.01425e-17)
)
;
    }
    procBoundary9to2
    {
        type            processor;
        value           nonuniform List<vector> 3((1.29894 -0.217138 5.38416e-18) (1.3003 -0.225714 7.33112e-20) (1.30276 -0.234531 -6.02592e-19));
    }
    procBoundary9to8
    {
        type            processor;
        value           nonuniform List<vector> 3((1.02052 -0.0952758 3.27161e-17) (1.0133 -0.0994496 5.06509e-17) (1.0058 -0.102821 1.45222e-17));
    }
    procBoundary9to10
    {
        type            processor;
        value           nonuniform List<vector> 2((1.30664 -0.243433 -2.56332e-18) (1.31236 -0.252356 -2.22537e-18));
    }
    procBoundary9to17
    {
        type            processor;
        value           nonuniform List<vector> 
26
(
(1.24891 -0.295708 -5.39052e-18)
(1.24091 -0.301714 -4.22026e-18)
(1.23221 -0.30526 -9.34987e-18)
(1.22274 -0.309454 -8.31514e-18)
(1.21255 -0.312979 -1.53912e-17)
(1.20129 -0.293498 -3.61941e-17)
(1.20129 -0.293498 -3.61941e-17)
(1.19171 -0.295326 -4.31604e-17)
(1.18235 -0.296794 -4.36601e-17)
(1.17175 -0.297985 -4.70701e-17)
(1.15683 -0.298807 -5.72851e-17)
(1.30944 -0.267929 2.10734e-19)
(1.30425 -0.269796 -6.0625e-19)
(1.29848 -0.271883 -1.13027e-18)
(1.29246 -0.273664 -1.29956e-18)
(1.28599 -0.275232 -2.24063e-18)
(1.28599 -0.275232 -2.24063e-18)
(1.288 -0.291073 1.63711e-19)
(1.27996 -0.292841 -4.88475e-19)
(1.27139 -0.294199 4.83612e-20)
(1.26268 -0.295023 -1.6629e-18)
(1.25512 -0.295407 -2.14397e-20)
(1.0131 -0.0866888 -3.58952e-18)
(1.01399 -0.193643 -5.90818e-17)
(1.06766 -0.170776 -3.1048e-17)
(1.07427 -0.297569 -5.88193e-17)
)
;
    }
}


// ************************************************************************* //
