/*--------------------------------*- C++ -*----------------------------------*\
  =========                 |
  \\      /  F ield         | OpenFOAM: The Open Source CFD Toolbox
   \\    /   O peration     | Website:  https://openfoam.org
    \\  /    A nd           | Version:  7
     \\/     M anipulation  |
\*---------------------------------------------------------------------------*/
FoamFile
{
    version     2.0;
    format      ascii;
    class       volVectorField;
    location    "62";
    object      U;
}
// * * * * * * * * * * * * * * * * * * * * * * * * * * * * * * * * * * * * * //

dimensions      [0 1 -1 0 0 0 0];

internalField   nonuniform List<vector> 
175
(
(1.34323 0.204725 -9.53157e-20)
(1.34554 0.20549 6.49364e-20)
(1.34757 0.206159 -1.64993e-20)
(1.34935 0.206743 -2.04202e-20)
(1.35091 0.207251 2.21277e-20)
(1.35227 0.207693 -2.07934e-20)
(1.35346 0.208076 7.28824e-21)
(1.35448 0.208406 -5.37244e-20)
(1.35535 0.208688 4.38921e-21)
(1.35607 0.208924 -3.42047e-20)
(1.35665 0.209117 -1.45417e-20)
(1.35709 0.209266 2.99035e-21)
(1.35737 0.20937 3.59528e-20)
(1.35748 0.209426 3.75985e-20)
(1.35742 0.209428 -4.63662e-21)
(1.35714 0.20937 -2.33276e-21)
(1.35663 0.209244 9.73487e-21)
(1.33692 0.202257 -3.32955e-19)
(1.34034 0.203327 1.30865e-19)
(1.34336 0.204269 -5.73738e-20)
(1.34599 0.205099 -1.2907e-20)
(1.34828 0.205828 8.40858e-20)
(1.35025 0.20647 -8.36403e-21)
(1.35195 0.207035 1.90092e-20)
(1.35338 0.207533 1.74618e-20)
(1.35459 0.207974 2.1949e-20)
(1.35558 0.208366 -1.45627e-20)
(1.35637 0.208715 -4.36136e-21)
(1.35696 0.209025 -1.94162e-21)
(1.35736 0.209301 5.18279e-21)
(1.35756 0.209544 1.14053e-20)
(1.35756 0.209754 1.05631e-21)
(1.35733 0.20993 3.17474e-20)
(1.35685 0.210068 -1.52015e-20)
(1.32481 0.199157 -7.94529e-20)
(1.3301 0.200585 -3.57548e-21)
(1.33478 0.201861 -2.62861e-20)
(1.33891 0.202998 -6.2171e-21)
(1.34251 0.204007 2.23241e-20)
(1.34563 0.204903 -6.25212e-21)
(1.3483 0.205697 2.52412e-21)
(1.35057 0.206403 1.98814e-20)
(1.35246 0.207032 2.58015e-20)
(1.35402 0.207595 -3.29348e-21)
(1.35526 0.208102 2.66032e-20)
(1.35621 0.208563 4.31574e-20)
(1.35689 0.208985 3.8857e-20)
(1.3573 0.209373 1.37919e-20)
(1.35744 0.209734 3.67043e-20)
(1.35731 0.210068 1.20692e-20)
(1.3569 0.210379 4.32897e-20)
(1.30371 0.194364 -9.36879e-24)
(1.31176 0.196299 -5.02666e-21)
(1.31901 0.198057 -2.23451e-21)
(1.32548 0.19965 -2.34072e-20)
(1.33122 0.201087 -1.22012e-20)
(1.33626 0.20238 -3.39802e-20)
(1.34063 0.203542 -2.08593e-20)
(1.34439 0.204586 1.54875e-20)
(1.34758 0.205525 1.19732e-20)
(1.35023 0.206372 -9.79431e-21)
(1.3524 0.207141 1.40953e-20)
(1.35411 0.207845 1.57232e-20)
(1.3554 0.208497 7.76928e-21)
(1.3563 0.209107 9.76887e-21)
(1.35682 0.209686 3.00217e-20)
(1.35698 0.210243 2.87057e-21)
(1.35678 0.210786 1.67804e-20)
(1.26942 0.187206 8.73744e-21)
(1.2812 0.189779 1.53278e-20)
(1.29202 0.192165 4.92455e-20)
(1.30187 0.19437 4.48952e-20)
(1.31078 0.196398 -1.45112e-20)
(1.31877 0.198256 3.97771e-20)
(1.32585 0.199954 2.67038e-20)
(1.33206 0.201502 5.48859e-21)
(1.33745 0.202913 -5.14951e-21)
(1.34205 0.204198 -2.26234e-20)
(1.34591 0.205374 -3.28286e-21)
(1.34908 0.206453 8.59715e-21)
(1.35161 0.207453 3.40929e-20)
(1.35353 0.208389 5.87417e-21)
(1.35488 0.209276 2.33578e-20)
(1.35571 0.210128 2.07047e-20)
(1.35602 0.210961 5.84881e-20)
(1.21739 0.177044 -3.86427e-20)
(1.23369 0.180329 2.87025e-20)
(1.24899 0.183443 -8.93037e-21)
(1.26324 0.186383 8.87514e-21)
(1.27642 0.189147 3.9436e-20)
(1.2885 0.191734 -3.12315e-20)
(1.29947 0.194147 -3.70759e-20)
(1.30935 0.19639 -2.62924e-22)
(1.31813 0.198469 -1.10926e-20)
(1.32586 0.200393 1.62985e-20)
(1.33255 0.202173 -8.24032e-21)
(1.33826 0.203823 1.97346e-21)
(1.34301 0.205357 -1.08348e-20)
(1.34687 0.206792 8.27467e-21)
(1.34988 0.208147 4.27254e-21)
(1.35209 0.20944 2.35248e-20)
(1.35354 0.210691 2.23641e-20)
(1.14373 0.163479 -1.0826e-19)
(1.16487 0.167438 1.59357e-20)
(1.18515 0.171277 -2.36086e-20)
(1.20446 0.174983 1.29099e-20)
(1.22273 0.178548 1.92989e-20)
(1.2399 0.181962 1.09926e-20)
(1.25589 0.185219 -3.83175e-21)
(1.27066 0.188314 -2.0422e-20)
(1.28418 0.191245 -2.42419e-20)
(1.29642 0.194012 -4.06047e-20)
(1.30737 0.196617 4.09162e-21)
(1.31703 0.199069 -4.30108e-21)
(1.32542 0.201374 -1.45699e-21)
(1.33257 0.203547 9.38083e-21)
(1.33851 0.205601 4.59651e-21)
(1.34329 0.207555 6.39201e-21)
(1.34696 0.20943 1.03238e-20)
(1.04671 0.146602 -2.2693e-19)
(1.0722 0.151052 9.97238e-20)
(1.09716 0.15546 -1.11307e-19)
(1.12147 0.159813 2.19544e-20)
(1.14501 0.164097 -9.9417e-21)
(1.16765 0.168298 -4.09753e-21)
(1.18929 0.172401 2.94934e-20)
(1.20982 0.176394 1.75325e-20)
(1.22913 0.180266 -2.8941e-20)
(1.24714 0.184007 1.22106e-20)
(1.26376 0.187609 1.91989e-20)
(1.27893 0.191068 -4.28052e-21)
(1.29261 0.194381 -8.80961e-21)
(1.30475 0.197551 -5.86161e-21)
(1.31535 0.200584 -1.80953e-20)
(1.3244 0.203488 2.39833e-21)
(1.33193 0.206277 1.44592e-20)
(0.928062 0.127156 -7.75292e-20)
(0.956491 0.131777 4.56977e-20)
(0.984882 0.136449 -3.84924e-20)
(1.01311 0.14116 2.83088e-20)
(1.04106 0.1459 1.73156e-20)
(1.06857 0.150655 1.5464e-21)
(1.09551 0.155411 4.07025e-21)
(1.12174 0.160153 -2.00887e-20)
(1.14708 0.164867 7.55002e-21)
(1.17141 0.169537 6.52136e-21)
(1.19456 0.174147 -1.26048e-20)
(1.21638 0.178683 -1.60675e-20)
(1.23675 0.183132 4.33072e-21)
(1.25554 0.187483 -3.636e-21)
(1.27265 0.191727 -5.30941e-21)
(1.28797 0.195858 -1.54235e-20)
(1.30144 0.199877 -7.79629e-21)
(0.79342 0.106466 -1.63306e-19)
(0.822729 0.110889 7.14324e-20)
(0.852499 0.115437 -1.72065e-20)
(0.882645 0.120107 2.71046e-20)
(0.913073 0.124897 -8.84617e-21)
(0.943671 0.129803 8.90165e-21)
(0.974314 0.134819 -3.55854e-20)
(1.00486 0.139938 -2.20596e-20)
(1.03516 0.145152 -1.27955e-20)
(1.06504 0.150449 -4.46463e-21)
(1.09431 0.155817 -2.36242e-21)
(1.12278 0.16124 -3.25676e-21)
(1.15026 0.166703 -4.82946e-21)
(1.17652 0.172188 -6.22412e-21)
(1.20135 0.177678 -2.27498e-21)
(1.22456 0.183154 -4.13827e-21)
(1.24595 0.188599 -7.57875e-21)
(0.65123 0.0861004 -4.07817e-21)
(0.679278 0.0900215 8.42396e-20)
(0.70814 0.0941018 -2.14571e-20)
(0.73779 0.0983485 9.85508e-22)
(0.768191 0.102769 9.99001e-21)
)
;

boundaryField
{
    inlet
    {
        type            uniformFixedValue;
        uniformValue    constant (1 0 0);
        value           nonuniform 0();
    }
    outlet
    {
        type            pressureInletOutletVelocity;
        value           nonuniform 0();
    }
    polygon
    {
        type            fixedValue;
        value           nonuniform 0();
    }
    top
    {
        type            symmetryPlane;
    }
    bottom
    {
        type            symmetryPlane;
    }
    outside
    {
        type            zeroGradient;
    }
    procBoundary59to50
    {
        type            processor;
        value           nonuniform List<vector> 2((1.31301 0.203786 -9.818e-21) (1.26533 0.193998 -1.32596e-20));
    }
    procBoundary59to51
    {
        type            processor;
        value           nonuniform List<vector> 
18
(
(0.799293 0.107371 9.65078e-21)
(0.831034 0.112161 -1.20283e-20)
(0.863335 0.117146 -2.10371e-20)
(0.8961 0.122332 -4.43986e-21)
(0.92921 0.127723 -3.81903e-21)
(0.962522 0.133323 -2.89804e-21)
(0.99587 0.139131 -1.20501e-21)
(1.02906 0.145145 4.50544e-21)
(1.06186 0.151358 -6.37392e-22)
(1.09403 0.157761 -3.90344e-21)
(1.1253 0.164338 -5.25964e-21)
(1.15536 0.17107 -9.7413e-21)
(0.510448 0.0674067 -7.52127e-20)
(0.5356 0.0706653 2.78268e-20)
(0.56171 0.0740815 7.13848e-21)
(0.588794 0.0776659 -3.25795e-20)
(0.799293 0.107371 9.65078e-21)
(0.616865 0.0814308 -7.90087e-21)
)
;
    }
    procBoundary59to52
    {
        type            processor;
        value           nonuniform List<vector> 2((0.764642 0.102166 6.45327e-19) (0.624016 0.0823319 2.41392e-19));
    }
    procBoundary59to58
    {
        type            processor;
        value           nonuniform List<vector> 8((1.35585 0.209039 1.06899e-20) (1.35608 0.210164 -6.96745e-22) (1.35617 0.210664 5.26122e-20) (1.3562 0.21132 1.90936e-20) (1.35584 0.211787 6.88118e-20) (1.35427 0.21192 6.95142e-20) (1.34956 0.211248 2.16964e-20) (1.33795 0.20897 5.94338e-22));
    }
    procBoundary59to60
    {
        type            processor;
        value           nonuniform List<vector> 9((1.34062 0.20385 2.15218e-19) (1.33304 0.201046 6.6544e-19) (1.31889 0.197563 5.51152e-21) (1.29484 0.192245 -3.49288e-21) (1.2567 0.184446 -7.1883e-20) (1.20013 0.173595 -2.81908e-20) (1.12181 0.159411 1.14256e-19) (1.02081 0.142126 7.33327e-19) (0.899707 0.122593 2.09273e-19));
    }
}


// ************************************************************************* //
