/*--------------------------------*- C++ -*----------------------------------*\
  =========                 |
  \\      /  F ield         | OpenFOAM: The Open Source CFD Toolbox
   \\    /   O peration     | Website:  https://openfoam.org
    \\  /    A nd           | Version:  7
     \\/     M anipulation  |
\*---------------------------------------------------------------------------*/
FoamFile
{
    version     2.0;
    format      ascii;
    class       volVectorField;
    location    "118";
    object      U;
}
// * * * * * * * * * * * * * * * * * * * * * * * * * * * * * * * * * * * * * //

dimensions      [0 1 -1 0 0 0 0];

internalField   nonuniform List<vector> 
125
(
(-0.292122 3.75426e-05 3.64893e-18)
(-0.289193 0.000130369 -9.92448e-19)
(-0.286206 0.000226887 4.43412e-19)
(-0.28318 0.000324451 -3.36136e-19)
(-0.280136 0.000420393 -2.08169e-18)
(-0.277092 0.00051236 -6.32799e-20)
(-0.274066 0.00059807 -4.74541e-20)
(-0.271076 0.000674932 -2.46352e-19)
(-0.268139 0.000740934 -2.9621e-18)
(-0.265268 0.000794292 -3.27935e-19)
(-0.309412 -0.000903101 1.72231e-18)
(-0.307413 -0.000948171 -1.11862e-18)
(-0.305228 -0.000974251 -3.20948e-18)
(-0.302873 -0.000981982 -1.66373e-18)
(-0.300365 -0.000971328 1.66009e-19)
(-0.297724 -0.000942987 -7.2989e-19)
(-0.294966 -0.000898322 -1.54604e-18)
(-0.292112 -0.000839184 1.25982e-18)
(-0.289181 -0.000767783 -1.49772e-19)
(-0.286192 -0.000686575 -9.01072e-19)
(-0.283166 -0.000598174 6.77577e-19)
(-0.280121 -0.000505294 -7.08896e-19)
(-0.277077 -0.000410409 -1.06391e-18)
(-0.274051 -0.000316024 -2.02348e-18)
(-0.271062 -0.000225042 -1.11154e-18)
(-0.268126 -0.000139846 -2.75733e-18)
(-0.265257 -6.26516e-05 -6.72372e-19)
(-0.308114 -0.00148767 -1.2364e-19)
(-0.306133 -0.00159122 -4.24154e-18)
(-0.303967 -0.00167147 -5.64866e-18)
(-0.301631 -0.00172814 -1.30481e-18)
(-0.299143 -0.00176094 -2.24414e-18)
(-0.29652 -0.00177041 -3.29262e-18)
(-0.293782 -0.00175776 -3.60114e-18)
(-0.290948 -0.00172473 1.36428e-19)
(-0.288037 -0.00167345 2.75242e-19)
(-0.285068 -0.00160637 -2.86775e-18)
(-0.282061 -0.00152611 2.5307e-18)
(-0.279037 -0.00143543 -2.24217e-20)
(-0.276012 -0.00133731 -2.78719e-18)
(-0.273007 -0.00123463 -5.11426e-18)
(-0.270038 -0.00113017 -2.33404e-18)
(-0.267121 -0.00102671 -4.24905e-18)
(-0.264271 -0.000926913 -7.92727e-19)
(-0.305523 -0.00206276 -2.38574e-18)
(-0.303581 -0.00222494 -4.79157e-18)
(-0.301454 -0.00235929 -4.73717e-18)
(-0.299158 -0.00246481 -6.59744e-19)
(-0.29671 -0.00254096 3.91636e-19)
(-0.294129 -0.0025881 -1.25796e-18)
(-0.291432 -0.00260727 -6.77003e-19)
(-0.288638 -0.00260011 2.55187e-20)
(-0.285768 -0.00256869 8.43623e-19)
(-0.28284 -0.00251546 7.82814e-20)
(-0.279874 -0.00244311 -4.8982e-20)
(-0.276889 -0.00235455 -1.53719e-19)
(-0.273905 -0.00225288 7.42147e-20)
(-0.270938 -0.00214127 -4.29949e-18)
(-0.268008 -0.00202278 -3.96469e-18)
(-0.265128 -0.00190058 -1.18809e-18)
(-0.262315 -0.0017777 -3.60223e-19)
(-0.301651 -0.00262329 -1.47314e-18)
(-0.299768 -0.00284389 -2.05269e-18)
(-0.297702 -0.00303191 -5.93515e-18)
(-0.295467 -0.00318593 7.59267e-19)
(-0.293081 -0.00330517 3.3232e-18)
(-0.290561 -0.00338977 -2.73773e-19)
(-0.287926 -0.00344062 2.06337e-18)
(-0.285195 -0.00345923 1.17763e-19)
(-0.282386 -0.00344761 1.94636e-18)
(-0.279519 -0.00340821 2.81159e-18)
(-0.276614 -0.00334379 -2.65519e-18)
(-0.273689 -0.0032574 -2.70461e-19)
(-0.270764 -0.00315231 2.81006e-18)
(-0.267855 -0.00303193 -6.73428e-18)
(-0.26498 -0.00289971 -5.23243e-19)
(-0.262155 -0.00275917 2.01953e-18)
(-0.259395 -0.00261378 1.89961e-19)
(-0.296517 -0.00316367 -1.75466e-18)
(-0.294714 -0.00344226 -8.36485e-19)
(-0.292728 -0.00368354 -4.48697e-18)
(-0.290575 -0.0038857 -1.77113e-18)
(-0.288271 -0.00404773 1.89043e-18)
(-0.285833 -0.00416954 -2.17715e-19)
(-0.283281 -0.00425188 -2.79692e-19)
(-0.280632 -0.00429612 -3.92323e-19)
(-0.277905 -0.00430424 -2.06621e-18)
(-0.275119 -0.00427868 1.6392e-20)
(-0.272294 -0.00422226 -1.15485e-18)
(-0.269449 -0.00413817 2.71523e-19)
(-0.266601 -0.0040299 3.4625e-19)
(-0.263768 -0.00390111 -7.70419e-18)
(-0.260967 -0.0037556 -2.54664e-18)
(-0.258213 -0.00359728 -2.01907e-19)
(-0.255521 -0.00343002 4.2239e-19)
(-0.290142 -0.00367772 -3.39887e-18)
(-0.288438 -0.00401382 -4.81082e-20)
(-0.286553 -0.00430792 -6.04463e-18)
(-0.284501 -0.00455786 -4.2438e-18)
(-0.282299 -0.00476236 2.33547e-18)
(-0.279964 -0.00492116 -9.92492e-19)
(-0.277514 -0.00503483 -2.59328e-18)
(-0.274967 -0.00510465 -1.14632e-18)
(-0.272342 -0.00513253 -7.76116e-19)
(-0.269657 -0.0051209 -2.38771e-18)
(-0.266931 -0.00507269 -4.78275e-19)
(-0.264183 -0.0049912 1.28969e-18)
(-0.26143 -0.00488014 -2.39552e-18)
(-0.25869 -0.00474346 -7.31554e-18)
(-0.255979 -0.0045853 -4.45025e-18)
(-0.253312 -0.00440995 -2.03786e-18)
(-0.250703 -0.00422171 1.12191e-18)
(-0.282551 -0.00415958 -1.26968e-18)
(-0.280966 -0.00455265 1.13303e-18)
(-0.279201 -0.00489909 -5.80685e-18)
(-0.27727 -0.00519638 -1.73621e-18)
(-0.27519 -0.00544305 5.43272e-18)
(-0.272977 -0.00563864 3.28265e-18)
(-0.270649 -0.00578354 -5.02672e-20)
(-0.268223 -0.00587895 -2.26757e-18)
(-0.265718 -0.00592671 2.48956e-19)
(-0.263152 -0.00592927 3.33647e-19)
(-0.260543 -0.00588961 4.98097e-19)
(-0.25791 -0.00581121 3.22015e-18)
(-0.255269 -0.00569797 -6.26269e-19)
)
;

boundaryField
{
    inlet
    {
        type            uniformFixedValue;
        uniformValue    constant (1 0 0);
        value           nonuniform 0();
    }
    outlet
    {
        type            pressureInletOutletVelocity;
        value           nonuniform 0();
    }
    polygon
    {
        type            fixedValue;
        value           nonuniform 0();
    }
    top
    {
        type            symmetryPlane;
    }
    bottom
    {
        type            symmetryPlane;
    }
    outside
    {
        type            zeroGradient;
    }
    procBoundary30to22
    {
        type            processor;
        value           nonuniform List<vector> 
18
(
(-0.252638 -0.00555414 -4.83004e-18)
(-0.250032 -0.00538422 -1.0245e-18)
(-0.247466 -0.00519287 2.77159e-18)
(-0.244953 -0.00498485 2.85852e-18)
(-0.273774 -0.00460351 1.16265e-19)
(-0.272326 -0.00505291 3.19562e-18)
(-0.270699 -0.00545113 -3.71944e-18)
(-0.268908 -0.00579536 1.44371e-18)
(-0.266969 -0.00608389 -9.31802e-20)
(-0.264897 -0.00631609 1.9787e-18)
(-0.262709 -0.0064922 1.57693e-18)
(-0.260423 -0.00661329 -5.00292e-18)
(-0.258056 -0.00668116 2.09414e-18)
(-0.255626 -0.00669825 3.29079e-18)
(-0.253151 -0.00666765 1.91184e-18)
(-0.250649 -0.00659297 4.60459e-19)
(-0.252638 -0.00555414 -4.83004e-18)
(-0.248135 -0.00647834 -3.13678e-19)
)
;
    }
    procBoundary30to29
    {
        type            processor;
        value           nonuniform List<vector> 6((-0.26247 4.52433e-06 1.53817e-18) (-0.261503 -0.000833234 4.3703e-19) (-0.259581 -0.00165703 -3.49129e-21) (-0.256712 -0.00246685 -2.19255e-19) (-0.252903 -0.0032576 -4.3853e-19) (-0.248164 -0.00402482 -8.7581e-19));
    }
    procBoundary30to31
    {
        type            processor;
        value           nonuniform List<vector> 7((-0.311212 -0.000841874 1.42585e-19) (-0.309895 -0.00136353 7.27731e-19) (-0.307265 -0.00187553 2.32541e-18) (-0.303335 -0.00237325 7.06366e-19) (-0.298123 -0.00285126 -2.63513e-19) (-0.29165 -0.00330342 -7.02865e-19) (-0.283942 -0.00372399 -4.61146e-19));
    }
    procBoundary30to37
    {
        type            processor;
        value           uniform (-0.262479 0.000833467 3.69884e-18);
    }
    procBoundary30to38
    {
        type            processor;
        value           nonuniform List<vector> 
18
(
(-0.290979 0.000927287 1.9219e-18)
(-0.288073 0.00104126 -3.62512e-18)
(-0.285108 0.0011529 -4.33015e-18)
(-0.282105 0.00125961 -1.83786e-18)
(-0.279082 0.00135888 -4.83027e-18)
(-0.276058 0.00144818 1.38354e-18)
(-0.273052 0.0015253 1.7379e-18)
(-0.27008 0.00158839 2.58383e-19)
(-0.267159 0.00163573 -5.17849e-18)
(-0.264305 0.0016659 7.70491e-19)
(-0.309408 -0.000333982 4.64141e-18)
(-0.307411 -0.000317144 7.57761e-19)
(-0.305228 -0.000290255 -2.83103e-18)
(-0.302875 -0.000249041 -2.26536e-18)
(-0.30037 -0.000194206 3.06065e-18)
(-0.29773 -0.000126978 1.28692e-18)
(-0.294975 -4.90324e-05 -3.02506e-19)
(-0.294975 -4.90324e-05 -3.02506e-19)
)
;
    }
}


// ************************************************************************* //
