/*--------------------------------*- C++ -*----------------------------------*\
  =========                 |
  \\      /  F ield         | OpenFOAM: The Open Source CFD Toolbox
   \\    /   O peration     | Website:  https://openfoam.org
    \\  /    A nd           | Version:  7
     \\/     M anipulation  |
\*---------------------------------------------------------------------------*/
FoamFile
{
    version     2.0;
    format      ascii;
    class       volVectorField;
    location    "8";
    object      U;
}
// * * * * * * * * * * * * * * * * * * * * * * * * * * * * * * * * * * * * * //

dimensions      [0 1 -1 0 0 0 0];

internalField   nonuniform List<vector> 
175
(
(0.71358 0.0797241 2.91366e-18)
(0.69664 0.0872944 3.37841e-18)
(0.678028 0.0958655 1.53685e-18)
(0.657554 0.105459 9.2726e-19)
(0.635035 0.116082 1.8728e-18)
(0.610275 0.127731 -1.52029e-18)
(0.583053 0.140377 -1.9358e-18)
(0.55312 0.153928 -9.13503e-18)
(0.841918 0.0449116 1.92455e-18)
(0.833888 0.0477767 7.84267e-18)
(0.825502 0.0508431 -2.24496e-18)
(0.816778 0.0541043 1.25779e-18)
(0.807719 0.0575904 1.04411e-18)
(0.798303 0.0613779 3.18466e-18)
(0.788466 0.0655882 6.82575e-18)
(0.778107 0.0703758 1.47588e-17)
(0.767086 0.0759062 1.26616e-17)
(0.755244 0.0823312 1.30721e-17)
(0.742424 0.0897679 1.22088e-17)
(0.728483 0.0982893 1.13594e-17)
(0.713307 0.107931 8.33104e-18)
(0.696805 0.118707 1.6165e-18)
(0.678889 0.130633 8.98756e-18)
(0.659449 0.143735 -3.24544e-19)
(0.63833 0.158026 5.83522e-18)
(0.615328 0.17346 -2.78077e-18)
(0.851745 0.0501589 -2.28788e-19)
(0.844594 0.0532375 -7.42588e-19)
(0.837225 0.0564976 -1.57791e-19)
(0.829665 0.0599406 -1.79427e-19)
(0.821922 0.0636143 2.53608e-19)
(0.81397 0.06762 8.48674e-19)
(0.805751 0.0721069 1.82772e-18)
(0.797169 0.0772531 2.57012e-18)
(0.788113 0.0832381 1.69735e-18)
(0.778466 0.0902133 1.70025e-18)
(0.768134 0.0982817 1.44111e-18)
(0.757054 0.107494 8.11902e-19)
(0.745196 0.117863 5.95892e-19)
(0.732558 0.129394 1.28437e-19)
(0.719129 0.14211 1.49519e-19)
(0.704872 0.156063 -9.3081e-19)
(0.689694 0.171303 -1.48047e-18)
(0.673447 0.187814 -3.98605e-18)
(0.859687 0.0548608 -2.08875e-18)
(0.853297 0.0580617 -8.74442e-18)
(0.846807 0.0614189 -4.75806e-19)
(0.840244 0.064946 -2.52402e-18)
(0.833611 0.0687105 -1.6276e-18)
(0.82688 0.072837 -6.7913e-19)
(0.819996 0.0774961 7.1737e-19)
(0.812882 0.0828799 1.94747e-18)
(0.805462 0.0891689 1.6043e-18)
(0.797671 0.0965021 5.72329e-19)
(0.78948 0.104959 1.52891e-18)
(0.780901 0.114562 -7.47941e-19)
(0.771982 0.125303 3.31364e-19)
(0.762791 0.137181 -4.27963e-20)
(0.75339 0.150236 9.81779e-20)
(0.743807 0.164551 -6.29871e-20)
(0.734023 0.180215 -5.14889e-20)
(0.723971 0.197249 8.48914e-20)
(0.865981 0.0590966 -2.5566e-18)
(0.860221 0.0623457 -5.72324e-18)
(0.85445 0.0657275 -1.08752e-17)
(0.848689 0.0692703 -9.27192e-18)
(0.842935 0.0730604 -8.95253e-18)
(0.83716 0.0772408 -7.69946e-18)
(0.83132 0.0819948 -3.61313e-18)
(0.825365 0.0875166 4.90786e-18)
(0.819258 0.0939767 7.78249e-18)
(0.81299 0.101492 1.05091e-18)
(0.806592 0.110113 7.47467e-18)
(0.800138 0.119834 -2.09865e-18)
(0.793736 0.130628 6.69816e-19)
(0.78751 0.142489 -2.52037e-19)
(0.781577 0.155471 2.03231e-20)
(0.776028 0.169682 -5.95225e-20)
(0.770921 0.185243 -2.12422e-20)
(0.766279 0.202202 -4.04667e-19)
(0.871015 0.0629623 7.60319e-20)
(0.86576 0.0662056 -2.00436e-19)
(0.860556 0.0695627 -2.2766e-19)
(0.855414 0.0730765 -6.38897e-19)
(0.850331 0.0768485 4.17811e-19)
(0.845283 0.0810329 -9.92205e-19)
(0.840244 0.0858162 1.20719e-19)
(0.835193 0.0913852 -1.30338e-18)
(0.830135 0.0978918 5.01658e-19)
(0.825109 0.105426 -1.03313e-18)
(0.820195 0.114009 1.26414e-18)
(0.815512 0.123609 -5.5527e-19)
(0.811208 0.134182 2.96382e-19)
(0.807444 0.14572 -4.65508e-20)
(0.804378 0.158284 2.86679e-19)
(0.802155 0.172001 5.09257e-19)
(0.8009 0.187012 9.45825e-19)
(0.800725 0.203379 1.58585e-18)
(0.875201 0.0665327 1.4689e-18)
(0.870341 0.069734 3.26975e-18)
(0.86557 0.0730346 6.90946e-18)
(0.860896 0.0764901 1.11131e-18)
(0.856316 0.0802123 6.93832e-18)
(0.851817 0.0843594 -7.39632e-19)
(0.847391 0.0891129 3.68955e-18)
(0.84305 0.0946447 -9.08331e-18)
(0.838832 0.101084 -2.46806e-19)
(0.834815 0.108494 -6.40837e-18)
(0.831114 0.116868 1.79402e-18)
(0.827876 0.126152 -7.49444e-19)
(0.825271 0.136289 8.07759e-20)
(0.823481 0.147267 9.1783e-21)
(0.822691 0.159148 2.30632e-19)
(0.823084 0.172067 5.96076e-19)
(0.824843 0.18617 1.41028e-18)
(0.828147 0.201527 2.60867e-18)
(0.878899 0.0698724 -2.58598e-19)
(0.874342 0.0730089 7.92801e-19)
(0.869896 0.0762332 2.73399e-19)
(0.865571 0.0796105 3.13164e-19)
(0.861365 0.0832577 3.01909e-19)
(0.85728 0.0873309 -1.78228e-19)
(0.853329 0.0920006 2.84261e-19)
(0.849546 0.0974199 -6.40602e-19)
(0.846001 0.103694 -3.39823e-20)
(0.842797 0.11086 -4.31383e-19)
(0.840071 0.118888 1.53432e-19)
(0.837985 0.127709 -1.01426e-19)
(0.836717 0.137252 -1.01419e-19)
(0.83646 0.1475 -1.98264e-19)
(0.837412 0.158511 -5.70013e-20)
(0.83978 0.170416 2.3135e-19)
(0.843785 0.183359 9.88494e-19)
(0.849655 0.197407 3.42172e-18)
(0.882397 0.0730353 -5.55576e-18)
(0.878067 0.0760938 7.50125e-19)
(0.873862 0.0792296 -1.6973e-18)
(0.869792 0.0825138 -4.14366e-20)
(0.865865 0.0860643 -8.74658e-19)
(0.862095 0.0900304 4.3528e-19)
(0.85851 0.0945683 8.02456e-20)
(0.855168 0.0998104 1.80456e-18)
(0.852157 0.105838 -9.2886e-20)
(0.849598 0.112666 9.47941e-19)
(0.847639 0.120247 -6.55878e-19)
(0.846447 0.128497 1.54063e-19)
(0.846204 0.137336 -3.44673e-19)
(0.8471 0.14674 -3.11362e-19)
(0.84934 0.156758 -7.27754e-19)
(0.853142 0.167511 -1.24753e-18)
(0.858743 0.179133 -2.39384e-18)
(0.866398 0.191683 -4.12001e-18)
(0.885904 0.0760638 -1.63513e-18)
(0.881746 0.0790379 -2.60769e-18)
(0.877719 0.0820774 -6.37528e-18)
(0.873838 0.0852568 -5.43787e-19)
(0.870119 0.0886914 -5.86091e-18)
(0.866587 0.0925214 7.25528e-19)
(0.863286 0.0968865 -2.78614e-18)
(0.860287 0.101898 7.54474e-18)
(0.857692 0.107617 1.13258e-19)
(0.85563 0.114037 5.04004e-18)
(0.854256 0.121097 -1.64604e-18)
(0.853736 0.128702 5.63531e-19)
(0.854249 0.136766 -3.69645e-19)
(0.855983 0.145254 -2.85216e-19)
(0.859136 0.154206 -6.82111e-19)
(0.86393 0.16373 -1.3263e-18)
(0.870605 0.173945 -2.76424e-18)
(0.879423 0.184902 -5.81671e-18)
(0.889563 0.0789877 -3.15306e-19)
(0.885541 0.0818756 -5.42932e-19)
(0.881652 0.0848146 -5.65543e-19)
(0.877916 0.0878802 8.8813e-20)
(0.874356 0.0911832 -2.2692e-19)
)
;

boundaryField
{
    inlet
    {
        type            uniformFixedValue;
        uniformValue    constant (1 0 0);
        value           nonuniform 0();
    }
    outlet
    {
        type            pressureInletOutletVelocity;
        value           nonuniform 0();
    }
    polygon
    {
        type            fixedValue;
        value           nonuniform 0();
    }
    top
    {
        type            symmetryPlane;
    }
    bottom
    {
        type            symmetryPlane;
    }
    outside
    {
        type            zeroGradient;
    }
    procBoundary12to4
    {
        type            processor;
        value           nonuniform List<vector> 
19
(
(0.871007 0.0948528 3.49697e-19)
(0.867924 0.0990125 1.84549e-19)
(0.865187 0.103754 1.00862e-18)
(0.862906 0.109117 1.54229e-19)
(0.861214 0.115081 5.93105e-19)
(0.860265 0.121571 -2.15952e-19)
(0.860224 0.128484 2.58561e-19)
(0.861265 0.135729 -2.39362e-19)
(0.863569 0.143262 -1.34745e-19)
(0.86733 0.151114 -2.3818e-19)
(0.872761 0.159375 -2.94276e-19)
(0.880099 0.168151 -3.14402e-19)
(0.889597 0.177484 -3.93066e-19)
(0.893445 0.0818228 -5.40848e-19)
(0.889546 0.0846262 -4.39896e-19)
(0.885776 0.0874636 3.48189e-19)
(0.882162 0.0904095 -3.72942e-20)
(0.871007 0.0948528 3.49697e-19)
(0.878733 0.0935692 5.15545e-19)
)
;
    }
    procBoundary12to5
    {
        type            processor;
        value           nonuniform List<vector> 2((0.890171 0.0731266 -1.0789e-18) (0.893692 0.0761182 -6.26152e-19));
    }
    procBoundary12to11
    {
        type            processor;
        value           nonuniform List<vector> 10((0.52021 0.16818 -2.66238e-18) (0.590209 0.18986 1.67625e-18) (0.655946 0.205436 1.13492e-18) (0.71355 0.215513 9.4778e-19) (0.762101 0.220434 1.79345e-18) (0.801726 0.220994 2.40245e-18) (0.833178 0.218036 4.13946e-18) (0.857624 0.212461 6.27109e-18) (0.876371 0.205063 -6.63233e-18) (0.890653 0.196501 -1.24758e-17));
    }
    procBoundary12to13
    {
        type            processor;
        value           nonuniform List<vector> 8((0.849571 0.0422758 6.49973e-18) (0.858643 0.0472912 -9.03388e-19) (0.865936 0.0518422 -8.0508e-18) (0.871691 0.0559986 -1.91842e-18) (0.876286 0.0598403 -2.59337e-20) (0.880122 0.0634271 4.31902e-19) (0.883546 0.06681 -8.71268e-19) (0.886831 0.0700317 -2.79799e-18));
    }
    procBoundary12to20
    {
        type            processor;
        value           nonuniform List<vector> 
19
(
(0.696113 0.0717035 -7.23101e-20)
(0.6777 0.0785089 4.86307e-18)
(0.657475 0.0862351 1.14089e-18)
(0.635208 0.0949131 2.05219e-18)
(0.610676 0.104559 3.69683e-18)
(0.583647 0.115176 -1.63812e-18)
(0.553873 0.126746 -1.80095e-18)
(0.521086 0.1392 -5.39786e-18)
(0.830265 0.0392292 1.99472e-18)
(0.821281 0.0418018 8.79166e-18)
(0.811802 0.0445814 -2.25086e-18)
(0.801829 0.0475601 5.05183e-19)
(0.791353 0.0507575 5.94313e-19)
(0.780345 0.0542299 1.66809e-18)
(0.76874 0.0580714 2.67867e-18)
(0.75643 0.0624067 3.61904e-18)
(0.743263 0.0673748 2.8227e-18)
(0.72905 0.0731102 3.46053e-18)
(0.72905 0.0731102 3.46053e-18)
)
;
    }
}


// ************************************************************************* //
