/*--------------------------------*- C++ -*----------------------------------*\
  =========                 |
  \\      /  F ield         | OpenFOAM: The Open Source CFD Toolbox
   \\    /   O peration     | Website:  https://openfoam.org
    \\  /    A nd           | Version:  7
     \\/     M anipulation  |
\*---------------------------------------------------------------------------*/
FoamFile
{
    version     2.0;
    format      ascii;
    class       labelList;
    note        "nPoints: 300 nCells: 125 nFaces: 524 nInternalFaces: 226";
    location    "constant/polyMesh";
    object      neighbour;
}
// * * * * * * * * * * * * * * * * * * * * * * * * * * * * * * * * * * * * * //


226
(
1
9
117
2
10
118
3
11
119
4
12
120
5
13
121
6
14
122
7
15
123
8
16
124
17
10
18
11
19
12
20
13
21
14
22
15
23
16
24
17
25
26
19
27
20
28
21
29
22
30
23
31
24
32
25
33
26
34
35
28
36
29
37
30
38
31
39
32
40
33
41
34
42
35
43
44
37
45
38
46
39
47
40
48
41
49
42
50
43
51
44
52
53
46
54
47
55
48
56
49
57
50
58
51
59
52
60
53
61
62
55
63
56
64
57
65
58
66
59
67
60
68
61
69
62
70
71
64
72
65
73
66
74
67
75
68
76
69
77
70
78
71
79
80
73
81
74
82
75
83
76
84
77
85
78
86
79
87
80
88
89
82
83
84
85
86
87
88
89
91
98
92
99
100
94
101
95
102
96
103
97
104
98
105
99
106
100
107
108
102
109
103
110
104
111
105
112
106
113
107
114
108
115
116
110
117
111
118
112
119
113
120
114
121
115
122
116
123
124
118
119
120
121
122
123
124
)


// ************************************************************************* //
