/*--------------------------------*- C++ -*----------------------------------*\
  =========                 |
  \\      /  F ield         | OpenFOAM: The Open Source CFD Toolbox
   \\    /   O peration     | Website:  https://openfoam.org
    \\  /    A nd           | Version:  7
     \\/     M anipulation  |
\*---------------------------------------------------------------------------*/
FoamFile
{
    version     2.0;
    format      ascii;
    class       volVectorField;
    location    "68";
    object      U;
}
// * * * * * * * * * * * * * * * * * * * * * * * * * * * * * * * * * * * * * //

dimensions      [0 1 -1 0 0 0 0];

internalField   nonuniform List<vector> 
115
(
(1.00542 0.000146547 -8.71051e-18)
(0.993783 -2.37121e-05 -3.23977e-18)
(1.00675 0.000497008 1.30807e-17)
(0.991338 0.000359932 -4.1454e-17)
(1.00811 0.000813488 -3.26531e-18)
(0.987827 0.00110313 -3.24304e-17)
(1.00912 0.00144639 -4.7232e-17)
(0.982384 0.00259592 -4.98864e-17)
(1.00907 0.00274722 1.32829e-17)
(0.973571 0.00563695 -7.06621e-17)
(1.00629 0.0055359 -2.67939e-17)
(0.958501 0.0119809 -1.20155e-16)
(0.997107 0.011817 -2.94519e-17)
(0.931058 0.0260118 1.20316e-17)
(0.973264 0.0272205 -6.53572e-18)
(0.877286 0.0609543 -3.21919e-17)
(0.915568 0.0717408 -8.1033e-17)
(1.00553 0.000182671 3.45562e-18)
(0.993612 -3.03935e-05 -1.53653e-17)
(1.00699 0.000578476 1.98445e-19)
(0.99105 0.000401884 -1.52638e-17)
(1.00853 0.00094946 6.06548e-18)
(0.987384 0.00123209 -2.64356e-17)
(1.00983 0.00168408 5.34581e-18)
(0.981698 0.00289471 -1.11197e-16)
(1.01028 0.00319324 1.20218e-17)
(0.972511 0.00627269 -1.0093e-16)
(1.00836 0.00640443 -2.50144e-17)
(0.95689 0.013289 -4.44118e-17)
(1.00077 0.0136015 -1.19163e-18)
(0.928745 0.0287172 -1.34758e-18)
(0.980491 0.0312151 -1.99282e-17)
(0.874846 0.0667885 -9.36374e-18)
(1.00565 0.000177399 1.55807e-17)
(0.993444 8.79893e-05 -8.73445e-17)
(1.00724 0.000550922 -2.16491e-17)
(0.990763 0.000626125 -1.7525e-17)
(1.009 0.000983946 2.3952e-17)
(0.986954 0.00162999 -9.63036e-17)
(1.01069 0.00184911 -3.70771e-18)
(0.981058 0.0036168 -6.76345e-17)
(1.0118 0.00363935 8.24083e-17)
(0.971594 0.007607 -1.89074e-17)
(1.01105 0.00748577 -6.89684e-18)
(0.955679 0.0158139 -4.06578e-17)
(1.00569 0.016065 1.01153e-16)
(0.92758 0.0335682 -4.64219e-17)
(0.990084 0.0365921 -1.13788e-16)
(0.876135 0.075863 -2.17053e-17)
(1.00567 0.000200431 5.54931e-18)
(0.9934 0.00012188 -1.67058e-17)
(1.00735 0.000581589 -5.89948e-18)
(0.990675 0.00074351 -7.43672e-18)
(1.00925 0.00108862 1.09259e-17)
(0.986833 0.00187765 -2.67082e-17)
(1.01123 0.00209862 2.80717e-17)
(0.980913 0.00411177 -1.2381e-16)
(1.01284 0.0041961 1.17159e-17)
(0.971496 0.00858434 -1.06496e-16)
(1.01303 0.00867692 -2.86781e-17)
(0.955899 0.0177358 -2.58217e-17)
(1.00948 0.0185662 2.04155e-17)
(0.92912 0.0373457 -7.51765e-18)
(0.997529 0.0416176 -1.00591e-17)
(0.883056 0.0831239 -7.06146e-19)
(1.00556 0.000217862 1.04968e-18)
(0.993524 0.000176099 -2.66965e-18)
(1.00726 0.000618003 -1.91633e-18)
(0.990847 0.000853613 -2.52463e-18)
(1.00922 0.00119742 6.68892e-18)
(0.987112 0.00209539 -1.37976e-17)
(1.01133 0.00235026 3.22871e-17)
(0.981401 0.00454285 -1.21728e-16)
(1.01323 0.00473924 1.03176e-17)
(0.972423 0.00943484 -1.06074e-16)
(1.01399 0.00980284 -3.04791e-17)
(0.957845 0.0194144 -2.54861e-17)
(1.0116 0.0208149 2.08043e-17)
(0.933707 0.0406421 -1.37297e-17)
(1.00203 0.0457288 9.38229e-17)
(0.895392 0.0893161 2.50092e-17)
(1.00532 0.000234398 1.71771e-18)
(0.993831 0.000211718 -4.35328e-19)
(1.00697 0.000647635 -3.16211e-18)
(0.991298 0.000947629 -1.81788e-18)
(1.00888 0.00129295 3.05505e-18)
(0.987819 0.00228953 -1.09092e-17)
(1.01096 0.0025714 2.67697e-17)
(0.982555 0.004933 -6.01834e-17)
(1.0129 0.00521171 8.59787e-17)
(0.974405 0.010211 -1.64494e-17)
(1.01387 0.0107601 -6.82269e-18)
(0.961494 0.0209514 -3.47255e-17)
(1.01203 0.0226341 9.38612e-17)
(0.941055 0.0436504 9.1206e-18)
(1.00386 0.0486616 3.91422e-17)
(0.911686 0.0947954 7.68074e-18)
(1.00496 0.000240008 9.99697e-19)
(0.99431 0.00025503 1.42574e-19)
(1.00648 0.000663564 1.50511e-19)
(0.992008 0.00104197 -1.84159e-18)
(1.00825 0.00135818 2.83147e-18)
(0.988914 0.00247835 -9.223e-18)
(1.01017 0.00273353 3.17767e-17)
(0.984296 0.00530725 -1.13107e-16)
(1.01196 0.0055675 2.61048e-17)
(0.977287 0.0109484 -8.54485e-17)
(1.01283 0.0114748 -1.99076e-17)
(0.966514 0.0223958 -2.8009e-17)
(1.01115 0.0239188 3.19181e-17)
(0.950369 0.0464228 -3.63957e-18)
(1.00396 0.0503812 8.78643e-17)
(0.929935 0.0995235 1.02507e-16)
(1.00449 0.00023027 1.79176e-18)
(0.994925 0.00030977 -3.87815e-18)
)
;

boundaryField
{
    inlet
    {
        type            uniformFixedValue;
        uniformValue    constant (1 0 0);
        value           uniform (1 0 0);
    }
    outlet
    {
        type            pressureInletOutletVelocity;
        value           nonuniform 0();
    }
    polygon
    {
        type            fixedValue;
        value           nonuniform 0();
    }
    top
    {
        type            symmetryPlane;
    }
    bottom
    {
        type            symmetryPlane;
    }
    outside
    {
        type            zeroGradient;
    }
    procBoundary40to32
    {
        type            processor;
        value           nonuniform List<vector> 
17
(
(1.00534 0.000115264 -2.46147e-17)
(0.9939 1.53233e-05 1.04031e-17)
(1.0066 0.000401764 2.30949e-17)
(0.991526 0.000368488 1.29323e-17)
(1.00786 0.000665978 -5.6104e-18)
(0.988113 0.00104011 -6.69318e-17)
(1.0087 0.0011922 -8.97837e-18)
(0.982827 0.0023727 -2.71347e-17)
(1.00838 0.00227028 2.20471e-17)
(0.974267 0.00505775 1.11502e-19)
(1.00513 0.00458571 -5.66691e-17)
(0.9596 0.0106091 -1.35238e-16)
(0.995127 0.00978069 -2.58194e-17)
(0.932776 0.0228027 3.18225e-17)
(0.969527 0.0224264 -9.35304e-18)
(0.879625 0.0530561 -8.44137e-17)
(0.906553 0.0587908 -1.31053e-16)
)
;
    }
    procBoundary40to33
    {
        type            processor;
        value           nonuniform List<vector> 7((0.76361 0.168759 8.10314e-17) (0.933681 0.0818515 -4.45035e-17) (0.933681 0.0818515 -4.45035e-17) (0.95453 0.0920429 -4.52831e-17) (0.969806 0.0998245 -2.25131e-17) (0.979442 0.104551 1.52785e-18) (0.985212 0.106288 1.03801e-16));
    }
    procBoundary40to41
    {
        type            processor;
        value           uniform (0.989405 0.105797 7.95821e-17);
    }
    procBoundary40to48
    {
        type            processor;
        value           nonuniform List<vector> 
17
(
(1.00585 0.000653955 2.53608e-19)
(0.992918 0.00114759 -2.43157e-18)
(1.0074 0.00137731 6.05538e-18)
(0.990299 0.00267798 -1.16274e-17)
(1.00908 0.00281343 2.26141e-17)
(0.986463 0.00568776 -5.96071e-17)
(1.01059 0.0057726 8.70302e-17)
(0.980782 0.011675 -9.11208e-18)
(1.01123 0.0119017 -4.28456e-18)
(0.972373 0.0237748 -3.1781e-17)
(1.0096 0.0246344 9.22312e-17)
(0.960613 0.0489527 1.84965e-17)
(1.00352 0.0510035 2.56226e-17)
(0.94819 0.103351 1.12079e-17)
(1.00395 0.000201742 6.22847e-18)
(1.00585 0.000653955 2.53608e-19)
(0.995625 0.000380183 -1.37165e-17)
)
;
    }
}


// ************************************************************************* //
