/*--------------------------------*- C++ -*----------------------------------*\
  =========                 |
  \\      /  F ield         | OpenFOAM: The Open Source CFD Toolbox
   \\    /   O peration     | Website:  https://openfoam.org
    \\  /    A nd           | Version:  7
     \\/     M anipulation  |
\*---------------------------------------------------------------------------*/
FoamFile
{
    version     2.0;
    format      ascii;
    class       volVectorField;
    location    "94";
    object      U;
}
// * * * * * * * * * * * * * * * * * * * * * * * * * * * * * * * * * * * * * //

dimensions      [0 1 -1 0 0 0 0];

internalField   nonuniform List<vector> 
125
(
(0.9118 0.0496786 3.90147e-18)
(1.00575 0.00033624 -1.83082e-17)
(0.99328 -0.000316712 -1.70614e-17)
(1.00722 0.000768801 5.87194e-17)
(0.990712 -9.74358e-05 3.01535e-17)
(1.00883 0.00114355 9.81361e-17)
(0.986988 0.000413697 4.91738e-17)
(1.01022 0.00179668 -8.20495e-18)
(0.981283 0.00153914 -2.69182e-17)
(1.0107 0.00300499 7.97896e-17)
(0.972173 0.00397193 5.1808e-17)
(1.00868 0.00540064 6.35152e-17)
(0.956845 0.00923424 8.62413e-17)
(1.00055 0.0105102 8.5027e-17)
(0.929389 0.0211485 2.60612e-17)
(0.977936 0.0226312 -8.62577e-19)
(0.876252 0.0513927 -1.05172e-16)
(0.920414 0.0574659 3.8601e-17)
(1.00576 0.000379228 3.3155e-17)
(0.993261 -0.000366464 -1.92797e-17)
(1.00728 0.000872108 1.02486e-16)
(0.990647 -0.000137247 6.28626e-17)
(1.00896 0.00129741 5.68709e-17)
(0.986866 0.000423077 2.66749e-17)
(1.01048 0.00204525 1.3792e-17)
(0.981058 0.00166388 -8.39454e-17)
(1.0112 0.00343528 3.04863e-17)
(0.971766 0.00435624 4.75042e-18)
(1.00963 0.00620313 2.25264e-17)
(0.956124 0.0101953 3.51885e-17)
(1.00236 0.0121092 4.78774e-17)
(0.928142 0.0234205 2.49462e-17)
(0.981724 0.0261087 -3.91441e-17)
(0.874355 0.0568544 -1.12035e-16)
(0.930094 0.0659296 1.59719e-18)
(1.00575 0.000432866 1.13082e-17)
(0.993265 -0.000395534 -2.00624e-17)
(1.00734 0.000972916 1.503e-17)
(0.990588 -0.000115577 1.45024e-17)
(1.00914 0.00145983 2.42713e-17)
(0.986737 0.000515016 -4.82745e-18)
(1.01087 0.00231754 2.37637e-17)
(0.980798 0.00191626 -1.04621e-16)
(1.01199 0.00392332 1.3417e-17)
(0.971279 0.00493655 -7.10494e-17)
(1.01116 0.0071333 -9.9555e-18)
(0.955254 0.0114489 -4.59135e-18)
(1.00541 0.0139714 2.85843e-17)
(0.926702 0.0260783 1.16827e-17)
(0.988322 0.0301067 -1.86914e-17)
(0.872591 0.0625227 -3.9744e-17)
(0.94723 0.0752787 -1.51624e-17)
(1.00565 0.000445077 1.70258e-17)
(0.993404 -0.00030066 -7.85311e-17)
(1.00728 0.000948024 -1.93439e-17)
(0.990725 9.439e-05 -7.62673e-18)
(1.00915 0.00149445 2.30913e-17)
(0.986894 0.000889704 -8.21398e-17)
(1.01106 0.00247665 1.37273e-18)
(0.980982 0.00258512 -5.90617e-17)
(1.01257 0.00435754 7.63762e-17)
(0.971518 0.00616747 -1.31859e-17)
(1.01253 0.00816454 -5.54725e-18)
(0.955677 0.0137653 -2.91598e-17)
(1.00841 0.0163265 9.54735e-17)
(0.927909 0.0305155 -3.84559e-17)
(0.994876 0.0353086 -1.01541e-16)
(0.877745 0.0709403 -3.15087e-17)
(0.961631 0.0851852 -3.59161e-17)
(1.00541 0.000465659 6.57643e-18)
(0.993717 -0.000252729 -1.39521e-17)
(1.007 0.000965549 -6.33861e-18)
(0.991132 0.000200299 -4.38066e-18)
(1.00885 0.0015704 1.02315e-17)
(0.987485 0.00112821 -2.24732e-17)
(1.01077 0.00268378 2.57514e-17)
(0.981869 0.0030695 -1.11901e-16)
(1.01238 0.00484529 1.07475e-17)
(0.97294 0.00712275 -9.46975e-17)
(1.01264 0.00924147 -2.83007e-17)
(0.958197 0.0156462 -2.21213e-17)
(1.00924 0.0186039 1.69927e-17)
(0.933131 0.0342432 -4.39591e-18)
(0.997151 0.0398159 -1.04968e-17)
(0.891289 0.0783939 -4.86872e-18)
(0.966191 0.0913956 -1.90198e-17)
(1.00505 0.000468524 8.39753e-19)
(0.994207 -0.000183142 -2.33237e-18)
(1.00653 0.000962437 -1.50832e-18)
(0.991823 0.00035521 -2.72476e-18)
(1.00822 0.0016267 3.06074e-18)
(0.988517 0.00139394 -1.37535e-17)
(1.00998 0.00285009 3.11546e-17)
(0.98347 0.00355961 -1.10748e-16)
(1.01141 0.00525013 1.24542e-17)
(0.975545 0.00805432 -9.57323e-17)
(1.01148 0.0101346 -2.66765e-17)
(0.96274 0.0174548 -2.02605e-17)
(1.00792 0.0204211 1.7979e-17)
(0.941898 0.0378321 -1.30731e-17)
(0.995779 0.042991 8.38317e-17)
(0.910552 0.0855467 1.86317e-17)
(0.965615 0.0938126 6.18834e-18)
(1.00457 0.000453119 -1.49098e-18)
(0.994849 -0.000102734 -1.45133e-18)
(1.00587 0.000937242 1.04554e-18)
(0.992748 0.00050426 1.85848e-19)
(1.00733 0.00163311 2.61266e-18)
(0.989913 0.00167054 -9.85187e-18)
(1.00879 0.0029351 1.97465e-17)
(0.98564 0.00407009 -5.58784e-17)
(1.00982 0.00550772 7.63011e-17)
(0.97905 0.00901273 -1.40438e-17)
(1.00939 0.0107368 -5.44655e-18)
(0.968699 0.019292 -2.9988e-17)
(1.00526 0.021612 8.68957e-17)
(0.952724 0.0414147 1.16841e-17)
(0.992809 0.0447285 3.45036e-17)
(0.931485 0.0922956 3.84919e-18)
(0.965449 0.0935799 9.67045e-17)
(1.00401 0.000414783 1.7831e-18)
(0.99559 -1.88088e-06 -3.50773e-19)
(1.0051 0.000878177 1.46847e-18)
(0.993824 0.000680512 -1.37366e-18)
(1.00628 0.0015851 4.4781e-18)
)
;

boundaryField
{
    inlet
    {
        type            uniformFixedValue;
        uniformValue    constant (1 0 0);
        value           uniform (1 0 0);
    }
    outlet
    {
        type            pressureInletOutletVelocity;
        value           nonuniform 0();
    }
    polygon
    {
        type            fixedValue;
        value           nonuniform 0();
    }
    top
    {
        type            symmetryPlane;
    }
    bottom
    {
        type            symmetryPlane;
    }
    outside
    {
        type            zeroGradient;
    }
    procBoundary40to32
    {
        type            processor;
        value           nonuniform List<vector> 
18
(
(0.904285 0.0420556 -8.01385e-18)
(1.00573 0.000292728 -1.40622e-18)
(0.993317 -0.00026847 -7.93241e-18)
(1.00716 0.00066401 5.68048e-17)
(0.990799 -6.9037e-05 1.83058e-17)
(1.00869 0.000987119 1.07045e-16)
(0.987141 0.000393511 7.47046e-17)
(1.00994 0.00154777 3.21936e-17)
(0.981553 0.00140657 3.42919e-17)
(1.0102 0.00258556 1.04773e-16)
(0.972644 0.00358624 3.15302e-17)
(1.00777 0.00464637 5.39232e-17)
(0.957666 0.00829093 8.89772e-17)
(0.998853 0.00904338 5.92554e-17)
(0.930813 0.0189444 1.93448e-17)
(0.974504 0.0194819 8.76715e-18)
(0.878565 0.0460893 -4.99256e-17)
(0.878565 0.0460893 -4.99256e-17)
)
;
    }
    procBoundary40to33
    {
        type            processor;
        value           nonuniform List<vector> 7((0.766064 0.132969 1.60866e-17) (0.763994 0.147493 1.76346e-17) (0.763521 0.161725 1.66111e-17) (0.768 0.173899 2.85388e-17) (0.797536 0.188642 1.09443e-16) (0.840709 0.20229 3.92023e-17) (0.885008 0.213312 3.37744e-17));
    }
    procBoundary40to41
    {
        type            processor;
        value           uniform (0.922469 0.220269 4.33788e-17);
    }
    procBoundary40to48
    {
        type            processor;
        value           nonuniform List<vector> 
18
(
(0.991529 0.00197603 -9.11266e-18)
(1.00737 0.00292381 2.69297e-17)
(0.988129 0.0046152 -9.95732e-17)
(1.00793 0.00559324 2.28582e-17)
(0.983003 0.0100093 -7.61336e-17)
(1.00696 0.0110184 -1.52679e-17)
(0.975206 0.0211491 -2.37892e-17)
(1.00237 0.0221803 3.07381e-17)
(0.963864 0.0448809 -2.40465e-18)
(0.990457 0.0452989 7.80847e-17)
(0.950758 0.0981117 9.09691e-17)
(0.969179 0.0920773 7.14638e-17)
(1.00343 0.000352582 2.82828e-19)
(0.996366 0.000120926 -3.5988e-18)
(1.00429 0.000783511 -4.71461e-19)
(0.994948 0.000882334 -5.26961e-19)
(0.991529 0.00197603 -9.11266e-18)
(1.00518 0.00147722 6.19149e-18)
)
;
    }
}


// ************************************************************************* //
