/*--------------------------------*- C++ -*----------------------------------*\
  =========                 |
  \\      /  F ield         | OpenFOAM: The Open Source CFD Toolbox
   \\    /   O peration     | Website:  https://openfoam.org
    \\  /    A nd           | Version:  7
     \\/     M anipulation  |
\*---------------------------------------------------------------------------*/
FoamFile
{
    version     2.0;
    format      ascii;
    class       volVectorField;
    location    "82";
    object      U;
}
// * * * * * * * * * * * * * * * * * * * * * * * * * * * * * * * * * * * * * //

dimensions      [0 1 -1 0 0 0 0];

internalField   nonuniform List<vector> 
175
(
(1.30364 -0.25678 -2.39255e-18)
(1.30817 -0.265634 -2.122e-18)
(1.31321 -0.273591 -1.07306e-18)
(1.31605 -0.279139 2.18582e-18)
(1.30889 -0.278957 2.82888e-18)
(1.27391 -0.266483 4.19843e-18)
(1.17809 -0.233411 3.31321e-18)
(1.30166 -0.257038 -2.49575e-18)
(1.3062 -0.266176 -2.1188e-18)
(1.31157 -0.274622 -1.39404e-18)
(1.31569 -0.281093 1.79915e-18)
(1.31209 -0.282676 2.91049e-18)
(1.28511 -0.273142 4.41374e-18)
(1.20375 -0.243882 3.2063e-18)
(1.29962 -0.257274 -2.64172e-18)
(1.30411 -0.266678 -2.26982e-18)
(1.30967 -0.275555 -1.72991e-18)
(1.31465 -0.282809 1.70285e-18)
(1.31364 -0.285902 2.84317e-18)
(1.29286 -0.279046 4.65454e-18)
(1.22369 -0.253828 3.09818e-18)
(1.29752 -0.257476 -2.24241e-18)
(1.30193 -0.267136 -2.12849e-18)
(1.30761 -0.276425 -2.10237e-18)
(1.3133 -0.284413 1.75851e-18)
(1.31457 -0.288926 2.77872e-18)
(1.2995 -0.284641 4.91444e-18)
(1.24188 -0.263445 6.18262e-18)
(1.29536 -0.257642 -2.30378e-18)
(1.29968 -0.267551 -2.25194e-18)
(1.3054 -0.277227 -2.64235e-18)
(1.31163 -0.285892 1.4586e-18)
(1.31479 -0.291722 3.1567e-18)
(1.30474 -0.289878 4.95705e-18)
(1.25786 -0.272689 4.84694e-18)
(1.29316 -0.257771 -2.40975e-18)
(1.29735 -0.267918 -1.93294e-18)
(1.30307 -0.277962 -3.0553e-18)
(1.30968 -0.28725 1.23838e-18)
(1.31438 -0.294291 3.10481e-18)
(1.3087 -0.294743 4.25364e-18)
(1.27167 -0.281505 3.68451e-18)
(1.1628 -0.240965 4.28086e-18)
(1.29092 -0.25786 -1.82169e-18)
(1.29496 -0.268238 -2.44142e-18)
(1.30061 -0.278627 -3.5538e-18)
(1.30747 -0.28849 9.9573e-19)
(1.31338 -0.296638 3.06063e-18)
(1.31143 -0.299223 4.5302e-18)
(1.2833 -0.289839 4.06127e-18)
(1.19136 -0.254526 4.2104e-18)
(1.28861 -0.257907 -1.86574e-18)
(1.29248 -0.268507 -2.99568e-18)
(1.29801 -0.279222 -4.39245e-18)
(1.30498 -0.28961 6.33753e-19)
(1.31181 -0.298765 2.97986e-18)
(1.31296 -0.303308 4.72812e-18)
(1.29274 -0.297638 5.56135e-18)
(1.21688 -0.267763 4.06574e-18)
(1.28624 -0.257909 -1.05911e-18)
(1.28992 -0.268719 -3.57083e-18)
(1.29528 -0.279742 -4.97184e-18)
(1.30226 -0.29061 2.81048e-19)
(1.30973 -0.300671 2.87721e-18)
(1.31338 -0.306989 4.79663e-18)
(1.30005 -0.304859 5.85684e-18)
(1.23929 -0.28057 3.70236e-18)
(1.28387 -0.257863 -9.11946e-19)
(1.28737 -0.268874 -3.57635e-18)
(1.29257 -0.280185 -5.56777e-18)
(1.29952 -0.29149 -1.4533e-19)
(1.30746 -0.302364 2.73601e-18)
(1.31314 -0.310267 4.91128e-18)
(1.3057 -0.311467 6.25661e-18)
(1.25873 -0.292825 5.2439e-18)
(0.508235 -0.0712972 1.33312e-18)
(0.541123 -0.0763118 1.39993e-18)
(0.576565 -0.0819374 2.53937e-18)
(0.614986 -0.0883223 3.77514e-18)
(0.656865 -0.0956669 1.26505e-18)
(0.702733 -0.104198 5.21454e-18)
(0.753045 -0.114202 1.08013e-17)
(0.80809 -0.125989 -2.51791e-18)
(0.867735 -0.140045 1.99402e-18)
(0.932062 -0.156494 8.22547e-19)
(1.00039 -0.175726 1.96102e-18)
(1.07363 -0.194756 2.23041e-18)
(1.12522 -0.22786 3.03811e-18)
(0.702287 -0.0969606 2.30164e-18)
(0.742465 -0.103897 2.53778e-18)
(0.784971 -0.11168 2.51321e-18)
(0.829836 -0.120442 2.10192e-18)
(0.876975 -0.130317 1.93979e-18)
(0.92615 -0.141403 2.63368e-18)
(0.976861 -0.153778 1.8639e-18)
(1.02829 -0.167503 2.01558e-19)
(1.07939 -0.182635 1.20199e-18)
(1.12946 -0.19898 1.09677e-18)
(1.17777 -0.216389 1.6155e-18)
(1.22154 -0.235224 2.19142e-18)
(1.25144 -0.259978 3.26157e-18)
(0.894759 -0.126512 1.50351e-17)
(0.936238 -0.13475 1.57877e-17)
(0.978424 -0.143702 1.50207e-17)
(1.02092 -0.153395 1.43515e-17)
(1.06322 -0.163826 1.29261e-17)
(1.10469 -0.174961 1.03089e-17)
(1.14456 -0.18675 5.86957e-18)
(1.18191 -0.199144 1.53737e-17)
(1.21596 -0.212061 1.09027e-17)
(1.24634 -0.225346 1.11753e-17)
(1.27262 -0.239211 9.48452e-18)
(1.29279 -0.254671 7.69474e-18)
(1.3041 -0.271937 4.9345e-18)
(1.06029 -0.154914 4.49034e-18)
(1.09628 -0.163084 5.28385e-18)
(1.13116 -0.171622 4.59649e-18)
(1.16447 -0.180492 4.18817e-18)
(1.1957 -0.189647 3.88958e-18)
(1.22437 -0.199029 3.86465e-18)
(1.24993 -0.208598 3.74613e-18)
(1.27189 -0.218318 5.41553e-18)
(1.28996 -0.228131 3.55713e-18)
(1.30419 -0.238047 4.09183e-18)
(1.31448 -0.248515 3.07937e-18)
(1.31999 -0.260232 2.53021e-18)
(1.31969 -0.272564 2.08249e-18)
(1.18401 -0.177917 -9.08208e-18)
(1.21072 -0.184901 -9.39533e-18)
(1.23528 -0.191957 -6.90892e-18)
(1.25741 -0.199056 -3.21372e-18)
(1.27683 -0.206167 -1.12765e-17)
(1.29333 -0.213275 -4.72648e-18)
(1.30671 -0.220384 -3.07112e-18)
(1.31684 -0.227504 -9.11816e-18)
(1.32375 -0.234642 -5.0654e-18)
(1.32765 -0.241925 -4.96966e-18)
(1.32861 -0.249778 -3.41119e-18)
(1.32634 -0.25858 -2.21505e-18)
(1.32012 -0.267976 -1.03739e-18)
(1.26542 -0.193971 -2.55779e-18)
(1.28263 -0.199327 -3.21473e-18)
(1.29755 -0.204613 -2.33981e-18)
(1.31007 -0.209827 -2.44488e-18)
(1.32016 -0.214975 -3.38213e-18)
(1.32778 -0.220082 -1.44132e-18)
(1.33293 -0.225187 -2.43261e-18)
(1.33567 -0.230328 -2.82738e-18)
(1.33613 -0.235557 -1.59028e-18)
(1.33447 -0.241022 -1.60803e-18)
(1.33077 -0.247016 -1.13574e-18)
(1.32486 -0.253743 -1.3019e-18)
(1.31604 -0.261124 -1.53737e-18)
(1.31308 -0.203754 -8.98395e-19)
(1.32273 -0.207577 -1.23643e-18)
(1.33045 -0.211312 -9.88367e-19)
(1.33627 -0.214978 -1.20629e-18)
(1.34025 -0.218606 -9.86927e-19)
(1.34244 -0.222238 -7.00305e-19)
(1.3429 -0.225922 -1.01891e-18)
(1.34169 -0.229703 -9.58963e-19)
(1.33891 -0.233638 -6.87095e-19)
(1.33464 -0.23784 -8.95136e-19)
(1.32886 -0.242471 -9.00681e-19)
(1.32139 -0.247642 -1.33937e-18)
(1.31152 -0.25337 -1.82134e-18)
(1.33801 -0.208935 -2.19347e-19)
(1.34258 -0.211567 -4.89453e-19)
(1.34574 -0.214148 -3.20476e-19)
(1.34756 -0.216708 -4.65481e-19)
(1.34809 -0.21928 -3.65748e-19)
(1.3474 -0.221906 -3.11054e-19)
(1.34551 -0.224625 -4.66571e-19)
(1.34246 -0.227474 -3.76752e-19)
(1.33825 -0.230492 -4.00388e-19)
)
;

boundaryField
{
    inlet
    {
        type            uniformFixedValue;
        uniformValue    constant (1 0 0);
        value           nonuniform 0();
    }
    outlet
    {
        type            pressureInletOutletVelocity;
        value           nonuniform 0();
    }
    polygon
    {
        type            fixedValue;
        value           nonuniform 0();
    }
    top
    {
        type            symmetryPlane;
    }
    bottom
    {
        type            symmetryPlane;
    }
    outside
    {
        type            zeroGradient;
    }
    procBoundary10to2
    {
        type            processor;
        value           nonuniform List<vector> 
24
(
(1.30035 -0.247886 -9.83887e-19)
(1.29846 -0.247947 -8.52791e-19)
(1.29652 -0.247991 -8.19543e-19)
(1.29453 -0.248005 -1.35185e-18)
(1.2925 -0.247986 -1.31645e-18)
(1.29044 -0.247933 -5.60234e-19)
(1.28834 -0.247846 -4.38175e-19)
(1.28619 -0.247721 -2.81372e-19)
(1.28399 -0.247556 -1.85295e-19)
(1.28178 -0.247349 9.76212e-19)
(1.33288 -0.233742 -5.5163e-19)
(1.32626 -0.237296 -6.05954e-19)
(1.31816 -0.24121 -7.93501e-19)
(1.30797 -0.245484 -9.6432e-19)
(1.34961 -0.211213 -2.31438e-20)
(1.3512 -0.213011 -1.60124e-19)
(1.35183 -0.2148 -1.75367e-19)
(1.35154 -0.216605 -2.77264e-19)
(1.35037 -0.218455 -5.15968e-20)
(1.34832 -0.220377 -2.47655e-19)
(1.34539 -0.222395 -2.41129e-19)
(1.34156 -0.224528 -1.90755e-19)
(1.33288 -0.233742 -5.5163e-19)
(1.33677 -0.226793 -3.57562e-19)
)
;
    }
    procBoundary10to3
    {
        type            processor;
        value           nonuniform List<vector> 4((1.15548 -0.171037 -1.39949e-17) (1.24605 -0.188556 -4.80228e-18) (1.30152 -0.199828 -1.42572e-18) (1.33199 -0.206226 -4.49889e-19));
    }
    procBoundary10to9
    {
        type            processor;
        value           nonuniform List<vector> 3((1.28138 -0.25777 -1.69589e-18) (1.28476 -0.268991 -4.36898e-18) (1.28986 -0.280597 -6.39575e-18));
    }
    procBoundary10to11
    {
        type            processor;
        value           nonuniform List<vector> 4((0.477551 -0.0667784 -8.57328e-19) (0.664338 -0.0907457 1.71668e-18) (0.85428 -0.118945 1.80859e-17) (1.02362 -0.147132 5.52735e-18));
    }
    procBoundary10to17
    {
        type            processor;
        value           nonuniform List<vector> 5((1.29684 -0.292329 -6.64147e-19) (1.30522 -0.303976 2.48432e-18) (1.3127 -0.313342 4.37086e-18) (1.31046 -0.317749 5.49964e-18) (1.27604 -0.304842 6.95685e-18));
    }
    procBoundary10to18
    {
        type            processor;
        value           nonuniform List<vector> 
24
(
(0.977465 -0.172616 7.4344e-18)
(1.02259 -0.185568 5.79496e-18)
(1.06104 -0.199438 5.94739e-18)
(1.0974 -0.213332 5.98989e-18)
(1.13142 -0.227199 6.24736e-18)
(1.13142 -0.227199 6.24736e-18)
(0.925373 -0.17025 7.5854e-18)
(0.977729 -0.18789 8.54499e-18)
(1.02763 -0.206011 9.53024e-18)
(1.07473 -0.224571 1.07336e-17)
(1.11806 -0.243549 8.83805e-18)
(0.334676 -0.0520128 1.92101e-18)
(0.358566 -0.0555864 2.6692e-18)
(0.38407 -0.0594675 5.09634e-18)
(0.411528 -0.0636921 1.42077e-17)
(0.441394 -0.0683377 7.15578e-19)
(0.474368 -0.0734765 3.57463e-18)
(0.511355 -0.0793005 4.39044e-18)
(0.553739 -0.0859977 6.0912e-19)
(0.602844 -0.0944118 1.75834e-18)
(0.661958 -0.104543 2.18479e-18)
(0.729626 -0.120266 2.66323e-18)
(0.823032 -0.131656 3.66679e-18)
(0.884713 -0.167375 5.16755e-18)
)
;
    }
}


// ************************************************************************* //
