/*--------------------------------*- C++ -*----------------------------------*\
  =========                 |
  \\      /  F ield         | OpenFOAM: The Open Source CFD Toolbox
   \\    /   O peration     | Website:  https://openfoam.org
    \\  /    A nd           | Version:  7
     \\/     M anipulation  |
\*---------------------------------------------------------------------------*/
FoamFile
{
    version     2.0;
    format      ascii;
    class       volVectorField;
    location    "116";
    object      U;
}
// * * * * * * * * * * * * * * * * * * * * * * * * * * * * * * * * * * * * * //

dimensions      [0 1 -1 0 0 0 0];

internalField   nonuniform List<vector> 
125
(
(1.00553 1.76999e-05 7.82042e-18)
(0.993613 -1.44687e-05 7.42269e-18)
(1.00675 4.00752e-05 6.89905e-17)
(0.991341 7.60869e-07 5.57079e-17)
(1.00795 6.10866e-05 -2.24304e-17)
(0.988039 3.95704e-05 -1.85393e-17)
(1.00868 9.76862e-05 -2.31017e-18)
(0.98305 0.00012113 -9.77181e-18)
(1.00809 0.000166391 1.70829e-17)
(0.975157 0.000294143 -2.66403e-17)
(1.00854 -0.000840875 5.57259e-18)
(0.987311 -0.000362565 -4.82049e-17)
(1.00967 -0.00131554 1.17502e-17)
(0.981843 -0.00125482 5.85521e-17)
(1.00972 -0.00219317 1.30633e-17)
(0.973141 -0.00316792 -4.21404e-18)
(1.00693 -0.00393482 -2.73222e-17)
(0.958522 -0.00728908 1.17541e-17)
(0.997321 -0.00764639 -4.26324e-17)
(0.932299 -0.0166203 -2.57123e-17)
(0.971482 -0.0164466 -3.50855e-17)
(0.881076 -0.0404634 -6.24198e-17)
(0.904287 -0.0420561 1.00023e-17)
(1.00566 -0.000209902 6.17642e-18)
(0.993419 0.000185427 6.66921e-17)
(1.007 -0.000472041 1.2073e-18)
(0.991001 3.03758e-05 -2.62937e-18)
(1.00839 -0.000700204 1.39389e-17)
(0.987483 -0.000323681 -8.24396e-17)
(1.00941 -0.0010926 3.60184e-17)
(0.982133 -0.00108957 2.03138e-17)
(1.00928 -0.00181733 1.63422e-17)
(0.973631 -0.00272609 -2.3397e-17)
(1.00617 -0.00325455 -5.00934e-17)
(0.959358 -0.00624479 1.40381e-17)
(0.995988 -0.00631274 -8.2754e-17)
(0.933752 -0.0142111 -4.8687e-17)
(0.968908 -0.0135463 -3.22383e-17)
(0.883625 -0.0346126 -7.87602e-17)
(0.897919 -0.0346885 -2.62646e-17)
(1.00562 -0.000169862 6.88408e-18)
(0.993474 0.000147604 3.92748e-17)
(1.00692 -0.000381012 -1.30805e-17)
(0.9911 1.7784e-05 -1.88202e-18)
(1.00826 -0.00056446 1.33462e-17)
(0.987647 -0.000277031 -7.12373e-17)
(1.00918 -0.000878705 1.4558e-17)
(0.982405 -0.000911656 -1.16061e-17)
(1.00889 -0.00145852 1.62168e-17)
(0.974086 -0.00226363 -6.83014e-17)
(1.00552 -0.00260746 -9.34641e-17)
(0.96013 -0.0051657 1.87417e-17)
(0.994883 -0.00504701 -8.19479e-17)
(0.935101 -0.0117352 4.3431e-18)
(0.966817 -0.0107953 -5.03534e-17)
(0.886083 -0.0285863 -3.08483e-17)
(0.892745 -0.0276362 -6.05931e-17)
(1.00559 -0.000130798 2.04579e-17)
(0.993524 0.000112047 2.88566e-17)
(1.00686 -0.000292834 -4.31673e-17)
(0.991189 9.71045e-06 4.46388e-18)
(1.00814 -0.000433443 4.35717e-18)
(0.987792 -0.000223386 -1.18982e-17)
(1.00898 -0.000673476 1.51425e-17)
(0.982644 -0.000722312 -4.76858e-17)
(1.00857 -0.00111549 1.43951e-17)
(0.974483 -0.00178227 -8.3277e-17)
(1.005 -0.00198967 -7.97481e-17)
(0.960801 -0.00405378 4.03346e-17)
(0.994023 -0.00383956 -3.1992e-17)
(0.936287 -0.00919404 -2.64817e-17)
(0.965229 -0.00817453 -1.0535e-16)
(0.888334 -0.022391 -4.90147e-18)
(0.888793 -0.0208763 -1.22582e-16)
(1.00556 -9.26214e-05 -3.10429e-17)
(0.993566 7.83356e-05 1.90307e-17)
(1.0068 -0.000207075 -1.73844e-17)
(0.991262 3.72428e-06 2.57147e-17)
(1.00805 -0.000306567 -4.31834e-18)
(0.98791 -0.000165418 4.25756e-17)
(1.00883 -0.000475729 1.59839e-17)
(0.982838 -0.000526559 -2.32088e-17)
(1.00832 -0.000787354 1.4833e-17)
(0.974804 -0.00129266 -7.58776e-17)
(1.00462 -0.00140383 -7.75272e-17)
(0.961345 -0.00293334 5.18714e-18)
(0.993416 -0.00270593 -1.95711e-17)
(0.93726 -0.00664667 1.00804e-17)
(0.964145 -0.00574017 -1.06571e-16)
(0.890264 -0.0161831 1.81143e-17)
(0.886068 -0.0146033 -1.3875e-16)
(1.00554 -5.51803e-05 -1.56452e-17)
(0.993596 4.63056e-05 2.38775e-17)
(1.00677 -0.000123286 -4.73772e-19)
(0.991314 2.18068e-06 6.70156e-17)
(1.00798 -0.000183015 -1.40679e-17)
(0.987995 -9.97349e-05 3.68166e-17)
(1.00873 -0.000283097 1.11571e-17)
(0.982976 -0.000316004 -1.3929e-17)
(1.00816 -0.000465766 1.43538e-17)
(0.975032 -0.000773441 -4.12331e-17)
(1.00438 -0.000824311 -9.6917e-17)
(0.961734 -0.00175072 -1.28011e-17)
(0.993049 -0.00157555 -1.67094e-17)
(0.937967 -0.00395912 2.84262e-17)
(0.963524 -0.00330967 -5.95769e-17)
(0.891729 -0.00962885 4.8442e-17)
(0.884493 -0.00834979 -1.29939e-16)
(1.00553 -1.78957e-05 -5.71348e-18)
(0.993613 1.42522e-05 4.44582e-17)
(1.00675 -4.07094e-05 2.62716e-17)
(0.991341 -9.16968e-07 5.45272e-17)
(1.00795 -6.18425e-05 -4.09725e-17)
(0.98804 -3.9356e-05 -3.21235e-17)
(1.00868 -9.83127e-05 8.79776e-19)
(0.98305 -0.000120429 -1.11893e-17)
(1.00809 -0.000166708 1.54515e-17)
(0.975157 -0.000293156 -5.33643e-17)
(1.00427 -0.00030395 -7.39589e-17)
(0.96195 -0.000665063 -1.69411e-17)
(0.992907 -0.000595292 -1.75965e-17)
(0.938372 -0.0015106 5.90533e-17)
(0.963323 -0.00126817 -4.21242e-17)
(0.892616 -0.0036792 -8.7389e-18)
(0.88398 -0.00319626 -9.70498e-17)
)
;

boundaryField
{
    inlet
    {
        type            uniformFixedValue;
        uniformValue    constant (1 0 0);
        value           uniform (1 0 0);
    }
    outlet
    {
        type            pressureInletOutletVelocity;
        value           nonuniform 0();
    }
    polygon
    {
        type            fixedValue;
        value           nonuniform 0();
    }
    top
    {
        type            symmetryPlane;
    }
    bottom
    {
        type            symmetryPlane;
    }
    outside
    {
        type            zeroGradient;
    }
    procBoundary24to16
    {
        type            processor;
        value           nonuniform List<vector> 
18
(
(1.00869 -0.000987487 -9.14233e-18)
(0.987142 -0.000393399 -3.77544e-17)
(1.00994 -0.00154806 1.87762e-17)
(0.981553 -0.00140619 4.22805e-17)
(1.0102 -0.00258571 5.01049e-18)
(0.972644 -0.00358567 4.55963e-18)
(1.00777 -0.00464635 -1.49737e-17)
(0.957666 -0.00829046 1.40711e-17)
(0.998853 -0.00904321 -3.62576e-17)
(0.930813 -0.0189445 -1.35579e-17)
(0.974505 -0.0194817 -6.26619e-17)
(0.878565 -0.0460909 -7.42451e-17)
(0.911802 -0.0496791 -5.89836e-17)
(1.0057 -0.000250884 2.3581e-17)
(0.993366 0.000225626 4.29621e-17)
(1.00708 -0.000566098 7.6596e-20)
(0.990898 4.75098e-05 -2.63907e-18)
(0.990898 4.75098e-05 -2.63907e-18)
)
;
    }
    procBoundary24to25
    {
        type            processor;
        value           nonuniform List<vector> 4((0.768991 -0.117125 -2.49218e-18) (0.772435 -0.100345 -8.90238e-18) (0.776192 -0.0828718 -2.35078e-17) (0.780081 -0.0648456 -4.82594e-17));
    }
    procBoundary24to32
    {
        type            processor;
        value           nonuniform List<vector> 
18
(
(1.00554 5.49853e-05 2.85808e-17)
(0.993596 -4.65229e-05 -1.26896e-17)
(1.00677 0.000122652 7.08488e-17)
(0.991314 -2.32013e-06 6.5611e-17)
(1.00798 0.000182264 -3.52573e-17)
(0.987995 9.99525e-05 -1.20699e-17)
(1.00873 0.000282476 -2.94567e-18)
(0.982976 0.000316715 -1.02353e-17)
(1.00816 0.000465454 2.40486e-17)
(1.00427 0.000304055 -8.13217e-17)
(0.975032 0.000774447 -3.46257e-17)
(1.00427 0.000304055 -8.13217e-17)
(0.96195 0.000665769 -1.72658e-17)
(0.992907 0.00059582 -9.26502e-18)
(0.938372 0.00151003 2.05267e-17)
(0.963323 0.00126882 3.68058e-17)
(0.892616 0.00367569 -7.70996e-17)
(0.88398 0.00319582 -1.15347e-16)
)
;
    }
    procBoundary24to33
    {
        type            processor;
        value           nonuniform List<vector> 3((0.783863 -0.0467186 -9.81578e-17) (0.78712 -0.0277792 -7.78504e-17) (0.789391 -0.0104287 1.63316e-17));
    }
}


// ************************************************************************* //
