/*--------------------------------*- C++ -*----------------------------------*\
  =========                 |
  \\      /  F ield         | OpenFOAM: The Open Source CFD Toolbox
   \\    /   O peration     | Website:  https://openfoam.org
    \\  /    A nd           | Version:  7
     \\/     M anipulation  |
\*---------------------------------------------------------------------------*/
FoamFile
{
    version     2.0;
    format      ascii;
    class       volVectorField;
    location    "72";
    object      U;
}
// * * * * * * * * * * * * * * * * * * * * * * * * * * * * * * * * * * * * * //

dimensions      [0 1 -1 0 0 0 0];

internalField   nonuniform List<vector> 
115
(
(0.901298 -0.0465824 -1.41029e-20)
(0.903529 -0.0464856 6.85295e-20)
(0.904944 -0.0459213 -9.8915e-20)
(0.907447 -0.0453674 2.23643e-20)
(0.909704 -0.0444502 -1.35117e-19)
(0.912542 -0.0434992 -3.21383e-19)
(0.915372 -0.0422696 -2.51596e-19)
(0.918546 -0.0409627 -5.85847e-19)
(0.921799 -0.0394386 -2.39762e-19)
(0.925279 -0.0378108 -8.24068e-19)
(0.92886 -0.0360053 -1.67027e-19)
(0.932605 -0.0340815 -1.2246e-18)
(0.936452 -0.032 -3.29823e-19)
(0.940427 -0.0297878 -1.51841e-18)
(0.944499 -0.027421 -9.66033e-20)
(0.948675 -0.0249061 -1.15607e-18)
(0.888413 -0.0477123 8.58936e-21)
(0.89014 -0.0481934 5.1878e-20)
(0.891159 -0.0478206 8.52735e-20)
(0.893035 -0.0476248 1.60285e-19)
(0.894729 -0.0469207 8.00037e-20)
(0.89687 -0.0462356 -1.00077e-19)
(0.899005 -0.0452079 -3.56367e-20)
(0.901396 -0.0441142 -1.45345e-20)
(0.903832 -0.0427715 1.8162e-19)
(0.906424 -0.0413224 4.71579e-19)
(0.909069 -0.0396787 1.42768e-18)
(0.911813 -0.0379113 1.01374e-18)
(0.914602 -0.035978 6.47266e-19)
(0.917456 -0.0339112 -4.97955e-19)
(0.920345 -0.0316876 2.32741e-20)
(0.923279 -0.0293167 -1.29027e-19)
(0.861335 -0.0481137 -4.05133e-20)
(0.861683 -0.048841 -8.36386e-20)
(0.862079 -0.0485076 -1.87284e-19)
(0.862718 -0.0484899 -1.15318e-19)
(0.863424 -0.0478273 -3.76244e-19)
(0.864297 -0.0472398 3.903e-20)
(0.86522 -0.0462425 -1.20031e-19)
(0.86625 -0.0451919 -1.31753e-19)
(0.867308 -0.0438586 -2.65374e-19)
(0.868427 -0.0424142 -5.78467e-19)
(0.869556 -0.0407557 -1.3091e-18)
(0.870714 -0.0389638 -3.05753e-19)
(0.871871 -0.0369924 -1.67096e-18)
(0.87304 -0.0348768 2.23125e-19)
(0.874207 -0.0325933 -4.4957e-19)
(0.875385 -0.0301517 -4.80939e-19)
(0.820135 -0.0478541 -5.02041e-20)
(0.818532 -0.048712 -9.53114e-20)
(0.81818 -0.0483961 -1.32814e-19)
(0.817203 -0.0484963 -1.23155e-19)
(0.816704 -0.0478632 -1.94537e-19)
(0.816008 -0.0473438 -7.92357e-20)
(0.81548 -0.0463727 -2.09646e-19)
(0.814894 -0.0453552 -2.1941e-19)
(0.81435 -0.0440382 -3.45093e-19)
(0.813782 -0.0426079 -5.21083e-19)
(0.813206 -0.0409588 -6.52175e-19)
(0.812613 -0.0391758 -3.41715e-19)
(0.812 -0.0372167 -7.0585e-19)
(0.811375 -0.0351195 -9.65164e-20)
(0.810741 -0.0328662 -5.09611e-19)
(0.810112 -0.0304708 -5.40728e-19)
(0.766504 -0.0467865 -8.98962e-20)
(0.762758 -0.0476998 -2.19913e-19)
(0.761641 -0.047377 -4.53206e-19)
(0.758973 -0.0475254 -3.72277e-19)
(0.757256 -0.0469005 -8.72008e-19)
(0.754986 -0.0463969 -2.90003e-19)
(0.753031 -0.0454288 -5.33895e-19)
(0.750877 -0.0444045 -6.48335e-19)
(0.748803 -0.0430793 -8.51944e-19)
(0.74665 -0.0416313 -1.26351e-18)
(0.7445 -0.0399671 -2.3561e-18)
(0.742314 -0.0381652 -9.48961e-19)
(0.740119 -0.0361924 -2.94032e-18)
(0.737918 -0.0340838 -4.63943e-19)
(0.735727 -0.0318273 -1.19741e-18)
(0.733568 -0.029436 -1.20923e-18)
(0.70312 -0.0448687 -7.05133e-20)
(0.697346 -0.0457846 -1.42017e-19)
(0.695526 -0.0454396 -2.44633e-19)
(0.691347 -0.0455836 -4.91413e-19)
(0.688538 -0.044959 -9.12049e-19)
(0.684908 -0.0444336 -2.04502e-18)
(0.681715 -0.0434618 -2.06569e-18)
(0.678241 -0.0424102 -2.52623e-18)
(0.674885 -0.0410731 -2.43807e-18)
(0.67143 -0.0396013 -2.31158e-18)
(0.667998 -0.0379257 -5.39571e-19)
(0.664538 -0.0361117 -1.53844e-18)
(0.661091 -0.0341398 -2.40342e-18)
(0.657659 -0.0320404 -4.91727e-18)
(0.654267 -0.0298094 -4.14256e-18)
(0.650937 -0.0274604 -4.20567e-18)
(0.632935 -0.0421895 -6.38027e-20)
(0.625454 -0.04309 -8.18021e-20)
(0.62304 -0.0427191 1.85864e-19)
(0.617676 -0.0428312 -6.3081e-19)
(0.613977 -0.042215 1.17297e-19)
(0.609313 -0.0416519 -2.07489e-18)
(0.605157 -0.0406839 -9.54479e-19)
(0.6007 -0.0396034 -2.45948e-18)
(0.596383 -0.0382635 -9.41666e-19)
(0.591977 -0.0367764 -2.54685e-18)
(0.587615 -0.0351029 -2.83806e-19)
(0.583243 -0.0332924 -3.08906e-18)
(0.578909 -0.0313397 -1.18805e-18)
(0.574614 -0.0292701 -4.63535e-18)
(0.570385 -0.0270871 -1.32729e-18)
(0.566246 -0.0248038 -4.00942e-18)
(0.558681 -0.0388943 5.57956e-20)
(0.549903 -0.0397942 4.28073e-19)
(0.547024 -0.0394034 6.51357e-19)
)
;

boundaryField
{
    inlet
    {
        type            uniformFixedValue;
        uniformValue    constant (1 0 0);
        value           nonuniform 0();
    }
    outlet
    {
        type            pressureInletOutletVelocity;
        value           nonuniform List<vector> 8((0.901298 -0.0465824 -1.41029e-20) (0.888413 -0.0477123 8.58936e-21) (0.861335 -0.0481137 -4.05133e-20) (0.820135 -0.0478541 -5.02041e-20) (0.766504 -0.0467865 -8.98962e-20) (0.70312 -0.0448687 -7.05133e-20) (0.632935 -0.0421895 -6.38027e-20) (0.558681 -0.0388943 5.57956e-20));
    }
    polygon
    {
        type            fixedValue;
        value           nonuniform 0();
    }
    top
    {
        type            symmetryPlane;
    }
    bottom
    {
        type            symmetryPlane;
    }
    outside
    {
        type            zeroGradient;
    }
    procBoundary63to55
    {
        type            processor;
        value           nonuniform List<vector> 
17
(
(0.540859 -0.0394763 6.25704e-19)
(0.536496 -0.0388849 6.8178e-19)
(0.531158 -0.0382845 -8.53488e-19)
(0.526334 -0.0373325 -2.84738e-19)
(0.521241 -0.0362325 -6.91627e-19)
(0.516294 -0.0349019 5.64913e-20)
(0.511287 -0.0334135 2.96454e-19)
(0.506337 -0.031756 3.2439e-18)
(0.501402 -0.0299648 2.01931e-18)
(0.496523 -0.0280467 1.94938e-18)
(0.491704 -0.0260231 -1.78878e-18)
(0.486972 -0.0239033 -2.52645e-19)
(0.482346 -0.0217006 -8.44546e-19)
(0.482585 -0.0351444 -6.82708e-20)
(0.472926 -0.0360831 4.71275e-21)
(0.540859 -0.0394763 6.25704e-19)
(0.469715 -0.0356876 4.5716e-19)
)
;
    }
    procBoundary63to62
    {
        type            processor;
        value           nonuniform List<vector> 7((0.952942 -0.0222226 6.78171e-19) (0.926241 -0.0267793 2.50611e-19) (0.876572 -0.0275332 -1.05492e-18) (0.809502 -0.0279212 -8.65945e-19) (0.731463 -0.0269011 -1.63496e-18) (0.647697 -0.0249913 -2.52232e-18) (0.562224 -0.0224231 6.72944e-19));
    }
}


// ************************************************************************* //
