/*--------------------------------*- C++ -*----------------------------------*\
  =========                 |
  \\      /  F ield         | OpenFOAM: The Open Source CFD Toolbox
   \\    /   O peration     | Website:  https://openfoam.org
    \\  /    A nd           | Version:  7
     \\/     M anipulation  |
\*---------------------------------------------------------------------------*/
FoamFile
{
    version     2.0;
    format      ascii;
    class       volVectorField;
    location    "108";
    object      U;
}
// * * * * * * * * * * * * * * * * * * * * * * * * * * * * * * * * * * * * * //

dimensions      [0 1 -1 0 0 0 0];

internalField   nonuniform List<vector> 
175
(
(-0.228766 0.00126817 5.43961e-19)
(-0.22646 0.00136808 1.30261e-18)
(-0.224198 0.00162197 7.85592e-19)
(-0.221983 0.00202786 1.66737e-18)
(-0.219816 0.00257885 1.82559e-18)
(-0.217696 0.00326358 2.86113e-18)
(-0.215624 0.00406671 2.75437e-18)
(-0.213595 0.00496912 3.35571e-19)
(-0.211609 0.00594847 2.11897e-18)
(-0.209662 0.0069797 -3.08883e-19)
(0.192933 0.0132723 3.91445e-18)
(0.196717 0.0159779 3.95246e-18)
(0.201215 0.0188814 4.22043e-18)
(0.206443 0.0219467 4.3617e-18)
(0.212409 0.0251335 3.9553e-18)
(0.219118 0.0283984 2.88571e-18)
(0.226572 0.0316962 6.25635e-19)
(0.234771 0.034981 2.13669e-18)
(0.243711 0.0382081 4.47018e-18)
(0.25339 0.0413349 3.71542e-18)
(0.263803 0.0443225 2.20495e-18)
(0.274949 0.0471376 -7.02249e-19)
(0.117515 0.00359691 7.13443e-18)
(0.117487 0.0046164 7.42772e-18)
(0.117949 0.00589488 7.92077e-18)
(0.118937 0.00743163 8.31078e-18)
(0.120481 0.00921864 8.68004e-18)
(0.122609 0.0112409 9.13775e-18)
(0.125344 0.0134766 9.52464e-18)
(0.128707 0.0158981 9.71342e-18)
(0.132715 0.0184725 9.97546e-18)
(0.137378 0.0211623 9.9204e-18)
(0.142704 0.0239268 8.37743e-18)
(0.148698 0.0267234 5.86623e-19)
(0.15536 0.0295081 2.24824e-18)
(0.162688 0.0322375 1.04806e-17)
(0.170678 0.0348698 9.80973e-18)
(0.179325 0.0373663 7.22331e-18)
(0.188622 0.0396925 -2.05521e-18)
(0.057963 0.00392551 1.54482e-18)
(0.057606 0.00464491 1.5434e-18)
(0.0576432 0.00559912 1.64273e-18)
(0.0581068 0.00678875 1.7626e-18)
(0.0590274 0.00820759 1.80888e-18)
(0.060433 0.00984277 2.01259e-18)
(0.0623488 0.0116751 2.06305e-18)
(0.0647965 0.0136796 1.91506e-18)
(0.0677938 0.0158262 1.9542e-18)
(0.071355 0.0180804 1.95578e-18)
(0.07549 0.0204043 1.70626e-18)
(0.0802049 0.0227579 2.4028e-19)
(0.0855023 0.0250996 6.0693e-19)
(0.0913815 0.0273881 2.01472e-18)
(0.0978392 0.0295828 1.59414e-18)
(0.10487 0.031646 -1.59791e-19)
(0.112468 0.0335432 -8.48503e-18)
(0.00459012 0.00436144 2.9356e-19)
(0.00415265 0.0048479 4.10735e-19)
(0.00401655 0.00554684 2.74835e-19)
(0.00421121 0.00645961 3.33869e-19)
(0.004765 0.00758118 3.76871e-19)
(0.00570464 0.00890032 4.40023e-19)
(0.00705464 0.0103998 5.172e-19)
(0.00883682 0.012057 4.34156e-19)
(0.0110699 0.0138443 3.19855e-19)
(0.0137692 0.01573 4.96811e-19)
(0.0169463 0.017679 3.35129e-19)
(0.0206093 0.0196537 1.47958e-19)
(0.0247627 0.0216152 1.50497e-19)
(0.0294076 0.0235243 2.13786e-19)
(0.0345423 0.0253424 3.32579e-19)
(0.0401624 0.0270331 -4.56075e-19)
(0.0462618 0.0285627 -3.17812e-18)
(-0.0433397 0.00474021 1.52432e-19)
(-0.0436398 0.00505496 8.12247e-20)
(-0.0437222 0.0055628 -2.1225e-20)
(-0.0435616 0.00626528 1.23769e-19)
(-0.0431333 0.00715802 2.01679e-19)
(-0.0424136 0.0082308 1.12097e-19)
(-0.0413799 0.00946787 -2.371e-20)
(-0.0400116 0.0108484 2.0262e-19)
(-0.0382907 0.0123468 1.28077e-19)
(-0.0362017 0.0139336 1.38823e-19)
(-0.0337324 0.0155763 7.03801e-20)
(-0.0308734 0.0172397 3.72118e-20)
(-0.0276189 0.0188872 8.46325e-20)
(-0.0239662 0.0204818 -7.70447e-21)
(-0.0199153 0.0219872 1.19145e-20)
(-0.015469 0.0233684 -7.74909e-19)
(-0.0106324 0.0245931 -8.42423e-18)
(-0.0864361 0.00492616 1.49232e-19)
(-0.0864257 0.00512229 1.67985e-19)
(-0.0862692 0.00549578 -2.21888e-20)
(-0.0859469 0.00604797 2.95448e-20)
(-0.0854385 0.00677461 8.84641e-20)
(-0.0847242 0.00766605 1.70181e-19)
(-0.0837846 0.00870743 1.01284e-19)
(-0.0826018 0.00987909 1.05595e-19)
(-0.0811592 0.0111571 1.74052e-19)
(-0.0794426 0.0125138 -4.83361e-20)
(-0.07744 0.0139186 1.88662e-19)
(-0.075142 0.0153384 1.3321e-20)
(-0.0725419 0.0167387 -5.37793e-20)
(-0.0696358 0.0180847 -6.15634e-20)
(-0.0664226 0.0193419 7.41997e-20)
(-0.0629035 0.0204772 -1.71321e-19)
(-0.0590822 0.0214597 -2.97684e-18)
(-0.125117 0.00481804 3.34321e-19)
(-0.124673 0.00493995 4.62252e-19)
(-0.124142 0.00522744 3.66458e-19)
(-0.123511 0.00568137 2.73484e-19)
(-0.122763 0.00629728 4.78519e-19)
(-0.121885 0.00706558 4.9192e-19)
(-0.120859 0.00797181 5.83389e-19)
(-0.119673 0.00899705 4.65427e-19)
(-0.118311 0.0101184 4.50946e-19)
(-0.116761 0.0113096 3.58758e-19)
(-0.115014 0.0125414 3.88535e-19)
(-0.113059 0.0137825 9.95007e-20)
(-0.11089 0.0150002 1.74716e-19)
(-0.108503 0.0161614 3.37986e-19)
(-0.105896 0.0172333 4.71718e-19)
(-0.103069 0.0181845 2.43217e-19)
(-0.100024 0.0189856 -7.42793e-18)
(-0.159594 0.00435278 1.51382e-18)
(-0.158642 0.00443579 1.47838e-18)
(-0.157652 0.00467649 1.68647e-18)
(-0.156614 0.00507509 1.68008e-18)
(-0.155519 0.00562662 1.83134e-18)
(-0.154356 0.00632126 1.8818e-18)
(-0.153115 0.00714461 1.94618e-18)
(-0.151783 0.0080781 1.85219e-18)
(-0.15035 0.00909942 1.93656e-18)
(-0.148806 0.0101831 1.74565e-18)
(-0.147142 0.0113011 1.96114e-18)
(-0.145351 0.0124232 7.29762e-19)
(-0.143427 0.0135182 3.25964e-19)
(-0.141366 0.0145544 1.29558e-18)
(-0.139164 0.0155004 1.81967e-18)
(-0.136821 0.0163263 1.9359e-18)
(-0.13434 0.0170038 -8.36709e-19)
(-0.189895 0.00349842 6.94965e-18)
(-0.188405 0.0035711 7.06733e-18)
(-0.186916 0.00379753 7.281e-18)
(-0.185423 0.00417643 7.51942e-18)
(-0.183921 0.00470218 7.71294e-18)
(-0.182403 0.00536473 7.98566e-18)
(-0.180863 0.00614969 8.04641e-18)
(-0.179292 0.00703856 8.07495e-18)
(-0.177685 0.00800934 8.16215e-18)
(-0.176033 0.00903704 8.33576e-18)
(-0.174329 0.0100941 8.60127e-18)
(-0.172569 0.0111513 1.63882e-18)
(-0.170746 0.0121781 5.4165e-19)
(-0.168857 0.0131438 6.89388e-18)
(-0.1669 0.0140182 8.38424e-18)
(-0.164873 0.0147722 8.47476e-18)
(-0.162777 0.0153787 2.66256e-19)
(-0.215899 0.00223847 1.4929e-18)
(-0.213882 0.00233248 1.64664e-18)
(-0.211896 0.00257957 1.62278e-18)
(-0.20994 0.00297754 1.93162e-18)
(-0.208014 0.00351965 1.9926e-18)
(-0.206115 0.00419477 2.40597e-18)
(-0.204239 0.00498768 2.47206e-18)
(-0.202384 0.0058793 1.55141e-18)
(-0.200545 0.00684732 2.13743e-18)
(-0.198716 0.0078666 1.46022e-18)
(-0.196895 0.00890976 2.05163e-18)
(-0.195077 0.00994773 4.0419e-19)
(-0.193257 0.0109507 8.21141e-20)
(-0.191434 0.0118886 1.03523e-18)
(-0.189604 0.0127319 1.73822e-18)
(-0.187766 0.0134524 2.02366e-18)
(-0.18592 0.0140238 -5.29952e-18)
)
;

boundaryField
{
    inlet
    {
        type            uniformFixedValue;
        uniformValue    constant (1 0 0);
        value           nonuniform 0();
    }
    outlet
    {
        type            pressureInletOutletVelocity;
        value           nonuniform 0();
    }
    polygon
    {
        type            fixedValue;
        value           nonuniform 0();
    }
    top
    {
        type            symmetryPlane;
    }
    bottom
    {
        type            symmetryPlane;
    }
    outside
    {
        type            zeroGradient;
    }
    procBoundary53to45
    {
        type            processor;
        value           nonuniform List<vector> 
18
(
(-0.232936 0.000937904 2.33349e-19)
(-0.230541 0.00103906 5.83783e-19)
(-0.228194 0.00129433 5.33004e-19)
(-0.225899 0.00170181 1.0121e-18)
(-0.223657 0.00225453 2.02539e-18)
(-0.22147 0.00294117 2.56887e-18)
(-0.219337 0.00374641 2.27669e-18)
(-0.217256 0.00465118 -1.42961e-19)
(-0.215226 0.00563322 1.59888e-18)
(-0.207751 0.00803555 1.64827e-18)
(-0.213244 0.00666756 -2.02254e-19)
(-0.207751 0.00803555 1.64827e-18)
(-0.205873 0.00908709 -3.46068e-19)
(-0.204024 0.0101047 -2.34979e-19)
(-0.202202 0.0110585 4.39434e-20)
(-0.200405 0.0119193 9.37642e-19)
(-0.198631 0.012659 1.64384e-18)
(-0.196879 0.0132513 -2.47114e-19)
)
;
    }
    procBoundary53to46
    {
        type            processor;
        value           nonuniform List<vector> 2((-0.231112 0.00132011 1.47824e-18) (-0.217944 0.00229544 1.66696e-18));
    }
    procBoundary53to52
    {
        type            processor;
        value           nonuniform List<vector> 10((0.286827 0.0497527 -3.99603e-20) (0.198567 0.0418194 -3.05372e-19) (0.120625 0.0352448 -1.53811e-18) (0.0528333 0.0299018 -1.25315e-18) (-0.00541185 0.0256328 -1.87992e-18) (-0.0549638 0.0222621 -1.13925e-18) (-0.0967652 0.0196102 -1.89078e-18) (-0.131721 0.0175079 -6.73676e-19) (-0.160612 0.0158132 -1.71818e-19) (-0.184066 0.0144226 -4.86126e-19));
    }
    procBoundary53to54
    {
        type            processor;
        value           nonuniform List<vector> 8((0.118 0.00282988 6.71955e-18) (0.0586806 0.00343354 1.47952e-18) (0.00529914 0.00407981 2.39791e-19) (-0.0428464 0.00461115 1.24675e-19) (-0.0863196 0.00490057 1.14767e-19) (-0.125489 0.00485576 3.45421e-19) (-0.160517 0.00442248 1.5285e-18) (-0.191387 0.00357575 6.93957e-18));
    }
    procBoundary53to61
    {
        type            processor;
        value           nonuniform List<vector> 
18
(
(0.271758 0.0160885 9.62707e-18)
(0.276764 0.0193229 1.01394e-17)
(0.28256 0.0227652 1.05009e-17)
(0.289157 0.0263764 1.05866e-17)
(0.296561 0.0301136 1.00815e-17)
(0.304777 0.0339307 8.10809e-18)
(0.313805 0.0377807 5.89782e-19)
(0.323644 0.0416163 3.92431e-18)
(0.334291 0.045392 1.16997e-17)
(0.345744 0.0490654 9.97455e-18)
(0.358003 0.0525986 7.16996e-18)
(0.371069 0.05596 -6.19014e-19)
(0.183982 0.00355673 3.01328e-18)
(0.184535 0.00494542 3.25648e-18)
(0.185676 0.00661774 3.31415e-18)
(0.187436 0.00857108 3.65679e-18)
(0.189847 0.0107951 3.66055e-18)
(0.189847 0.0107951 3.66055e-18)
)
;
    }
}


// ************************************************************************* //
