/*--------------------------------*- C++ -*----------------------------------*\
  =========                 |
  \\      /  F ield         | OpenFOAM: The Open Source CFD Toolbox
   \\    /   O peration     | Website:  https://openfoam.org
    \\  /    A nd           | Version:  7
     \\/     M anipulation  |
\*---------------------------------------------------------------------------*/
FoamFile
{
    version     2.0;
    format      ascii;
    class       volVectorField;
    location    "44";
    object      U;
}
// * * * * * * * * * * * * * * * * * * * * * * * * * * * * * * * * * * * * * //

dimensions      [0 1 -1 0 0 0 0];

internalField   nonuniform List<vector> 
175
(
(1.00536 0.000307737 2.63613e-18)
(0.993688 -0.000330526 -2.43233e-19)
(1.00655 0.000684831 2.10423e-17)
(0.991431 -0.0002516 -1.27856e-17)
(1.00771 0.00103999 -1.77539e-17)
(0.988045 -5.30179e-07 3.26514e-18)
(1.00839 0.00161555 9.16083e-18)
(0.982836 0.000624548 -4.69628e-17)
(1.00775 0.00262182 -3.12559e-18)
(0.974487 0.00204683 -3.45139e-17)
(1.0039 0.0044989 2.56351e-17)
(0.960355 0.0052574 -1.73647e-17)
(0.992598 0.00823514 -5.42606e-17)
(0.934818 0.012784 6.4545e-18)
(0.963786 0.0164128 3.7628e-17)
(0.884608 0.0324405 4.78009e-17)
(0.890269 0.0380256 3.1557e-17)
(0.772892 0.0958584 -3.58268e-17)
(1.00538 0.000333285 -1.59709e-18)
(0.993662 -0.000359622 -5.41064e-18)
(1.00659 0.000744001 2.0771e-17)
(0.991388 -0.000275624 -1.59738e-17)
(1.00776 0.00112989 -1.2234e-17)
(0.987981 -4.35651e-06 -1.35258e-17)
(1.00848 0.00175711 1.00099e-17)
(0.982742 0.000669523 -4.26208e-17)
(1.00789 0.00285621 1.2096e-18)
(0.974344 0.00220774 -2.41219e-17)
(1.00412 0.00491274 3.12956e-17)
(0.960119 0.00568297 -8.32283e-18)
(0.992958 0.00902382 -5.44581e-17)
(0.93439 0.0138327 -1.42322e-18)
(0.96449 0.0180813 3.35719e-17)
(0.883732 0.0351202 4.70626e-17)
(0.892222 0.0422064 4.32208e-17)
(0.771055 0.103983 -3.14924e-17)
(1.0054 0.000358942 -6.22961e-18)
(0.993635 -0.000389208 -1.0098e-17)
(1.00662 0.000803716 2.19052e-17)
(0.991342 -0.000300367 -2.19677e-17)
(1.00783 0.00122023 -8.72247e-18)
(0.987912 -8.72433e-06 -3.0569e-17)
(1.00858 0.0018989 1.10779e-17)
(0.982639 0.00071326 -4.41786e-17)
(1.00805 0.00309046 6.49753e-18)
(0.974183 0.00236558 -1.43364e-17)
(1.00436 0.00532589 2.62848e-17)
(0.959855 0.00610113 -4.21961e-18)
(0.993368 0.00981154 -4.32853e-17)
(0.933922 0.0148619 -6.07638e-18)
(0.96528 0.0197499 1.6052e-17)
(0.882831 0.0377358 3.20715e-17)
(0.894358 0.0463843 5.76863e-17)
(0.769405 0.111779 -3.28212e-17)
(1.00542 0.000384616 -1.30154e-17)
(0.993607 -0.000419064 -1.46827e-17)
(1.00666 0.000863801 2.50396e-17)
(0.991293 -0.000325472 -1.83808e-17)
(1.00789 0.00131114 -5.92542e-18)
(0.987839 -1.40985e-05 -3.57293e-17)
(1.00868 0.00204196 1.35211e-17)
(0.982527 0.000756571 -5.10464e-17)
(1.00822 0.00332779 -4.46908e-19)
(0.974006 0.00252389 -6.1679e-18)
(1.00464 0.00574646 2.50341e-17)
(0.959566 0.00652248 -3.91631e-18)
(0.993832 0.0106174 -3.82659e-17)
(0.933422 0.0159014 -6.71783e-18)
(0.96617 0.0214645 2.17826e-17)
(0.88192 0.040376 2.18648e-17)
(0.896703 0.0506863 7.91496e-17)
(0.767983 0.11956 -4.07583e-17)
(1.00545 0.00041032 -2.20617e-17)
(0.99358 -0.000449266 -1.94294e-17)
(1.00671 0.000924316 3.11709e-17)
(0.991243 -0.000351164 -1.85804e-17)
(1.00796 0.00140269 -1.92859e-17)
(0.987762 -2.04083e-05 -3.01567e-17)
(1.0088 0.00218632 1.66762e-17)
(0.982408 0.000798386 -4.90019e-17)
(1.00841 0.00356793 -5.08599e-18)
(0.973818 0.00268011 2.5308e-18)
(1.00495 0.00617319 2.717e-17)
(0.959257 0.00694101 8.79724e-18)
(0.994355 0.0114373 -3.75872e-17)
(0.932896 0.0169366 -6.54746e-18)
(0.967171 0.0232137 3.28307e-17)
(0.881017 0.0430036 1.65271e-17)
(0.899287 0.0550822 8.56532e-17)
(0.766837 0.127228 -3.17837e-17)
(1.00547 0.000436054 -2.18028e-17)
(0.993553 -0.000479841 -2.30335e-17)
(1.00675 0.000985266 2.6817e-17)
(0.991192 -0.000377503 -9.83047e-18)
(1.00804 0.00149484 -2.10062e-17)
(0.987682 -2.78296e-05 -2.59633e-17)
(1.00892 0.0023318 2.1675e-17)
(0.982283 0.000838474 -4.01434e-17)
(1.00861 0.00381046 -7.46807e-18)
(0.973618 0.00283368 -3.00027e-18)
(1.00529 0.00660519 1.67443e-17)
(0.958931 0.00735538 1.87402e-17)
(0.99494 0.0122694 -2.56089e-17)
(0.932352 0.0179645 -2.86222e-18)
(0.968295 0.0249927 2.91361e-17)
(0.880136 0.0456104 1.45081e-17)
(0.902147 0.0595517 7.69676e-17)
(0.766021 0.134737 -2.83735e-17)
(1.00549 0.000461823 -1.24684e-17)
(0.993526 -0.000510828 -2.6852e-17)
(1.00679 0.00104673 1.15993e-17)
(0.991141 -0.000404482 -3.52639e-18)
(1.00811 0.00158766 -2.59657e-17)
(0.987601 -3.6511e-05 -2.32879e-17)
(1.00906 0.00247841 1.39343e-17)
(0.982155 0.000876706 -3.63798e-17)
(1.00883 0.00405515 -9.35795e-18)
(0.973412 0.00298404 -7.79337e-18)
(1.00566 0.00704159 8.65162e-18)
(0.958594 0.00776411 1.34887e-17)
(0.995591 0.0131113 -1.74451e-17)
(0.931798 0.0189814 3.33645e-18)
(0.969558 0.0267945 2.97577e-17)
(0.879292 0.0481868 1.64764e-17)
(0.905331 0.0640708 7.52757e-17)
(0.765593 0.142057 -3.16656e-17)
(1.00551 0.000487742 -5.54895e-18)
(0.993501 -0.000542645 -3.28562e-17)
(1.00684 0.00110936 -5.38783e-19)
(0.991091 -0.000432659 -1.03374e-19)
(1.00819 0.00168208 -3.46939e-17)
(0.987519 -4.62113e-05 -2.16979e-17)
(1.00919 0.00262769 7.47728e-18)
(0.982024 0.000912508 -3.91724e-17)
(1.00907 0.00430436 -1.10919e-17)
(0.973201 0.00313022 -1.21545e-17)
(1.00606 0.00748575 2.36679e-18)
(0.95825 0.00816566 9.61256e-18)
(0.996312 0.0139673 -1.16847e-17)
(0.931243 0.0199842 1.23985e-17)
(0.970976 0.0286231 3.53298e-17)
(0.8785 0.0507257 4.61188e-19)
(0.9089 0.0686371 5.67705e-17)
(0.765625 0.149176 -4.55997e-17)
(1.00553 0.000513895 -8.62148e-19)
(0.993478 -0.000575792 -4.253e-17)
(1.00688 0.00117389 -1.1298e-17)
(0.991041 -0.000463215 2.19246e-18)
(1.00827 0.00177927 -3.37072e-17)
(0.987438 -5.82929e-05 -1.98205e-17)
(1.00934 0.00278241 1.67437e-18)
(0.981894 0.000945286 -4.67984e-17)
(1.00932 0.00456442 -1.19704e-17)
(0.972989 0.00327544 -1.79171e-17)
(1.0065 0.00795204 -1.82357e-18)
(0.957907 0.00857307 5.55539e-18)
(0.997105 0.0148693 -6.56938e-18)
(0.930698 0.021011 7.67482e-18)
(0.972566 0.0305503 2.46462e-17)
(0.877783 0.0533293 -1.46898e-17)
(0.912941 0.0734084 4.21929e-17)
(0.766214 0.156356 -4.64883e-17)
(1.00555 0.000539185 1.69567e-18)
(0.993457 -0.000607112 -4.29729e-17)
(1.00692 0.00123518 -2.15818e-17)
(0.990994 -0.000491853 -9.655e-18)
(1.00835 0.0018719 -2.34134e-17)
(0.98736 -7.42037e-05 -1.79038e-17)
(1.00949 0.00293056 -5.47796e-18)
(0.981767 0.000980114 -6.04932e-17)
(0.935211 0.0115092 2.02578e-17)
(0.963145 0.0145798 4.85157e-17)
(0.885458 0.0292269 5.47004e-17)
(0.88847 0.033592 2.05547e-17)
(0.774899 0.0865106 -4.39026e-17)
)
;

boundaryField
{
    inlet
    {
        type            uniformFixedValue;
        uniformValue    constant (1 0 0);
        value           uniform (1 0 0);
    }
    outlet
    {
        type            pressureInletOutletVelocity;
        value           nonuniform 0();
    }
    polygon
    {
        type            fixedValue;
        value           nonuniform 0();
    }
    top
    {
        type            symmetryPlane;
    }
    bottom
    {
        type            symmetryPlane;
    }
    outside
    {
        type            zeroGradient;
    }
    procBoundary40to32
    {
        type            processor;
        value           nonuniform List<vector> 
19
(
(1.00534 0.000280284 8.25548e-18)
(0.993714 -0.000300162 5.59681e-18)
(1.00651 0.000621758 2.37026e-17)
(0.991475 -0.000228435 -1.24219e-17)
(1.00765 0.000943322 -2.50555e-17)
(0.988107 1.02276e-06 7.29983e-18)
(1.0083 0.00146195 6.45828e-18)
(0.982925 0.000563107 -4.23844e-17)
(1.00762 0.00236468 -7.25119e-18)
(0.97462 0.00184402 -4.86576e-17)
(1.0037 0.00404087 2.37031e-17)
(0.96057 0.00473377 -1.56355e-17)
(0.992274 0.00735974 -4.18058e-17)
(0.935592 0.0103506 2.41181e-17)
(0.962489 0.012987 4.73981e-17)
(0.886279 0.0263279 4.71238e-17)
(0.886571 0.0299359 6.97498e-18)
(0.77668 0.0781708 -5.65465e-17)
(0.992274 0.00735974 -4.18058e-17)
)
;
    }
    procBoundary40to33
    {
        type            processor;
        value           nonuniform List<vector> 10((0.68156 0.125544 4.13635e-17) (0.690764 0.139126 5.23618e-17) (0.700802 0.152337 4.02932e-17) (0.711667 0.165551 3.35299e-17) (0.723374 0.178799 3.21368e-17) (0.735939 0.192033 3.79774e-17) (0.749401 0.205219 1.17101e-17) (0.763848 0.218432 -2.31342e-17) (0.779443 0.231992 -3.92267e-17) (0.673316 0.111949 3.93223e-17));
    }
    procBoundary40to48
    {
        type            processor;
        value           nonuniform List<vector> 
19
(
(1.00958 0.00481726 1.94648e-18)
(0.972781 0.00342747 -2.56006e-17)
(1.00697 0.00841391 -5.82009e-18)
(0.957572 0.00899667 1.81601e-18)
(0.997977 0.0157773 -3.02085e-18)
(0.93018 0.0220752 3.9764e-18)
(0.974355 0.0325099 1.6617e-17)
(0.877175 0.0560045 -1.18752e-17)
(0.917574 0.0782175 3.08712e-17)
(0.767492 0.163479 -2.98886e-17)
(1.00559 0.000604527 4.98578e-18)
(0.993404 -0.00066624 -1.89469e-17)
(1.00704 0.00136572 -1.28767e-17)
(0.990861 -0.000516914 -6.21811e-18)
(1.00859 0.0020733 -2.07103e-18)
(0.987139 -4.86487e-05 -1.73299e-17)
(1.00994 0.00324348 9.79928e-18)
(1.00958 0.00481726 1.94648e-18)
(0.981407 0.00113585 -7.66244e-17)
)
;
    }
}


// ************************************************************************* //
