/*--------------------------------*- C++ -*----------------------------------*\
  =========                 |
  \\      /  F ield         | OpenFOAM: The Open Source CFD Toolbox
   \\    /   O peration     | Website:  https://openfoam.org
    \\  /    A nd           | Version:  7
     \\/     M anipulation  |
\*---------------------------------------------------------------------------*/
FoamFile
{
    version     2.0;
    format      ascii;
    class       volVectorField;
    location    "16";
    object      U;
}
// * * * * * * * * * * * * * * * * * * * * * * * * * * * * * * * * * * * * * //

dimensions      [0 1 -1 0 0 0 0];

internalField   nonuniform List<vector> 
115
(
(-0.585677 -0.0276503 3.72464e-17)
(-0.574234 -0.0406822 1.21702e-17)
(-0.558691 -0.0525851 1.48066e-16)
(-0.539462 -0.063291 1.16676e-16)
(-0.516978 -0.0727857 3.48913e-17)
(-0.491658 -0.0810541 3.0813e-17)
(-0.463891 -0.0880678 6.50348e-17)
(-0.434068 -0.0937698 6.05119e-17)
(-0.402633 -0.0980475 -1.24466e-17)
(-0.474033 0.0937948 1.59726e-17)
(-0.498731 0.0740378 2.63887e-17)
(-0.517352 0.0541465 2.25511e-17)
(-0.530035 0.0345406 6.23541e-17)
(-0.537055 0.0156016 2.61286e-17)
(-0.538641 -0.00238888 1.01621e-16)
(-0.535128 -0.0191682 7.18762e-17)
(-0.52703 -0.0349036 7.81282e-17)
(-0.514836 -0.0493335 6.22824e-17)
(-0.498872 -0.0624376 1.11193e-16)
(-0.479556 -0.0741413 1.17129e-16)
(-0.457331 -0.084442 6.21047e-19)
(-0.432604 -0.0933312 -3.45528e-17)
(-0.405755 -0.100753 5.89607e-17)
(-0.377167 -0.106657 6.76251e-17)
(-0.34726 -0.110918 3.59286e-17)
(-0.406412 0.0972889 -3.14483e-17)
(-0.427668 0.0754399 -5.72659e-18)
(-0.443068 0.0537155 -4.69488e-17)
(-0.452815 0.032539 1.18516e-16)
(-0.45713 0.0122063 1.66306e-16)
(-0.456261 -0.00705025 2.03411e-16)
(-0.45088 -0.0249271 2.0939e-16)
(-0.441596 -0.0416092 2.10788e-16)
(-0.428601 -0.0568227 2.06237e-16)
(-0.412261 -0.0704718 2.13654e-16)
(-0.39303 -0.082625 2.16557e-16)
(-0.371388 -0.0933029 1.82032e-16)
(-0.34774 -0.102498 1.54101e-16)
(-0.322445 -0.110177 1.72617e-16)
(-0.295848 -0.116273 1.71725e-16)
(-0.268312 -0.120642 1.54252e-16)
(-0.292091 0.120474 -1.38861e-16)
(-0.310443 0.0940012 -2.09619e-17)
(-0.323283 0.0676262 -1.60089e-16)
(-0.330851 0.0418894 8.80174e-18)
(-0.333536 0.0171706 6.06448e-17)
(-0.331783 -0.00627533 8.16764e-17)
(-0.325662 -0.0282313 8.8049e-17)
(-0.315393 -0.0483541 8.87698e-17)
(-0.301647 -0.0665511 8.79829e-17)
(-0.285055 -0.0827995 9.05543e-17)
(-0.26611 -0.0972007 9.16202e-17)
(-0.245213 -0.109801 8.12492e-17)
(-0.222773 -0.120601 7.12751e-17)
(-0.19919 -0.129574 7.44022e-17)
(-0.174834 -0.13664 7.0969e-17)
(-0.150067 -0.141653 6.63062e-17)
(-0.165293 0.13139 -1.2993e-17)
(-0.180449 0.101224 -3.86801e-18)
(-0.190699 0.0713192 -1.95587e-17)
(-0.196273 0.0422599 1.62391e-16)
(-0.197345 0.0145062 2.02815e-16)
(-0.194146 -0.0115179 2.16727e-16)
(-0.18725 -0.0355204 2.22066e-16)
(-0.177033 -0.0575117 2.23772e-16)
(-0.163742 -0.0775102 2.24171e-16)
(-0.147828 -0.0954191 2.20134e-16)
(-0.129797 -0.111155 2.16408e-16)
(-0.110102 -0.124775 2.12048e-16)
(-0.0891793 -0.136306 1.97957e-16)
(-0.0674545 -0.145749 1.93743e-16)
(-0.0453418 -0.153022 1.86328e-16)
(-0.0232594 -0.157961 1.74669e-16)
(-0.0315392 0.143461 1.45069e-18)
(-0.0433046 0.109975 3.67941e-19)
(-0.0507206 0.0769146 1.10571e-17)
(-0.0540258 0.0449254 6.54376e-17)
(-0.0535269 0.0144527 4.68574e-17)
(-0.049563 -0.0142825 4.84902e-17)
(-0.0422864 -0.0410651 5.50149e-17)
(-0.0319845 -0.0655151 6.16288e-17)
(-0.0191042 -0.087529 6.79191e-17)
(-0.00400919 -0.107046 6.76162e-17)
(0.0128536 -0.124042 6.74039e-17)
(0.0310763 -0.138564 7.40847e-17)
(0.0502446 -0.150666 6.92321e-17)
(0.0699019 -0.160361 7.76443e-17)
(0.0895951 -0.167587 6.66824e-17)
(0.108839 -0.172165 6.1924e-17)
(0.105404 0.151913 1.99109e-18)
(0.0968899 0.115505 8.61538e-18)
(0.0921536 0.0796474 3.18231e-17)
(0.0909579 0.0449944 1.78529e-16)
(0.0930816 0.0119983 1.90055e-17)
(0.0982528 -0.0189538 1.46898e-17)
(0.10611 -0.0475255 1.43037e-17)
(0.116392 -0.0736783 1.72641e-17)
(0.128797 -0.0972045 1.90339e-17)
(0.14299 -0.11799 2.21897e-17)
(0.158591 -0.135996 2.44336e-17)
(0.175222 -0.151221 3.11608e-17)
(0.192468 -0.16372 5.36377e-17)
(0.209868 -0.173487 1.62482e-16)
(0.226925 -0.18043 2.22851e-17)
(0.243115 -0.184347 2.34387e-17)
(0.242933 0.158005 3.51665e-18)
(0.237448 0.119063 8.62454e-18)
(0.23522 0.080812 2.24775e-17)
(0.236053 0.0439631 3.9713e-17)
(0.23971 0.0089993 1.08453e-17)
(0.245919 -0.0237749 9.68225e-18)
(0.254357 -0.0540815 9.77202e-18)
(0.264733 -0.0816958 6.69869e-18)
(0.276746 -0.10644 6.75102e-18)
(0.29009 -0.1282 8.23328e-18)
)
;

boundaryField
{
    inlet
    {
        type            uniformFixedValue;
        uniformValue    constant (1 0 0);
        value           nonuniform 0();
    }
    outlet
    {
        type            pressureInletOutletVelocity;
        value           nonuniform 0();
    }
    polygon
    {
        type            fixedValue;
        value           nonuniform 0();
    }
    top
    {
        type            symmetryPlane;
    }
    bottom
    {
        type            symmetryPlane;
    }
    outside
    {
        type            zeroGradient;
    }
    procBoundary19to11
    {
        type            processor;
        value           nonuniform List<vector> 
17
(
(0.304435 -0.146926 9.89297e-18)
(0.319424 -0.162607 1.72388e-17)
(0.334655 -0.175253 2.68969e-17)
(0.349678 -0.184823 4.79221e-17)
(0.364026 -0.191195 5.33761e-18)
(0.377273 -0.194175 1.00388e-17)
(0.379134 0.161823 7.09544e-18)
(0.376454 0.120745 1.75966e-17)
(0.37651 0.0804436 3.64032e-17)
(0.379166 0.0416861 5.83625e-17)
(0.384218 0.0049886 4.32375e-17)
(0.391385 -0.0292953 4.04448e-17)
(0.400338 -0.0609024 3.33424e-17)
(0.410793 -0.0896125 3.1073e-17)
(0.422441 -0.115243 2.53365e-17)
(0.304435 -0.146926 9.89297e-18)
(0.434989 -0.137667 1.83661e-17)
)
;
    }
    procBoundary19to18
    {
        type            processor;
        value           nonuniform List<vector> 5((-0.240228 -0.123055 1.15661e-16) (-0.125277 -0.144388 5.57675e-17) (-0.00165104 -0.160316 1.64741e-16) (0.127115 -0.173826 6.15785e-17) (0.257921 -0.184958 2.4395e-17));
    }
    procBoundary19to20
    {
        type            processor;
        value           nonuniform List<vector> 7((-0.443269 0.112901 7.87554e-17) (-0.379212 0.118715 -4.73974e-18) (-0.268133 0.146354 -2.26998e-17) (-0.145089 0.161048 -2.80791e-18) (-0.0152971 0.176508 -1.54379e-18) (0.117846 0.187958 -7.5042e-19) (0.251782 0.196641 -6.06138e-19));
    }
    procBoundary19to26
    {
        type            processor;
        value           nonuniform List<vector> 2((-0.370054 -0.100802 -5.23166e-17) (-0.316468 -0.113391 -6.04841e-17));
    }
    procBoundary19to27
    {
        type            processor;
        value           nonuniform List<vector> 
17
(
(-0.519267 0.0869325 5.61889e-17)
(-0.546466 0.0696444 8.08223e-17)
(-0.567468 0.052145 1.06461e-16)
(-0.582358 0.0348253 7.0584e-17)
(-0.591295 0.0179999 -6.97447e-17)
(-0.594615 0.00186968 1.2405e-16)
(-0.592643 -0.0134859 2.04075e-17)
(-0.592643 -0.0134859 2.04075e-17)
(-0.640761 -0.0222475 2.99592e-17)
(-0.629806 -0.033827 2.03717e-18)
(-0.61444 -0.0444187 1.23066e-16)
(-0.59509 -0.053969 1.58926e-16)
(-0.572182 -0.062464 4.45149e-17)
(-0.54614 -0.0698949 8.97533e-17)
(-0.517378 -0.0762566 1.19794e-16)
(-0.486317 -0.0814777 7.9621e-17)
(-0.453409 -0.0854687 8.12029e-17)
)
;
    }
}


// ************************************************************************* //
