/*--------------------------------*- C++ -*----------------------------------*\
  =========                 |
  \\      /  F ield         | OpenFOAM: The Open Source CFD Toolbox
   \\    /   O peration     | Website:  https://openfoam.org
    \\  /    A nd           | Version:  7
     \\/     M anipulation  |
\*---------------------------------------------------------------------------*/
FoamFile
{
    version     2.0;
    format      ascii;
    class       surfaceScalarField;
    location    "20";
    object      phi;
}
// * * * * * * * * * * * * * * * * * * * * * * * * * * * * * * * * * * * * * //

dimensions      [0 3 -1 0 0 0 0];

internalField   nonuniform List<scalar> 
322
(
0.00162139
1.546e-05
0.00162228
-1.74318e-05
0.00162051
3.55438e-05
0.00162128
-1.40358e-05
0.0016186
5.39379e-05
0.00161886
-2.0797e-06
0.00161459
8.44622e-05
0.00161348
2.79621e-05
0.00160629
0.000138825
9.74111e-05
0.00822697
-6.9395e-05
0.00823561
-0.00010105
0.00822203
-0.000160006
0.00823405
-0.000192728
0.00821369
-0.000340611
0.00823098
-0.000374396
0.00820218
-0.000707132
0.00822904
-0.000737034
0.00819727
-0.00145528
0.00824453
-0.00144806
0.00825547
-0.0029699
-0.00279503
0.0082345
-1.6279e-05
0.00823086
2.61155e-06
0.00823454
-3.29285e-05
0.00822892
-1.93945e-05
0.00823389
-5.92558e-05
0.00822506
-6.05618e-05
0.00823167
-0.000107662
0.00821743
-0.000145768
0.00822617
-0.000201464
0.00820338
-0.000317826
0.00821543
-0.000386442
0.00817973
-0.000671431
0.0081988
-0.000756106
0.00814931
-0.00140579
0.00818798
-0.00148672
0.00815877
-0.00294069
-0.00287874
0.00823392
-1.79612e-05
0.00823076
5.76416e-06
0.00823352
-3.56844e-05
0.00822836
-1.42391e-05
0.00823181
-6.2707e-05
0.00822336
-5.21112e-05
0.0082275
-0.000111793
0.00821325
-0.00013152
0.0082179
-0.000206117
0.00819384
-0.000293768
0.00819914
-0.000391736
0.00815857
-0.000630864
0.00816692
-0.000764452
0.00810276
-0.00134163
0.00812762
-0.00151159
0.00805915
-0.00287222
-0.00296386
0.00823328
-1.90097e-05
0.00823068
8.37045e-06
0.00823245
-3.74606e-05
0.00822787
-9.65914e-06
0.00822968
-6.45175e-05
0.00822183
-4.42597e-05
0.00822323
-0.000113196
0.00820941
-0.000117699
0.00820945
-0.000206156
0.00818502
-0.000269336
0.00818236
-0.000389077
0.00813881
-0.000587315
0.00813355
-0.000759193
0.00805839
-0.00126647
0.00806276
-0.00151596
0.00795891
-0.00276838
-0.00303752
0.00823266
-1.94394e-05
0.00823058
1.0458e-05
0.00823143
-3.83131e-05
0.00822739
-5.6204e-06
0.00822763
-6.47542e-05
0.00822036
-3.69974e-05
0.00821909
-0.000111925
0.00820578
-0.000104386
0.00820115
-0.000201528
0.00817671
-0.000244897
0.00816561
-0.00037798
0.00812025
-0.000541949
0.00809936
-0.000738305
0.0080164
-0.00118351
0.00799328
-0.00149284
0.00786047
-0.00263556
-0.00308119
0.00823212
-1.9328e-05
0.00823044
1.21427e-05
0.00823054
-3.84119e-05
0.00822686
-1.94347e-06
0.00822579
-6.36875e-05
0.00821886
-3.00648e-05
0.00821531
-0.000108374
0.00820218
-9.12585e-05
0.00819341
-0.000192761
0.00816865
-0.000220129
0.00814964
-0.000358973
0.00810246
-0.000494769
0.0080656
-0.000701441
0.00797634
-0.00109426
0.00792054
-0.00143704
0.00776482
-0.00247984
-0.00307364
0.0082317
-1.87964e-05
0.00823023
1.361e-05
0.00822987
-3.80522e-05
0.00822621
1.71644e-06
0.0082243
-6.17746e-05
0.00821724
-2.29995e-05
0.0082121
-0.000103235
0.00819848
-7.76428e-05
0.00818665
-0.000180931
0.00816058
-0.000194059
0.00813527
-0.000333662
0.008085
-0.000444497
0.008034
-0.000650441
0.0079374
-0.000997663
0.00784762
-0.00134726
0.00767136
-0.00230358
-0.00299412
0.00823142
-1.79806e-05
0.00822996
1.50631e-05
0.0082294
-3.74864e-05
0.00822551
5.60661e-06
0.00822317
-5.94367e-05
0.0082155
-1.53326e-05
0.0082096
-9.73347e-05
0.00819462
-6.26626e-05
0.00818119
-0.000167498
0.00815239
-0.000165258
0.00812325
-0.000304523
0.00806757
-0.000388817
0.00800642
-0.000589292
0.00789886
-0.000890099
0.0077791
-0.00122751
0.00757864
-0.00210311
-0.00282788
0.00823127
-1.70224e-05
0.00822959
1.67527e-05
0.00822931
-3.72079e-05
0.00822456
1.03548e-05
0.00822268
-5.75587e-05
0.00821344
-6.0944e-06
0.00820794
-9.18331e-05
0.00819055
-4.52694e-05
0.00817718
-0.000154132
0.00814413
-0.000132204
0.00811398
-0.000274374
0.00805033
-0.000325173
0.00798421
-0.000523171
0.00786075
-0.000766639
0.00772004
-0.0010868
0.00748533
-0.0018684
-0.00257436
0.00823067
0.00822999
0.00822833
0.00822465
0.00822103
0.00821285
0.00820548
0.00818817
0.00817287
0.00813807
0.00810566
0.0080362
0.00796617
0.0078269
0.00767263
0.00739456
)
;

boundaryField
{
    inlet
    {
        type            calculated;
        value           nonuniform List<scalar> 10(-0.00162212 -0.00823223 -0.00823223 -0.00823223 -0.00823223 -0.00823223 -0.00823223 -0.00823223 -0.00823223 -0.00823223);
    }
    outlet
    {
        type            calculated;
        value           nonuniform 0();
    }
    polygon
    {
        type            calculated;
        value           nonuniform 0();
    }
    top
    {
        type            symmetryPlane;
        value           uniform 0;
    }
    bottom
    {
        type            symmetryPlane;
        value           uniform 0;
    }
    outside
    {
        type            calculated;
        value           nonuniform 0();
    }
    procBoundary8to0
    {
        type            processor;
        value           nonuniform List<scalar> 
18
(
7.82355e-05
9.2406e-05
0.000173584
0.000180714
0.000360967
0.000357105
0.000735937
0.000710167
0.00148705
0.0014008
0.00295896
0.00270999
1.4014e-05
1.02275e-06
2.92536e-05
2.50151e-05
-0.00823581
5.42846e-05
)
;
    }
    procBoundary8to16
    {
        type            processor;
        value           nonuniform List<scalar> 
18
(
-1.4732e-05
1.65409e-05
-3.3773e-05
1.32692e-05
-5.12646e-05
1.82476e-06
-8.0199e-05
-2.68494e-05
-0.000131633
0.00160194
-9.30566e-05
-0.000241965
-0.000255713
-0.000453137
-0.000627365
-0.000932526
-0.00159033
-0.00224428
)
;
    }
    procBoundary8to17
    {
        type            processor;
        value           nonuniform List<scalar> 5(0.00834051 0.00824248 0.00814427 0.00803257 0.00790414);
    }
    procBoundary8to25
    {
        type            processor;
        value           nonuniform List<scalar> 5(0.00775727 0.00759184 0.0074124 0.00723181 0.00706448);
    }
}


// ************************************************************************* //
