/*--------------------------------*- C++ -*----------------------------------*\
  =========                 |
  \\      /  F ield         | OpenFOAM: The Open Source CFD Toolbox
   \\    /   O peration     | Website:  https://openfoam.org
    \\  /    A nd           | Version:  7
     \\/     M anipulation  |
\*---------------------------------------------------------------------------*/
FoamFile
{
    version     2.0;
    format      ascii;
    class       volVectorField;
    location    "68";
    object      U;
}
// * * * * * * * * * * * * * * * * * * * * * * * * * * * * * * * * * * * * * //

dimensions      [0 1 -1 0 0 0 0];

internalField   nonuniform List<vector> 
175
(
(-0.417151 2.35485e-05 8.55438e-21)
(-0.417218 1.19454e-06 -2.21744e-21)
(-0.417278 -4.10332e-05 1.06888e-19)
(-0.417364 -0.000173267 1.65359e-20)
(-0.417366 -0.000408714 -1.70913e-19)
(-0.417238 -0.000738826 1.91688e-20)
(-0.416918 -0.00115191 -1.14547e-19)
(-0.416364 -0.00163087 -2.5961e-20)
(-0.41554 -0.00215984 3.638e-20)
(-0.414423 -0.00272395 1.13996e-19)
(-0.412992 -0.00331076 6.11014e-19)
(-0.411239 -0.00390981 4.79812e-20)
(-0.409157 -0.00451252 -2.74352e-19)
(-0.406744 -0.00511178 3.44986e-19)
(-0.404001 -0.00570164 1.25328e-19)
(-0.400935 -0.00627691 9.17526e-20)
(-0.397553 -0.00683296 -4.73672e-20)
(-0.393864 -0.00736544 -3.52659e-20)
(-0.410905 2.90868e-05 3.24332e-21)
(-0.410988 1.09243e-05 -1.72298e-21)
(-0.411072 -2.86815e-05 6.01111e-20)
(-0.411195 -0.000165263 3.51851e-20)
(-0.411241 -0.000415526 -3.05927e-19)
(-0.411163 -0.000768773 -1.33353e-19)
(-0.410898 -0.00121226 -1.27813e-19)
(-0.410402 -0.0017272 -4.05573e-20)
(-0.409641 -0.00229638 1.27271e-20)
(-0.408589 -0.00290367 -1.48951e-19)
(-0.407228 -0.00353566 3.52368e-19)
(-0.405548 -0.00418103 3.09486e-20)
(-0.403543 -0.00483055 -2.19232e-19)
(-0.40121 -0.00547656 2.92317e-19)
(-0.398552 -0.00611261 9.01534e-20)
(-0.395572 -0.0067331 8.7306e-20)
(-0.392279 -0.00733299 -5.71828e-20)
(-0.388683 -0.00790757 -3.02534e-20)
(-0.404215 3.58701e-05 -1.16134e-21)
(-0.404317 2.36918e-05 4.59266e-21)
(-0.404429 -1.2187e-05 2.10389e-20)
(-0.404594 -0.000151324 4.89689e-20)
(-0.404691 -0.000415581 -3.87726e-19)
(-0.404669 -0.000791348 -2.84351e-19)
(-0.404463 -0.00126471 -2.11648e-20)
(-0.404031 -0.00181511 8.14349e-20)
(-0.403336 -0.00242395 -2.9429e-20)
(-0.402355 -0.00307383 -2.7735e-19)
(-0.401069 -0.00375034 1.53113e-19)
(-0.399468 -0.00444137 -1.42737e-20)
(-0.397544 -0.00513702 -6.68341e-20)
(-0.395297 -0.00582908 1.86152e-19)
(-0.392727 -0.00651063 1.31776e-19)
(-0.389839 -0.00717565 8.79883e-20)
(-0.386641 -0.00781872 -5.12385e-20)
(-0.383142 -0.00843474 -2.61659e-20)
(-0.39709 4.42074e-05 5.10496e-21)
(-0.397216 3.99973e-05 7.60445e-21)
(-0.397361 1.02081e-05 -1.28258e-20)
(-0.397574 -0.000130455 -2.9876e-20)
(-0.397727 -0.000407793 -4.38779e-19)
(-0.397766 -0.000805438 -3.37722e-19)
(-0.397625 -0.00130816 9.90592e-20)
(-0.397262 -0.00189355 2.19521e-19)
(-0.396639 -0.00254159 -7.03134e-20)
(-0.395733 -0.00323359 -4.37753e-19)
(-0.394526 -0.00395416 1.74919e-21)
(-0.393008 -0.00469039 -6.13312e-20)
(-0.391171 -0.00543174 8.44976e-20)
(-0.389013 -0.00616944 4.42893e-21)
(-0.386537 -0.00689611 9.14037e-20)
(-0.383745 -0.00760531 8.91021e-20)
(-0.380647 -0.00829123 -5.93905e-20)
(-0.377251 -0.00894843 -2.36938e-20)
(-0.389539 5.44199e-05 1.71205e-21)
(-0.389694 6.05501e-05 1.01102e-20)
(-0.389878 3.92881e-05 -5.16505e-20)
(-0.390146 -0.000101871 -3.91019e-20)
(-0.390361 -0.000391418 -4.50574e-19)
(-0.390467 -0.000810366 -4.07197e-19)
(-0.390397 -0.00134198 1.15809e-19)
(-0.390107 -0.00196195 2.36391e-19)
(-0.389561 -0.00264875 -1.48713e-19)
(-0.388735 -0.00338242 -5.10647e-19)
(-0.387611 -0.00414659 -1.1552e-19)
(-0.38618 -0.00492753 -1.11796e-19)
(-0.384433 -0.00571409 -2.94801e-21)
(-0.38237 -0.00649696 -7.15392e-20)
(-0.379991 -0.0072683 -1.80198e-20)
(-0.377301 -0.00802126 9.99448e-20)
(-0.374307 -0.00874965 -7.93773e-20)
(-0.371018 -0.00944765 -2.21133e-20)
(-0.381573 6.68992e-05 -1.18613e-21)
(-0.381763 8.61182e-05 1.7723e-20)
(-0.381992 7.49123e-05 -1.0139e-19)
(-0.382321 -6.48163e-05 -6.3057e-20)
(-0.382606 -0.000365642 -4.36255e-19)
(-0.382785 -0.00080541 -3.80645e-19)
(-0.38279 -0.00136554 4.54251e-20)
(-0.382579 -0.00201972 1.2433e-19)
(-0.382114 -0.00274488 -1.26743e-19)
(-0.381372 -0.00351977 -4.89673e-19)
(-0.380336 -0.00432703 -2.25052e-19)
(-0.378995 -0.00515219 -1.6371e-19)
(-0.377343 -0.00598343 -6.96599e-20)
(-0.375378 -0.00681096 -4.78132e-20)
(-0.373101 -0.00762645 -1.19731e-19)
(-0.370517 -0.00842267 5.71306e-20)
(-0.367631 -0.00919305 -8.77599e-20)
(-0.364454 -0.00993142 -2.00644e-20)
(-0.373203 8.2105e-05 -3.12638e-21)
(-0.373435 0.000117578 2.1164e-20)
(-0.373715 0.000118349 -1.09067e-19)
(-0.374113 -1.85606e-05 -1.06927e-19)
(-0.374475 -0.000329614 -2.85121e-19)
(-0.374732 -0.000789813 -3.79052e-19)
(-0.374819 -0.00137817 2.78393e-20)
(-0.37469 -0.00206625 1.81829e-19)
(-0.374311 -0.00282941 -1.59923e-19)
(-0.373656 -0.0036451 -3.88081e-19)
(-0.372711 -0.00449499 -3.33776e-19)
(-0.371465 -0.00536382 -8.83389e-20)
(-0.369911 -0.00623922 -1.44598e-19)
(-0.368048 -0.00711083 -1.41205e-19)
(-0.365877 -0.00796994 -1.49402e-19)
(-0.363402 -0.00880889 2.58827e-20)
(-0.360629 -0.00962073 -4.88768e-20)
(-0.357568 -0.010399 -1.70564e-20)
(-0.36444 0.00010055 -6.51927e-21)
(-0.364722 0.000156145 2.89223e-20)
(-0.365062 0.000170748 -1.34359e-19)
(-0.365536 3.88557e-05 -8.10785e-20)
(-0.365981 -0.000282363 -2.73371e-19)
(-0.366324 -0.000762736 -4.09333e-19)
(-0.366496 -0.00137916 -1.01841e-19)
(-0.366455 -0.00210097 1.11009e-19)
(-0.366164 -0.0029019 -2.20989e-19)
(-0.365601 -0.00375806 -3.29142e-19)
(-0.364751 -0.00465018 -4.69027e-19)
(-0.363602 -0.00556227 -1.08457e-20)
(-0.36215 -0.00648135 -2.54549e-19)
(-0.360392 -0.00739659 -2.51536e-19)
(-0.35833 -0.00829884 -1.89746e-19)
(-0.355967 -0.00918004 6.76667e-20)
(-0.353311 -0.0100329 -1.54029e-20)
(-0.350369 -0.0108506 -1.54907e-20)
(-0.355296 0.000122868 -2.0441e-20)
(-0.355638 0.000203423 3.72992e-20)
(-0.356045 0.000233461 -1.26114e-19)
(-0.356604 0.00010881 -1.47284e-19)
(-0.357139 -0.000222683 -4.06157e-19)
(-0.357572 -0.000723124 -3.67254e-19)
(-0.357836 -0.00136764 -2.1309e-19)
(-0.357886 -0.0021232 7.31647e-20)
(-0.357688 -0.00296185 -1.73151e-19)
(-0.35722 -0.00385839 -3.19928e-19)
(-0.356466 -0.00479262 -6.70913e-19)
(-0.355418 -0.0057478 -6.13832e-20)
(-0.35407 -0.0067104 -3.90931e-19)
(-0.352421 -0.0076691 -2.70195e-19)
(-0.35047 -0.00861433 -2.41321e-19)
(-0.348224 -0.00953767 6.91668e-20)
(-0.345686 -0.0104315 1.40078e-20)
(-0.342868 -0.0112886 -1.61117e-20)
(-0.345784 0.000150149 -2.73682e-20)
(-0.346197 0.000259035 4.95332e-20)
(-0.34668 0.000307381 -1.97481e-19)
(-0.347331 0.000190819 -1.47734e-19)
(-0.347964 -0.000150077 -5.89551e-19)
(-0.348493 -0.000670605 -3.56259e-19)
(-0.348852 -0.00134308 -1.96079e-19)
(-0.348997 -0.00213218 3.8948e-20)
(-0.348894 -0.00300822 -1.07879e-21)
(-0.409505 -0.00523954 6.8424e-20)
(-0.406349 -0.00576411 9.71765e-20)
(-0.402873 -0.00627091 -5.05677e-20)
(-0.399089 -0.00675602 -4.24398e-20)
)
;

boundaryField
{
    inlet
    {
        type            uniformFixedValue;
        uniformValue    constant (1 0 0);
        value           nonuniform 0();
    }
    outlet
    {
        type            pressureInletOutletVelocity;
        value           nonuniform List<vector> 10((-0.417151 0 0) (-0.410905 0 0) (-0.404215 0 0) (-0.39709 0 0) (-0.389539 0 0) (-0.381573 0 0) (-0.373203 0 0) (-0.36444 0 0) (-0.355296 0 0) (-0.345784 0 0));
    }
    polygon
    {
        type            fixedValue;
        value           nonuniform 0();
    }
    top
    {
        type            symmetryPlane;
    }
    bottom
    {
        type            symmetryPlane;
    }
    outside
    {
        type            zeroGradient;
    }
    procBoundary23to15
    {
        type            processor;
        value           nonuniform List<vector> 
18
(
(-0.348524 -0.00394471 -1.90356e-19)
(-0.34787 -0.00492057 -7.83938e-19)
(-0.346925 -0.00591835 -7.40658e-20)
(-0.345684 -0.00692395 -5.86678e-19)
(-0.344145 -0.0079256 -3.11202e-19)
(-0.34231 -0.00891332 -2.20575e-19)
(-0.340181 -0.00987833 3.20473e-20)
(-0.337767 -0.0108126 3.59229e-20)
(-0.315812 0.000253177 -6.08801e-20)
(-0.316482 0.000438903 -5.33369e-21)
(-0.317225 0.000563233 -5.24166e-19)
(-0.318185 0.000468577 -2.09668e-19)
(-0.319141 0.000103169 -1.07161e-18)
(-0.319983 -0.000476416 -3.89925e-19)
(-0.320651 -0.00123031 -1.57478e-19)
(-0.321101 -0.00211724 -2.75262e-20)
(-0.348524 -0.00394471 -1.90356e-19)
(-0.321307 -0.00310182 3.23077e-22)
)
;
    }
    procBoundary23to22
    {
        type            processor;
        value           nonuniform List<vector> 9((-0.384796 -0.00845233 -3.06449e-20) (-0.379355 -0.00901888 -5.65688e-20) (-0.373569 -0.00957171 -9.55999e-20) (-0.367446 -0.0101098 -1.01853e-19) (-0.360997 -0.010632 -1.22441e-19) (-0.354229 -0.0111375 -1.2473e-19) (-0.347153 -0.0116267 -1.03853e-19) (-0.339778 -0.0121022 -9.8784e-20) (-0.335074 -0.0117088 -2.0407e-20));
    }
    procBoundary23to30
    {
        type            processor;
        value           nonuniform List<vector> 2((-0.389884 -0.00787018 -7.58947e-21) (-0.395011 -0.00721568 1.37667e-20));
    }
    procBoundary23to31
    {
        type            processor;
        value           nonuniform List<vector> 
19
(
(-0.423465 1.84627e-05 1.61698e-20)
(-0.423517 -6.74689e-06 -4.60935e-21)
(-0.423555 -5.09875e-05 1.75545e-19)
(-0.423605 -0.00017728 -1.55516e-20)
(-0.423564 -0.000396045 -4.80176e-20)
(-0.423387 -0.000700487 1.92664e-19)
(-0.423012 -0.00108 -1.03592e-19)
(-0.422399 -0.0015192 1.5405e-20)
(-0.421512 -0.00200367 8.40038e-20)
(-0.420326 -0.00251988 4.41394e-19)
(-0.418824 -0.00305648 8.09014e-19)
(-0.416995 -0.00360393 1.58285e-19)
(-0.414832 -0.0041544 -3.76548e-19)
(-0.412335 -0.00470141 3.60041e-19)
(-0.414904 -0.0047327 3.23879e-22)
(-0.411656 -0.00520324 1.1642e-19)
(-0.408087 -0.00565764 -7.48598e-20)
(-0.404208 -0.00609242 -3.77388e-20)
(-0.412335 -0.00470141 3.60041e-19)
)
;
    }
}


// ************************************************************************* //
