/*--------------------------------*- C++ -*----------------------------------*\
  =========                 |
  \\      /  F ield         | OpenFOAM: The Open Source CFD Toolbox
   \\    /   O peration     | Website:  https://openfoam.org
    \\  /    A nd           | Version:  7
     \\/     M anipulation  |
\*---------------------------------------------------------------------------*/
FoamFile
{
    version     2.0;
    format      ascii;
    class       volVectorField;
    location    "6";
    object      U;
}
// * * * * * * * * * * * * * * * * * * * * * * * * * * * * * * * * * * * * * //

dimensions      [0 1 -1 0 0 0 0];

internalField   nonuniform List<vector> 
175
(
(1.00591 -0.000425478 6.78632e-20)
(0.992619 0.000257964 2.10976e-19)
(1.00709 -0.000443133 -2.10883e-21)
(0.990822 3.07674e-05 -7.17918e-19)
(1.0077 -0.000731597 1.29468e-18)
(1.00836 -0.00786069 -9.55089e-19)
(0.957387 -0.00906055 3.35333e-18)
(0.99933 -0.0155497 -6.53947e-19)
(0.930091 -0.0217477 6.57723e-18)
(0.97659 -0.0316985 -5.63512e-18)
(0.878002 -0.0559702 -1.073e-17)
(0.92031 -0.0770689 -6.6917e-18)
(0.769926 -0.163582 -9.08821e-18)
(1.00596 -0.00081858 -1.31884e-18)
(0.992343 0.000579293 -5.20975e-19)
(1.00764 -0.00090577 -1.4423e-18)
(0.990136 0.00014072 -8.1306e-19)
(1.00864 -0.0013716 1.49807e-18)
(0.987249 9.38387e-05 4.95234e-19)
(1.00968 -0.00295862 8.53571e-20)
(0.981396 -0.000468881 5.05113e-18)
(1.01061 -0.00462853 -3.45431e-19)
(0.972088 -0.00337624 5.78856e-18)
(1.00784 -0.0074236 -1.61099e-18)
(0.957771 -0.00862986 2.77971e-18)
(0.998415 -0.0146533 -1.18165e-18)
(0.930669 -0.0207123 8.83825e-18)
(0.974719 -0.0297678 -9.40964e-18)
(0.878705 -0.0533085 -1.50894e-17)
(0.915569 -0.0723143 -8.81229e-18)
(0.768743 -0.156491 -7.78326e-18)
(1.00596 -0.000772742 -8.72361e-19)
(0.992364 0.000536534 -6.88152e-19)
(1.00758 -0.00084759 -8.71744e-19)
(0.990211 0.00012124 -1.32928e-18)
(1.00853 -0.00129667 2.14248e-18)
(0.987348 8.56879e-05 5.38912e-19)
(1.00952 -0.00279907 7.91535e-19)
(0.981533 -0.000462617 4.96739e-18)
(1.01033 -0.00435414 2.86019e-19)
(0.972343 -0.00323607 5.33925e-18)
(1.00735 -0.00698136 -9.26576e-19)
(0.958163 -0.00821658 2.75523e-18)
(0.997579 -0.0137616 -1.62534e-18)
(0.931274 -0.0197137 1.18222e-17)
(0.973045 -0.027869 -1.10468e-17)
(0.879515 -0.0507181 -1.62953e-17)
(0.911419 -0.0675936 -3.39833e-18)
(0.768248 -0.149338 -5.92089e-18)
(1.00596 -0.000727625 -7.31003e-19)
(0.99239 0.000496351 -9.93007e-19)
(1.00752 -0.000792378 -5.00937e-19)
(0.990288 0.000105602 -1.12968e-18)
(1.00841 -0.00122455 2.33419e-18)
(0.987448 7.94816e-05 6.66441e-19)
(1.00937 -0.00264441 9.41892e-19)
(0.981672 -0.000452515 4.7214e-18)
(1.01007 -0.00409204 8.97199e-19)
(0.972599 -0.00309338 4.43385e-18)
(1.00689 -0.00656166 -5.15606e-19)
(0.958556 -0.00780944 2.90802e-18)
(0.996814 -0.0129158 -1.8886e-18)
(0.931889 -0.0187369 1.33209e-17)
(0.971546 -0.0260698 -1.09161e-17)
(0.880398 -0.048191 -1.44237e-17)
(0.907739 -0.0630778 9.98343e-18)
(0.768308 -0.142243 -1.20423e-17)
(1.00595 -0.000683185 -7.48222e-19)
(0.992418 0.000458155 -6.86695e-19)
(1.00746 -0.000739228 -1.10647e-19)
(0.990367 9.14103e-05 -1.04167e-18)
(1.0083 -0.0011539 2.13288e-18)
(0.987548 7.36022e-05 -1.16665e-19)
(1.00922 -0.00249201 5.06232e-19)
(0.981809 -0.000440038 4.3733e-18)
(1.00982 -0.00383582 1.6549e-18)
(0.972851 -0.00294533 4.14919e-18)
(1.00646 -0.00615006 -2.09936e-18)
(0.958943 -0.00739544 3.34828e-18)
(0.996119 -0.0120842 -4.4188e-18)
(0.932503 -0.0177446 1.35486e-17)
(0.970202 -0.0242987 -9.25058e-18)
(0.881331 -0.045625 -8.96216e-18)
(0.904446 -0.0586095 6.80215e-18)
(0.768826 -0.134941 -1.68242e-17)
(1.00595 -0.000639318 -9.65273e-19)
(0.992449 0.00042147 -4.55163e-19)
(1.0074 -0.000687386 -7.09987e-19)
(0.990447 7.83541e-05 -9.59991e-19)
(1.00819 -0.00108367 2.34827e-18)
(0.987646 6.82025e-05 -1.56619e-19)
(1.00908 -0.00234027 -6.09366e-19)
(0.981943 -0.000425486 2.77888e-18)
(1.00959 -0.00358294 1.41881e-18)
(0.973094 -0.00279298 3.11569e-18)
(1.00607 -0.00574314 -2.25154e-18)
(0.959317 -0.00697617 4.19877e-18)
(0.99549 -0.0112624 -4.47496e-18)
(0.933105 -0.0167401 1.27556e-17)
(0.968999 -0.0225517 -5.3135e-18)
(0.882299 -0.0430274 -4.33983e-18)
(0.901477 -0.054191 4.58194e-18)
(0.769729 -0.127445 -1.3599e-17)
(1.00594 -0.000596029 -5.4689e-19)
(0.992482 0.000386249 -3.1708e-19)
(1.00733 -0.00063676 -5.07024e-19)
(0.990526 6.65187e-05 -7.68131e-19)
(1.00808 -0.00101376 2.03411e-18)
(0.987742 6.31817e-05 -4.64073e-19)
(1.00895 -0.00218919 -1.64871e-18)
(0.982072 -0.000408958 1.78845e-18)
(1.00937 -0.00333364 2.61036e-19)
(0.973327 -0.00263689 1.13321e-18)
(1.00571 -0.00534176 -2.62891e-18)
(0.959673 -0.00655313 3.84269e-18)
(0.994924 -0.0104528 -4.80861e-18)
(0.933688 -0.015727 1.10604e-17)
(0.967921 -0.0208355 -7.72508e-18)
(0.883285 -0.0404077 -1.10304e-19)
(0.898786 -0.0498464 3.07323e-18)
(0.770957 -0.119786 -1.20826e-17)
(1.00593 -0.000553319 -3.5288e-19)
(0.992515 0.000352445 -2.57656e-19)
(1.00727 -0.00058731 -4.13167e-19)
(0.990603 5.58302e-05 -5.73393e-19)
(1.00798 -0.000944204 2.09901e-18)
(0.987834 5.8438e-05 -2.61024e-19)
(1.00883 -0.00203897 -1.82328e-18)
(0.982194 -0.0003906 1.20202e-18)
(1.00918 -0.00308829 -8.93e-19)
(0.973546 -0.00247769 2.85954e-19)
(1.00538 -0.00494671 -3.35829e-18)
(0.960007 -0.00612762 4.00165e-18)
(0.994417 -0.00965736 -5.44755e-18)
(0.934242 -0.0147083 8.15916e-18)
(0.966958 -0.019155 -1.16256e-17)
(0.884274 -0.0377741 4.4905e-18)
(0.896336 -0.0455957 9.56649e-18)
(0.772459 -0.112008 -1.12691e-17)
(1.00593 -0.00051117 -2.27565e-19)
(0.992549 0.000319936 5.67043e-19)
(1.00721 -0.000538918 -4.13094e-19)
(0.990678 4.6052e-05 -1.13435e-18)
(1.00789 -0.000874927 1.57596e-18)
(0.987922 5.37725e-05 -2.95491e-19)
(1.00871 -0.00188962 -1.19481e-18)
(0.982307 -0.000371304 7.82341e-19)
(1.00899 -0.00284701 -1.05973e-18)
(0.973748 -0.00231813 4.90102e-19)
(1.00509 -0.00455918 -2.69537e-18)
(0.960315 -0.00570564 2.99557e-18)
(0.993967 -0.00887989 -4.09052e-18)
(0.934763 -0.0136988 6.2581e-18)
(0.966096 -0.0175213 -1.25127e-17)
(0.885251 -0.0351639 5.56406e-18)
(0.894098 -0.041469 1.63152e-17)
(0.774184 -0.104213 -1.19646e-17)
(1.00592 -0.000469681 -1.07713e-19)
(0.992583 0.000288961 7.53591e-19)
(1.00715 -0.000491832 -5.95369e-19)
(0.990749 3.70858e-05 -8.93749e-19)
(1.0078 -0.000805873 1.32581e-18)
(0.988003 4.87986e-05 -5.1811e-19)
(1.00861 -0.00174006 -7.01012e-19)
(0.982411 -0.000351254 4.42486e-19)
(1.00883 -0.00260674 -1.92286e-19)
(0.973932 -0.00215443 6.0687e-19)
(1.00483 -0.00417158 -2.30985e-18)
(0.960593 -0.00527648 2.37051e-18)
(0.993569 -0.00810169 -3.19827e-18)
(0.93524 -0.0126689 4.85066e-18)
(0.965325 -0.0158893 -1.54034e-17)
(0.886198 -0.0324886 4.09147e-18)
(0.892045 -0.0373409 1.55203e-17)
(0.776091 -0.096084 -1.40915e-17)
)
;

boundaryField
{
    inlet
    {
        type            uniformFixedValue;
        uniformValue    constant (1 0 0);
        value           uniform (1 0 0);
    }
    outlet
    {
        type            pressureInletOutletVelocity;
        value           nonuniform 0();
    }
    polygon
    {
        type            fixedValue;
        value           nonuniform 0();
    }
    top
    {
        type            symmetryPlane;
    }
    bottom
    {
        type            symmetryPlane;
    }
    outside
    {
        type            zeroGradient;
    }
    procBoundary16to8
    {
        type            processor;
        value           nonuniform List<vector> 
18
(
(1.00595 -0.000863933 -1.34683e-18)
(0.992327 0.000621011 -3.98124e-19)
(1.0077 -0.000961331 -1.4313e-18)
(0.990066 0.000160949 -1.55976e-19)
(1.00876 -0.0014413 1.19116e-18)
(0.987154 0.000104147 4.66634e-19)
(1.00984 -0.0031107 -3.40953e-19)
(0.981263 -0.000474897 5.02107e-18)
(1.0109 -0.00489576 -1.1105e-18)
(0.971837 -0.00352245 5.90302e-18)
(0.971837 -0.00352245 5.90302e-18)
(1.00996 -0.00871517 -1.77044e-19)
(0.956346 -0.0100796 5.97465e-18)
(1.00212 -0.0172982 8.50171e-19)
(0.92861 -0.0238835 1.79749e-18)
(0.982306 -0.0353114 9.18856e-19)
(0.876492 -0.0608557 -2.21352e-18)
(0.934761 -0.0855746 -3.23701e-18)
)
;
    }
    procBoundary16to24
    {
        type            processor;
        value           nonuniform List<vector> 
19
(
(1.00589 -0.000378218 2.86628e-19)
(0.992656 0.000226024 6.11055e-19)
(1.00703 -0.000392868 -4.52248e-19)
(0.990895 2.43538e-05 -5.65568e-19)
(0.988083 4.69931e-05 -1.02529e-18)
(1.00761 -0.000653938 1.54859e-18)
(0.988083 4.69931e-05 -1.02529e-18)
(1.00851 -0.00157716 -2.44358e-19)
(0.98251 -0.0003169 1.97146e-19)
(1.00868 -0.00234617 6.16829e-19)
(0.974103 -0.0019459 6.51529e-19)
(1.00458 -0.00374281 -2.08957e-18)
(0.960848 -0.0047496 3.76768e-18)
(0.993207 -0.00723863 2.32233e-19)
(0.935682 -0.0114105 3.27445e-18)
(0.964618 -0.0141003 -1.09406e-17)
(0.887116 -0.0292751 4.54117e-18)
(0.890148 -0.032968 1.57816e-17)
(0.778163 -0.0867203 -7.15191e-20)
)
;
    }
    procBoundary16to25
    {
        type            processor;
        value           nonuniform List<vector> 
11
(
(0.800884 -0.244078 4.02869e-17)
(0.775059 -0.174634 -1.31876e-17)
(0.783619 -0.231173 4.26702e-17)
(0.767751 -0.217658 4.94452e-17)
(0.753021 -0.204496 6.11698e-17)
(0.739277 -0.19136 4.7969e-17)
(0.726436 -0.178171 4.69691e-17)
(0.714461 -0.164965 3.62494e-17)
(0.703335 -0.151789 1.9156e-17)
(0.693047 -0.138614 2.57981e-17)
(0.683604 -0.125065 1.79099e-17)
)
;
    }
}


// ************************************************************************* //
