/*--------------------------------*- C++ -*----------------------------------*\
  =========                 |
  \\      /  F ield         | OpenFOAM: The Open Source CFD Toolbox
   \\    /   O peration     | Website:  https://openfoam.org
    \\  /    A nd           | Version:  7
     \\/     M anipulation  |
\*---------------------------------------------------------------------------*/
FoamFile
{
    version     2.0;
    format      ascii;
    class       surfaceScalarField;
    location    "106";
    object      phi;
}
// * * * * * * * * * * * * * * * * * * * * * * * * * * * * * * * * * * * * * //

dimensions      [0 3 -1 0 0 0 0];

internalField   nonuniform List<scalar> 
321
(
0.000590054
-2.00864e-06
0.000590801
-6.34047e-06
0.000592201
-1.39935e-05
0.000594078
-2.08876e-05
0.000596221
-2.63236e-05
-2.98849e-05
0.000429488
2.99814e-05
0.000431175
1.89204e-05
0.000432412
6.50604e-06
0.000433185
-7.0403e-06
0.000433481
-2.14471e-05
0.000433294
-3.64478e-05
-5.17882e-05
0.000411435
6.75349e-06
0.000413555
1.625e-05
0.00041638
2.92089e-05
0.000419742
4.00664e-05
0.000423218
4.7027e-05
0.00042666
5.09048e-05
0.000429931
5.14215e-05
0.000432949
4.90906e-05
0.000435652
4.41777e-05
0.000437996
3.70601e-05
0.000439946
2.80315e-05
0.000441472
1.73941e-05
0.000442551
5.42714e-06
0.000443166
-7.65509e-06
0.000443304
-2.15856e-05
0.000442961
-3.6104e-05
0.000442134
-5.09618e-05
-6.59003e-05
0.000423451
5.80614e-06
0.00042532
1.43813e-05
0.000427903
2.66259e-05
0.00043102
3.69487e-05
0.000434277
4.37701e-05
0.000437521
4.7661e-05
0.000440611
4.83319e-05
0.000443459
4.62428e-05
0.000445999
4.16371e-05
0.000448185
3.48739e-05
0.00044998
2.62372e-05
0.000451352
1.60218e-05
0.000452278
4.50112e-06
0.000452741
-8.11816e-06
0.000452728
-2.15731e-05
0.000452234
-3.561e-05
0.000451259
-4.99865e-05
-6.44502e-05
0.000434936
4.99031e-06
0.000436581
1.27373e-05
0.000438937
2.42694e-05
0.000441822
3.40633e-05
0.000444868
4.07243e-05
0.000447921
4.46085e-05
0.000450834
4.54186e-05
0.000453517
4.356e-05
0.0004559
3.92541e-05
0.000457933
3.28407e-05
0.000459577
2.45932e-05
0.000460801
1.47982e-05
0.000461579
3.72244e-06
0.000461896
-8.43511e-06
0.000461739
-2.14155e-05
0.0004611
-3.49717e-05
0.000459982
-4.88684e-05
-6.28591e-05
0.000445879
4.28853e-06
0.000447323
1.12933e-05
0.000449469
2.21233e-05
0.000452135
3.13976e-05
0.000454979
3.78804e-05
0.000457847
4.17407e-05
0.00046059
4.26758e-05
0.000463113
4.10368e-05
0.000465344
3.70234e-05
0.000467229
3.09551e-05
0.000468729
2.30938e-05
0.000469809
1.37175e-05
0.000470447
3.08522e-06
0.000470623
-8.61176e-06
0.000470326
-2.11186e-05
0.00046955
-3.41953e-05
0.000468295
-4.76137e-05
-6.11334e-05
0.000456268
3.68534e-06
0.000457535
1.00266e-05
0.000459486
2.01716e-05
0.000461946
2.89381e-05
0.000464598
3.52285e-05
0.000467288
3.905e-05
0.000469867
4.0097e-05
0.000472237
3.86672e-05
0.000474321
3.49392e-05
0.000476065
2.92113e-05
0.000477425
2.17333e-05
0.000478369
1.27737e-05
0.000478871
2.58338e-06
0.000478913
-8.65412e-06
0.000478483
-2.06886e-05
0.000477575
-3.32871e-05
0.00047619
-4.62289e-05
-5.92795e-05
0.000466091
3.16712e-06
0.000467202
8.91601e-06
0.000468975
1.83983e-05
0.000471242
2.66713e-05
0.000473712
3.2758e-05
0.000476234
3.65281e-05
0.000478656
3.76749e-05
0.000480879
3.64448e-05
0.000482823
3.29952e-05
0.000484431
2.76032e-05
0.000485658
2.05056e-05
0.000486471
1.19608e-05
0.000486844
2.21066e-06
0.000486758
-8.56841e-06
0.000486202
-2.01318e-05
0.000485168
-3.22537e-05
0.00048366
-4.47205e-05
-5.7304e-05
0.00047534
2.72184e-06
0.000476313
7.94255e-06
0.000477924
1.67876e-05
0.000480012
2.45831e-05
0.000482312
3.0458e-05
0.000484674
3.41662e-05
0.000486947
3.54021e-05
0.000489029
3.43626e-05
0.000490839
3.11851e-05
0.000492318
2.61243e-05
0.000493419
1.94043e-05
0.000494108
1.12722e-05
0.000494358
1.96061e-06
0.00049415
-8.36113e-06
0.000493473
-1.94547e-05
0.000492321
-3.11016e-05
0.000490696
-4.30953e-05
-5.52137e-05
0.000484004
2.33894e-06
0.000484858
7.08887e-06
0.000486321
1.53245e-05
0.000488245
2.26597e-05
0.000490385
2.83171e-05
0.000492597
3.1955e-05
0.000494728
3.32705e-05
0.000496677
3.24134e-05
0.000498361
2.95017e-05
0.000499717
2.4768e-05
0.000500699
1.84227e-05
0.00050127
1.07012e-05
0.000501404
1.82649e-06
0.000501082
-8.03891e-06
0.000500291
-1.8664e-05
0.000499027
-2.98376e-05
0.000497292
-4.13601e-05
-5.30156e-05
0.000492078
0.000492826
0.000494157
0.000495929
0.000497923
0.000499993
0.000501992
0.000503816
0.00050538
0.000506621
0.000507489
0.000507949
0.000507975
0.000507544
0.000506647
0.000505278
0.00050344
)
;

boundaryField
{
    inlet
    {
        type            calculated;
        value           nonuniform 0();
    }
    outlet
    {
        type            calculated;
        value           nonuniform List<scalar> 10(-0.000589722 -0.000410337 -0.000422504 -0.000434121 -0.000445178 -0.000455665 -0.000465573 -0.000474894 -0.000483621 -0.000491748);
    }
    polygon
    {
        type            calculated;
        value           nonuniform 0();
    }
    top
    {
        type            symmetryPlane;
        value           uniform 0;
    }
    bottom
    {
        type            symmetryPlane;
        value           uniform 0;
    }
    outside
    {
        type            calculated;
        value           nonuniform 0();
    }
    procBoundary47to39
    {
        type            processor;
        value           nonuniform List<scalar> 
19
(
1.67608e-06
5.59383e-06
1.2594e-05
1.901e-05
2.41812e-05
0.000598459
2.76466e-05
3.12714e-05
3.05894e-05
2.79378e-05
2.35272e-05
1.7554e-05
1.02413e-05
1.80083e-06
-7.6083e-06
-1.77665e-05
-2.84686e-05
-3.95218e-05
-5.07168e-05
)
;
    }
    procBoundary47to46
    {
        type            processor;
        value           nonuniform List<scalar> 
11
(
0.000432623
6.72033e-05
0.000440831
0.000449809
0.000458391
0.00046657
0.000474336
0.000481684
0.000488606
0.000495094
0.000501141
)
;
    }
    procBoundary47to55
    {
        type            processor;
        value           nonuniform List<scalar> 
18
(
-7.85176e-06
-1.83701e-05
-3.20336e-05
-4.34285e-05
-5.05035e-05
-5.43462e-05
-5.46927e-05
-5.21083e-05
-4.68809e-05
-0.000427377
-3.94043e-05
-3.20925e-05
-2.0607e-05
-7.74374e-06
6.2678e-06
2.11512e-05
3.66347e-05
5.2459e-05
)
;
    }
}


// ************************************************************************* //
