/*--------------------------------*- C++ -*----------------------------------*\
  =========                 |
  \\      /  F ield         | OpenFOAM: The Open Source CFD Toolbox
   \\    /   O peration     | Website:  https://openfoam.org
    \\  /    A nd           | Version:  7
     \\/     M anipulation  |
\*---------------------------------------------------------------------------*/
FoamFile
{
    version     2.0;
    format      ascii;
    class       surfaceScalarField;
    location    "82";
    object      phi;
}
// * * * * * * * * * * * * * * * * * * * * * * * * * * * * * * * * * * * * * //

dimensions      [0 3 -1 0 0 0 0];

internalField   nonuniform List<scalar> 
322
(
0.000544238
5.06595e-06
0.000536454
5.03991e-06
0.000528804
5.03368e-06
0.000521327
5.04855e-06
0.00051406
5.08491e-06
0.000507036
5.14229e-06
0.000500284
5.21931e-06
0.000493832
5.31375e-06
0.0004877
5.42247e-06
0.000481908
5.54157e-06
0.00047647
5.66611e-06
0.000471394
5.79063e-06
0.000466688
5.90903e-06
0.000462353
6.01473e-06
0.000458387
6.10083e-06
0.000454786
6.16044e-06
0.000451543
6.18723e-06
6.17181e-06
0.000543542
1.29289e-05
0.000535772
1.28107e-05
0.000528135
1.26705e-05
0.000520671
1.25121e-05
0.000513417
1.23387e-05
0.000506407
1.2153e-05
0.000499669
1.19572e-05
0.00049323
1.17528e-05
0.000487112
1.15406e-05
0.000481333
1.13208e-05
0.000475906
1.10925e-05
0.000470842
1.08544e-05
0.000466147
1.06044e-05
0.000461822
1.03397e-05
0.000457866
1.00571e-05
0.000454273
9.75291e-06
0.000451037
9.4239e-06
9.06381e-06
0.000542247
2.07661e-05
0.000534502
2.05556e-05
0.000526891
2.02814e-05
0.000519454
1.99498e-05
0.000512225
1.95669e-05
0.00050524
1.91386e-05
0.000498526
1.86705e-05
0.000492111
1.81681e-05
0.000486016
1.76359e-05
0.000480258
1.70783e-05
0.000474852
1.64985e-05
0.000469807
1.58992e-05
0.00046513
1.52823e-05
0.00046082
1.4649e-05
0.000456878
1.39995e-05
0.000453297
1.33336e-05
0.00045007
1.2651e-05
1.19485e-05
0.000540354
2.85643e-05
0.000532648
2.82616e-05
0.000525076
2.78538e-05
0.000517676
2.73496e-05
0.000510485
2.67579e-05
0.000503536
2.60878e-05
0.000496858
2.53486e-05
0.000490476
2.45494e-05
0.000484413
2.36989e-05
0.000478686
2.28053e-05
0.000473309
2.1876e-05
0.00046829
2.09178e-05
0.000463636
1.99365e-05
0.000459348
1.89372e-05
0.000455424
1.79237e-05
0.000451858
1.68992e-05
0.000448643
1.58661e-05
1.48245e-05
0.000537866
3.63105e-05
0.000530212
3.5916e-05
0.00052269
3.53753e-05
0.000515341
3.46993e-05
0.000508199
3.38999e-05
0.000501297
3.29895e-05
0.000494665
3.19809e-05
0.000488327
3.08869e-05
0.000482306
2.97202e-05
0.000476618
2.84931e-05
0.000471277
2.72171e-05
0.000466292
2.59031e-05
0.000461667
2.45608e-05
0.000457405
2.3199e-05
0.000453504
2.18254e-05
0.000449957
2.04462e-05
0.000446756
1.9067e-05
1.76906e-05
0.000534786
4.39916e-05
0.000527196
4.35062e-05
0.000519738
4.28334e-05
0.00051245
4.19869e-05
0.000505369
4.09815e-05
0.000498526
3.98327e-05
0.00049195
3.85569e-05
0.000485666
3.71707e-05
0.000479695
3.56908e-05
0.000474055
3.41334e-05
0.000468758
3.25143e-05
0.000463813
3.08483e-05
0.000459224
2.91493e-05
0.000454994
2.74296e-05
0.000451118
2.57005e-05
0.000447593
2.39718e-05
0.000444408
2.22517e-05
2.05459e-05
0.000531119
5.15951e-05
0.000523606
5.10196e-05
0.000516223
5.02162e-05
0.000509009
4.92009e-05
0.000501999
4.79914e-05
0.000495225
4.66066e-05
0.000488716
4.50664e-05
0.000482495
4.33913e-05
0.000476584
4.16017e-05
0.000470999
3.97181e-05
0.000465753
3.77603e-05
0.000460855
3.57471e-05
0.000456308
3.36963e-05
0.000452113
3.16242e-05
0.000448268
2.95455e-05
0.000444767
2.74732e-05
0.0004416
2.54185e-05
2.339e-05
0.00052687
5.91084e-05
0.000519445
5.84442e-05
0.00051215
5.75118e-05
0.000505021
5.63298e-05
0.000498093
5.49188e-05
0.000491399
5.33009e-05
0.000484966
5.14997e-05
0.000478818
4.95394e-05
0.000472975
4.74444e-05
0.000467454
4.52394e-05
0.000462266
4.2948e-05
0.00045742
4.05932e-05
0.000452919
3.81967e-05
0.000448765
3.57786e-05
0.000444954
3.3357e-05
0.000441479
3.09482e-05
0.000438331
2.85664e-05
2.62227e-05
0.000522043
6.65193e-05
0.000514719
6.5768e-05
0.000507523
6.47087e-05
0.00050049
6.33624e-05
0.000493656
6.17528e-05
0.000487051
5.99054e-05
0.000480704
5.78472e-05
0.000474637
5.56061e-05
0.000468871
5.32109e-05
0.00046342
5.06898e-05
0.000458298
4.80708e-05
0.00045351
4.53809e-05
0.000449061
4.26457e-05
0.000444951
0.000441175
0.000437729
0.000434601
0.000516646
0.000509435
0.000502348
0.000495423
0.000488692
0.000482187
0.000475935
0.000469958
0.000464276
0.000458904
0.000453852
0.000449128
)
;

boundaryField
{
    inlet
    {
        type            calculated;
        value           nonuniform 0();
    }
    outlet
    {
        type            calculated;
        value           nonuniform 0();
    }
    polygon
    {
        type            calculated;
        value           nonuniform 0();
    }
    top
    {
        type            symmetryPlane;
        value           uniform 0;
    }
    bottom
    {
        type            symmetryPlane;
        value           uniform 0;
    }
    outside
    {
        type            calculated;
        value           nonuniform 0();
    }
    procBoundary29to21
    {
        type            processor;
        value           nonuniform List<scalar> 
19
(
7.38156e-05
7.29792e-05
7.17954e-05
7.02879e-05
6.84832e-05
6.64102e-05
6.40995e-05
6.1583e-05
5.8893e-05
5.60622e-05
5.31225e-05
5.01049e-05
4.70388e-05
3.98889e-05
3.71322e-05
3.4395e-05
3.16945e-05
2.90444e-05
0.000444735
)
;
    }
    procBoundary29to28
    {
        type            processor;
        value           nonuniform List<scalar> 9(0.000448645 0.000448145 0.000447185 0.000445767 0.00044389 0.000441553 0.000438756 0.000435498 0.000431779);
    }
    procBoundary29to30
    {
        type            processor;
        value           nonuniform List<scalar> 10(-0.000552113 -0.000551405 -0.000550084 -0.000548152 -0.000545612 -0.000542468 -0.000538723 -0.000534383 -0.000529454 -0.000523942);
    }
    procBoundary29to37
    {
        type            processor;
        value           nonuniform List<scalar> 
18
(
2.80949e-06
2.74371e-06
2.61631e-06
2.4284e-06
2.18242e-06
1.88205e-06
1.53215e-06
1.13873e-06
7.08845e-07
2.5048e-07
-2.27341e-07
-7.1508e-07
-1.20266e-06
-1.67962e-06
-2.13541e-06
-2.55982e-06
-2.94363e-06
-3.27398e-06
)
;
    }
}


// ************************************************************************* //
