/*--------------------------------*- C++ -*----------------------------------*\
  =========                 |
  \\      /  F ield         | OpenFOAM: The Open Source CFD Toolbox
   \\    /   O peration     | Website:  https://openfoam.org
    \\  /    A nd           | Version:  7
     \\/     M anipulation  |
\*---------------------------------------------------------------------------*/
FoamFile
{
    version     2.0;
    format      ascii;
    class       volVectorField;
    location    "2";
    object      U;
}
// * * * * * * * * * * * * * * * * * * * * * * * * * * * * * * * * * * * * * //

dimensions      [0 1 -1 0 0 0 0];

internalField   nonuniform List<vector> 
250
(
(1.26845 -0.303965 -2.15535e-18)
(1.28253 -0.338638 -6.3675e-18)
(1.27984 -0.402578 -1.24297e-17)
(1.285 -0.463845 2.69492e-17)
(1.25541 -0.594732 4.54564e-17)
(1.28276 -0.722913 2.81551e-17)
(1.18634 -0.921695 -8.71211e-18)
(0.85775 -0.495386 5.40863e-18)
(1.2429 -0.34222 2.90846e-17)
(1.24621 -0.386153 3.19427e-17)
(1.23927 -0.452331 1.23287e-17)
(1.23385 -0.505707 4.09523e-17)
(1.19792 -0.569576 2.71829e-17)
(1.12421 -0.581202 -1.10298e-18)
(0.880761 -0.490064 8.54319e-19)
(0.305427 -0.189271 5.93465e-17)
(1.21561 -0.305952 -3.42612e-18)
(1.21356 -0.350952 2.59874e-17)
(1.20954 -0.394383 1.59396e-17)
(1.19115 -0.46294 -1.6742e-18)
(1.17344 -0.519368 -4.09199e-18)
(1.11836 -0.632983 -1.28022e-17)
(1.08956 -0.705493 5.79331e-18)
(0.885296 -0.791886 -3.98746e-18)
(0.464022 -0.379157 -4.56151e-18)
(1.19028 -0.322517 4.83668e-18)
(1.18256 -0.368521 2.95313e-18)
(1.16834 -0.414227 -1.03366e-17)
(1.14298 -0.47747 -1.62445e-18)
(1.10813 -0.528269 1.79217e-17)
(1.05185 -0.594401 1.22678e-17)
(0.953699 -0.614787 2.62621e-18)
(0.75253 -0.567389 -1.78791e-18)
(0.273087 -0.254741 -2.04327e-20)
(1.16247 -0.329281 7.12546e-18)
(1.14823 -0.374265 1.59062e-17)
(1.12628 -0.418334 -4.3767e-19)
(1.09065 -0.479847 1.06066e-18)
(1.05023 -0.526671 1.04012e-17)
(0.975962 -0.612373 4.3982e-18)
(0.914634 -0.643521 -3.71555e-19)
(0.699589 -0.648483 -3.96573e-18)
(0.321252 -0.292025 9.51196e-19)
(1.41994 -0.101608 -2.8216e-17)
(1.43637 -0.108645 -9.56985e-18)
(1.39552 -0.114654 3.41151e-17)
(1.24721 -0.128143 -8.86404e-17)
(0.958186 -0.162194 8.76348e-17)
(0.57221 -0.239198 -1.17912e-16)
(0.205253 -0.346693 -1.55498e-16)
(-0.0929249 -0.423195 -1.20044e-17)
(-0.284804 -0.411248 -1.74308e-16)
(-0.319533 -0.383018 -9.84689e-18)
(-0.183566 -0.177018 1.97081e-18)
(1.41289 -0.133234 1.61563e-17)
(1.44766 -0.150796 -2.4179e-17)
(1.44555 -0.165008 2.12409e-18)
(1.35106 -0.17429 -5.43106e-17)
(1.10534 -0.183977 2.44591e-17)
(0.712072 -0.223277 7.28958e-17)
(0.306854 -0.317548 -3.43906e-17)
(-0.00905236 -0.435805 -1.55427e-17)
(-0.231914 -0.444591 -1.24338e-16)
(-0.304778 -0.418316 -1.26964e-16)
(-0.199037 -0.180302 -6.52768e-18)
(1.41945 -0.170311 -2.14674e-17)
(1.42453 -0.189123 -2.50326e-17)
(1.36279 -0.204942 -2.98425e-17)
(1.1746 -0.210802 2.16517e-17)
(0.820458 -0.219331 -6.91649e-17)
(0.391349 -0.257037 8.33723e-18)
(0.0662728 -0.381556 -5.53303e-19)
(-0.156131 -0.427127 -7.87864e-17)
(-0.218841 -0.390936 -6.35609e-17)
(-0.14227 -0.154663 2.10876e-17)
(1.41476 -0.199215 -3.19992e-17)
(1.44081 -0.223069 -1.34888e-17)
(1.41698 -0.240302 -6.9421e-17)
(1.283 -0.23938 4.68261e-17)
(0.981321 -0.22628 -3.52488e-17)
(0.531746 -0.200412 5.43428e-18)
(0.136504 -0.255024 2.03007e-17)
(-0.0982579 -0.329438 -4.98204e-17)
(-0.170038 -0.303212 -6.36018e-18)
(-0.0864175 -0.107128 1.06717e-16)
(1.38005 -0.212729 -3.40939e-17)
(1.40916 -0.243144 -4.73657e-18)
(1.41488 -0.27235 -3.04848e-17)
(1.34776 -0.281244 -3.44693e-17)
(1.13721 -0.26428 -5.48924e-17)
(0.735925 -0.202366 1.22103e-17)
(0.273856 -0.164368 4.66554e-17)
(-0.0461525 -0.191729 -4.34592e-17)
(-0.115555 -0.201235 -2.09878e-17)
(-0.0642265 -0.0798713 2.61111e-17)
(1.36335 -0.228688 -4.13434e-17)
(1.39582 -0.260955 -4.94855e-18)
(1.41662 -0.295776 9.95566e-18)
(1.39319 -0.316404 1.58397e-17)
(1.26729 -0.312559 1.12612e-17)
(0.96505 -0.249724 -7.93513e-18)
(0.497182 -0.147026 -1.29906e-16)
(0.0808594 -0.0810429 -6.9865e-17)
(-0.106309 -0.0755665 -1.3667e-16)
(-0.016379 -0.0194997 -7.61298e-18)
(1.35814 -0.270983 3.16423e-17)
(1.38778 -0.313707 -2.24467e-17)
(1.40038 -0.348727 -9.60555e-18)
(1.35073 -0.367201 -1.44767e-17)
(1.16575 -0.328064 -4.41595e-17)
(0.791253 -0.233942 -4.35022e-18)
(0.287279 -0.0765095 -8.01369e-17)
(-0.0268036 -0.065569 -3.58655e-17)
(-0.0915995 -0.0597079 -7.3129e-20)
(1.33156 -0.274717 3.63494e-17)
(1.35661 -0.318702 1.2315e-18)
(1.38082 -0.363014 1.67776e-18)
(1.38026 -0.406083 1.42636e-17)
(1.3034 -0.402699 -3.37585e-17)
(1.06331 -0.336764 -3.94927e-17)
(0.637978 -0.177105 -9.92188e-17)
(0.10311 0.0129652 3.04659e-18)
(0.0056449 0.0570026 2.70687e-17)
(1.29713 -0.275283 2.18519e-19)
(1.31681 -0.319069 6.74039e-19)
(1.34102 -0.365625 -1.49421e-17)
(1.36039 -0.427325 2.96467e-17)
(1.35815 -0.466987 -1.76187e-17)
(1.2542 -0.475568 -1.58096e-17)
(0.9764 -0.370343 2.52612e-17)
(0.473434 -0.259727 -7.42085e-19)
(-0.0958235 -0.106902 3.51424e-17)
(1.28335 -0.311173 8.31081e-18)
(1.29921 -0.352266 2.5884e-17)
(1.31052 -0.415443 3.64686e-17)
(1.33352 -0.467228 6.88838e-17)
(1.32232 -0.523889 2.25439e-17)
(1.27085 -0.487813 -1.72902e-17)
(0.895719 -0.278279 -1.43821e-17)
(0.530244 -0.00985834 1.05328e-16)
(0.958961 0.143992 -1.63979e-18)
(0.944505 0.148238 -1.00781e-18)
(0.927514 0.151179 -2.70826e-19)
(0.907345 0.152105 -9.09312e-20)
(0.883362 0.150012 3.0669e-20)
(0.855378 0.143499 -3.55056e-20)
(0.824738 0.130922 -5.21576e-19)
(0.795029 0.111078 -4.9987e-19)
(0.770513 0.0843387 -2.88083e-19)
(0.753706 0.0525231 3.42546e-21)
(0.745284 0.0178125 6.27134e-20)
(0.971052 0.170419 5.78846e-19)
(0.954572 0.17884 2.52973e-19)
(0.934251 0.186018 1.62451e-19)
(0.908763 0.190897 6.87775e-20)
(0.876638 0.191929 -1.64109e-19)
(0.836758 0.186918 -8.39161e-20)
(0.790474 0.173314 -1.02942e-18)
(0.743761 0.148914 -8.87723e-19)
(0.704719 0.113938 -4.90041e-19)
(0.678226 0.071195 -3.29239e-19)
(0.665195 0.0241657 -7.99879e-19)
(0.992171 0.199099 -4.91869e-19)
(0.97406 0.213347 -2.14735e-19)
(0.950453 0.226655 -1.67427e-19)
(0.919033 0.237453 -1.80239e-19)
(0.877127 0.24361 -3.85494e-20)
(0.822311 0.241881 4.18794e-19)
(0.755518 0.228347 -3.23998e-18)
(0.685538 0.199157 -2.45187e-18)
(0.626307 0.15391 -1.12532e-18)
(0.586627 0.0966351 -2.50104e-19)
(0.567579 0.0328464 -4.36277e-19)
(1.02579 0.228437 1.10687e-19)
(1.00656 0.250165 1.46173e-20)
(0.978864 0.271314 7.60289e-20)
(0.938512 0.289526 -2.84524e-20)
(0.880882 0.301557 -5.62358e-19)
(0.801895 0.302383 1.52682e-18)
(0.702207 0.287258 -1.08851e-17)
(0.594346 0.251821 -6.19125e-18)
(0.501422 0.195329 -2.09479e-18)
(0.439449 0.122821 -6.71621e-19)
(0.41033 0.0417459 -3.74613e-19)
(1.07643 0.25544 -3.20966e-19)
(1.05904 0.288113 -2.86479e-19)
(1.02995 0.321934 8.63224e-20)
(0.982181 0.353026 -6.78008e-21)
(0.90828 0.376279 -6.58386e-19)
(0.802714 0.383524 3.16259e-18)
(0.667356 0.367638 -4.08869e-17)
(0.518283 0.323913 -1.29706e-17)
(0.387698 0.252137 -3.43509e-18)
(0.3006 0.158701 -9.69536e-19)
(0.260204 0.0538736 -3.43043e-21)
(1.14419 0.269362 -5.98986e-19)
(1.12962 0.311143 -1.25985e-18)
(1.09704 0.3553 -6.09105e-19)
(1.03423 0.39641 -1.38891e-18)
(0.928645 0.427038 -8.53658e-19)
(0.773357 0.436034 -2.68829e-18)
(0.576717 0.415009 6.36117e-18)
(0.363121 0.361577 4.18348e-18)
(0.177032 0.278997 1.84961e-18)
(0.0531422 0.174862 2.12764e-19)
(-0.00249947 0.0594048 -2.57382e-18)
(1.23567 0.267544 -1.7984e-18)
(1.23212 0.320794 -1.87996e-18)
(1.20408 0.379237 2.47495e-18)
(1.13199 0.435189 -2.9862e-18)
(0.997139 0.477089 -1.35561e-18)
(0.792121 0.489694 -1.28528e-18)
(0.536586 0.46401 -2.23641e-18)
(0.268088 0.397728 -1.83511e-18)
(0.0369958 0.300821 -2.0866e-18)
(-0.114543 0.183559 -1.03094e-18)
(-0.182781 0.0598567 -3.53797e-18)
(1.32863 0.21403 -3.38917e-18)
(1.33512 0.263218 -3.22356e-18)
(1.30538 0.317372 3.59071e-18)
(1.2082 0.367558 -8.12029e-18)
(1.01752 0.401026 3.16842e-19)
(0.730544 0.403262 -3.55805e-18)
(0.386556 0.371444 -1.48789e-18)
(0.0426406 0.311328 -2.43e-18)
(-0.234415 0.236569 8.03913e-19)
(-0.409952 0.149114 5.86328e-19)
(-0.470581 0.0515875 -3.39477e-18)
(1.42296 0.127625 -8.21022e-18)
(1.44649 0.165717 -3.04581e-18)
(1.42451 0.206955 7.79939e-18)
(1.31567 0.239323 -2.14617e-17)
(1.08864 0.2477 6.45619e-18)
(0.753647 0.215952 -1.17895e-17)
(0.368583 0.152208 -9.07529e-18)
(0.0135814 0.060212 -3.92418e-18)
(-0.267983 -0.0154793 -3.52123e-18)
(-0.459283 -0.0453563 2.22418e-19)
(-0.556176 -0.0281821 -4.14459e-18)
(1.45638 -0.0382698 -1.72686e-17)
(1.47421 -0.0439464 -5.08496e-18)
(1.42612 -0.053376 1.48255e-17)
(1.25868 -0.0700663 -4.5506e-17)
(0.942708 -0.0990572 3.1562e-17)
(0.514621 -0.144899 -4.66237e-17)
(0.0728006 -0.18668 -3.13811e-17)
(-0.285716 -0.192942 5.57399e-18)
(-0.44681 -0.188473 2.59212e-17)
(-0.452944 -0.159122 4.2936e-19)
(-0.341058 -0.082061 -5.91335e-18)
)
;

boundaryField
{
    inlet
    {
        type            uniformFixedValue;
        uniformValue    constant (1 0 0);
        value           nonuniform 0();
    }
    outlet
    {
        type            pressureInletOutletVelocity;
        value           nonuniform 0();
    }
    polygon
    {
        type            fixedValue;
        value           uniform (0 0 0);
    }
    top
    {
        type            symmetryPlane;
    }
    bottom
    {
        type            symmetryPlane;
    }
    outside
    {
        type            zeroGradient;
    }
    procBoundary5to1
    {
        type            processor;
        value           nonuniform List<vector> 
29
(
(1.26002 -0.265298 -1.08329e-17)
(1.23932 -0.297628 7.00049e-19)
(1.23932 -0.297628 7.00049e-19)
(1.21324 -0.273284 -1.31083e-17)
(1.19341 -0.287053 -2.29564e-17)
(1.17076 -0.293625 -5.93272e-18)
(1.38325 -0.0938239 8.98524e-18)
(1.37126 -0.11744 1.56476e-17)
(1.38899 -0.150876 -4.21372e-17)
(1.38899 -0.150876 -4.21372e-17)
(1.37586 -0.173835 -1.7346e-17)
(1.34831 -0.185243 2.15106e-17)
(1.33172 -0.199461 1.86254e-17)
(1.3295 -0.235679 -2.56332e-18)
(1.3295 -0.235679 -2.56332e-18)
(1.3086 -0.241397 6.15265e-18)
(1.27947 -0.243128 -1.12101e-17)
(1.27255 -0.270613 1.88914e-17)
(1.27255 -0.270613 1.88914e-17)
(0.971276 0.138913 -5.30314e-19)
(0.984444 0.161365 6.43251e-20)
(1.00603 0.184651 9.0944e-20)
(1.03898 0.207079 -4.4269e-20)
(1.08622 0.225086 -1.42832e-19)
(1.14838 0.231387 -2.12604e-19)
(1.22726 0.22124 -4.74677e-19)
(1.30667 0.17185 -5.1723e-19)
(1.38297 0.0954516 4.87011e-19)
(1.41379 -0.0356612 1.73192e-18)
)
;
    }
    procBoundary5to2
    {
        type            processor;
        value           uniform (0.953318 0.120639 5.481e-18);
    }
    procBoundary5to4
    {
        type            processor;
        value           nonuniform List<vector> 9((1.13372 -0.335493 -1.46145e-17) (1.11315 -0.378505 1.46142e-17) (1.08246 -0.420786 -1.06025e-17) (1.04108 -0.475171 7.09889e-19) (0.985781 -0.516275 -1.12269e-20) (0.91437 -0.5752 9.48682e-18) (0.816638 -0.586651 -1.09931e-18) (0.637245 -0.564783 -6.09945e-18) (0.263971 -0.256302 2.95795e-18));
    }
    procBoundary5to6
    {
        type            processor;
        value           nonuniform List<vector> 10((0.940987 0.122079 1.82914e-18) (0.92708 0.122282 4.50338e-19) (0.911345 0.120758 -1.08269e-19) (0.893607 0.116844 -6.88372e-20) (0.874023 0.109684 -1.51617e-20) (0.85361 0.0983588 -1.64849e-19) (0.834411 0.082343 -2.03301e-19) (0.818656 0.0620084 -2.34277e-19) (0.807718 0.038467 -3.80854e-19) (0.802147 0.0130293 -1.83754e-18));
    }
    procBoundary5to9
    {
        type            processor;
        value           nonuniform List<vector> 10((0.745284 -0.0178125 -1.15776e-18) (0.665195 -0.0241657 -3.95324e-18) (0.567579 -0.0328464 -2.46692e-18) (0.41033 -0.0417459 -1.13308e-18) (0.260204 -0.0538736 3.54185e-18) (-0.00249947 -0.0594048 -1.53183e-17) (-0.182781 -0.0598567 -2.30697e-17) (-0.470581 -0.0515875 -2.97526e-17) (-0.556176 0.0281821 -3.15509e-17) (-0.341058 0.082061 -2.74847e-17));
    }
}


// ************************************************************************* //
