/*--------------------------------*- C++ -*----------------------------------*\
  =========                 |
  \\      /  F ield         | OpenFOAM: The Open Source CFD Toolbox
   \\    /   O peration     | Website:  https://openfoam.org
    \\  /    A nd           | Version:  7
     \\/     M anipulation  |
\*---------------------------------------------------------------------------*/
FoamFile
{
    version     2.0;
    format      ascii;
    class       volVectorField;
    location    "46";
    object      U;
}
// * * * * * * * * * * * * * * * * * * * * * * * * * * * * * * * * * * * * * //

dimensions      [0 1 -1 0 0 0 0];

internalField   nonuniform List<vector> 
115
(
(-0.0956296 -0.0694749 6.78202e-19)
(-0.181878 -0.128153 7.37479e-19)
(-0.221004 -0.173119 2.9822e-18)
(-0.27655 -0.171492 3.17539e-18)
(-0.309427 -0.158548 -2.24244e-17)
(-0.342916 -0.139498 -5.66111e-18)
(-0.371296 -0.120049 2.40383e-18)
(-0.396867 -0.102028 1.48004e-18)
(-0.419803 -0.0857975 4.4333e-18)
(-0.440068 -0.0713414 -1.3535e-17)
(-0.45773 -0.0584778 -3.01499e-17)
(-0.472843 -0.04697 -1.55347e-17)
(-0.485462 -0.0365941 1.51335e-17)
(-0.495656 -0.0271585 -3.49208e-17)
(-0.503499 -0.0185053 -1.8881e-17)
(-0.509072 -0.0105119 3.45947e-17)
(-0.512456 -0.00308506 -2.04016e-17)
(-0.107262 -0.0555945 3.9096e-19)
(-0.181681 -0.109325 2.79748e-18)
(-0.225994 -0.155545 5.77862e-18)
(-0.28505 -0.157093 1.00703e-17)
(-0.323773 -0.146624 -1.96269e-17)
(-0.361407 -0.129206 -7.27292e-18)
(-0.393234 -0.111043 6.77044e-19)
(-0.421416 -0.094074 -5.4879e-18)
(0.0190756 -0.186121 2.68353e-18)
(0.00921435 -0.164932 2.1131e-18)
(-8.9374e-05 -0.144544 5.47004e-19)
(-0.00887589 -0.125116 -5.85607e-18)
(-0.0169871 -0.106653 -5.82716e-17)
(-0.0242694 -0.0891191 -1.40153e-17)
(-0.0306345 -0.0724474 -6.32115e-17)
(-0.036013 -0.0565783 -8.00342e-18)
(-0.0403692 -0.0414602 4.28089e-19)
(-0.0436911 -0.027059 6.81979e-19)
(0.0456219 -0.255401 3.93211e-19)
(-0.0115304 -0.289699 -1.31034e-18)
(0.000833623 -0.257807 -5.88855e-18)
(-0.0259778 -0.24614 -3.07086e-18)
(-0.0292629 -0.221798 -1.01366e-17)
(-0.0444183 -0.200646 -1.75098e-18)
(-0.0548512 -0.17871 4.82961e-19)
(-0.0666742 -0.157588 7.39174e-19)
(-0.0778436 -0.137528 6.28102e-19)
(-0.0883874 -0.118563 -2.11103e-18)
(-0.0981272 -0.100676 -2.10925e-17)
(-0.106892 -0.0838059 -8.52955e-18)
(-0.114575 -0.0678631 -2.53612e-17)
(-0.121097 -0.0527638 -8.28534e-18)
(-0.126415 -0.0384363 -1.5143e-18)
(-0.130509 -0.0248275 -1.56516e-18)
(0.0160554 -0.240612 7.32202e-18)
(-0.0793117 -0.273255 -3.454e-19)
(-0.0619766 -0.251452 -1.24986e-17)
(-0.0939582 -0.235997 -3.96889e-18)
(-0.0981691 -0.213686 -2.68957e-17)
(-0.11555 -0.191506 -5.20547e-18)
(-0.128176 -0.169849 -1.00799e-18)
(-0.14197 -0.148888 -2.96507e-18)
(-0.155126 -0.129209 3.29584e-19)
(-0.167472 -0.110802 -6.09431e-18)
(-0.178832 -0.0936028 -5.61923e-17)
(-0.18903 -0.0775173 -1.89056e-17)
(-0.197951 -0.0624297 -6.57401e-17)
(-0.205515 -0.0482306 -2.28502e-17)
(-0.21168 -0.0348273 -4.65101e-18)
(-0.216426 -0.0221485 -8.85014e-18)
(-0.00777953 -0.181238 -4.66726e-18)
(-0.134092 -0.241825 -8.29682e-18)
(-0.121982 -0.241701 2.94415e-18)
(-0.158091 -0.224776 -1.79754e-17)
(-0.165265 -0.203869 9.79802e-18)
(-0.184671 -0.180999 -2.65309e-17)
(-0.200028 -0.159411 -2.54006e-18)
(-0.215966 -0.13874 -3.46974e-17)
(-0.231223 -0.119558 -1.28702e-18)
(-0.245418 -0.101848 -3.96615e-17)
(-0.258375 -0.0854834 -1.92768e-17)
(-0.269932 -0.0703313 -5.85946e-17)
(-0.279977 -0.0562446 -2.60942e-17)
(-0.288442 -0.043087 -6.00354e-17)
(-0.295295 -0.030743 -3.47522e-18)
(-0.30053 -0.0191206 -4.91967e-17)
(-0.0416142 -0.139768 -1.24686e-18)
(-0.163911 -0.202804 -3.07348e-18)
(-0.171801 -0.225339 2.92069e-19)
(-0.213875 -0.210937 -5.96061e-18)
(-0.227646 -0.191614 6.9193e-19)
(-0.250127 -0.168734 1.59192e-17)
(-0.268987 -0.147199 3.11948e-17)
(-0.287508 -0.126992 3.06295e-17)
(-0.305055 -0.1085 4.4122e-17)
(-0.321177 -0.0916746 4.50913e-17)
(-0.335714 -0.0763391 2.53178e-18)
(-0.348542 -0.0623096 -1.2302e-17)
(-0.359575 -0.0494046 -1.87385e-17)
(-0.368772 -0.0374615 2.73453e-17)
(-0.37612 -0.0263457 5.4503e-17)
(-0.381631 -0.0159496 5.59313e-17)
(-0.0746023 -0.0948953 1.8296e-18)
(-0.17895 -0.159011 -5.62639e-19)
(-0.207299 -0.198518 -6.54454e-18)
(-0.257084 -0.1911 -2.26357e-18)
(-0.28106 -0.174687 -1.97861e-17)
(-0.308804 -0.153277 -1.29721e-18)
(-0.332423 -0.132302 7.89671e-18)
(-0.354398 -0.112942 9.36686e-18)
(-0.374662 -0.0954663 1.19059e-17)
(-0.392926 -0.0797988 1.62711e-17)
(-0.409117 -0.0657436 -4.09383e-17)
(-0.423187 -0.0530705 -1.01577e-17)
(-0.435113 -0.0415619 -4.9476e-17)
(-0.444899 -0.0310311 -1.6347e-17)
(-0.452573 -0.0213245 -6.13367e-19)
(-0.458179 -0.0123206 1.29302e-17)
)
;

boundaryField
{
    inlet
    {
        type            uniformFixedValue;
        uniformValue    constant (1 0 0);
        value           nonuniform 0();
    }
    outlet
    {
        type            pressureInletOutletVelocity;
        value           nonuniform List<vector> 7((-0.0956296 0 0) (-0.107262 0 0) (0.0456219 -0.255401 3.93211e-19) (0.0160554 -0.240612 7.32202e-18) (-0.00777953 0 0) (-0.0416142 0 0) (-0.0746023 0 0));
    }
    polygon
    {
        type            fixedValue;
        value           nonuniform 0();
    }
    top
    {
        type            symmetryPlane;
    }
    bottom
    {
        type            symmetryPlane;
    }
    outside
    {
        type            zeroGradient;
    }
    procBoundary47to39
    {
        type            processor;
        value           nonuniform List<vector> 
18
(
(-0.117415 -0.0428805 3.44577e-19)
(-0.179627 -0.0902292 2.17848e-18)
(-0.227646 -0.135448 6.18988e-18)
(-0.290095 -0.139775 6.97352e-18)
(-0.335106 -0.131942 -1.00076e-17)
(-0.377593 -0.116542 -8.26302e-18)
(-0.413543 -0.100056 -4.45442e-19)
(-0.444856 -0.0844821 -2.14354e-17)
(-0.446289 -0.0788036 -1.30346e-18)
(-0.467985 -0.0652688 4.18984e-18)
(-0.486679 -0.0532952 -4.47161e-17)
(-0.502508 -0.0426502 -1.57341e-17)
(-0.515595 -0.0331113 3.56998e-18)
(-0.526056 -0.024487 -1.70159e-17)
(-0.534004 -0.0166193 -2.40255e-17)
(-0.539552 -0.00938693 7.92216e-18)
(-0.542801 -0.00269638 -1.133e-17)
(-0.446289 -0.0788036 -1.30346e-18)
)
;
    }
    procBoundary47to46
    {
        type            processor;
        value           nonuniform List<vector> 8((-0.513751 0.00382525 -3.0093e-17) (-0.461754 -0.00392438 2.10144e-17) (-0.0459934 -0.0133572 -5.07026e-18) (-0.133389 -0.0119037 -1.63138e-18) (-0.219763 -0.0101462 2.11709e-19) (-0.304158 -0.00815551 5.66472e-19) (-0.385344 -0.00619371 7.70061e-17) (-0.461754 -0.00392438 2.10144e-17));
    }
    procBoundary47to55
    {
        type            processor;
        value           nonuniform List<vector> 
17
(
(0.0930718 -0.192275 6.67616e-18)
(0.0851414 -0.170984 5.34348e-18)
(0.0775674 -0.150305 4.44614e-18)
(0.0704907 -0.130482 -2.66258e-18)
(0.0639891 -0.111525 -2.12014e-17)
(0.0582034 -0.0934255 -7.07355e-18)
(0.0531918 -0.0761356 -2.01812e-17)
(0.0490093 -0.0596174 2.77479e-18)
(0.0456754 -0.043837 4.78981e-18)
(0.0431911 -0.0287776 2.44603e-18)
(0.0918489 -0.277239 1.52863e-18)
(0.055048 -0.299975 -2.20124e-18)
(0.0637411 -0.263981 -1.45607e-17)
(0.0437324 -0.254393 -4.89412e-18)
(0.0401494 -0.228638 -2.68925e-17)
(0.0278675 -0.208391 2.15497e-19)
(0.0278675 -0.208391 2.15497e-19)
)
;
    }
}


// ************************************************************************* //
