/*--------------------------------*- C++ -*----------------------------------*\
  =========                 |
  \\      /  F ield         | OpenFOAM: The Open Source CFD Toolbox
   \\    /   O peration     | Website:  https://openfoam.org
    \\  /    A nd           | Version:  7
     \\/     M anipulation  |
\*---------------------------------------------------------------------------*/
FoamFile
{
    version     2.0;
    format      ascii;
    class       volVectorField;
    location    "42";
    object      U;
}
// * * * * * * * * * * * * * * * * * * * * * * * * * * * * * * * * * * * * * //

dimensions      [0 1 -1 0 0 0 0];

internalField   nonuniform List<vector> 
115
(
(1.00534 0.000115262 -1.92173e-17)
(0.9939 1.53343e-05 6.6347e-18)
(1.0066 0.000401753 1.61543e-17)
(0.991526 0.000368511 7.98682e-18)
(1.00786 0.000665959 -2.04327e-18)
(0.988112 0.00104014 -4.64288e-17)
(1.0087 0.00119217 -7.65032e-18)
(0.982827 0.00237275 -1.92073e-17)
(1.00838 0.00227026 1.50586e-17)
(0.974267 0.00505781 5.29847e-19)
(1.00513 0.0045857 -3.87923e-17)
(0.9596 0.0106092 -9.67756e-17)
(0.995127 0.00978074 -1.80148e-17)
(0.932776 0.0228028 2.25838e-17)
(0.969527 0.0224265 -6.93879e-18)
(0.879624 0.0530562 -5.91744e-17)
(0.906552 0.0587911 -9.8965e-17)
(1.00517 6.39053e-05 4.08996e-17)
(0.994153 4.88767e-05 1.57522e-18)
(1.0063 0.000235816 4.59728e-18)
(0.991906 0.000323083 3.15644e-17)
(1.00738 0.000405713 4.88095e-18)
(0.988662 0.000826988 -1.24338e-17)
(1.00796 0.0007488 2.71919e-18)
(0.983636 0.00181111 1.91174e-18)
(1.00723 0.00146416 1.55505e-17)
(0.975481 0.00377132 -6.51483e-19)
(1.00334 0.00301208 6.68954e-18)
(0.961466 0.00779748 -4.2111e-17)
(0.992215 0.00648185 -1.19611e-17)
(0.935726 0.0166247 2.87819e-17)
(0.964259 0.0148477 -3.32e-17)
(0.884285 0.0386034 -3.45113e-18)
(0.893772 0.0386543 3.93809e-17)
(1.00525 8.78615e-05 2.94347e-17)
(0.994026 3.60726e-05 3.13844e-17)
(1.00645 0.000311209 3.49639e-17)
(0.991719 0.0003539 4.90947e-17)
(1.00761 0.000524718 -1.84836e-17)
(0.988395 0.000944174 -2.64474e-17)
(1.00832 0.000952101 2.4224e-17)
(0.983247 0.00210408 -6.69961e-18)
(1.00777 0.00183703 3.5456e-17)
(0.974903 0.00442493 3.77148e-17)
(1.00417 0.00374552 -2.88536e-17)
(0.96058 0.00920331 -8.56664e-17)
(0.993546 0.00803158 5.6282e-18)
(0.934309 0.019684 5.56301e-17)
(0.96668 0.0184357 -3.65206e-17)
(0.881936 0.0457308 -5.56388e-17)
(0.899899 0.0481961 -6.79603e-17)
(1.00501 2.84306e-05 5.94868e-18)
(0.994363 4.36735e-05 -5.21691e-17)
(1.00606 0.000113978 -1.47126e-17)
(0.992208 0.00020754 1.22325e-17)
(1.00703 0.000202858 2.17862e-17)
(0.989081 0.000502725 -3.06754e-17)
(1.00743 0.000384582 -3.11844e-17)
(0.984227 0.00107364 -3.02128e-17)
(1.00644 0.000768426 1.49215e-17)
(0.97634 0.00220352 4.71227e-17)
(1.00216 0.00160275 6.32348e-17)
(0.962789 0.00451837 -3.26984e-18)
(0.990318 0.00346616 -1.4549e-17)
(0.937969 0.00960209 3.14394e-17)
(0.96063 0.00791217 -3.3755e-17)
(0.888642 0.0223262 1.06386e-16)
(0.883899 0.0205337 1.18699e-17)
(1.00508 4.45401e-05 1.95255e-17)
(0.994268 5.0783e-05 -4.2993e-17)
(1.00617 0.000170386 -1.27001e-17)
(0.992073 0.000271642 3.93977e-17)
(1.00718 0.000296629 1.64551e-17)
(0.988894 0.000671348 -1.02089e-17)
(1.00767 0.000551068 -1.32642e-17)
(0.983966 0.0014452 1.74833e-17)
(1.00679 0.00108357 7.35076e-18)
(0.975961 0.00297597 4.48474e-17)
(1.00268 0.00223554 3.44092e-17)
(0.962203 0.00610533 -3.91378e-17)
(0.991163 0.00480722 -1.64803e-17)
(0.936957 0.0129529 2.54062e-17)
(0.962296 0.0109627 -6.42272e-17)
(0.886625 0.0300232 6.27832e-17)
(0.888576 0.0284273 2.98712e-17)
(1.00686 3.90209e-05 6.05891e-17)
(0.989276 0.000106535 -4.43891e-19)
(1.00719 7.64024e-05 5.55079e-17)
(0.984497 0.000226645 -7.09643e-17)
(1.00609 0.000156491 -4.65157e-17)
(0.976729 0.000465551 3.9483e-17)
(1.00163 0.000332181 4.56237e-17)
(0.963402 0.000958291 -2.5657e-17)
(0.989442 0.000726357 -2.68165e-18)
(0.939086 0.00204866 4.0135e-17)
(0.958825 0.00166781 -2.89968e-17)
(0.891046 0.00479492 2.88835e-17)
(0.878755 0.00435439 3.45675e-17)
(1.00496 1.58866e-05 -1.91556e-17)
(0.994431 2.92061e-05 -3.09272e-17)
(1.00599 6.52089e-05 -7.04802e-19)
(0.992303 0.000128467 1.02486e-17)
(1.00691 0.000116202 3.06665e-17)
(0.98921 0.000305031 -8.61124e-18)
(1.00727 0.000219496 1.83554e-17)
(0.984405 0.000643616 -8.97244e-17)
(1.00621 0.000436708 -2.65712e-17)
(0.976597 0.00130858 1.94098e-17)
(1.00181 0.000906096 3.96953e-17)
(0.963193 0.00266242 -3.90211e-19)
(0.989746 0.00194609 -1.30846e-17)
(0.938702 0.00562319 5.79465e-17)
(0.959463 0.00440478 -1.84571e-17)
(0.890223 0.0130219 4.35691e-17)
(0.880594 0.0113735 -2.45022e-17)
)
;

boundaryField
{
    inlet
    {
        type            uniformFixedValue;
        uniformValue    constant (1 0 0);
        value           uniform (1 0 0);
    }
    outlet
    {
        type            pressureInletOutletVelocity;
        value           nonuniform 0();
    }
    polygon
    {
        type            fixedValue;
        value           nonuniform 0();
    }
    top
    {
        type            symmetryPlane;
    }
    bottom
    {
        type            symmetryPlane;
    }
    outside
    {
        type            zeroGradient;
    }
    procBoundary32to24
    {
        type            processor;
        value           nonuniform List<vector> 
18
(
(1.00494 4.93077e-06 7.31531e-18)
(0.994467 1.03549e-05 -3.50644e-17)
(1.00595 2.11686e-05 3.10512e-17)
(0.992352 4.46456e-05 2.95729e-17)
(0.992352 4.46456e-05 2.95729e-17)
(1.00686 -3.9021e-05 4.62111e-17)
(0.989276 -0.000106535 1.30157e-18)
(1.00719 -7.64024e-05 2.33705e-17)
(0.984497 -0.000226646 -7.76549e-17)
(1.00609 -0.000156491 2.83894e-17)
(0.976729 -0.000465551 4.24617e-17)
(1.00163 -0.000332181 6.53688e-17)
(0.963402 -0.000958291 -9.15293e-19)
(0.989442 -0.000726357 3.01328e-17)
(0.939086 -0.00204866 5.32105e-17)
(0.958825 -0.00166781 3.76144e-17)
(0.891046 -0.00479492 6.75254e-17)
(0.878755 -0.00435439 -2.51527e-17)
)
;
    }
    procBoundary32to25
    {
        type            processor;
        value           uniform (0.782028 0.0133895 -1.24341e-17);
    }
    procBoundary32to33
    {
        type            processor;
        value           nonuniform List<vector> 6((0.763185 0.146963 1.60447e-17) (0.768785 0.107477 -5.65455e-17) (0.765425 0.127121 1.91993e-17) (0.777157 0.0622763 3.38881e-17) (0.773372 0.0836763 -4.62716e-17) (0.780466 0.0362717 -2.50981e-18));
    }
    procBoundary32to40
    {
        type            processor;
        value           nonuniform List<vector> 
17
(
(1.00542 0.000146545 -7.06036e-18)
(0.993783 -2.37011e-05 -2.59778e-18)
(1.00675 0.000496996 9.60358e-18)
(0.991338 0.000359958 -3.05263e-17)
(1.00811 0.000813468 -8.61095e-19)
(0.987826 0.00110317 -2.19484e-17)
(1.00912 0.00144636 -3.37291e-17)
(0.982384 0.00259598 -3.56569e-17)
(1.00907 0.00274719 9.27528e-18)
(0.973571 0.00563702 -4.90581e-17)
(1.00629 0.00553589 -1.86557e-17)
(0.958501 0.011981 -8.46858e-17)
(0.997106 0.011817 -2.01914e-17)
(0.931058 0.0260119 8.58429e-18)
(0.973263 0.0272206 -3.36629e-18)
(0.877285 0.0609545 -2.36369e-17)
(0.915567 0.0717412 -6.23051e-17)
)
;
    }
}


// ************************************************************************* //
