/*--------------------------------*- C++ -*----------------------------------*\
  =========                 |
  \\      /  F ield         | OpenFOAM: The Open Source CFD Toolbox
   \\    /   O peration     | Website:  https://openfoam.org
    \\  /    A nd           | Version:  7
     \\/     M anipulation  |
\*---------------------------------------------------------------------------*/
FoamFile
{
    version     2.0;
    format      ascii;
    class       volVectorField;
    location    "102";
    object      U;
}
// * * * * * * * * * * * * * * * * * * * * * * * * * * * * * * * * * * * * * //

dimensions      [0 1 -1 0 0 0 0];

internalField   nonuniform List<vector> 
125
(
(1.00013 0.000948442 -5.01232e-19)
(1.00012 -0.00150039 8.60476e-19)
(1.00047 0.00131184 4.72554e-19)
(1.00056 -0.00241814 -6.27959e-19)
(1.00122 0.00160341 -1.28618e-17)
(1.00166 -0.00395537 9.68925e-17)
(1.0028 0.00161612 3.03311e-17)
(1.00379 -0.00663022 6.93027e-17)
(1.00586 0.000730362 -9.06337e-17)
(1.00767 -0.0114298 6.77965e-18)
(1.01147 -0.00171244 -9.01996e-17)
(1.01522 -0.0191105 3.09248e-17)
(1.02265 -0.0076995 -1.01893e-16)
(1.03017 -0.0316302 2.92453e-17)
(1.04439 -0.0210705 8.3844e-17)
(1.05827 -0.0516061 4.78773e-17)
(1.00017 0.000864469 4.02809e-19)
(1.0001 -0.00148577 -1.05524e-20)
(1.00048 0.00114988 2.33869e-18)
(1.0005 -0.00249645 -1.46877e-17)
(1.00118 0.00131344 6.57624e-17)
(1.00151 -0.00421101 2.41673e-17)
(1.00265 0.00111603 7.10775e-17)
(1.00348 -0.00726321 1.21799e-16)
(1.00551 -0.000100962 -6.04014e-17)
(1.00717 -0.0127086 4.62517e-17)
(1.0108 -0.00327255 6.67556e-17)
(1.0143 -0.0217622 1.1615e-16)
(1.02138 -0.0106006 -4.85289e-17)
(1.02841 -0.0369487 -4.21875e-18)
(1.04213 -0.0263254 1.19113e-17)
(1.05511 -0.0615768 1.7293e-17)
(1.00022 0.000800171 -1.46197e-18)
(1.00007 -0.00146457 6.23394e-19)
(1.00051 0.00103644 6.69282e-19)
(1.0004 -0.0025273 -3.28746e-18)
(1.00115 0.00112779 7.22115e-18)
(1.00133 -0.00433379 1.25622e-17)
(1.00249 0.000838317 3.12839e-17)
(1.00313 -0.0075568 -9.23685e-18)
(1.00508 -0.000460575 8.94366e-17)
(1.00647 -0.0133245 -1.17982e-17)
(1.00995 -0.00393363 9.84887e-17)
(1.01299 -0.0231248 2.37666e-17)
(1.01974 -0.0118927 8.52856e-17)
(1.02595 -0.0397527 2.59352e-17)
(1.03922 -0.0287657 5.36436e-18)
(1.05076 -0.0668947 2.29444e-17)
(1.0003 0.000721586 -4.08826e-18)
(1.00001 -0.00141927 1.50693e-18)
(1.00056 0.000897734 -1.67974e-18)
(1.00028 -0.00251994 6.61582e-18)
(1.00113 0.000899806 -1.45472e-17)
(1.00109 -0.00440532 6.87026e-17)
(1.00233 0.000468433 5.23183e-17)
(1.00266 -0.00780398 -1.09859e-16)
(1.00462 -0.0010847 8.9634e-17)
(1.00563 -0.0139594 -9.50675e-17)
(1.00897 -0.00489767 7.33687e-17)
(1.01141 -0.0246212 -1.42884e-17)
(1.01783 -0.0135131 7.8518e-17)
(1.02301 -0.0430041 2.26895e-17)
(1.03576 -0.0316107 5.68478e-18)
(1.04567 -0.073393 7.80346e-17)
(1.0004 0.000632381 -1.87194e-18)
(0.999935 -0.00135302 3.73498e-18)
(1.00064 0.00074651 -9.22695e-18)
(1.00013 -0.00248143 2.11074e-17)
(1.00115 0.000664628 -1.14052e-17)
(1.00081 -0.00443117 5.41175e-18)
(1.00218 0.000118033 2.28385e-17)
(1.00214 -0.00798176 -1.03856e-16)
(1.00415 -0.00158023 -2.02672e-18)
(1.00466 -0.014443 -1.0751e-16)
(1.00793 -0.00570728 -1.33582e-17)
(1.00961 -0.0258993 -8.50471e-17)
(1.01573 -0.0148813 -3.03462e-17)
(1.01973 -0.0459489 -1.44403e-17)
(1.03189 -0.0340466 7.14024e-17)
(1.04004 -0.0794779 3.10237e-17)
(1.00052 0.000533885 -1.70969e-18)
(0.999826 -0.00126657 4.69435e-18)
(1.00075 0.000584508 -2.42084e-17)
(0.999936 -0.00240862 9.25263e-17)
(1.00119 0.000420276 -5.68853e-17)
(1.00048 -0.00439699 9.30483e-19)
(1.00206 -0.000240958 -5.94822e-17)
(1.00154 -0.00804975 -3.18617e-17)
(1.00369 -0.0021038 -8.57667e-17)
(1.00359 -0.0147723 -4.00836e-17)
(1.00684 -0.00648288 -9.27235e-17)
(1.00765 -0.0269136 -3.17159e-17)
(1.01348 -0.0160904 -1.13973e-16)
(1.01617 -0.0485443 3.01129e-17)
(1.02768 -0.0361258 3.51592e-17)
(1.03396 -0.0851886 2.00097e-17)
(1.00068 0.000426605 -2.16813e-18)
(0.999675 -0.00116041 2.03309e-18)
(1.0009 0.000412408 -8.23924e-18)
(0.999691 -0.00230127 1.6087e-17)
(1.00128 0.000167251 2.75287e-18)
(1.00008 -0.00430385 1.05513e-17)
(1.00199 -0.000602032 2.7685e-17)
(1.00087 -0.00801735 -6.25034e-17)
(1.00327 -0.0026161 -3.32133e-17)
(1.00242 -0.0149284 -8.77627e-17)
(1.00573 -0.00722466 -4.4733e-17)
(1.00556 -0.0276361 -8.66611e-17)
(1.01109 -0.0171736 -6.94151e-17)
(1.01237 -0.0507385 -2.38221e-17)
(1.02314 -0.0378982 7.87652e-17)
(1.02744 -0.0904859 3.2461e-17)
(1.00088 0.000311816 -1.52667e-18)
(0.999471 -0.00103587 -3.7902e-20)
(1.00111 0.000231949 1.06576e-18)
(0.999379 -0.00216056 -7.81381e-18)
(1.00144 -9.18795e-05 5.56541e-17)
(0.999599 -0.00415149 9.05065e-17)
(1.00198 -0.000965393 1.08558e-16)
(1.0001 -0.00788181 4.40168e-17)
(1.0029 -0.00311812 -9.05229e-17)
(1.00113 -0.0149035 -1.77783e-17)
(1.00463 -0.00792905 -1.12651e-16)
(1.00332 -0.0280364 -1.81785e-17)
(1.00859 -0.018162 -1.31077e-16)
)
;

boundaryField
{
    inlet
    {
        type            uniformFixedValue;
        uniformValue    constant (1 0 0);
        value           uniform (1 0 0);
    }
    outlet
    {
        type            pressureInletOutletVelocity;
        value           nonuniform 0();
    }
    polygon
    {
        type            fixedValue;
        value           nonuniform 0();
    }
    top
    {
        type            symmetryPlane;
    }
    bottom
    {
        type            symmetryPlane;
    }
    outside
    {
        type            zeroGradient;
    }
    procBoundary0to1
    {
        type            processor;
        value           nonuniform List<vector> 5((1.08404 -0.047433 -4.93698e-17) (1.08068 -0.0564203 -2.40078e-18) (1.07622 -0.0608067 7.16584e-18) (1.07085 -0.0658683 2.5684e-17) (1.06477 -0.0703551 1.7443e-17));
    }
    procBoundary0to8
    {
        type            processor;
        value           nonuniform List<vector> 
17
(
(1.00837 -0.0524262 3.726e-17)
(1.01827 -0.0393916 4.01352e-17)
(1.02053 -0.0952763 3.27899e-17)
(1.00114 0.000191567 1.27659e-18)
(0.999196 -0.000895154 -2.09092e-19)
(1.00138 4.56434e-05 -1.30118e-18)
(0.998977 -0.00198868 2.05114e-18)
(1.00168 -0.000354336 -9.10336e-18)
(0.999008 -0.00394139 8.62613e-17)
(1.00208 -0.00132802 4.35949e-17)
(0.999191 -0.0076411 3.25678e-17)
(1.00265 -0.00360903 -8.984e-17)
(0.999685 -0.0146891 -1.62941e-17)
(1.00361 -0.00859785 -1.09839e-16)
(1.00092 -0.0280881 -1.68886e-17)
(1.00837 -0.0524262 3.726e-17)
(1.00602 -0.0190804 -1.20834e-16)
)
;
    }
    procBoundary0to9
    {
        type            processor;
        value           nonuniform List<vector> 2((1.05805 -0.0742982 1.22958e-17) (1.0507 -0.0777527 2.6227e-18));
    }
}


// ************************************************************************* //
