/*--------------------------------*- C++ -*----------------------------------*\
  =========                 |
  \\      /  F ield         | OpenFOAM: The Open Source CFD Toolbox
   \\    /   O peration     | Website:  https://openfoam.org
    \\  /    A nd           | Version:  7
     \\/     M anipulation  |
\*---------------------------------------------------------------------------*/
FoamFile
{
    version     2.0;
    format      ascii;
    class       volVectorField;
    location    "30";
    object      U;
}
// * * * * * * * * * * * * * * * * * * * * * * * * * * * * * * * * * * * * * //

dimensions      [0 1 -1 0 0 0 0];

internalField   nonuniform List<vector> 
125
(
(-0.0746342 -0.140071 -2.30487e-18)
(-0.13503 -0.14115 2.46933e-19)
(-0.195671 -0.140619 2.69762e-19)
(-0.255758 -0.13816 1.11394e-17)
(-0.314353 -0.13355 4.73489e-18)
(-0.370416 -0.126699 7.90826e-18)
(-0.422912 -0.117695 -2.55078e-18)
(-0.470901 -0.106789 3.27386e-17)
(-0.513626 -0.0943613 -3.62179e-17)
(-0.550551 -0.0808516 2.21484e-17)
(-0.581365 -0.0667024 -3.30858e-17)
(-0.605956 -0.0523181 -2.31472e-17)
(-0.624372 -0.0380456 4.23723e-17)
(-0.636791 -0.0241711 -3.63502e-17)
(-0.643476 -0.0109248 2.7558e-18)
(-0.644782 0.00149394 -2.61368e-17)
(-0.0223958 -0.119651 3.7925e-18)
(-0.0821702 -0.121675 1.98656e-18)
(-0.142846 -0.122617 2.17497e-18)
(-0.203737 -0.122172 5.64777e-19)
(-0.264063 -0.120074 9.22682e-18)
(-0.322911 -0.116134 -3.00045e-19)
(-0.379275 -0.110273 -1.30439e-18)
(-0.43215 -0.102558 -2.23594e-18)
(-0.480613 -0.0931962 1.03299e-17)
(-0.523906 -0.0825035 -2.92198e-17)
(-0.561475 -0.070851 1.82479e-17)
(-0.592981 -0.0586164 -2.28582e-17)
(-0.618279 -0.0461492 -3.51723e-17)
(-0.637386 -0.0337523 -7.33113e-18)
(-0.650455 -0.0216786 -2.39993e-18)
(-0.657732 -0.010131 -9.74438e-18)
(-0.659554 0.000714741 -2.01557e-17)
(-0.0288226 -0.101453 8.11518e-18)
(-0.0888457 -0.10318 8.86052e-18)
(-0.149736 -0.103984 5.5273e-18)
(-0.210816 -0.103621 1.09859e-18)
(-0.27132 -0.101873 1.81789e-17)
(-0.330358 -0.0985814 -1.11101e-17)
(-0.386953 -0.0936788 -1.50158e-17)
(-0.440124 -0.0872179 -1.08488e-18)
(-0.488967 -0.0793648 -1.67973e-17)
(-0.532725 -0.0703772 -4.90749e-17)
(-0.570832 -0.0605615 3.60043e-17)
(-0.602925 -0.0502326 -4.48918e-17)
(-0.628833 -0.0396853 -6.9042e-17)
(-0.648546 -0.0291769 -5.36756e-17)
(-0.662193 -0.0189248 3.43603e-17)
(-0.670004 -0.00910265 -3.46251e-17)
(-0.672302 0.000145675 -1.92472e-17)
(-0.0343825 -0.0831731 -4.86886e-18)
(-0.0945989 -0.084597 8.09428e-18)
(-0.155649 -0.0852636 5.19071e-18)
(-0.216868 -0.0849811 1.59609e-18)
(-0.277502 -0.0835748 2.05184e-17)
(-0.33668 -0.0809159 -1.47493e-17)
(-0.393448 -0.0769491 -4.93153e-18)
(-0.44685 -0.0717133 1.57974e-18)
(-0.495994 -0.0653387 -1.4276e-17)
(-0.540128 -0.0580292 -2.35368e-17)
(-0.578677 -0.0500298 1.32172e-17)
(-0.611259 -0.041595 -5.0137e-17)
(-0.637682 -0.0329649 -5.59498e-17)
(-0.657912 -0.0243508 -5.24604e-18)
(-0.67206 -0.0159332 1.26739e-17)
(-0.680336 -0.00785569 -1.32907e-18)
(-0.683055 -0.00024025 -1.48103e-17)
(-0.0389923 -0.0648273 -5.56141e-18)
(-0.099352 -0.0659475 -2.38571e-18)
(-0.160517 -0.0664782 5.62474e-18)
(-0.221834 -0.0662744 2.27375e-18)
(-0.28256 -0.0652021 1.7927e-17)
(-0.341839 -0.0631611 -1.33596e-17)
(-0.398738 -0.0601079 8.80136e-18)
(-0.452316 -0.05607 5.44982e-18)
(-0.501697 -0.0511446 -2.97801e-17)
(-0.54613 -0.0454861 -2.3474e-18)
(-0.585033 -0.0392815 -5.33455e-18)
(-0.618013 -0.0327269 -2.50008e-17)
(-0.644858 -0.0260088 -6.11118e-17)
(-0.665516 -0.0192923 -2.73949e-17)
(-0.68008 -0.0127193 5.37559e-19)
(-0.688747 -0.00640321 2.09165e-17)
(-0.691819 -0.000442971 -2.1481e-17)
(-0.0425584 -0.046419 -8.99534e-18)
(-0.103018 -0.0472341 -1.68651e-18)
(-0.164259 -0.0476284 8.89674e-18)
(-0.225644 -0.0475011 2.86466e-18)
(-0.286432 -0.0467569 7.82257e-18)
(-0.345784 -0.0453238 -2.47254e-18)
(-0.402779 -0.0431697 2.51421e-18)
(-0.456491 -0.0403118 7.49842e-18)
(-0.506053 -0.0368168 -1.60201e-17)
(-0.550716 -0.0327918 -3.59854e-17)
(-0.589895 -0.0283684 -3.54343e-17)
(-0.623185 -0.0236853 -3.17211e-17)
(-0.650359 -0.0188757 -1.96226e-17)
(-0.671352 -0.0140582 -4.17019e-17)
(-0.686242 -0.00933572 2.11584e-18)
(-0.695215 -0.00479089 -4.76349e-17)
(-0.698566 -0.000496575 -5.35716e-17)
(-0.0449893 -0.0279554 -1.7729e-17)
(-0.10551 -0.0284507 -8.90947e-19)
(-0.166799 -0.0286898 9.6791e-18)
(-0.228225 -0.0286146 3.56845e-18)
(-0.289056 -0.0281682 4.42832e-18)
(-0.348458 -0.0273078 6.97651e-18)
(-0.405522 -0.0260142 -2.4738e-19)
(-0.459331 -0.0242979 1.14751e-17)
(-0.509023 -0.0221986 -2.28398e-17)
(-0.553851 -0.0197806 -3.68133e-17)
(-0.593226 -0.0171226 -1.36195e-17)
(-0.626735 -0.014308 -5.23537e-17)
(-0.654141 -0.0114169 1.28868e-17)
(-0.67537 -0.00852073 1.86756e-17)
(-0.690488 -0.0056814 1.19008e-17)
(-0.699675 -0.0029487 -6.58164e-17)
(-0.703216 -0.000365536 -2.30822e-18)
(-0.0462081 -0.00954747 -1.67999e-17)
(-0.106756 -0.00976245 1.43693e-18)
(-0.168063 -0.00989309 7.47566e-18)
(-0.229509 -0.00991828 3.3745e-18)
(-0.290362 -0.00981667 5.47264e-18)
(-0.349793 -0.0095708 2.07918e-18)
(-0.406899 -0.00917112 -3.47327e-18)
)
;

boundaryField
{
    inlet
    {
        type            uniformFixedValue;
        uniformValue    constant (1 0 0);
        value           nonuniform 0();
    }
    outlet
    {
        type            pressureInletOutletVelocity;
        value           nonuniform 0();
    }
    polygon
    {
        type            fixedValue;
        value           nonuniform 0();
    }
    top
    {
        type            symmetryPlane;
    }
    bottom
    {
        type            symmetryPlane;
    }
    outside
    {
        type            zeroGradient;
    }
    procBoundary38to30
    {
        type            processor;
        value           nonuniform List<vector> 
18
(
(-0.460766 -0.00861811 2.11471e-17)
(-0.510537 -0.00792276 -5.61009e-18)
(-0.555463 -0.00710523 4.79172e-18)
(-0.594952 -0.00619167 6.14601e-19)
(-0.628587 -0.00521088 -2.1552e-17)
(-0.656125 -0.00419143 -2.08946e-18)
(-0.677484 -0.0031596 -2.6912e-18)
(-0.692727 -0.00213878 4.35692e-18)
(-0.702028 -0.00114823 -3.45397e-17)
(-0.705671 -0.000203661 -1.96749e-17)
(-0.0462081 0.00954748 -4.86336e-18)
(-0.106756 0.00976246 6.28292e-18)
(-0.168063 0.0098931 8.03516e-18)
(-0.229509 0.00991829 3.28621e-18)
(-0.290362 0.00981668 1.58666e-18)
(-0.349793 0.00957081 -2.02547e-18)
(-0.460766 -0.00861811 2.11471e-17)
(-0.406899 0.00917112 -7.1491e-18)
)
;
    }
    procBoundary38to37
    {
        type            processor;
        value           nonuniform List<vector> 6((-0.656315 0.0107584 1.20125e-17) (-0.669472 0.00870108 2.85867e-18) (-0.680591 0.00681301 -3.51365e-18) (-0.689663 0.00508471 -7.13635e-18) (-0.696651 0.00349338 -8.20042e-18) (-0.701464 0.00203056 9.41938e-18));
    }
    procBoundary38to39
    {
        type            processor;
        value           nonuniform List<vector> 7((0.0361588 -0.116786 3.34566e-18) (0.0300043 -0.0990619 1.50885e-17) (0.0246551 -0.0812289 1.37331e-17) (0.0202012 -0.063315 -5.47673e-18) (0.016743 -0.0453328 -4.23726e-18) (0.0143783 -0.0273014 -3.89587e-18) (0.0131869 -0.00928461 -4.06191e-18));
    }
    procBoundary38to45
    {
        type            processor;
        value           uniform (-0.641103 0.0129898 3.46331e-17);
    }
    procBoundary38to46
    {
        type            processor;
        value           nonuniform List<vector> 
18
(
(-0.0662744 -0.158442 -5.98384e-18)
(-0.126318 -0.159674 -6.23116e-19)
(-0.186639 -0.159065 5.47742e-19)
(-0.246416 -0.156239 9.17133e-18)
(-0.304681 -0.15094 9.8295e-18)
(-0.360356 -0.143065 -1.16297e-17)
(-0.412374 -0.132725 -1.67048e-18)
(-0.45978 -0.120224 1.52036e-17)
(-0.501819 -0.106013 -1.12647e-17)
(-0.537982 -0.090607 4.44761e-17)
(-0.567994 -0.0745171 2.27263e-18)
(-0.591781 -0.0582033 -7.56276e-18)
(-0.609424 -0.0420554 2.18099e-17)
(-0.621129 -0.0263914 -1.1869e-17)
(-0.62718 -0.0114684 2.83349e-17)
(-0.62794 0.00250751 -4.072e-17)
(-0.0151665 -0.137745 2.3927e-18)
(-0.0151665 -0.137745 2.3927e-18)
)
;
    }
}


// ************************************************************************* //
