/*--------------------------------*- C++ -*----------------------------------*\
  =========                 |
  \\      /  F ield         | OpenFOAM: The Open Source CFD Toolbox
   \\    /   O peration     | Website:  https://openfoam.org
    \\  /    A nd           | Version:  7
     \\/     M anipulation  |
\*---------------------------------------------------------------------------*/
FoamFile
{
    version     2.0;
    format      ascii;
    class       volVectorField;
    location    "34";
    object      U;
}
// * * * * * * * * * * * * * * * * * * * * * * * * * * * * * * * * * * * * * //

dimensions      [0 1 -1 0 0 0 0];

internalField   nonuniform List<vector> 
125
(
(-0.444472 -0.118346 -1.20759e-17)
(-0.480515 -0.104226 1.07261e-17)
(-0.511651 -0.0895199 8.69959e-18)
(-0.537839 -0.0745527 2.11079e-17)
(-0.55912 -0.059589 3.20162e-17)
(-0.575593 -0.044842 1.30141e-17)
(-0.587401 -0.0304886 -7.1412e-18)
(-0.594718 -0.0166805 -3.62236e-18)
(-0.597769 -0.003559 2.08952e-17)
(-0.596788 0.00875499 -6.82265e-18)
(-0.592026 0.0201512 3.18303e-17)
(-0.58382 0.0305188 9.77564e-18)
(-0.572529 0.0397577 -2.16553e-18)
(-0.558517 0.0477942 1.27742e-17)
(-0.542183 0.0545758 -6.00632e-18)
(-0.523938 0.060074 5.73712e-17)
(-0.5042 0.0642865 -4.78436e-18)
(-0.461533 -0.106676 -4.8919e-18)
(-0.498401 -0.0940634 3.69257e-17)
(-0.530338 -0.0808996 9.72123e-18)
(-0.557272 -0.0674773 -1.74495e-18)
(-0.579219 -0.0540389 7.32211e-17)
(-0.596263 -0.0407814 7.45578e-17)
(-0.608539 -0.0278692 -1.49311e-17)
(-0.616219 -0.0154433 -8.36792e-18)
(-0.619522 -0.00363545 3.33291e-17)
(-0.618698 0.00748646 -2.62224e-17)
(-0.614008 0.017767 5.86145e-17)
(-0.60578 0.0271123 -4.35254e-18)
(-0.594382 0.0354525 -1.75895e-17)
(-0.580188 0.0427194 1.75051e-17)
(-0.5636 0.0488648 -1.71942e-17)
(-0.545035 0.0538627 1.86814e-17)
(-0.524917 0.0577101 -4.4727e-17)
(-0.476768 -0.0947899 -3.34963e-18)
(-0.113052 0.0635111 -1.0454e-18)
(-0.10597 0.0816706 8.69086e-19)
(-0.0976448 0.0973196 1.46996e-18)
(-0.088347 0.110355 2.2284e-18)
(-0.0783372 0.12069 1.59435e-18)
(-0.114969 -0.250754 -1.00059e-18)
(-0.139846 -0.222997 -2.878e-17)
(-0.161155 -0.19437 -8.23901e-18)
(-0.179161 -0.16553 -9.55222e-17)
(-0.194066 -0.136869 -5.74195e-17)
(-0.206 -0.108662 -1.18927e-16)
(-0.215054 -0.0811099 -6.71667e-17)
(-0.221302 -0.0544093 -2.15946e-17)
(-0.224827 -0.0287623 -7.21425e-18)
(-0.225725 -0.00438541 8.94154e-20)
(-0.22414 0.018487 2.29623e-18)
(-0.220254 0.039628 2.79458e-18)
(-0.214264 0.0588235 4.19823e-18)
(-0.206409 0.07588 9.71188e-19)
(-0.196955 0.0906242 1.91796e-18)
(-0.186196 0.102947 -2.81064e-19)
(-0.174428 0.112776 2.78512e-18)
(-0.19088 -0.230325 3.05362e-19)
(-0.219866 -0.205347 -7.52392e-17)
(-0.24483 -0.179327 -1.66614e-17)
(-0.265987 -0.152922 -2.58922e-17)
(-0.283543 -0.126571 -9.96263e-17)
(-0.297656 -0.100582 -4.73011e-17)
(-0.308446 -0.0751822 -1.08708e-16)
(-0.316014 -0.0505726 -2.83877e-17)
(-0.32046 -0.0269484 -6.19819e-18)
(-0.321905 -0.00451096 2.03994e-18)
(-0.320498 0.0165434 5.11445e-18)
(-0.316425 0.0360028 5.76071e-18)
(-0.309899 0.0536765 9.24827e-18)
(-0.301176 0.0693937 6.82525e-18)
(-0.290548 0.0830056 7.28003e-18)
(-0.278331 0.0944115 1.01802e-17)
(-0.264856 0.103552 1.06837e-17)
(-0.260306 -0.206886 -6.10624e-18)
(-0.293222 -0.18494 -2.44275e-17)
(-0.321754 -0.161855 -5.78639e-18)
(-0.346025 -0.138248 -1.25986e-17)
(-0.366203 -0.114566 5.42853e-17)
(-0.382445 -0.091138 -4.15412e-18)
(-0.394893 -0.0682082 6.05315e-17)
(-0.403677 -0.0459819 2.08771e-17)
(-0.408928 -0.0246456 1.88174e-17)
(-0.410785 -0.00438173 2.35408e-17)
(-0.409425 0.0145892 2.28737e-17)
(-0.405066 0.0321097 2.89665e-17)
(-0.39794 0.0480227 3.26639e-17)
(-0.38833 0.0621848 3.3332e-17)
(-0.376553 0.0744696 3.49154e-17)
(-0.362951 0.0847879 3.40559e-17)
(-0.347884 0.0930903 3.47605e-17)
(-0.321664 -0.180752 6.14717e-17)
(-0.358065 -0.162001 -2.74964e-18)
(-0.389843 -0.142107 6.48674e-17)
(-0.41701 -0.121614 1.56985e-17)
(-0.43966 -0.100944 1.05054e-17)
(-0.457923 -0.0804226 3.81454e-18)
(-0.47194 -0.0602999 -7.30567e-18)
(-0.481859 -0.0407817 7.49615e-17)
(-0.487836 -0.0220486 1.05085e-16)
(-0.490083 -0.00427285 1.18593e-16)
(-0.488793 0.0124113 1.19854e-16)
(-0.484163 0.0278043 1.26075e-16)
(-0.47648 0.0417817 1.24841e-16)
(-0.466063 0.0542216 1.24208e-16)
(-0.45326 0.0650222 1.22163e-16)
(-0.438437 0.0741109 1.16741e-16)
(-0.421976 0.0814475 1.15756e-16)
(-0.373851 -0.151605 2.8898e-17)
(-0.413073 -0.13608 -5.1003e-17)
(-0.447556 -0.119519 1.28504e-18)
(-0.477205 -0.102372 1.57393e-17)
(-0.502033 -0.0850094 -6.45825e-17)
(-0.522124 -0.0677248 -1.22209e-18)
(-0.537602 -0.0507504 -7.88198e-17)
(-0.54862 -0.034277 -1.90444e-17)
(-0.555358 -0.0184677 1.01228e-17)
(-0.557995 -0.00346463 2.30353e-17)
(-0.55679 0.0105726 1.78509e-17)
(-0.552022 0.0235427 2.87032e-17)
(-0.543956 0.0353471 2.30688e-17)
(-0.532941 0.045849 1.84766e-17)
(-0.51934 0.0549648 2.14206e-17)
(-0.503542 0.0626389 1.35844e-17)
(-0.485945 0.0688415 3.16563e-17)
)
;

boundaryField
{
    inlet
    {
        type            uniformFixedValue;
        uniformValue    constant (1 0 0);
        value           nonuniform 0();
    }
    outlet
    {
        type            pressureInletOutletVelocity;
        value           nonuniform 0();
    }
    polygon
    {
        type            fixedValue;
        value           nonuniform 0();
    }
    top
    {
        type            symmetryPlane;
    }
    bottom
    {
        type            symmetryPlane;
    }
    outside
    {
        type            zeroGradient;
    }
    procBoundary46to38
    {
        type            processor;
        value           nonuniform List<vector> 
18
(
(-0.514342 -0.0836911 1.2134e-17)
(-0.546976 -0.0720823 2.84215e-18)
(-0.574567 -0.0602224 -1.98981e-17)
(-0.597111 -0.0483284 8.66897e-17)
(-0.614677 -0.0365785 4.91246e-17)
(-0.627388 -0.0251219 4.54602e-17)
(-0.635414 -0.0140859 -2.34732e-18)
(-0.638973 -0.00358431 6.61962e-17)
(-0.638318 0.00628884 -6.37501e-17)
(-0.633718 0.0154434 2.41443e-17)
(-0.625499 0.0237746 -4.85562e-17)
(-0.614035 0.031218 -3.73615e-17)
(-0.599704 0.0377129 3.30061e-17)
(-0.582912 0.0432166 -4.01621e-17)
(-0.564082 0.0477053 -4.63784e-18)
(-0.543639 0.0511754 -2.5106e-17)
(-0.514342 -0.0836911 1.2134e-17)
(-0.490183 -0.0827269 -8.54782e-18)
)
;
    }
    procBoundary46to45
    {
        type            processor;
        value           nonuniform List<vector> 8((-0.483381 0.0672377 -4.25181e-17) (-0.466955 0.0735727 1.9688e-17) (-0.503663 0.0604275 -7.72939e-18) (-0.161964 0.120107 2.55265e-18) (-0.250463 0.110423 1.02083e-17) (-0.331718 0.0993732 3.3698e-17) (-0.404264 0.0870302 1.09143e-16) (-0.466955 0.0735727 1.9688e-17));
    }
    procBoundary46to47
    {
        type            processor;
        value           nonuniform List<vector> 9((-0.403685 -0.1315 4.93328e-17) (-0.403685 -0.1315 4.93328e-17) (-0.419931 -0.1184 2.88694e-17) (-0.434478 -0.105084 1.65628e-17) (-0.0862928 -0.276653 1.67204e-18) (-0.157737 -0.253368 4.50147e-19) (-0.223008 -0.226924 -4.75864e-17) (-0.280783 -0.197729 3.34253e-17) (-0.330146 -0.165596 9.10736e-18));
    }
    procBoundary46to53
    {
        type            processor;
        value           uniform (-0.0678936 0.128325 7.9584e-19);
    }
    procBoundary46to54
    {
        type            processor;
        value           nonuniform List<vector> 
18
(
(-0.00815487 0.0678206 4.29283e-18)
(-0.00173702 0.0868118 1.63068e-18)
(0.0055192 0.103129 1.7882e-18)
(0.0133736 0.116637 1.09898e-18)
(0.0216084 0.127266 1.07925e-18)
(-0.0345205 -0.268117 -1.12858e-18)
(-0.055326 -0.237898 -7.86588e-17)
(-0.0730484 -0.207018 -1.04149e-17)
(-0.0879542 -0.176094 -3.95779e-17)
(-0.100205 -0.145449 -1.12698e-16)
(-0.109893 -0.11533 -5.97577e-17)
(-0.117092 -0.0859118 -1.25444e-16)
(-0.121861 -0.0573959 -2.36377e-17)
(-0.124278 -0.0299985 -1.92635e-20)
(-0.124439 -0.00395849 1.55305e-18)
(-0.122497 0.0204709 5.50721e-20)
(-0.118636 0.0430402 -3.98249e-19)
(-0.118636 0.0430402 -3.98249e-19)
)
;
    }
}


// ************************************************************************* //
