/*--------------------------------*- C++ -*----------------------------------*\
  =========                 |
  \\      /  F ield         | OpenFOAM: The Open Source CFD Toolbox
   \\    /   O peration     | Website:  https://openfoam.org
    \\  /    A nd           | Version:  7
     \\/     M anipulation  |
\*---------------------------------------------------------------------------*/
FoamFile
{
    version     2.0;
    format      ascii;
    class       volVectorField;
    location    "110";
    object      U;
}
// * * * * * * * * * * * * * * * * * * * * * * * * * * * * * * * * * * * * * //

dimensions      [0 1 -1 0 0 0 0];

internalField   nonuniform List<vector> 
125
(
(1.34359 -0.215058 -3.32803e-19)
(1.33818 -0.21834 -5.6008e-19)
(1.33163 -0.221858 -5.76473e-19)
(1.32385 -0.225679 -5.82192e-19)
(1.31448 -0.229911 -6.89698e-19)
(1.30278 -0.234495 -5.59125e-19)
(1.34634 -0.190673 3.416e-20)
(1.3503 -0.192417 1.65785e-19)
(1.35331 -0.194124 -2.5373e-19)
(1.35539 -0.195815 -1.7895e-19)
(1.35659 -0.197511 2.07719e-20)
(1.35694 -0.199234 -1.27442e-19)
(1.35646 -0.201008 -3.65955e-19)
(1.35516 -0.202855 4.10145e-20)
(1.35306 -0.204799 4.43812e-20)
(1.35014 -0.206865 -2.38225e-19)
(1.34635 -0.209072 -2.19314e-19)
(1.34165 -0.211434 -2.40921e-19)
(1.33596 -0.213949 -1.37109e-19)
(1.32924 -0.216617 -2.07393e-19)
(1.32132 -0.219466 -1.62522e-19)
(1.31185 -0.222534 -8.71231e-20)
(1.30032 -0.225678 6.7107e-21)
(1.3553 -0.192747 1.00453e-19)
(1.35708 -0.193929 4.19514e-19)
(1.35821 -0.195101 1.80951e-20)
(1.35872 -0.196279 1.73358e-19)
(1.35862 -0.197479 4.11377e-21)
(1.35794 -0.198719 2.94994e-19)
(1.35665 -0.200014 6.12396e-20)
(1.35475 -0.201377 -7.59451e-20)
(1.35221 -0.20282 3.68849e-20)
(1.34898 -0.204356 9.9752e-20)
(1.345 -0.205989 7.75826e-20)
(1.34017 -0.207715 7.34196e-20)
(1.33442 -0.209517 6.11772e-19)
(1.32765 -0.211379 9.76601e-19)
(1.31969 -0.213303 1.67573e-18)
(1.31024 -0.21527 3.04511e-18)
(1.29896 -0.217102 5.29519e-18)
(1.35888 -0.19365 3.95248e-19)
(1.35954 -0.194461 3.65696e-19)
(1.35977 -0.195273 -1.29989e-19)
(1.35956 -0.196098 -4.23344e-20)
(1.35891 -0.196946 -2.31639e-19)
(1.3578 -0.197825 -1.74178e-19)
(1.35621 -0.198741 -2.04085e-19)
(1.3541 -0.1997 -9.37669e-20)
(1.35142 -0.200703 2.48081e-19)
(1.34811 -0.201749 1.17296e-19)
(1.34407 -0.202832 2.9708e-19)
(1.33922 -0.203936 3.60956e-19)
(1.33348 -0.205031 7.31354e-19)
(1.32672 -0.206092 1.14764e-18)
(1.31878 -0.207097 1.64637e-18)
(1.30942 -0.20799 2.29048e-18)
(1.29844 -0.208577 2.91234e-18)
(1.36008 -0.193994 -7.28722e-19)
(1.36023 -0.194551 -1.84227e-20)
(1.36007 -0.195108 -2.37194e-19)
(1.35958 -0.19567 -7.45647e-19)
(1.35872 -0.196239 -1.47942e-18)
(1.35748 -0.196817 -2.07853e-18)
(1.3558 -0.197404 -3.45754e-18)
(1.35364 -0.197996 -6.26179e-18)
(1.35093 -0.198588 2.79899e-18)
(1.34761 -0.199172 -8.12509e-19)
(1.34358 -0.199733 8.51106e-19)
(1.33876 -0.200247 5.5021e-20)
(1.33307 -0.200681 5.48886e-19)
(1.32638 -0.201006 4.76179e-19)
(1.31854 -0.201189 4.8726e-19)
(1.30938 -0.201155 2.96994e-19)
(1.29877 -0.200716 -2.58828e-19)
(1.36035 -0.194074 -3.26403e-19)
(1.36031 -0.194435 1.74414e-19)
(1.36001 -0.194782 -4.16365e-19)
(1.35942 -0.195112 -4.00621e-19)
(1.35851 -0.195424 -8.51535e-19)
(1.35724 -0.195712 -1.14466e-18)
(1.35555 -0.19597 -1.15629e-18)
(1.35339 -0.19619 -6.00137e-19)
(1.35069 -0.196358 1.00955e-18)
(1.34739 -0.196459 -4.00281e-19)
(1.3434 -0.19647 5.93531e-19)
(1.33864 -0.19636 -1.06589e-19)
(1.33302 -0.196091 3.34832e-19)
(1.32642 -0.195622 2.14796e-19)
(1.31872 -0.194906 3.36844e-19)
(1.30976 -0.193844 3.90424e-19)
(1.29955 -0.192235 6.42556e-19)
(1.36032 -0.194163 -2.4336e-19)
(1.36022 -0.194378 3.12342e-20)
(1.35988 -0.194561 1.10471e-19)
(1.35928 -0.194708 -1.88725e-19)
(1.35837 -0.194813 -5.61472e-20)
(1.35711 -0.194867 -4.27111e-19)
(1.35544 -0.194861 -2.40965e-19)
(1.35331 -0.194783 3.41674e-20)
(1.35066 -0.194617 2.91457e-19)
(1.34742 -0.194342 2.81963e-20)
(1.3435 -0.193934 1.12841e-19)
(1.33885 -0.193358 1.84891e-19)
(1.33336 -0.192575 3.01945e-19)
(1.32694 -0.191544 3.45086e-19)
(1.31946 -0.190219 5.55254e-19)
(1.31087 -0.188534 8.18843e-19)
(1.30113 -0.186336 1.38483e-18)
(1.36012 -0.193975 -4.42514e-19)
(1.35999 -0.193966 -1.4268e-19)
(1.35964 -0.193893 9.71205e-20)
(1.35903 -0.193745 8.23683e-20)
(1.35811 -0.193512 1.00563e-19)
(1.35684 -0.193178 2.44078e-19)
(1.35517 -0.192729 -1.06216e-19)
(1.35304 -0.192144 -5.58425e-20)
(1.35039 -0.1914 4.20097e-21)
(1.34715 -0.19047 7.17631e-20)
(1.34326 -0.18932 1.64244e-19)
(1.33863 -0.187915 1.93706e-19)
(1.33318 -0.186212 3.34135e-19)
(1.32681 -0.184165 4.28617e-19)
(1.31938 -0.181729 6.51731e-19)
(1.31086 -0.178857 9.25169e-19)
(1.30138 -0.175453 1.28816e-18)
)
;

boundaryField
{
    inlet
    {
        type            uniformFixedValue;
        uniformValue    constant (1 0 0);
        value           nonuniform 0();
    }
    outlet
    {
        type            pressureInletOutletVelocity;
        value           nonuniform 0();
    }
    polygon
    {
        type            fixedValue;
        value           nonuniform 0();
    }
    top
    {
        type            symmetryPlane;
    }
    bottom
    {
        type            symmetryPlane;
    }
    outside
    {
        type            zeroGradient;
    }
    procBoundary2to1
    {
        type            processor;
        value           nonuniform List<vector> 5((1.29482 -0.172691 1.70366e-18) (1.29402 -0.184372 1.83993e-18) (1.29219 -0.19069 9.22858e-19) (1.29097 -0.199959 -1.22373e-18) (1.29027 -0.208518 3.1889e-18));
    }
    procBoundary2to3
    {
        type            processor;
        value           nonuniform List<vector> 7((1.3414 -0.188874 -4.07112e-19) (1.35285 -0.191537 1.29746e-19) (1.35777 -0.192831 1.81433e-19) (1.35961 -0.193432 8.32016e-19) (1.36014 -0.1937 2.75783e-19) (1.36021 -0.193923 2.18042e-20) (1.36005 -0.19393 -1.12642e-19));
    }
    procBoundary2to9
    {
        type            processor;
        value           nonuniform List<vector> 3((1.29037 -0.217896 7.94065e-18) (1.29131 -0.227395 1.65714e-19) (1.2933 -0.237273 -3.49661e-19));
    }
    procBoundary2to10
    {
        type            processor;
        value           nonuniform List<vector> 
18
(
(1.34525 -0.218292 -1.08002e-18)
(1.34072 -0.222476 -8.30252e-19)
(1.33477 -0.226946 -1.1829e-18)
(1.32744 -0.231815 -1.24922e-18)
(1.31839 -0.237274 -1.75165e-18)
(1.30667 -0.243398 -2.49723e-18)
(1.32684 -0.186465 -5.42975e-19)
(1.33456 -0.189023 -5.80646e-19)
(1.34096 -0.19152 -5.80278e-19)
(1.34605 -0.193972 -7.84423e-19)
(1.34987 -0.196401 -1.7498e-19)
(1.35244 -0.198831 -3.08526e-19)
(1.35381 -0.201286 -3.64749e-19)
(1.35401 -0.203796 -1.8364e-19)
(1.35307 -0.206392 -2.98584e-19)
(1.35102 -0.20911 -6.51349e-19)
(1.34787 -0.211988 -6.40957e-19)
(1.34787 -0.211988 -6.40957e-19)
)
;
    }
}


// ************************************************************************* //
