/*--------------------------------*- C++ -*----------------------------------*\
  =========                 |
  \\      /  F ield         | OpenFOAM: The Open Source CFD Toolbox
   \\    /   O peration     | Website:  https://openfoam.org
    \\  /    A nd           | Version:  7
     \\/     M anipulation  |
\*---------------------------------------------------------------------------*/
FoamFile
{
    version     2.0;
    format      ascii;
    class       volVectorField;
    location    "84";
    object      U;
}
// * * * * * * * * * * * * * * * * * * * * * * * * * * * * * * * * * * * * * //

dimensions      [0 1 -1 0 0 0 0];

internalField   nonuniform List<vector> 
175
(
(-0.192922 0.00369049 -2.49167e-18)
(-0.191476 0.0033786 -1.62019e-18)
(-0.190082 0.00309807 2.64483e-19)
(-0.188729 0.00284909 2.15595e-18)
(-0.187407 0.00263127 1.48137e-18)
(-0.186103 0.00244366 4.33014e-19)
(-0.184806 0.00228501 9.1165e-19)
(-0.183506 0.00215377 -6.2878e-19)
(-0.18219 0.00204829 2.87514e-18)
(-0.18085 0.00196693 -6.46112e-19)
(-0.179473 0.00190821 8.94513e-19)
(-0.17805 0.00187079 5.92643e-19)
(-0.176571 0.00185377 -1.2958e-18)
(-0.175025 0.00185658 4.79962e-19)
(-0.173404 0.00187924 2.18584e-18)
(-0.171698 0.00192229 3.21092e-18)
(-0.169896 0.00198697 3.83387e-18)
(-0.196764 0.00350401 -1.6118e-18)
(-0.195356 0.00319999 -2.05502e-18)
(-0.194011 0.00292573 7.13375e-20)
(-0.192717 0.0026814 2.56013e-18)
(-0.191463 0.00246661 1.43538e-18)
(-0.190237 0.00228042 9.31205e-20)
(-0.18903 0.00212162 6.15249e-19)
(-0.187829 0.00198869 -1.19877e-19)
(-0.186624 0.00188004 2.52632e-18)
(-0.185404 0.00179406 -1.21067e-18)
(-0.184158 0.00172927 8.72664e-19)
(-0.182876 0.00168439 9.56512e-20)
(-0.181549 0.00165851 -1.37024e-18)
(-0.180166 0.00165106 2.43359e-20)
(-0.178717 0.00166203 1.1924e-18)
(-0.177193 0.00169191 2.53483e-18)
(-0.175584 0.00174187 5.07337e-18)
(-0.200409 0.00332433 -9.93516e-19)
(-0.199036 0.00302935 -1.77914e-18)
(-0.197733 0.00276257 9.77728e-19)
(-0.196492 0.00252414 2.45306e-18)
(-0.195301 0.00231365 1.50983e-18)
(-0.194148 0.00213019 6.89809e-19)
(-0.193023 0.00197258 4.3517e-19)
(-0.191914 0.00183936 3.47768e-19)
(-0.190811 0.00172895 2.46035e-18)
(-0.189703 0.0016398 -9.71895e-19)
(-0.188579 0.00157046 -3.1581e-19)
(-0.187429 0.00151968 -3.26994e-19)
(-0.186242 0.00148654 -1.64982e-18)
(-0.18501 0.00147049 -3.2333e-19)
(-0.183723 0.00147148 4.49504e-19)
(-0.18237 0.00148998 2.14527e-18)
(-0.180941 0.00152708 5.66903e-18)
(-0.20386 0.00314438 -6.5981e-19)
(-0.202516 0.0028596 -1.7946e-18)
(-0.201253 0.00260151 1.16061e-18)
(-0.200059 0.00237022 2.66878e-18)
(-0.198925 0.00216532 1.6864e-18)
(-0.197838 0.0019859 3.23706e-19)
(-0.196789 0.00183082 1.3221e-18)
(-0.195765 0.00169864 9.08354e-19)
(-0.194756 0.00158782 1.704e-18)
(-0.193752 0.00149683 -1.07088e-18)
(-0.192741 0.00142426 -2.63615e-19)
(-0.191713 0.00136886 -7.61644e-19)
(-0.190658 0.00132975 -1.00164e-18)
(-0.189567 0.00130635 4.34286e-19)
(-0.18843 0.00129859 -1.82826e-19)
(-0.187236 0.0013069 2.06802e-18)
(-0.185976 0.00133233 5.74023e-18)
(-0.207118 0.00296639 -5.33185e-19)
(-0.2058 0.00269313 -2.03887e-18)
(-0.204572 0.00244507 6.07022e-19)
(-0.203421 0.0022223 2.32076e-18)
(-0.202339 0.00202438 1.03506e-18)
(-0.201313 0.00185042 -7.42827e-21)
(-0.200333 0.00169928 1.36234e-18)
(-0.199387 0.00156955 5.08247e-19)
(-0.198465 0.00145973 1.26871e-18)
(-0.197556 0.00136831 -1.39849e-18)
(-0.19665 0.00129391 -2.20787e-19)
(-0.195736 0.00123529 -1.36664e-18)
(-0.194803 0.00119158 -1.67745e-18)
(-0.193843 0.0011622 1.3752e-18)
(-0.192846 0.00114706 -8.36191e-19)
(-0.1918 0.00114655 2.2995e-18)
(-0.190698 0.00116166 3.98233e-18)
(-0.210186 0.00279072 -5.58076e-19)
(-0.208891 0.00253019 -1.63144e-18)
(-0.207693 0.00229342 3.3996e-19)
(-0.206581 0.00208042 1.38633e-18)
(-0.205546 0.00189076 1.44228e-18)
(-0.204575 0.00172353 -4.03379e-19)
(-0.203658 0.00157762 1.62163e-18)
(-0.202784 0.00145163 1.94025e-19)
(-0.201942 0.00134408 9.92056e-19)
(-0.201122 0.00125351 -8.93378e-19)
(-0.200312 0.00117855 -7.66467e-20)
(-0.199503 0.00111798 -2.12316e-18)
(-0.198684 0.00107094 -1.31735e-18)
(-0.197845 0.00103685 1.43139e-18)
(-0.196977 0.00101562 -1.83344e-18)
(-0.19607 0.00100757 1.70399e-18)
(-0.195113 0.00101364 2.84124e-18)
(-0.213065 0.00261675 1.48563e-19)
(-0.21179 0.00237009 -1.47171e-18)
(-0.210619 0.00214575 1.8236e-19)
(-0.209542 0.00194371 7.02279e-19)
(-0.208548 0.00176349 1.96265e-18)
(-0.207628 0.00160418 6.44199e-20)
(-0.206769 0.00146468 2.19042e-18)
(-0.20596 0.00134363 -2.34565e-19)
(-0.205192 0.00123956 8.80499e-19)
(-0.204453 0.00115103 -6.44449e-19)
(-0.203732 0.0010767 -1.04292e-18)
(-0.20302 0.00101537 -2.19424e-18)
(-0.202306 0.000966192 -1.11399e-18)
(-0.20158 0.000928582 1.75388e-18)
(-0.200832 0.000902423 -1.89817e-18)
(-0.200052 0.000888019 1.46953e-18)
(-0.19923 0.000886243 2.09376e-18)
(-0.215757 0.002444 7.67961e-19)
(-0.214499 0.00221226 -6.31291e-19)
(-0.213352 0.00200143 1.20317e-19)
(-0.212306 0.00181143 -8.71594e-19)
(-0.21135 0.00164177 1.80415e-18)
(-0.210475 0.00149153 4.39983e-19)
(-0.209668 0.0013596 1.0597e-18)
(-0.20892 0.00124464 -7.9257e-19)
(-0.208219 0.0011452 8.15975e-19)
(-0.207554 0.00105986 -5.5357e-19)
(-0.206916 0.000987324 -2.25807e-18)
(-0.206293 0.000926383 -1.33992e-18)
(-0.205675 0.000876214 -8.90513e-19)
(-0.205052 0.000836223 1.2089e-18)
(-0.204415 0.000806281 -2.28227e-18)
(-0.203753 0.000786661 1.48005e-18)
(-0.203057 0.000778179 1.66148e-18)
(-0.218263 0.00227184 5.50973e-19)
(-0.217019 0.00205591 -8.20927e-19)
(-0.215893 0.0018595 1.44053e-19)
(-0.214875 0.0016825 -1.6523e-18)
(-0.213954 0.00152437 9.66493e-19)
(-0.213119 0.00138418 8.46654e-19)
(-0.21236 0.00126083 1.09719e-18)
(-0.211667 0.00115299 -1.45866e-18)
(-0.211027 0.00105922 -9.41569e-20)
(-0.21043 0.000978137 -1.75372e-18)
(-0.209867 0.000908445 -2.4676e-18)
(-0.209325 0.000848964 -6.70929e-19)
(-0.208796 0.000798879 -8.18234e-19)
(-0.208269 0.000757594 -2.76604e-19)
(-0.207733 0.000724967 -1.81538e-18)
(-0.20718 0.000701234 5.93649e-19)
(-0.206598 0.000687158 8.69565e-20)
(-0.220584 0.0020991 2.66511e-19)
(-0.219353 0.00190004 -3.40885e-19)
(-0.218246 0.00171912 -7.5893e-19)
(-0.217252 0.00155614 -2.71675e-18)
(-0.216361 0.00141055 1.39459e-18)
(-0.215563 0.00128138 1.31225e-18)
(-0.214848 0.00116754 1.21879e-18)
(-0.214203 0.00106771 -2.46466e-18)
(-0.213619 0.000980481 -9.95733e-19)
(-0.213085 0.000904468 -3.10727e-18)
(-0.212589 0.000838415 -3.02035e-18)
(-0.212123 0.000781149 -1.11371e-18)
(-0.170615 0.00275935 2.64251e-19)
(-0.168995 0.0026695 2.11496e-18)
(-0.167321 0.00260803 3.30284e-19)
(-0.165581 0.00257338 1.61006e-18)
(-0.163767 0.00256419 1.84947e-18)
(-0.161869 0.00257949 1.52438e-18)
(-0.159877 0.00261875 1.77541e-18)
(-0.157781 0.00268201 2.6142e-18)
(-0.155573 0.00276991 2.87668e-18)
(-0.153242 0.00288381 1.71613e-18)
)
;

boundaryField
{
    inlet
    {
        type            uniformFixedValue;
        uniformValue    constant (1 0 0);
        value           nonuniform 0();
    }
    outlet
    {
        type            pressureInletOutletVelocity;
        value           nonuniform 0();
    }
    polygon
    {
        type            fixedValue;
        value           nonuniform 0();
    }
    top
    {
        type            symmetryPlane;
    }
    bottom
    {
        type            symmetryPlane;
    }
    outside
    {
        type            zeroGradient;
    }
    procBoundary44to36
    {
        type            processor;
        value           nonuniform List<vector> 
18
(
(-0.222832 0.00191833 -5.63485e-21)
(-0.221609 0.00173959 -8.50125e-19)
(-0.220515 0.00157749 -7.74957e-19)
(-0.219541 0.00143175 -3.21776e-18)
(-0.218676 0.00130177 2.25802e-18)
(-0.21791 0.00118656 9.44789e-19)
(-0.217231 0.00108501 4.28903e-19)
(-0.21663 0.000995829 -2.91045e-18)
(-0.216095 0.000917605 -1.8809e-18)
(-0.215616 0.000848987 -3.95868e-18)
(-0.215182 0.000788746 -4.03151e-18)
(-0.214782 0.000735729 -1.56027e-18)
(-0.211674 0.000731873 -9.93319e-19)
(-0.211234 0.000689991 -5.47028e-19)
(-0.210792 0.000655346 -1.68185e-18)
(-0.210338 0.000628146 -1.7037e-19)
(-0.209862 0.000609102 -1.61142e-19)
(-0.211674 0.000731873 -9.93319e-19)
)
;
    }
    procBoundary44to43
    {
        type            processor;
        value           nonuniform List<vector> 8((-0.17388 0.00181372 6.47574e-20) (-0.179428 0.00158452 -3.53839e-19) (-0.184641 0.00137651 2.86486e-19) (-0.189528 0.00119393 4.87355e-19) (-0.194097 0.00103531 7.4295e-19) (-0.198357 0.000898499 7.78189e-19) (-0.202315 0.000782164 -4.39033e-19) (-0.205979 0.000683987 -4.67338e-19));
    }
    procBoundary44to45
    {
        type            processor;
        value           nonuniform List<vector> 10((-0.194431 0.004033 1.29905e-18) (-0.198245 0.00383709 1.21715e-18) (-0.201865 0.00364684 1.32348e-18) (-0.205294 0.00345523 1.62862e-18) (-0.208534 0.0032643 2.12084e-18) (-0.211587 0.00307448 1.97986e-18) (-0.214453 0.00288526 2.1306e-18) (-0.217135 0.00269627 1.65825e-18) (-0.219633 0.00250699 1.31456e-18) (-0.221948 0.00231606 2.99124e-19));
    }
    procBoundary44to51
    {
        type            processor;
        value           nonuniform List<vector> 2((-0.167989 0.00207518 2.30339e-19) (-0.150779 0.0030258 2.70887e-19));
    }
    procBoundary44to52
    {
        type            processor;
        value           nonuniform List<vector> 
18
(
(-0.181345 0.00431204 -6.35156e-18)
(-0.179799 0.00398403 -9.08483e-19)
(-0.178276 0.00369212 1.14988e-18)
(-0.176766 0.00343638 1.98327e-18)
(-0.175255 0.00321636 1.98587e-18)
(-0.173734 0.00303111 1.41102e-18)
(-0.172191 0.00287931 2.03837e-18)
(-0.14282 0.00407172 7.16734e-19)
(-0.140474 0.00402996 8.88464e-18)
(-0.138014 0.00402395 4.21881e-19)
(-0.13543 0.00405193 8.04517e-18)
(-0.132712 0.00411238 9.41452e-18)
(-0.12985 0.00420419 9.95753e-18)
(-0.126837 0.00432669 1.04375e-17)
(-0.123662 0.00447987 1.09251e-17)
(-0.120315 0.00466434 1.08811e-17)
(-0.116789 0.00488152 2.05502e-18)
(-0.172191 0.00287931 2.03837e-18)
)
;
    }
}


// ************************************************************************* //
