/*--------------------------------*- C++ -*----------------------------------*\
  =========                 |
  \\      /  F ield         | OpenFOAM: The Open Source CFD Toolbox
   \\    /   O peration     | Website:  https://openfoam.org
    \\  /    A nd           | Version:  7
     \\/     M anipulation  |
\*---------------------------------------------------------------------------*/
FoamFile
{
    version     2.0;
    format      ascii;
    class       volVectorField;
    location    "92";
    object      U;
}
// * * * * * * * * * * * * * * * * * * * * * * * * * * * * * * * * * * * * * //

dimensions      [0 1 -1 0 0 0 0];

internalField   nonuniform List<vector> 
175
(
(-0.227265 0.000561944 -2.39877e-18)
(-0.22729 0.000369593 -3.36893e-18)
(-0.227288 0.000169098 -4.89208e-18)
(-0.227249 -3.59469e-05 -2.33474e-18)
(-0.227157 -0.000228212 -4.60904e-18)
(-0.226995 -0.000412431 -4.29533e-18)
(-0.226752 -0.000581793 -1.61172e-19)
(-0.226409 -0.000731751 3.55364e-18)
(-0.225947 -0.000858021 -3.1635e-18)
(-0.225343 -0.000957851 2.62353e-18)
(-0.224567 -0.00102904 -5.22297e-18)
(-0.223594 -0.00107116 -5.49154e-18)
(-0.222375 -0.00108499 -4.88169e-18)
(-0.220884 -0.00107298 -4.38841e-19)
(-0.219033 -0.0010388 -5.2899e-19)
(-0.216811 -0.000988362 -3.87553e-18)
(-0.21404 -0.000925348 6.84838e-18)
(-0.210776 -0.000861328 4.53071e-18)
(-0.206617 -0.000800353 3.55426e-18)
(-0.226956 0.000562951 -2.71743e-18)
(-0.226971 0.000365534 -2.31671e-18)
(-0.226959 0.000157696 -3.18513e-18)
(-0.226907 -5.64534e-05 8.60799e-19)
(-0.226801 -0.000256701 -3.43835e-18)
(-0.226626 -0.00045209 -3.21667e-18)
(-0.226368 -0.000635501 -3.20228e-18)
(-0.226011 -0.000802706 3.83782e-18)
(-0.225532 -0.000949835 -1.52149e-18)
(-0.224912 -0.00107473 -1.73326e-19)
(-0.224121 -0.00117583 -7.42923e-18)
(-0.223132 -0.00125385 -2.74182e-18)
(-0.221897 -0.00131033 -2.81042e-18)
(-0.22039 -0.00134982 -6.0534e-19)
(-0.218525 -0.00137665 -5.4108e-19)
(-0.216289 -0.00140077 -2.1457e-18)
(-0.213505 -0.0014278 7.70076e-18)
(-0.21023 -0.00147616 5.53167e-18)
(-0.226325 0.000559555 -3.61218e-18)
(-0.22632 0.000358226 -1.71952e-18)
(-0.226286 0.00014521 -1.81362e-18)
(-0.226211 -7.43012e-05 1.01417e-18)
(-0.226079 -0.000287034 -2.87734e-18)
(-0.225879 -0.000495798 -2.55313e-18)
(-0.225594 -0.000694678 -6.5535e-18)
(-0.225208 -0.000880138 5.09597e-18)
(-0.224701 -0.00104886 -3.94281e-19)
(-0.224052 -0.00119934 -2.95289e-18)
(-0.22323 -0.0013307 -1.11157e-17)
(-0.222211 -0.00144478 -2.79972e-20)
(-0.220946 -0.00154395 -1.18614e-18)
(-0.219409 -0.00163487 -6.76695e-19)
(-0.217515 -0.00172267 -4.25997e-19)
(-0.215252 -0.00182151 -8.26631e-19)
(-0.212443 -0.00193696 1.02813e-17)
(-0.209146 -0.00209654 7.17268e-18)
(-0.22537 0.000554025 -1.9282e-18)
(-0.225335 0.000348121 -1.06413e-18)
(-0.225269 0.000128389 -7.37603e-19)
(-0.225159 -9.88831e-05 1.44447e-18)
(-0.22499 -0.00032191 -3.20922e-18)
(-0.224752 -0.000543448 -2.25597e-18)
(-0.224427 -0.00075773 -3.75619e-18)
(-0.224001 -0.000961538 4.04138e-18)
(-0.223451 -0.00115201 3.651e-19)
(-0.222758 -0.00132829 -6.45905e-18)
(-0.221892 -0.00149014 -8.92688e-18)
(-0.220829 -0.00164056 -9.34546e-19)
(-0.219519 -0.0017827 1.05599e-19)
(-0.217939 -0.00192534 -7.82346e-19)
(-0.216002 -0.00207445 -5.82352e-19)
(-0.213697 -0.00224833 6.82335e-19)
(-0.210853 -0.0024527 1.06271e-17)
(-0.207521 -0.00272398 5.30968e-18)
(-0.224089 0.000542647 -6.23221e-19)
(-0.224014 0.000331568 -5.65661e-19)
(-0.223904 0.000104371 2.20964e-19)
(-0.223748 -0.000130162 2.23627e-18)
(-0.223531 -0.000364423 -7.90676e-19)
(-0.223243 -0.000599084 -2.23676e-18)
(-0.222866 -0.000829046 -1.60689e-18)
(-0.222385 -0.00105147 4.03217e-18)
(-0.221779 -0.00126395 7.92711e-19)
(-0.221029 -0.00146626 -3.54428e-18)
(-0.220105 -0.00165884 -8.18694e-18)
(-0.218982 -0.00184579 -1.21605e-18)
(-0.217614 -0.00203108 -2.80025e-18)
(-0.215975 -0.00222556 -1.13769e-18)
(-0.213982 -0.00243603 -6.64439e-19)
(-0.211623 -0.00268486 2.48908e-18)
(-0.208729 -0.00297808 8.49204e-18)
(-0.205352 -0.0033607 3.60684e-18)
(-0.222479 0.000523622 6.03233e-19)
(-0.222353 0.000306871 -1.40905e-19)
(-0.22219 7.2511e-05 -2.08748e-18)
(-0.221975 -0.000170477 3.61135e-18)
(-0.221698 -0.000416408 -2.1813e-18)
(-0.221347 -0.000664693 9.6047e-19)
(-0.220905 -0.000910821 -3.2009e-18)
(-0.220356 -0.00115229 1.19779e-18)
(-0.219681 -0.00138717 1.06149e-18)
(-0.21886 -0.00161587 -5.52783e-18)
(-0.217863 -0.00183946 -4.88085e-18)
(-0.216667 -0.00206316 -1.29049e-18)
(-0.215225 -0.00229175 -6.18112e-18)
(-0.213514 -0.00253812 -1.33152e-18)
(-0.21145 -0.0028099 -7.05674e-19)
(-0.209022 -0.0031334 4.63637e-18)
(-0.206067 -0.00351504 3.54018e-18)
(-0.202633 -0.00400812 2.23345e-18)
(-0.220537 0.000495387 2.14783e-18)
(-0.220349 0.00027211 2.0177e-19)
(-0.22012 2.51278e-05 -1.40897e-18)
(-0.219836 -0.000221787 5.85992e-18)
(-0.219487 -0.000479782 -6.73062e-19)
(-0.21906 -0.000742191 6.23773e-19)
(-0.21854 -0.00100498 -2.04249e-18)
(-0.21791 -0.00126598 2.57773e-18)
(-0.217151 -0.00152369 1.45318e-18)
(-0.216244 -0.00177916 -4.65871e-18)
(-0.215161 -0.00203409 -2.01558e-18)
(-0.213876 -0.0022948 -1.46434e-18)
(-0.212347 -0.00256687 -6.49506e-18)
(-0.210548 -0.00286515 -1.40827e-18)
(-0.208399 -0.00319815 -6.31535e-19)
(-0.205889 -0.00359597 3.60642e-18)
(-0.20286 -0.00406545 -9.83557e-19)
(-0.199357 -0.00466788 9.28793e-19)
(-0.218258 0.00045623 3.97716e-18)
(-0.217998 0.000225756 3.97238e-19)
(-0.217691 -2.94779e-05 -1.00081e-18)
(-0.217325 -0.000285907 5.90402e-18)
(-0.216892 -0.000556657 2.94574e-19)
(-0.216377 -0.000833914 5.98755e-19)
(-0.215764 -0.00111405 -1.1533e-18)
(-0.21504 -0.00139521 4.59981e-18)
(-0.214184 -0.00167634 1.9117e-18)
(-0.213176 -0.00195911 -1.01472e-18)
(-0.211991 -0.00224585 5.65614e-19)
(-0.210603 -0.00254393 -1.87579e-18)
(-0.208971 -0.00285974 -8.16319e-18)
(-0.207069 -0.00321002 -1.68981e-18)
(-0.204821 -0.00360417 -5.60092e-19)
(-0.202215 -0.0040759 3.14435e-18)
(-0.199098 -0.00463251 -1.7231e-18)
(-0.195515 -0.00534285 2.81441e-20)
(-0.215637 0.000403499 7.02183e-18)
(-0.215293 0.000165458 3.05367e-19)
(-0.214897 -9.30135e-05 -8.54071e-19)
(-0.214437 -0.000365894 3.93695e-18)
(-0.213907 -0.000650692 8.95649e-19)
(-0.21329 -0.000943748 6.04752e-19)
(-0.212572 -0.00124209 -4.50048e-19)
(-0.211739 -0.00154419 7.70758e-18)
(-0.21077 -0.00184945 2.52527e-18)
(-0.209648 -0.00216014 2.25984e-18)
(-0.208346 -0.00247919 -6.0805e-19)
(-0.20684 -0.002815 -2.74452e-18)
(-0.205089 -0.00317473 -7.03893e-18)
(-0.203069 -0.00357693 -6.11441e-18)
(-0.200707 -0.00403183 -4.83319e-19)
(-0.197989 -0.00457655 3.61212e-18)
(-0.194772 -0.00521882 -2.75795e-18)
(-0.191097 -0.00603465 -7.62071e-19)
(-0.212668 0.000335465 5.50972e-18)
(-0.212228 8.64801e-05 -5.90663e-20)
(-0.211731 -0.000179157 2.44583e-18)
(-0.211166 -0.000463294 2.86718e-18)
(-0.210524 -0.000761669 1.41783e-18)
(-0.209793 -0.00107045 6.613e-19)
(-0.208955 -0.00138696 1.41509e-19)
(-0.207998 -0.00170998 4.83251e-18)
(-0.206903 -0.00203929 3.13863e-18)
(-0.205651 -0.00237773 1.91023e-18)
(-0.204216 -0.00272879 -2.21709e-18)
(-0.202576 -0.00310183 -4.10745e-18)
)
;

boundaryField
{
    inlet
    {
        type            uniformFixedValue;
        uniformValue    constant (1 0 0);
        value           nonuniform 0();
    }
    outlet
    {
        type            pressureInletOutletVelocity;
        value           nonuniform 0();
    }
    polygon
    {
        type            fixedValue;
        value           nonuniform 0();
    }
    top
    {
        type            symmetryPlane;
    }
    bottom
    {
        type            symmetryPlane;
    }
    outside
    {
        type            zeroGradient;
    }
    procBoundary27to19
    {
        type            processor;
        value           nonuniform List<vector> 
19
(
(-0.2095 0.00026697 2.48844e-18)
(-0.208955 3.96985e-06 -7.41586e-19)
(-0.208346 -0.000263224 2.96302e-18)
(-0.207664 -0.000556624 2.21519e-18)
(-0.206902 -0.000866682 2.14785e-18)
(-0.206043 -0.00118945 6.92233e-19)
(-0.205074 -0.00152233 7.2465e-19)
(-0.203981 -0.00186434 3.15477e-18)
(-0.202745 -0.00221566 4.04509e-18)
(-0.201349 -0.00257967 1.79279e-18)
(-0.199767 -0.00296053 -4.16072e-19)
(-0.197978 -0.00336849 -2.32456e-18)
(-0.200691 -0.00350476 -7.40247e-18)
(-0.198537 -0.00395779 -7.07492e-18)
(-0.196045 -0.00447202 -2.18325e-19)
(-0.193201 -0.00508773 4.777e-18)
(-0.18987 -0.00581316 -1.30184e-19)
(-0.186088 -0.00673091 -1.51228e-18)
(-0.200691 -0.00350476 -7.40247e-18)
)
;
    }
    procBoundary27to26
    {
        type            processor;
        value           nonuniform List<vector> 10((-0.201847 -0.000757791 3.4269e-18) (-0.206064 -0.00154782 7.15986e-18) (-0.206064 -0.00154782 7.15986e-18) (-0.204963 -0.00230108 7.36677e-18) (-0.203314 -0.00306103 4.14423e-18) (-0.201112 -0.00382949 1.49578e-18) (-0.198352 -0.00460749 -1.00841e-18) (-0.195027 -0.00539632 -3.70012e-18) (-0.191127 -0.0061983 -2.7872e-18) (-0.186642 -0.00701361 -2.41656e-18));
    }
    procBoundary27to28
    {
        type            processor;
        value           nonuniform List<vector> 10((-0.227224 0.000741178 -1.28716e-18) (-0.226923 0.000745182 -1.02596e-18) (-0.22631 0.000744176 -8.12422e-19) (-0.225383 0.000741464 -6.06418e-19) (-0.224141 0.00073346 -6.06344e-19) (-0.222579 0.000718311 -6.14233e-19) (-0.220695 0.000694586 -5.80989e-19) (-0.218485 0.00066061 -3.59691e-18) (-0.215943 0.000613486 -7.17841e-18) (-0.213064 0.00055248 -5.90616e-18));
    }
    procBoundary27to35
    {
        type            processor;
        value           nonuniform List<vector> 
19
(
(-0.227254 0.000529719 -2.4804e-18)
(-0.227279 0.00034243 -4.91548e-18)
(-0.227277 0.000150843 -7.50148e-18)
(-0.227239 -4.03801e-05 -5.65431e-18)
(-0.227148 -0.000231882 -6.56741e-18)
(-0.226988 -0.000408075 -5.7978e-18)
(-0.226746 -0.000565323 -5.19641e-19)
(-0.226406 -0.000699336 3.85954e-18)
(-0.225945 -0.000805591 -5.63861e-18)
(-0.225343 -0.00088086 2.22166e-18)
(-0.22457 -0.000922264 -4.44091e-18)
(-0.223599 -0.000928321 -5.05156e-18)
(-0.222381 -0.000898942 -7.52087e-18)
(-0.220892 -0.000834754 -3.93729e-20)
(-0.219041 -0.00073808 -7.00773e-19)
(-0.21682 -0.000611308 -6.50807e-18)
(-0.214048 -0.000454086 3.43345e-18)
(-0.210784 -0.000272303 3.97949e-18)
(-0.206624 -8.30909e-05 2.20028e-19)
)
;
    }
}


// ************************************************************************* //
