/*--------------------------------*- C++ -*----------------------------------*\
  =========                 |
  \\      /  F ield         | OpenFOAM: The Open Source CFD Toolbox
   \\    /   O peration     | Website:  https://openfoam.org
    \\  /    A nd           | Version:  7
     \\/     M anipulation  |
\*---------------------------------------------------------------------------*/
FoamFile
{
    version     2.0;
    format      ascii;
    class       volVectorField;
    location    "98";
    object      U;
}
// * * * * * * * * * * * * * * * * * * * * * * * * * * * * * * * * * * * * * //

dimensions      [0 1 -1 0 0 0 0];

internalField   nonuniform List<vector> 
115
(
(1.30727 0.180862 -8.8712e-20)
(1.31761 0.183204 4.82207e-20)
(1.32683 0.185429 2.04115e-19)
(1.33495 0.187545 -1.71464e-19)
(0.979133 0.12355 1.2186e-17)
(1.00334 0.127433 1.03862e-17)
(1.02743 0.131316 8.77559e-18)
(1.05132 0.135189 4.75202e-18)
(1.07493 0.139046 -1.93365e-18)
(1.09815 0.142876 7.15485e-19)
(1.1209 0.146672 -2.98972e-19)
(1.14306 0.150423 3.20735e-19)
(1.16455 0.15412 -1.38939e-19)
(1.18528 0.157754 5.80063e-20)
(1.20514 0.161316 -1.31077e-19)
(1.22405 0.164797 -2.966e-19)
(1.24192 0.168189 -6.58832e-20)
(1.25868 0.171488 1.42046e-19)
(1.27426 0.174687 5.46146e-20)
(1.2886 0.177785 -1.52337e-19)
(1.30166 0.18078 -3.58488e-19)
(0.85645 0.105716 4.89507e-18)
(0.88202 0.109516 3.34626e-18)
(0.907847 0.113373 2.28212e-18)
(0.93386 0.117284 7.15859e-19)
(0.959983 0.121243 -7.53756e-19)
(0.986132 0.125246 2.81988e-19)
(1.01221 0.129288 -1.00896e-19)
(1.03813 0.133361 1.54872e-19)
(1.06378 0.137458 1.09621e-20)
(1.08905 0.141571 3.50458e-20)
(1.11383 0.145692 2.12579e-19)
(1.13799 0.14981 -9.61581e-20)
(1.16142 0.153917 -4.81543e-19)
(1.18398 0.158002 8.79501e-20)
(1.20556 0.162056 1.20354e-19)
(1.22603 0.16607 2.94746e-19)
(1.24528 0.170036 5.32372e-20)
(0.723569 0.0876286 1.3053e-17)
(0.748825 0.0911032 1.18349e-17)
(0.77464 0.094672 1.00407e-17)
(0.800976 0.0983366 6.03573e-18)
(0.827789 0.102098 -1.93697e-18)
(0.855025 0.105958 6.43101e-19)
(0.882627 0.109915 -1.20476e-19)
(0.910525 0.113972 1.0079e-19)
(0.938641 0.118126 2.00498e-19)
(0.966886 0.122376 2.07009e-19)
(0.995162 0.126721 1.03667e-19)
(1.02336 0.131157 1.41728e-19)
(1.05135 0.13568 2.47706e-19)
(1.079 0.140284 1.10269e-19)
(1.10616 0.144963 -2.37906e-19)
(1.13269 0.149711 6.62119e-19)
(1.15841 0.154517 2.02761e-19)
(0.588022 0.0704302 4.9938e-18)
(0.611494 0.0734174 4.33961e-18)
(0.635697 0.0765118 3.27561e-18)
(0.660623 0.0797182 1.28161e-18)
(0.686264 0.0830417 -6.86988e-19)
(0.712606 0.0864877 1.92085e-19)
(0.739629 0.0900623 -2.35847e-19)
(0.76731 0.0937718 8.76717e-20)
(0.795617 0.0976229 1.30061e-19)
(0.824512 0.101623 2.5914e-19)
(0.853943 0.105778 1.79371e-19)
(0.883851 0.110097 2.4318e-20)
(0.91416 0.114586 1.072e-19)
(0.944779 0.119251 1.1111e-19)
(0.9756 0.1241 -1.6434e-19)
(1.0065 0.129136 4.49495e-19)
(1.03732 0.134364 2.19332e-19)
(0.456757 0.0549673 1.26496e-17)
(0.477462 0.0574056 1.22909e-17)
(0.498938 0.0599463 1.12503e-17)
(0.521196 0.0625948 7.97024e-18)
(0.544251 0.0653571 -1.31938e-18)
(0.568114 0.0682402 2.91267e-19)
(0.592797 0.0712521 -1.71725e-19)
(0.618312 0.0744015 1.12842e-19)
(0.644668 0.0776988 8.26178e-20)
(0.671873 0.0811554 1.33203e-19)
(0.699931 0.0847842 6.22914e-20)
(0.728842 0.0886 -5.46265e-20)
(0.758598 0.0926191 1.22809e-19)
(0.789185 0.0968596 2.52561e-19)
(0.820575 0.101341 2.95351e-22)
(0.852727 0.106086 -1.50823e-19)
(0.885579 0.111116 -1.5993e-19)
(0.334952 0.0416954 2.25507e-18)
(0.352445 0.0436026 1.96815e-18)
(0.370654 0.0455992 1.6991e-18)
(0.3896 0.0476897 7.69303e-19)
(0.409303 0.0498794 -2.20243e-19)
(0.429787 0.0521743 -5.22364e-21)
(0.451076 0.0545815 1.04257e-21)
(0.473198 0.057109 -8.26995e-20)
(0.49618 0.0597662 7.20213e-21)
(0.520055 0.0625641 -1.03399e-21)
(0.544855 0.0655152 8.42203e-20)
(0.570617 0.0686347 2.27813e-19)
(0.597379 0.07194 -1.03099e-20)
(0.625181 0.0754517 1.9529e-19)
(0.654065 0.0791943 -4.12284e-20)
(0.684073 0.0831961 -2.0723e-19)
(0.715245 0.0874905 6.92458e-20)
(0.225703 0.0307317 5.20002e-19)
(0.239958 0.0321702 4.56077e-19)
(0.25483 0.0336838 2.36938e-19)
(0.270337 0.035276 1.03421e-20)
(0.286501 0.0369507 -3.50834e-20)
(0.303344 0.0387125 -9.97373e-20)
(0.320891 0.0405666 -5.70295e-20)
(0.33917 0.0425193 -3.5426e-19)
(0.358209 0.0445775 -3.78221e-22)
)
;

boundaryField
{
    inlet
    {
        type            uniformFixedValue;
        uniformValue    constant (1 0 0);
        value           nonuniform 0();
    }
    outlet
    {
        type            pressureInletOutletVelocity;
        value           nonuniform 0();
    }
    polygon
    {
        type            fixedValue;
        value           nonuniform 0();
    }
    top
    {
        type            symmetryPlane;
    }
    bottom
    {
        type            symmetryPlane;
    }
    outside
    {
        type            zeroGradient;
    }
    procBoundary51to43
    {
        type            processor;
        value           nonuniform List<vector> 
18
(
(0.378043 0.0467494 1.37392e-19)
(0.398708 0.0490446 -1.33297e-19)
(0.420245 0.0514743 -1.71485e-19)
(0.442701 0.0540518 -2.08167e-19)
(0.46613 0.056793 2.90925e-19)
(0.490594 0.0597166 2.0224e-20)
(0.516162 0.0628458 -7.74334e-20)
(0.542915 0.0662081 -1.78785e-20)
(0.130315 0.0219657 7.1745e-20)
(0.141572 0.0230143 1.92294e-19)
(0.153332 0.0241256 8.42808e-20)
(0.165612 0.0253023 4.0472e-20)
(0.178428 0.0265473 1.1622e-19)
(0.1918 0.0278639 1.60234e-21)
(0.205746 0.0292562 -1.38669e-19)
(0.220289 0.0307286 2.08527e-19)
(0.378043 0.0467494 1.37392e-19)
(0.235452 0.0322863 1.7712e-20)
)
;
    }
    procBoundary51to50
    {
        type            processor;
        value           nonuniform List<vector> 5((1.26319 0.173947 1.97778e-19) (1.18315 0.159374 5.58487e-19) (1.06789 0.139784 3.59459e-19) (0.919047 0.116455 8.56123e-21) (0.747614 0.0921161 -4.36037e-20));
    }
    procBoundary51to52
    {
        type            processor;
        value           nonuniform List<vector> 7((0.954905 0.119672 1.11034e-17) (0.831203 0.101975 3.44097e-18) (0.698905 0.0842467 1.19477e-17) (0.565286 0.0675461 4.44003e-18) (0.436809 0.0526267 1.21947e-17) (0.318156 0.0398737 2.22967e-18) (0.212045 0.0293655 3.93531e-19));
    }
    procBoundary51to58
    {
        type            processor;
        value           nonuniform List<vector> 2((1.34197 0.189563 -6.48842e-20) (1.31339 0.183675 -4.24939e-20));
    }
    procBoundary51to59
    {
        type            processor;
        value           nonuniform List<vector> 
18
(
(1.33629 0.186886 2.81296e-21)
(1.34268 0.18851 1.2557e-19)
(1.34821 0.190033 -1.87561e-19)
(1.35289 0.191467 1.88452e-20)
(1.08525 0.139953 3.68999e-18)
(1.10662 0.143658 2.28529e-18)
(1.12754 0.147297 1.79572e-18)
(1.14794 0.150863 3.59014e-19)
(1.16773 0.154346 -4.98845e-19)
(1.18683 0.157739 2.20205e-19)
(1.20518 0.161034 -2.97515e-19)
(1.22269 0.164223 1.48564e-19)
(1.23931 0.1673 -1.946e-19)
(1.25498 0.17026 5.14994e-20)
(1.26965 0.173097 -2.55862e-19)
(1.28327 0.175811 -8.10085e-20)
(1.29582 0.178399 2.33283e-20)
(1.29582 0.178399 2.33283e-20)
)
;
    }
}


// ************************************************************************* //
