/*--------------------------------*- C++ -*----------------------------------*\
  =========                 |
  \\      /  F ield         | OpenFOAM: The Open Source CFD Toolbox
   \\    /   O peration     | Website:  https://openfoam.org
    \\  /    A nd           | Version:  7
     \\/     M anipulation  |
\*---------------------------------------------------------------------------*/
FoamFile
{
    version     2.0;
    format      ascii;
    class       volVectorField;
    location    "80";
    object      U;
}
// * * * * * * * * * * * * * * * * * * * * * * * * * * * * * * * * * * * * * //

dimensions      [0 1 -1 0 0 0 0];

internalField   nonuniform List<vector> 
175
(
(1.00295 0.0254782 3.47588e-17)
(0.993023 0.0522267 1.67755e-17)
(1.00233 0.0501355 -2.94143e-17)
(0.998004 0.10523 -1.30117e-17)
(1.01077 0.0969432 -1.84245e-17)
(1.00185 0.000341434 7.24025e-17)
(0.998347 0.000260032 -7.99989e-18)
(1.00226 0.000779173 8.34524e-17)
(0.997835 0.00120058 2.23213e-17)
(1.00269 0.00155738 1.12751e-17)
(0.997469 0.00294893 -2.11888e-18)
(1.0031 0.00306148 1.53374e-18)
(0.99711 0.00638458 2.98321e-17)
(1.00339 0.00608884 8.09697e-17)
(0.996915 0.0131409 8.09885e-17)
(1.00351 0.0121888 2.37994e-18)
(0.997344 0.0265122 5.88602e-17)
(1.00383 0.0244078 1.01909e-16)
(0.999712 0.0530236 5.12094e-17)
(1.00656 0.0483419 -7.46199e-17)
(1.00797 0.10411 -2.16028e-17)
(1.02131 0.0939518 -1.31086e-17)
(1.00142 0.000224757 1.78463e-17)
(0.998868 0.000411059 -1.68347e-17)
(1.00173 0.000590569 8.6423e-18)
(0.998579 0.00140704 1.07721e-18)
(1.00208 0.00128596 1.19806e-17)
(0.998543 0.00323953 -1.73992e-17)
(1.00248 0.00267571 1.60434e-17)
(0.998686 0.00679066 -9.06594e-17)
(1.00294 0.00553839 2.15479e-17)
(0.999275 0.0136694 -5.51134e-17)
(1.00366 0.0113834 -1.58154e-17)
(1.00095 0.0270676 -3.40826e-18)
(1.00554 0.023189 3.59505e-17)
(1.00529 0.0531065 2.39041e-17)
(1.01164 0.046452 -2.60765e-17)
(1.01647 0.101611 -1.37393e-17)
(1.03178 0.0908584 -1.08368e-17)
(1.00106 0.000104163 1.88997e-17)
(0.999279 0.000557185 -7.89029e-17)
(1.00131 0.000394231 -1.43678e-17)
(0.99917 0.00159677 -8.92123e-18)
(1.00164 0.000999816 2.18722e-17)
(0.999397 0.00349154 -8.2894e-17)
(1.00211 0.00226467 -4.25796e-18)
(0.999949 0.00711491 -5.56344e-17)
(1.00284 0.00494463 8.01424e-17)
(1.00119 0.0140258 -3.57311e-18)
(1.00429 0.0105057 -1.33231e-18)
(1.00394 0.0272646 -2.10591e-17)
(1.0078 0.0218672 9.63459e-17)
(1.01004 0.0524794 -2.51073e-17)
(1.01706 0.044502 -9.121e-17)
(1.02402 0.0979119 -2.40117e-17)
(1.04171 0.0875698 -2.71985e-17)
(1.00078 -1.55961e-05 1.93322e-17)
(0.999589 0.0006921 -1.41762e-17)
(1.001 0.000197297 1.02052e-17)
(0.999624 0.00176125 1.59197e-18)
(1.00135 0.000709057 1.10049e-17)
(1.00006 0.00369348 -1.73614e-17)
(1.00195 0.00184234 1.5247e-17)
(1.00095 0.00734345 -9.12277e-17)
(1.00302 0.00432586 2.41635e-17)
(1.00275 0.0141959 -5.9114e-17)
(1.00524 0.00957769 -1.32255e-17)
(1.00646 0.0270996 -5.0798e-18)
(1.01036 0.0204631 3.53198e-17)
(1.01425 0.0511866 1.57472e-17)
(1.02244 0.0424196 -2.62709e-17)
(1.03093 0.0933297 -1.07234e-17)
(1.05086 0.0839447 -1.52052e-17)
(1.00057 -0.000130623 7.44117e-17)
(0.999814 0.000810835 -4.52084e-18)
(1.00078 5.31286e-06 8.24127e-17)
(0.999963 0.00189408 2.23922e-17)
(1.00118 0.00042142 9.97223e-18)
(1.00057 0.0038382 -2.23385e-18)
(1.00194 0.00141802 -5.47766e-19)
(1.00175 0.00746876 2.91697e-17)
(1.00337 0.00369328 8.12165e-17)
(1.00404 0.0141761 7.86933e-17)
(1.00636 0.00861148 2.53524e-18)
(1.00866 0.0265838 5.55022e-17)
(1.01298 0.0189901 1.00924e-16)
(1.01808 0.0492796 4.49298e-17)
(1.02756 0.0401453 -5.60237e-17)
(1.03739 0.0880986 -1.55557e-17)
(1.05918 0.0799248 -9.11594e-18)
(1.0004 -0.000237762 1.33357e-17)
(0.999971 0.000909876 -1.1088e-18)
(1.00062 -0.000177584 1.39597e-17)
(1.00021 0.00199139 7.87048e-18)
(1.00109 0.000140151 5.18668e-18)
(1.00097 0.00392116 -4.79624e-18)
(1.00203 0.000995793 2.39055e-17)
(1.0024 0.00748581 -8.66607e-17)
(1.00383 0.00305803 2.22546e-17)
(1.00515 0.0139704 -5.67251e-17)
(1.00754 0.0076167 -1.48581e-17)
(1.01062 0.0257413 -5.51102e-18)
(1.01553 0.0174422 3.62646e-17)
(1.02162 0.0468429 9.20467e-18)
(1.03231 0.0376324 7.13293e-17)
(1.04346 0.0823695 1.37167e-17)
(1.06666 0.0754635 4.5054e-18)
(1.00028 -0.000335297 5.15262e-18)
(1.00008 0.000986805 -2.16578e-18)
(1.00052 -0.000347728 2.99407e-19)
(1.0004 0.00204861 1.18193e-18)
(1.00107 -0.00012222 6.28305e-18)
(1.00129 0.00393288 -6.26735e-18)
(1.00219 0.000611027 1.7476e-17)
(1.00295 0.00739967 -5.38718e-17)
(1.00433 0.00243654 8.16747e-17)
(1.00611 0.0135871 -7.05366e-18)
(1.00871 0.00659109 -9.37876e-19)
(1.0124 0.0245951 -2.30886e-17)
(1.01789 0.0157717 8.42131e-17)
(1.0249 0.0439636 1.5711e-17)
(1.03661 0.0348055 3.33171e-17)
(1.04913 0.0761975 4.40258e-19)
(1.07335 0.0704921 6.21488e-17)
(1.00018 -0.000422724 4.14715e-18)
(1.00015 0.00104109 -1.41991e-17)
(1.00046 -0.000508329 -5.73921e-18)
(1.00054 0.002072 -6.36081e-18)
(1.00108 -0.000389937 9.23479e-18)
(1.00155 0.00389425 -1.96558e-17)
(1.00238 0.000156035 2.21206e-17)
(1.0034 0.00721132 -1.06826e-16)
(1.00484 0.00172956 2.02288e-17)
(1.00694 0.0130407 -7.76475e-17)
(1.00979 0.00544849 -1.42476e-17)
(1.01398 0.0231878 -2.30318e-17)
(1.02001 0.0138817 2.9802e-17)
(1.02787 0.040719 -9.15577e-18)
(1.0404 0.0315905 6.63861e-17)
(1.05433 0.0695476 1.46197e-17)
(1.07919 0.0649584 9.9483e-18)
(1.00011 -0.000489466 1.67679e-17)
(1.00019 0.00106628 -8.21891e-17)
(1.00042 -0.000628913 -1.8659e-17)
(1.00065 0.00205308 -1.41275e-17)
(1.00112 -0.000582763 2.13767e-17)
(1.00174 0.00380183 -8.87508e-17)
(1.00256 -0.000118391 9.01231e-19)
(1.00377 0.00698121 -6.39209e-17)
(1.00529 0.00129232 7.4372e-17)
(1.00763 0.012482 -1.33647e-17)
(1.01072 0.00462492 -5.5327e-18)
(1.0153 0.0218639 -3.24671e-17)
(1.02181 0.012375 9.07091e-17)
(1.0304 0.0378945 -3.69541e-17)
(1.04355 0.0288633 -6.86476e-17)
(1.05882 0.0640901 -1.23536e-17)
(1.08401 0.0602024 -1.86805e-17)
(1.00007 -0.000582713 5.94074e-18)
(1.00022 0.00108048 -1.93654e-17)
(1.00041 -0.000812079 -6.98891e-18)
(1.00073 0.00196926 -7.72758e-18)
(1.00116 -0.000903947 1.00018e-17)
(1.00191 0.00354443 -2.56999e-17)
(1.00272 -0.000647289 2.39582e-17)
(1.00406 0.00641268 -1.17246e-16)
(1.00564 0.000323593 6.23008e-18)
(1.00812 0.0112477 -9.57856e-17)
(1.01143 0.00285784 -2.84345e-17)
(1.01626 0.0192016 -2.35749e-17)
(1.02318 0.00914918 1.65709e-17)
(1.03223 0.0324524 -1.83283e-19)
(1.04597 0.0231121 -1.76599e-17)
(1.06212 0.0537669 -4.497e-18)
(1.08764 0.0505434 -1.204e-17)
)
;

boundaryField
{
    inlet
    {
        type            uniformFixedValue;
        uniformValue    constant (1 0 0);
        value           uniform (1 0 0);
    }
    outlet
    {
        type            pressureInletOutletVelocity;
        value           nonuniform 0();
    }
    polygon
    {
        type            fixedValue;
        value           nonuniform 0();
    }
    top
    {
        type            symmetryPlane;
    }
    bottom
    {
        type            symmetryPlane;
    }
    outside
    {
        type            zeroGradient;
    }
    procBoundary56to41
    {
        type            processor;
        value           uniform (1.01999 0.200179 2.62721e-17);
    }
    procBoundary56to48
    {
        type            processor;
        value           nonuniform List<vector> 
18
(
(1.00308 0.0263248 1.00239e-16)
(0.985001 0.0507611 -3.14982e-17)
(0.999444 0.0517016 -9.50922e-17)
(0.986034 0.104933 -2.20445e-17)
(1.00091 0.0998746 -2.18449e-17)
(1.00235 0.000448647 1.81342e-17)
(0.997722 0.000111241 -1.70944e-17)
(1.0029 0.000952004 9.89152e-18)
(0.996938 0.000987566 1.38617e-19)
(1.00348 0.00180219 1.09555e-17)
(0.996169 0.0026345 -1.65751e-17)
(1.00399 0.00340438 1.39642e-17)
(0.995194 0.00591726 -9.29729e-17)
(1.00424 0.0065705 2.1558e-17)
(0.994046 0.012467 -6.03538e-17)
(1.00396 0.0128863 -1.46105e-17)
(0.992972 0.0256257 -1.04791e-17)
(0.992972 0.0256257 -1.04791e-17)
)
;
    }
    procBoundary56to49
    {
        type            processor;
        value           nonuniform List<vector> 5((1.03328 0.190283 6.16963e-18) (1.04517 0.179678 3.63318e-18) (1.05614 0.16867 6.25886e-17) (1.06643 0.157448 1.66935e-17) (1.0761 0.146093 4.75375e-18));
    }
    procBoundary56to57
    {
        type            processor;
        value           nonuniform List<vector> 5((1.08524 0.134731 1.77173e-17) (1.09375 0.123274 2.82218e-17) (1.10166 0.111443 2.97718e-17) (1.10858 0.102174 6.46113e-17) (1.11388 0.084985 1.63363e-17));
    }
}


// ************************************************************************* //
