/*--------------------------------*- C++ -*----------------------------------*\
  =========                 |
  \\      /  F ield         | OpenFOAM: The Open Source CFD Toolbox
   \\    /   O peration     | Website:  https://openfoam.org
    \\  /    A nd           | Version:  7
     \\/     M anipulation  |
\*---------------------------------------------------------------------------*/
FoamFile
{
    version     2.0;
    format      ascii;
    class       volVectorField;
    location    "36";
    object      U;
}
// * * * * * * * * * * * * * * * * * * * * * * * * * * * * * * * * * * * * * //

dimensions      [0 1 -1 0 0 0 0];

internalField   nonuniform List<vector> 
125
(
(-0.0157192 -0.111471 -3.79457e-19)
(-0.0105779 -0.105039 5.60217e-20)
(-0.00613206 -0.097946 1.625e-19)
(-0.00235287 -0.0904187 -9.87442e-19)
(0.000830148 -0.0826774 5.17692e-19)
(0.00351305 -0.0749264 8.46939e-21)
(0.00581322 -0.0673537 4.55704e-19)
(0.00787857 -0.0601274 4.49177e-19)
(0.00987105 -0.0533915 -1.21446e-18)
(0.0119591 -0.0472617 2.52687e-19)
(0.0143062 -0.0418222 2.39115e-19)
(0.0170601 -0.0371237 1.15765e-18)
(0.0388202 -0.130379 -1.33497e-18)
(0.0441588 -0.130462 -1.57284e-18)
(0.0489984 -0.128668 8.75554e-20)
(0.0532675 -0.125222 -6.19221e-19)
(0.0569244 -0.12037 -5.8491e-19)
(0.0599583 -0.114367 1.41812e-18)
(0.0623904 -0.107475 5.16591e-19)
(0.0642737 -0.0999497 -1.23493e-18)
(0.0656952 -0.092042 -3.54028e-19)
(0.0667832 -0.0839908 -3.55787e-19)
(0.0676908 -0.076028 -5.51727e-19)
(0.0685929 -0.0683565 7.77878e-19)
(0.0696813 -0.0611563 -1.51378e-18)
(0.0711466 -0.0545747 -2.58098e-18)
(0.0731666 -0.0487223 7.50019e-18)
(0.0758928 -0.0436696 2.56184e-19)
(0.0794416 -0.0394465 4.22972e-20)
(0.129512 -0.133363 5.51121e-19)
(0.132102 -0.133081 -1.12492e-18)
(0.134113 -0.130879 6.15959e-19)
(0.135529 -0.127004 -9.59193e-19)
(0.136372 -0.121725 -5.35043e-19)
(0.136695 -0.11532 -1.10549e-19)
(0.136589 -0.108073 8.2716e-19)
(0.136182 -0.100268 -7.88808e-19)
(0.135635 -0.0921796 -9.08174e-19)
(0.135147 -0.0840709 -1.98072e-18)
(0.134929 -0.0761882 2.29621e-21)
(0.135203 -0.0687435 -4.8871e-19)
(0.136178 -0.0619152 -4.90853e-18)
(0.138039 -0.055838 -3.58853e-17)
(0.140931 -0.0505999 5.43918e-17)
(0.144953 -0.0462421 2.12524e-20)
(0.150154 -0.0427618 1.44546e-19)
(0.219607 -0.134436 -1.50089e-20)
(0.219492 -0.133719 -5.36406e-19)
(0.218763 -0.131085 -1.78643e-19)
(0.217485 -0.126806 -4.80873e-19)
(0.21576 -0.121175 5.09386e-19)
(0.213731 -0.114498 -1.44698e-18)
(0.211578 -0.107087 9.90328e-20)
(0.209515 -0.0992502 7.84518e-19)
(0.207783 -0.0912852 -5.56223e-19)
(0.206633 -0.083468 -2.02734e-19)
(0.206311 -0.0760442 2.25293e-19)
(0.207037 -0.0692163 1.88815e-19)
(0.20899 -0.0631389 4.26793e-19)
(0.212296 -0.0579141 7.46983e-18)
(0.217025 -0.0535916 6.30613e-17)
(0.223187 -0.0501735 -2.36102e-18)
(0.230744 -0.0476212 8.79073e-19)
(0.307775 -0.133653 2.42106e-19)
(0.305179 -0.132474 1.06651e-18)
(0.302041 -0.129442 9.38946e-19)
(0.298524 -0.124857 -1.83352e-19)
(0.294833 -0.119042 1.41254e-19)
(0.291211 -0.112331 5.41618e-20)
(0.287929 -0.105059 -5.02581e-19)
(0.285271 -0.0975508 -1.01037e-18)
(0.283519 -0.0901087 -1.57974e-18)
(0.282934 -0.0829993 -6.53184e-19)
(0.283731 -0.0764441 -1.77425e-19)
(0.286071 -0.0706103 2.10048e-18)
(0.290048 -0.0656096 5.22728e-18)
(0.29569 -0.0614979 1.65331e-17)
(0.302966 -0.0582819 5.76524e-17)
(0.311796 -0.0559275 -4.63321e-18)
(0.322068 -0.0543697 2.41118e-18)
(0.393377 -0.131219 -8.44994e-19)
(0.388852 -0.129641 -7.79494e-19)
(0.384014 -0.126348 1.05249e-19)
(0.379136 -0.121672 -3.82304e-19)
(0.374522 -0.115963 -2.62108e-19)
(0.370493 -0.109573 7.71929e-19)
(0.367373 -0.102843 -1.24778e-18)
(0.365458 -0.0960911 3.642e-19)
(0.365008 -0.0895944 -1.84581e-18)
(0.36622 -0.083583 6.92996e-19)
(0.369221 -0.0782314 -5.9843e-19)
(0.374066 -0.0736555 9.42818e-19)
(0.38074 -0.0699168 2.65726e-18)
(0.389169 -0.0670282 8.53976e-18)
(0.399241 -0.0649634 1.23003e-17)
(0.410815 -0.0636667 -2.30366e-18)
(0.423741 -0.0630632 2.16657e-18)
(0.47696 -0.127606 -7.89558e-18)
(0.471478 -0.125813 -4.43345e-18)
(0.466075 -0.122524 -9.79922e-18)
(0.461107 -0.118094 -3.99086e-18)
(0.456935 -0.112878 -2.58331e-18)
(0.453897 -0.107224 -6.65617e-18)
(0.452293 -0.10145 -3.46699e-18)
(0.452363 -0.0958349 -9.55239e-18)
(0.454275 -0.0906083 -3.88469e-18)
(0.458118 -0.0859446 -1.80826e-18)
(0.463905 -0.0819629 -4.60752e-18)
(0.471584 -0.07873 2.63931e-18)
(0.481054 -0.076268 2.44129e-19)
(0.492178 -0.0745626 9.38552e-18)
(0.504804 -0.0735728 1.47584e-18)
(0.518775 -0.073239 -4.20892e-18)
(0.533944 -0.0734911 2.89194e-18)
(0.560428 -0.123595 -8.20762e-17)
(0.55528 -0.121887 -1.96545e-17)
(0.550678 -0.118956 -8.70964e-17)
(0.546995 -0.11515 -5.35514e-17)
(0.544571 -0.110809 -1.44333e-17)
(0.54369 -0.106239 -6.45946e-17)
(0.544564 -0.101713 -1.6267e-17)
(0.547327 -0.0974525 -7.18897e-17)
(0.552033 -0.0936285 -4.42981e-17)
(0.558666 -0.0903623 -1.08806e-17)
(0.567153 -0.0877281 -4.90272e-17)
)
;

boundaryField
{
    inlet
    {
        type            uniformFixedValue;
        uniformValue    constant (1 0 0);
        value           nonuniform 0();
    }
    outlet
    {
        type            pressureInletOutletVelocity;
        value           nonuniform 0();
    }
    polygon
    {
        type            fixedValue;
        value           nonuniform 0();
    }
    top
    {
        type            symmetryPlane;
    }
    bottom
    {
        type            symmetryPlane;
    }
    outside
    {
        type            zeroGradient;
    }
    procBoundary13to5
    {
        type            processor;
        value           nonuniform List<vector> 
18
(
(0.577379 -0.0857602 1.98981e-18)
(0.589204 -0.0844606 -2.43542e-17)
(0.602478 -0.0838064 6.00794e-17)
(0.617051 -0.0837569 1.28779e-17)
(0.632782 -0.08426 -4.74966e-17)
(0.649546 -0.0852568 6.29953e-18)
(0.64644 -0.120155 -2.45564e-17)
(0.64288 -0.118858 -1.06579e-17)
(0.64024 -0.116608 -2.60306e-17)
(0.638842 -0.113722 -1.08617e-17)
(0.638946 -0.110493 -8.22478e-18)
(0.640734 -0.107176 -1.7519e-17)
(0.644314 -0.103983 -7.26073e-18)
(0.64972 -0.101083 -1.92612e-17)
(0.656926 -0.0985979 -7.84365e-18)
(0.665857 -0.0966123 -4.1118e-18)
(0.577379 -0.0857602 1.98981e-18)
(0.676405 -0.0951748 -8.182e-18)
)
;
    }
    procBoundary13to6
    {
        type            processor;
        value           uniform (0.565736 -0.123733 -1.91291e-17);
    }
    procBoundary13to12
    {
        type            processor;
        value           nonuniform List<vector> 6((0.083889 -0.0360448 -3.77133e-19) (0.156535 -0.0401188 1.0761e-18) (0.239621 -0.0458656 3.21607e-18) (0.333651 -0.0535232 2.96851e-18) (0.437873 -0.0630676 1.99127e-18) (0.550177 -0.0742549 2.31576e-18));
    }
    procBoundary13to14
    {
        type            processor;
        value           nonuniform List<vector> 6((0.0330823 -0.128219 1.3582e-19) (0.126385 -0.131507 -3.49468e-19) (0.219083 -0.132995 -1.17392e-18) (0.309708 -0.132708 -4.16683e-19) (0.397357 -0.130782 -5.76294e-19) (0.482189 -0.127571 -4.37876e-18));
    }
    procBoundary13to20
    {
        type            processor;
        value           uniform (0.0203436 -0.0331833 -5.58346e-19);
    }
    procBoundary13to21
    {
        type            processor;
        value           nonuniform List<vector> 
18
(
(-0.0891119 -0.106616 -2.03457e-18)
(-0.0812789 -0.100708 -1.09681e-18)
(-0.0742338 -0.0941408 -2.1462e-18)
(-0.0679851 -0.087122 -2.57115e-18)
(-0.0625076 -0.0798543 -1.8994e-19)
(-0.0577491 -0.072517 -4.60856e-19)
(-0.0536357 -0.0652811 -3.2817e-19)
(-0.0500652 -0.0582985 -1.38916e-18)
(-0.046915 -0.0517011 -9.29818e-19)
(-0.0440466 -0.0455984 -6.40131e-19)
(-0.041313 -0.0400752 -1.03417e-18)
(-0.0385671 -0.03519 -7.7292e-19)
(-0.0508471 -0.125511 -1.09707e-18)
(-0.042809 -0.125873 3.4883e-19)
(-0.035174 -0.124436 4.24486e-19)
(-0.0280602 -0.121405 -6.09894e-19)
(-0.0215559 -0.117005 -6.0586e-19)
(-0.0215559 -0.117005 -6.0586e-19)
)
;
    }
}


// ************************************************************************* //
