/*--------------------------------*- C++ -*----------------------------------*\
  =========                 |
  \\      /  F ield         | OpenFOAM: The Open Source CFD Toolbox
   \\    /   O peration     | Website:  https://openfoam.org
    \\  /    A nd           | Version:  7
     \\/     M anipulation  |
\*---------------------------------------------------------------------------*/
FoamFile
{
    version     2.0;
    format      ascii;
    class       volVectorField;
    location    "60";
    object      U;
}
// * * * * * * * * * * * * * * * * * * * * * * * * * * * * * * * * * * * * * //

dimensions      [0 1 -1 0 0 0 0];

internalField   nonuniform List<vector> 
125
(
(0.460874 -0.0245622 -7.35112e-18)
(0.459036 -0.0255097 -3.0613e-19)
(0.457456 -0.0263889 -5.07109e-18)
(0.456182 -0.0272153 1.15438e-17)
(0.455263 -0.0280048 2.52126e-18)
(0.454746 -0.0287736 1.18812e-17)
(0.454683 -0.0295378 3.87515e-18)
(0.45512 -0.0303134 1.53704e-17)
(0.456106 -0.0311156 1.15559e-17)
(0.457685 -0.0319591 4.88343e-18)
(0.4599 -0.0328575 1.71694e-17)
(0.462792 -0.0338234 1.20764e-17)
(0.466396 -0.0348684 4.06693e-18)
(0.548187 -0.0195794 3.55556e-19)
(0.54632 -0.0209188 7.39181e-19)
(0.544646 -0.0221772 -1.12745e-18)
(0.543204 -0.0233688 -1.0464e-18)
(0.542038 -0.0245092 6.15356e-20)
(0.541194 -0.0256143 5.11889e-20)
(0.540718 -0.0267007 2.84132e-18)
(0.540658 -0.0277848 1.12065e-18)
(0.541062 -0.0288827 3.15864e-18)
(0.541977 -0.03001 1.62549e-18)
(0.543447 -0.0311814 3.7755e-18)
(0.545517 -0.0324109 2.63814e-18)
(0.548227 -0.0337112 2.43629e-18)
(0.551615 -0.0350937 4.48016e-18)
(0.555715 -0.0365685 2.35266e-18)
(0.560558 -0.0381442 1.55683e-18)
(0.632119 -0.0184198 1.58347e-18)
(0.630989 -0.0199002 2.14337e-19)
(0.63009 -0.0213272 3.15212e-19)
(0.629463 -0.0227171 1.69586e-19)
(0.62915 -0.0240869 1.75975e-19)
(0.629193 -0.0254538 1.89625e-19)
(0.629638 -0.0268346 8.21891e-19)
(0.63053 -0.028246 3.34879e-19)
(0.631912 -0.0297034 8.12605e-19)
(0.633828 -0.0312215 6.6416e-19)
(0.636319 -0.0328138 7.78141e-19)
(0.639425 -0.0344923 6.63499e-19)
(0.643183 -0.0362677 5.48803e-19)
(0.647625 -0.0381489 1.13409e-18)
(0.652781 -0.0401435 6.28627e-19)
(0.658678 -0.0422575 4.3831e-19)
(0.717746 -0.0178374 1.32823e-18)
(0.71753 -0.019479 1.35585e-18)
(0.717557 -0.0210931 2.04897e-18)
(0.717866 -0.0226979 1.50702e-18)
(0.718495 -0.0243119 1.32684e-18)
(0.719484 -0.0259529 6.78287e-19)
(0.720874 -0.0276384 -2.82536e-20)
(0.722707 -0.0293846 2.36661e-19)
(0.725023 -0.0312065 2.24246e-19)
(0.727862 -0.0331178 1.4995e-19)
(0.731261 -0.0351305 -1.75781e-19)
(0.735256 -0.0372549 3.25013e-19)
(0.73988 -0.0394994 1.62434e-19)
(0.745162 -0.0418707 1.27563e-19)
(0.751128 -0.0443738 2.0797e-19)
(0.757801 -0.0470117 3.21139e-19)
(0.80185 -0.0179582 1.84373e-18)
(0.802679 -0.0197635 5.26469e-18)
(0.803739 -0.0215641 1.06922e-17)
(0.805062 -0.0233805 8.8007e-18)
(0.806683 -0.0252322 9.06727e-18)
(0.808637 -0.0271385 5.25933e-18)
(0.810963 -0.0291167 -8.20469e-19)
(0.813697 -0.0311833 5.47524e-19)
(0.816875 -0.0333526 1.47733e-19)
(0.820533 -0.0356375 4.99073e-19)
(0.824705 -0.0380485 -1.97762e-19)
(0.829422 -0.0405942 3.02169e-19)
(0.834714 -0.043281 2.73478e-19)
(0.840605 -0.0461133 1.94917e-19)
(0.847119 -0.049093 4.69093e-19)
(0.854273 -0.0522203 1.97957e-19)
(0.879157 -0.0190543 -5.23905e-18)
(0.881148 -0.0209984 1.70032e-18)
(0.883341 -0.022962 -1.99833e-18)
(0.88576 -0.0249665 -6.09857e-18)
(0.88844 -0.0270319 2.35619e-19)
(0.89141 -0.0291774 -6.65465e-18)
(0.894702 -0.0314205 3.86369e-18)
(0.898348 -0.0337769 1.0856e-18)
(0.90238 -0.0362601 1.16238e-18)
(0.906826 -0.0388816 1.89047e-18)
(0.911716 -0.0416504 2.75594e-19)
(0.917074 -0.0445731 1.74127e-18)
(0.922925 -0.0476537 1.45057e-18)
(0.929288 -0.0508939 9.68537e-19)
(0.936181 -0.0542928 1.93841e-18)
(0.943615 -0.0578473 1.58263e-18)
(0.94188 -0.0201558 -1.4497e-18)
(0.945082 -0.0222137 -9.97675e-19)
(0.948462 -0.0243027 -1.83957e-18)
(0.952041 -0.0264463 -3.82878e-19)
(0.955848 -0.0286662 6.01471e-19)
(0.959908 -0.0309827 2.86923e-18)
(0.964247 -0.0334138 6.34365e-18)
(0.968892 -0.0359758 1.13536e-17)
(0.973865 -0.0386822 2.83625e-18)
(0.979189 -0.0415442 1.19189e-17)
(0.984884 -0.0445702 -1.44526e-19)
(0.990968 -0.0477659 7.52361e-18)
(0.997454 -0.0511341 1.17606e-17)
(1.00436 -0.0546749 9.07834e-19)
(1.01168 -0.0583857 9.42336e-18)
(1.01943 -0.0622609 1.41794e-17)
(0.979367 -0.0244835 -3.15571e-18)
(0.983569 -0.0266993 -5.41146e-18)
(0.987945 -0.0289739 -9.28282e-18)
(0.992513 -0.0313307 -9.08738e-19)
(0.997301 -0.033791 -7.90044e-18)
(1.00233 -0.0363737 5.42498e-18)
(1.00763 -0.0390951 1.46029e-18)
(1.01321 -0.0419688 3.33318e-18)
(1.0191 -0.0450059 1.34686e-18)
(1.02531 -0.048214 2.80459e-18)
(1.03186 -0.0515982 8.05915e-19)
(1.03874 -0.0551601 3.16895e-18)
(1.04598 -0.0588984 2.63804e-18)
(1.05357 -0.0628088 1.88039e-18)
(1.06151 -0.0668841 3.8993e-18)
(1.06979 -0.0711142 3.45666e-18)
)
;

boundaryField
{
    inlet
    {
        type            uniformFixedValue;
        uniformValue    constant (1 0 0);
        value           nonuniform 0();
    }
    outlet
    {
        type            pressureInletOutletVelocity;
        value           nonuniform 0();
    }
    polygon
    {
        type            fixedValue;
        value           nonuniform 0();
    }
    top
    {
        type            symmetryPlane;
    }
    bottom
    {
        type            symmetryPlane;
    }
    outside
    {
        type            zeroGradient;
    }
    procBoundary6to5
    {
        type            processor;
        value           nonuniform List<vector> 7((0.56617 -0.0398282 3.59162e-18) (0.665336 -0.044495 7.93877e-19) (0.765198 -0.0497858 1.68204e-19) (0.86208 -0.0554934 1.78954e-19) (0.951598 -0.0615522 8.66995e-19) (1.0276 -0.0662928 3.63628e-18) (1.0784 -0.0754867 2.25909e-18));
    }
    procBoundary6to7
    {
        type            processor;
        value           nonuniform List<vector> 7((0.55021 -0.0181464 -1.76569e-18) (0.633446 -0.0168707 -5.19933e-18) (0.718173 -0.0161509 -3.29025e-19) (0.80122 -0.0161283 5.25993e-19) (0.877338 -0.0171086 -2.47842e-18) (0.938828 -0.0181053 -1.20962e-18) (0.975307 -0.0223014 -1.94086e-18));
    }
    procBoundary6to13
    {
        type            processor;
        value           uniform (0.470744 -0.0360025 1.59734e-17);
    }
    procBoundary6to14
    {
        type            processor;
        value           nonuniform List<vector> 
17
(
(0.382966 -0.0261257 -8.44566e-19)
(0.38073 -0.0269319 4.02939e-19)
(0.378674 -0.0276381 -1.9124e-19)
(0.376843 -0.0282582 2.28449e-18)
(0.375282 -0.0288069 8.20328e-19)
(0.374039 -0.0292999 2.20387e-18)
(0.373162 -0.0297531 1.28523e-18)
(0.372701 -0.0301827 3.25145e-18)
(0.372704 -0.0306049 1.83676e-18)
(0.373219 -0.0310356 1.57928e-18)
(0.374292 -0.0314902 3.51851e-18)
(0.37597 -0.0319835 1.9926e-18)
(0.378292 -0.0325292 9.96864e-19)
(0.467511 -0.0211703 -2.73599e-18)
(0.465152 -0.0224051 5.85832e-18)
(0.462927 -0.0235318 -3.61101e-18)
(0.462927 -0.0235318 -3.61101e-18)
)
;
    }
}


// ************************************************************************* //
