/*--------------------------------*- C++ -*----------------------------------*\
  =========                 |
  \\      /  F ield         | OpenFOAM: The Open Source CFD Toolbox
   \\    /   O peration     | Website:  https://openfoam.org
    \\  /    A nd           | Version:  7
     \\/     M anipulation  |
\*---------------------------------------------------------------------------*/
FoamFile
{
    version     2.0;
    format      ascii;
    class       volVectorField;
    location    "80";
    object      U;
}
// * * * * * * * * * * * * * * * * * * * * * * * * * * * * * * * * * * * * * //

dimensions      [0 1 -1 0 0 0 0];

internalField   nonuniform List<vector> 
115
(
(-0.229435 -5.08333e-05 -8.66693e-19)
(-0.229482 -5.31029e-05 1.13764e-18)
(-0.229526 -5.02954e-05 2.80546e-18)
(-0.229558 -4.1566e-05 -4.6942e-19)
(-0.22957 -2.31874e-05 -5.28621e-18)
(-0.229553 2.61139e-06 -3.93128e-18)
(-0.229495 3.08192e-05 -2.09864e-18)
(-0.229382 6.55234e-05 -6.37394e-18)
(-0.229206 0.000108921 1.70856e-18)
(-0.22895 0.000161879 -8.03027e-19)
(-0.2286 0.000225565 -3.92988e-18)
(-0.228137 0.000301481 -2.3425e-19)
(-0.227541 0.00039151 8.97e-19)
(-0.226788 0.000497962 -1.96772e-18)
(-0.225851 0.000623702 -1.02818e-18)
(-0.224696 0.000772297 3.84783e-19)
(-0.223286 0.000948196 -1.06449e-17)
(-0.231529 -4.4194e-05 -9.70423e-18)
(-0.231632 -4.54457e-05 3.4428e-18)
(-0.231736 -4.43398e-05 2.25438e-18)
(-0.231832 -4.15034e-05 3.91633e-19)
(-0.23191 -3.82876e-05 -6.96541e-19)
(-0.231961 -3.29699e-05 -6.82645e-18)
(-0.231974 -2.24743e-05 -1.69215e-18)
(-0.231937 -1.15915e-05 -1.47382e-18)
(-0.231837 1.90745e-06 -5.64859e-18)
(-0.219105 2.21277e-06 -2.02434e-18)
(-0.218865 5.15757e-06 5.48271e-18)
(-0.218608 2.09762e-05 1.23705e-18)
(-0.218321 5.0591e-05 1.45156e-18)
(-0.217998 8.9699e-05 8.39266e-18)
(-0.217632 0.000142765 8.26838e-18)
(-0.217211 0.000214341 8.2775e-18)
(-0.216723 0.000303224 6.33184e-18)
(-0.216157 0.000411181 1.98333e-18)
(-0.215498 0.000540715 1.15119e-17)
(-0.214734 0.00069474 1.09463e-17)
(-0.213846 0.000876753 5.3061e-18)
(-0.212815 0.00109109 6.09564e-18)
(-0.21162 0.00134299 -1.87961e-19)
(-0.210236 0.00163897 -2.83378e-18)
(-0.208632 0.00198706 -8.11416e-19)
(-0.206775 0.00239726 -4.86514e-18)
(-0.225273 -8.56126e-05 -5.73952e-18)
(-0.225205 -8.77713e-05 1.34961e-18)
(-0.225128 -7.95756e-05 6.16869e-18)
(-0.225036 -6.09795e-05 -3.68901e-18)
(-0.224918 -3.62937e-05 2.32047e-19)
(-0.22476 -1.78093e-07 -3.67882e-18)
(-0.224555 4.46761e-05 -3.83417e-18)
(-0.224294 0.000102994 -3.22816e-19)
(-0.223962 0.000175588 -4.56998e-18)
(-0.223546 0.000263929 2.72884e-18)
(-0.223031 0.00037011 -3.48098e-18)
(-0.222399 0.000496689 1.12022e-18)
(-0.221631 0.000646838 2.62327e-18)
(-0.220702 0.000824429 -6.91069e-18)
(-0.219587 0.00103425 -1.82259e-18)
(-0.218254 0.00128223 -6.85044e-18)
(-0.216666 0.00157578 -1.21797e-17)
(-0.201122 0.000330613 -3.88289e-19)
(-0.20035 0.000356245 1.18406e-19)
(-0.199531 0.000401236 1.71582e-18)
(-0.198659 0.000465951 9.47657e-18)
(-0.197723 0.000550798 5.36269e-18)
(-0.196715 0.000657663 4.68248e-18)
(-0.195625 0.000789484 4.6653e-18)
(-0.194443 0.000947963 6.24292e-18)
(-0.193158 0.00113588 5.65982e-18)
(-0.191756 0.00135678 1.37964e-17)
(-0.190225 0.001615 1.50252e-17)
(-0.18855 0.0019158 7.43882e-18)
(-0.186713 0.00226563 1.76177e-17)
(-0.184697 0.00267228 4.15741e-18)
(-0.182479 0.00314533 1.09773e-18)
(-0.180037 0.00369655 -2.38291e-18)
(-0.211012 9.55405e-05 -7.35826e-19)
(-0.210536 0.000105424 1.79061e-18)
(-0.210031 0.000129763 -3.87535e-18)
(-0.209487 0.00016939 8.17264e-18)
(-0.208895 0.000228458 1.03894e-17)
(-0.208245 0.000306243 1.04506e-17)
(-0.207528 0.000403623 1.09525e-17)
(-0.206734 0.000522695 -6.65405e-19)
(-0.205851 0.000666165 8.04917e-18)
(-0.204865 0.000837043 1.44769e-17)
(-0.203762 0.00103899 1.59525e-17)
(-0.202527 0.00127645 1.17175e-17)
(-0.201142 0.00155493 1.49991e-17)
(-0.199586 0.00188108 3.02447e-18)
(-0.197835 0.0022631 -7.17685e-18)
(-0.195863 0.00271112 5.3168e-18)
(-0.158614 0.00273655 9.95133e-18)
(-0.155935 0.00311641 4.40405e-18)
(-0.153076 0.00355224 1.0876e-17)
(-0.150024 0.00405236 1.57253e-17)
(-0.146764 0.00462662 2.94251e-18)
(-0.14328 0.00528715 4.15666e-18)
(-0.139554 0.00604879 3.60724e-18)
(-0.189566 0.000627162 -4.23817e-20)
(-0.188431 0.000671283 -1.52835e-18)
(-0.187232 0.000737112 -5.26008e-18)
(-0.18596 0.000825645 5.59686e-18)
(-0.184606 0.000938759 3.21404e-18)
(-0.183162 0.00107778 2.07538e-18)
(-0.181617 0.00124497 2.18228e-18)
(-0.179962 0.00144271 2.42849e-18)
(-0.178185 0.00167436 6.97813e-18)
(-0.176276 0.001944 8.71666e-18)
(-0.17422 0.00225656 7.43506e-18)
(-0.172004 0.002618 7.08958e-18)
(-0.169614 0.0030357 1.79093e-17)
(-0.167031 0.00351846 4.08122e-18)
(-0.164237 0.00407714 9.08265e-18)
(-0.161212 0.00472506 7.9803e-18)
)
;

boundaryField
{
    inlet
    {
        type            uniformFixedValue;
        uniformValue    constant (1 0 0);
        value           nonuniform 0();
    }
    outlet
    {
        type            pressureInletOutletVelocity;
        value           nonuniform 0();
    }
    polygon
    {
        type            fixedValue;
        value           nonuniform 0();
    }
    top
    {
        type            symmetryPlane;
    }
    bottom
    {
        type            symmetryPlane;
    }
    outside
    {
        type            zeroGradient;
    }
    procBoundary35to27
    {
        type            processor;
        value           nonuniform List<vector> 
18
(
(-0.231661 1.86659e-05 -6.50781e-18)
(-0.231392 3.9081e-05 -8.85963e-18)
(-0.231013 6.36597e-05 -8.71268e-19)
(-0.230503 9.30477e-05 9.29092e-19)
(-0.229838 0.000128042 -2.27092e-19)
(-0.228988 0.000169634 -4.54148e-19)
(-0.227922 0.00021906 8.41024e-18)
(-0.2266 0.000277864 -7.95298e-19)
(-0.231529 3.98879e-05 -1.38847e-17)
(-0.231632 4.19259e-05 -9.98246e-19)
(-0.231736 4.16686e-05 3.12234e-18)
(-0.231832 3.97962e-05 1.16212e-18)
(-0.23191 3.74859e-05 2.40847e-18)
(-0.231961 3.31083e-05 -1.4559e-18)
(-0.231974 2.34864e-05 -5.52077e-19)
(-0.231937 1.34348e-05 1.52554e-18)
(-0.231661 1.86659e-05 -6.50781e-18)
(-0.231837 6.67427e-07 -1.47118e-18)
)
;
    }
    procBoundary35to34
    {
        type            processor;
        value           nonuniform List<vector> 6((-0.221573 0.00115701 -5.25852e-18) (-0.204623 0.00288214 -3.48987e-18) (-0.193638 0.00323773 -3.7415e-18) (-0.214779 0.0019242 -3.88968e-18) (-0.177342 0.00434053 -9.78621e-18) (-0.193638 0.00323773 -3.7415e-18));
    }
    procBoundary35to36
    {
        type            processor;
        value           nonuniform List<vector> 7((-0.229394 -4.35922e-05 -6.36696e-18) (-0.231435 -4.05867e-05 -3.87436e-18) (-0.219335 1.1785e-05 8.21249e-19) (-0.225341 -7.3167e-05 -7.76103e-19) (-0.201857 0.000323744 9.43138e-20) (-0.211465 9.98242e-05 6.01453e-19) (-0.190645 0.000604111 -1.35002e-19));
    }
    procBoundary35to42
    {
        type            processor;
        value           nonuniform List<vector> 2((-0.135568 0.00692976 -6.03059e-19) (-0.157933 0.0054787 -2.81819e-18));
    }
    procBoundary35to43
    {
        type            processor;
        value           nonuniform List<vector> 
17
(
(-0.176546 0.00103481 4.28595e-19)
(-0.174983 0.00110674 -5.5272e-18)
(-0.173334 0.00120383 -1.94464e-18)
(-0.17159 0.00132701 8.19215e-18)
(-0.169742 0.00147778 2.12201e-18)
(-0.167782 0.0016581 1.10187e-18)
(-0.165699 0.00187087 8.98979e-19)
(-0.163484 0.00211888 1.09024e-18)
(-0.161126 0.00240591 -3.63882e-18)
(-0.161126 0.00240591 -3.63882e-18)
(-0.130739 0.00446897 2.03233e-18)
(-0.127162 0.00496106 9.85683e-19)
(-0.123381 0.00551694 2.75752e-18)
(-0.119384 0.00614548 4.04687e-18)
(-0.11516 0.00685693 1.31533e-18)
(-0.110696 0.00766398 1.25909e-18)
(-0.105981 0.00858186 7.52322e-19)
)
;
    }
}


// ************************************************************************* //
