/*--------------------------------*- C++ -*----------------------------------*\
  =========                 |
  \\      /  F ield         | OpenFOAM: The Open Source CFD Toolbox
   \\    /   O peration     | Website:  https://openfoam.org
    \\  /    A nd           | Version:  7
     \\/     M anipulation  |
\*---------------------------------------------------------------------------*/
FoamFile
{
    version     2.0;
    format      ascii;
    class       volVectorField;
    location    "102";
    object      U;
}
// * * * * * * * * * * * * * * * * * * * * * * * * * * * * * * * * * * * * * //

dimensions      [0 1 -1 0 0 0 0];

internalField   nonuniform List<vector> 
175
(
(-0.227256 -0.00491973 -2.51757e-18)
(-0.22728 -0.00464178 -3.40535e-18)
(-0.227276 -0.0042575 -4.98807e-18)
(-0.227234 -0.0037758 -2.4174e-18)
(-0.22714 -0.00321455 -4.77353e-18)
(-0.226982 -0.0025863 -4.41534e-18)
(-0.226741 -0.00191379 -5.78321e-20)
(-0.226402 -0.00121792 3.47666e-18)
(-0.225944 -0.000522442 -3.20903e-18)
(-0.225347 0.000152941 2.77622e-18)
(-0.224576 0.000788064 -5.29112e-18)
(-0.223605 0.00135173 -5.93348e-18)
(-0.222389 0.00182882 -5.17682e-18)
(-0.2209 0.00220427 -4.41487e-19)
(-0.219052 0.00246756 -5.49882e-19)
(-0.216832 0.0026112 -4.26644e-18)
(-0.214063 0.00263397 7.39035e-18)
(-0.210801 0.00253649 4.60098e-18)
(-0.206642 0.00232784 3.64593e-18)
(-0.226922 -0.00490615 -2.84463e-18)
(-0.226929 -0.00462892 -2.30194e-18)
(-0.226909 -0.00424731 -3.16629e-18)
(-0.22685 -0.00377071 8.46961e-19)
(-0.226742 -0.0032169 -3.42543e-18)
(-0.226571 -0.00259935 -3.36386e-18)
(-0.226318 -0.00194102 -3.2605e-18)
(-0.225969 -0.0012634 3.77209e-18)
(-0.225502 -0.000590868 -1.53055e-18)
(-0.224895 4.91636e-05 -2.25637e-19)
(-0.224117 0.000659493 -7.53631e-18)
(-0.22314 0.00118585 -3.00434e-18)
(-0.221918 0.00161778 -3.10078e-18)
(-0.220424 0.00193839 -5.84732e-19)
(-0.218569 0.00213662 -4.32135e-19)
(-0.216343 0.00220101 -2.2595e-18)
(-0.213567 0.0021304 8.15338e-18)
(-0.210297 0.00191664 5.53191e-18)
(-0.226267 -0.00490333 -3.76381e-18)
(-0.226246 -0.00462686 -1.59627e-18)
(-0.226199 -0.00424786 -1.85055e-18)
(-0.226114 -0.00377621 9.86082e-19)
(-0.225979 -0.00322957 -3.0662e-18)
(-0.225782 -0.00262229 -2.66933e-18)
(-0.225506 -0.00197739 -6.72744e-18)
(-0.225134 -0.00131681 5.00931e-18)
(-0.224645 -0.000664952 -4.01411e-19)
(-0.224015 -5.04942e-05 -3.07464e-18)
(-0.223213 0.000524666 -1.13742e-17)
(-0.222218 0.00101208 -2.30925e-19)
(-0.220975 0.00139783 -1.53194e-18)
(-0.21946 0.00166287 -5.3167e-19)
(-0.217585 0.00179555 -5.11121e-19)
(-0.215338 0.00178043 -6.40396e-19)
(-0.212543 0.00161644 1.0693e-17)
(-0.209254 0.00128607 7.42814e-18)
(-0.225288 -0.00490426 -1.99461e-18)
(-0.225229 -0.00462876 -9.93101e-19)
(-0.225144 -0.00425254 -7.39536e-19)
(-0.225021 -0.00378592 1.50202e-18)
(-0.224849 -0.00324651 -3.30996e-18)
(-0.224615 -0.00264948 -2.402e-18)
(-0.224302 -0.00201797 -3.8863e-18)
(-0.223893 -0.00137441 3.99753e-18)
(-0.223369 -0.000743596 3.54069e-19)
(-0.222702 -0.000149539 -6.66795e-18)
(-0.221866 0.000385631 -9.17696e-18)
(-0.220835 0.000834083 -9.42438e-19)
(-0.219557 0.00117366 -1.95569e-19)
(-0.218008 0.00138307 -8.10481e-19)
(-0.216099 0.00145003 -4.30621e-19)
(-0.213817 0.00135532 1.00543e-18)
(-0.21099 0.0010972 1.08002e-17)
(-0.20767 0.000648265 5.45299e-18)
(-0.223984 -0.0049114 -5.82833e-19)
(-0.223877 -0.00463705 -4.90042e-19)
(-0.223744 -0.00426375 2.68002e-19)
(-0.223572 -0.00380227 2.34921e-18)
(-0.223351 -0.00327023 -8.42803e-19)
(-0.223067 -0.00268356 -2.36262e-18)
(-0.222704 -0.00206559 -1.61696e-18)
(-0.222246 -0.00143925 3.92255e-18)
(-0.221672 -0.000829854 6.71752e-19)
(-0.220956 -0.000261965 -3.71225e-18)
(-0.220069 0.000237591 -8.19313e-18)
(-0.218989 0.000647962 -1.29421e-18)
(-0.217662 0.000941256 -2.9738e-18)
(-0.216063 0.00109487 -1.11827e-18)
(-0.214105 0.00109599 -5.44931e-19)
(-0.211775 0.000920891 2.70215e-18)
(-0.208904 0.000566681 8.58462e-18)
(-0.205541 3.38446e-06 3.71976e-18)
(-0.222351 -0.0049272 7.33988e-19)
(-0.222187 -0.00465422 -8.72991e-20)
(-0.221994 -0.00428402 -2.06754e-18)
(-0.221762 -0.00382784 3.78031e-18)
(-0.221479 -0.00330332 -2.33985e-18)
(-0.221134 -0.00272717 8.50267e-19)
(-0.220709 -0.00212287 -3.34391e-18)
(-0.220188 -0.00151395 1.06617e-18)
(-0.219551 -0.000926151 9.62442e-19)
(-0.218771 -0.000384817 -5.62e-18)
(-0.21782 7.44311e-05 -4.8982e-18)
(-0.216675 0.000450784 -1.57202e-18)
(-0.215284 0.000697924 -6.33382e-18)
(-0.21362 0.00079523 -1.4338e-18)
(-0.2116 0.000729771 -3.9091e-19)
(-0.209208 0.000472153 4.98834e-18)
(-0.206279 2.59632e-05 3.44311e-18)
(-0.20286 -0.000645909 2.15617e-18)
(-0.220387 -0.00495329 2.27028e-18)
(-0.220154 -0.00468194 1.66838e-19)
(-0.219891 -0.00431508 -1.5001e-18)
(-0.219587 -0.00386438 6.05889e-18)
(-0.219232 -0.00334759 -7.88231e-19)
(-0.218812 -0.00278211 6.51065e-19)
(-0.218312 -0.00219167 -2.06857e-18)
(-0.217715 -0.00160037 2.5182e-18)
(-0.217 -0.00103442 1.34669e-18)
(-0.216143 -0.000519936 -4.85309e-18)
(-0.215113 -9.3782e-05 -2.19129e-18)
(-0.213887 0.000237175 -1.67028e-18)
(-0.212417 0.000440824 -6.74145e-18)
(-0.210674 0.000480955 -1.84217e-18)
(-0.208576 0.000345565 -6.22274e-19)
(-0.206107 1.17891e-05 3.7971e-18)
(-0.203106 -0.000520943 -1.11168e-18)
(-0.19962 -0.00130627 9.7181e-19)
(-0.218088 -0.00499214 4.2248e-18)
(-0.217776 -0.00472286 4.34674e-19)
(-0.217431 -0.00435971 -1.1278e-18)
(-0.217044 -0.00391481 6.17571e-18)
(-0.216603 -0.003406 1.36343e-19)
(-0.216096 -0.00285138 5.8266e-19)
(-0.215507 -0.00227491 -1.10019e-18)
(-0.21482 -0.00170128 4.59184e-18)
(-0.214013 -0.00115721 1.96917e-18)
(-0.213064 -0.000669699 -1.13533e-18)
(-0.21194 -0.000270176 6.44513e-19)
(-0.210618 1.09268e-05 -1.7797e-18)
(-0.209054 0.000157983 -8.43696e-18)
(-0.207216 0.000145182 -1.86829e-18)
(-0.205024 -4.95914e-05 -6.53173e-19)
(-0.202462 -0.000457296 3.20986e-18)
(-0.199377 -0.00108206 -1.74758e-18)
(-0.195812 -0.00198402 7.78565e-20)
(-0.215448 -0.00504745 7.32653e-18)
(-0.215046 -0.00478114 3.82627e-19)
(-0.214608 -0.00442257 -9.71716e-19)
(-0.214125 -0.00398427 4.08696e-18)
(-0.213587 -0.00348418 7.55648e-19)
(-0.212979 -0.00294106 6.0446e-19)
(-0.212288 -0.0023791 -4.51548e-19)
(-0.211497 -0.00182354 7.70727e-18)
(-0.210584 -0.00130151 2.57482e-18)
(-0.209527 -0.000840916 2.27307e-18)
(-0.208294 -0.000472924 -6.69691e-19)
(-0.206863 -0.00022866 -2.73645e-18)
(-0.205186 -0.000132948 -7.22075e-18)
(-0.203235 -0.000201964 -6.22868e-18)
(-0.200934 -0.000458266 -6.10232e-19)
(-0.198265 -0.000946018 3.68215e-18)
(-0.195082 -0.00166539 -2.63624e-18)
(-0.191426 -0.00267941 -7.3921e-19)
(-0.212463 -0.00511408 5.80743e-18)
(-0.211959 -0.00485124 -1.97487e-20)
(-0.211417 -0.00449783 2.4558e-18)
(-0.210826 -0.0040668 2.97944e-18)
(-0.210176 -0.00357632 1.31296e-18)
(-0.209455 -0.00304577 6.97428e-19)
(-0.208648 -0.00249966 1.3295e-19)
(-0.207737 -0.0019638 4.89558e-18)
(-0.206703 -0.00146574 3.25266e-18)
(-0.205522 -0.00103414 1.95749e-18)
(-0.204165 -0.000699876 -2.21047e-18)
(-0.202606 -0.000493207 -4.32066e-18)
)
;

boundaryField
{
    inlet
    {
        type            uniformFixedValue;
        uniformValue    constant (1 0 0);
        value           nonuniform 0();
    }
    outlet
    {
        type            pressureInletOutletVelocity;
        value           nonuniform 0();
    }
    polygon
    {
        type            fixedValue;
        value           nonuniform 0();
    }
    top
    {
        type            symmetryPlane;
    }
    bottom
    {
        type            symmetryPlane;
    }
    outside
    {
        type            zeroGradient;
    }
    procBoundary27to19
    {
        type            processor;
        value           nonuniform List<vector> 
19
(
(-0.209281 -0.00516211 2.61922e-18)
(-0.208667 -0.00489878 -7.23425e-19)
(-0.208011 -0.00454659 2.94124e-18)
(-0.207302 -0.00411904 2.31214e-18)
(-0.20653 -0.00363469 1.96636e-18)
(-0.205684 -0.00311371 7.91392e-19)
(-0.204747 -0.00258109 7.18792e-19)
(-0.203705 -0.00206335 3.22238e-18)
(-0.202536 -0.00158864 4.1867e-18)
(-0.201217 -0.00118648 1.93172e-18)
(-0.199718 -0.00088762 -3.93172e-19)
(-0.198017 -0.000722628 -2.52514e-18)
(-0.200802 -0.000435444 -7.57121e-18)
(-0.198723 -0.000561235 -7.09155e-18)
(-0.196296 -0.000886103 -2.78997e-19)
(-0.193504 -0.00145067 4.79432e-18)
(-0.190209 -0.00225852 -4.29969e-20)
(-0.186446 -0.00337964 -1.62693e-18)
(-0.200802 -0.000435444 -7.57121e-18)
)
;
    }
    procBoundary27to26
    {
        type            processor;
        value           nonuniform List<vector> 10((-0.201871 0.0020144 3.37992e-18) (-0.206132 0.00157077 7.52235e-18) (-0.206132 0.00157077 7.52235e-18) (-0.205075 0.000802515 7.76728e-18) (-0.203468 3.02085e-05 4.33823e-18) (-0.201306 -0.000745135 1.47097e-18) (-0.198584 -0.00152875 -1.11144e-18) (-0.195295 -0.00232554 -3.77271e-18) (-0.191429 -0.00313647 -2.84544e-18) (-0.186973 -0.00396075 -2.44178e-18));
    }
    procBoundary27to28
    {
        type            processor;
        value           nonuniform List<vector> 10((-0.227215 -0.00508275 -1.32752e-18) (-0.226899 -0.0050703 -1.13337e-18) (-0.226271 -0.00506848 -8.89409e-19) (-0.22533 -0.00507013 -7.69406e-19) (-0.224072 -0.00507778 -7.34641e-19) (-0.222496 -0.00509383 -7.17938e-19) (-0.220599 -0.00511984 -7.06869e-19) (-0.218376 -0.00515811 -3.68799e-18) (-0.215823 -0.00521189 -7.36713e-18) (-0.212935 -0.00527653 -6.03606e-18));
    }
    procBoundary27to35
    {
        type            processor;
        value           nonuniform List<vector> 
19
(
(-0.227268 -0.00496132 -2.57623e-18)
(-0.227299 -0.00468079 -5.10322e-18)
(-0.227302 -0.00429205 -7.61209e-18)
(-0.227263 -0.00380356 -5.85359e-18)
(-0.227172 -0.00323336 -6.72277e-18)
(-0.227016 -0.00259298 -6.0062e-18)
(-0.226774 -0.00190494 -4.03283e-19)
(-0.226433 -0.0011891 3.94102e-18)
(-0.225971 -0.00046674 -5.78998e-18)
(-0.225369 0.000240251 2.33693e-18)
(-0.224591 0.00089625 -4.59047e-18)
(-0.223612 0.0014926 -5.49864e-18)
(-0.222388 0.00201081 -8.07009e-18)
(-0.220891 0.00243703 -1.25685e-20)
(-0.219035 0.0027616 -7.19294e-19)
(-0.216809 0.00298059 -6.82782e-18)
(-0.214034 0.00309385 3.8505e-18)
(-0.210767 0.0031094 4.22503e-18)
(-0.206605 0.00303698 1.8447e-19)
)
;
    }
}


// ************************************************************************* //
