/*--------------------------------*- C++ -*----------------------------------*\
  =========                 |
  \\      /  F ield         | OpenFOAM: The Open Source CFD Toolbox
   \\    /   O peration     | Website:  https://openfoam.org
    \\  /    A nd           | Version:  7
     \\/     M anipulation  |
\*---------------------------------------------------------------------------*/
FoamFile
{
    version     2.0;
    format      ascii;
    class       volVectorField;
    location    "26";
    object      U;
}
// * * * * * * * * * * * * * * * * * * * * * * * * * * * * * * * * * * * * * //

dimensions      [0 1 -1 0 0 0 0];

internalField   nonuniform List<vector> 
125
(
(0.636965 -0.375979 -6.04161e-18)
(0.626871 -0.389681 -9.99315e-20)
(0.617629 -0.402804 -5.49208e-18)
(0.609526 -0.415043 -1.19671e-17)
(0.602911 -0.426041 -2.11868e-17)
(0.598177 -0.435405 -2.07094e-18)
(0.595983 -0.442775 -1.50812e-17)
(0.597404 -0.448011 1.172e-17)
(0.602904 -0.450984 2.18788e-18)
(0.612245 -0.450826 3.97711e-18)
(0.625777 -0.446506 2.3579e-18)
(0.644138 -0.437421 5.17307e-19)
(0.667809 -0.423061 -9.97659e-19)
(0.697303 -0.403077 -2.2366e-18)
(0.732986 -0.377388 -3.16702e-18)
(0.775027 -0.345963 -3.10844e-18)
(0.823322 -0.308986 -1.57519e-18)
(0.63615 -0.367928 -6.21158e-18)
(0.62587 -0.38238 -6.36597e-18)
(0.616443 -0.396458 -1.70351e-17)
(0.608165 -0.409886 -6.28024e-18)
(0.601404 -0.422348 -1.08796e-17)
(0.596564 -0.433485 -2.65844e-18)
(0.594161 -0.442925 -1.19086e-17)
(0.59499 -0.45051 -9.02811e-18)
(0.599539 -0.456287 -1.22968e-17)
(0.607787 -0.459521 -8.82899e-18)
(0.620115 -0.459277 -7.63573e-18)
(0.63716 -0.45505 -5.25087e-18)
(0.659426 -0.446404 -1.90637e-18)
(0.687465 -0.432953 2.92429e-18)
(0.721771 -0.414415 9.30034e-18)
(0.762575 -0.390424 1.80016e-17)
(0.809452 -0.360479 2.93162e-17)
(0.634711 -0.359365 3.51199e-19)
(0.62401 -0.374332 8.56489e-18)
(0.614122 -0.389154 -9.21687e-18)
(0.605338 -0.403618 1.12628e-18)
(0.598029 -0.41748 8.94923e-18)
(0.592606 -0.43048 -1.8806e-18)
(0.589528 -0.4423 6.3558e-18)
(0.589353 -0.45262 -8.13979e-18)
(0.592514 -0.461231 -5.91474e-18)
(0.599198 -0.467456 -4.68564e-18)
(0.609838 -0.470442 -3.99275e-18)
(0.625077 -0.469708 -2.23367e-18)
(0.645524 -0.464798 -1.00556e-19)
(0.671838 -0.455209 2.99608e-18)
(0.704435 -0.440337 7.19022e-18)
(0.743137 -0.419279 1.24375e-17)
(0.786753 -0.390725 1.78023e-17)
(0.632664 -0.351392 1.27424e-18)
(0.621351 -0.366784 2.70969e-18)
(0.610777 -0.382221 1.88223e-18)
(0.601221 -0.397532 1.66676e-17)
(0.593032 -0.412521 3.4373e-18)
(0.586605 -0.426985 1.2495e-17)
(0.582365 -0.440665 -2.20951e-18)
(0.580759 -0.453209 -4.35114e-18)
(0.582162 -0.464198 -3.03664e-18)
(0.58686 -0.472989 -2.54925e-18)
(0.595337 -0.478859 -1.91039e-18)
(0.608237 -0.481357 -8.18352e-19)
(0.626175 -0.480027 6.21055e-19)
(0.649722 -0.474311 2.73296e-18)
(0.679029 -0.463362 5.18945e-18)
(0.713356 -0.445638 8.46185e-18)
(0.750711 -0.419019 1.13547e-17)
(0.629944 -0.343148 6.05031e-18)
(0.617849 -0.358945 1.76155e-17)
(0.606394 -0.374958 1.79042e-18)
(0.595839 -0.391049 1.34245e-17)
(0.586502 -0.407052 1.73711e-17)
(0.578734 -0.422786 6.03879e-18)
(0.572915 -0.438014 1.07264e-17)
(0.56943 -0.452396 -4.39409e-18)
(0.568628 -0.465474 -1.38843e-18)
(0.570838 -0.476649 -1.35599e-18)
(0.576558 -0.485311 -9.45169e-19)
(0.586404 -0.491037 -2.41348e-19)
(0.600913 -0.493328 5.99952e-19)
(0.620446 -0.4914 1.71006e-18)
(0.644822 -0.483907 3.60476e-18)
(0.672879 -0.468572 5.04683e-18)
(0.702351 -0.442593 5.91796e-18)
(0.626523 -0.334211 1.78714e-17)
(0.613479 -0.350353 4.75918e-18)
(0.600951 -0.366874 3.35003e-18)
(0.589171 -0.383668 8.80873e-18)
(0.578422 -0.400592 9.19622e-18)
(0.569006 -0.417476 2.84551e-18)
(0.561243 -0.434083 4.83487e-18)
(0.555466 -0.450081 -4.06157e-18)
(0.552005 -0.465031 -5.96627e-19)
(0.55121 -0.478396 -9.0269e-19)
(0.553559 -0.489649 -5.17046e-19)
(0.559596 -0.498357 1.75365e-19)
(0.569735 -0.5039 1.10171e-18)
(0.584114 -0.505164 2.01083e-18)
(0.602282 -0.500219 3.37111e-18)
(0.622897 -0.486155 4.76902e-18)
(0.643876 -0.459851 5.49945e-18)
(0.622399 -0.324532 2.65988e-18)
(0.608248 -0.340923 2.2692e-18)
(0.594462 -0.357842 1.51624e-18)
(0.581238 -0.375207 -2.17537e-18)
(0.568818 -0.392895 -1.46238e-17)
(0.557455 -0.410748 -7.20627e-19)
(0.547415 -0.42853 -1.244e-17)
(0.538978 -0.445916 3.86639e-18)
(0.532449 -0.462489 1.98881e-18)
(0.528172 -0.477774 1.05167e-18)
(0.526576 -0.491289 5.90008e-19)
(0.528103 -0.502549 -2.68647e-19)
(0.533028 -0.510766 -1.33203e-18)
(0.54131 -0.514483 -2.72642e-18)
(0.552372 -0.511275 -3.99564e-18)
(0.564957 -0.49783 -5.06452e-18)
(0.577472 -0.471015 -5.95612e-18)
(0.617575 -0.314076 -3.07318e-18)
(0.602173 -0.330604 -5.68808e-18)
(0.586957 -0.347786 -1.8415e-17)
(0.572087 -0.365557 1.1017e-18)
(0.557762 -0.383811 -5.44198e-18)
(0.544183 -0.402399 -2.29197e-18)
)
;

boundaryField
{
    inlet
    {
        type            uniformFixedValue;
        uniformValue    constant (1 0 0);
        value           nonuniform 0();
    }
    outlet
    {
        type            pressureInletOutletVelocity;
        value           nonuniform 0();
    }
    polygon
    {
        type            fixedValue;
        value           nonuniform 0();
    }
    top
    {
        type            symmetryPlane;
    }
    bottom
    {
        type            symmetryPlane;
    }
    outside
    {
        type            zeroGradient;
    }
    procBoundary62to54
    {
        type            processor;
        value           nonuniform List<vector> 
18
(
(0.531567 -0.421094 -9.31206e-18)
(0.520149 -0.439585 -1.73298e-17)
(0.510196 -0.45748 -1.30372e-17)
(0.502018 -0.474346 -9.73351e-18)
(0.495976 -0.489717 -4.98942e-18)
(0.492394 -0.503027 5.93039e-19)
(0.491423 -0.513306 7.25509e-18)
(0.492923 -0.518797 1.52126e-17)
(0.496348 -0.516739 2.47779e-17)
(0.500741 -0.503651 3.54667e-17)
(0.505148 -0.476583 4.81423e-17)
(0.612051 -0.302755 -6.85869e-18)
(0.59527 -0.319296 -3.10383e-18)
(0.578475 -0.336592 -7.86897e-18)
(0.561785 -0.354591 -6.99447e-18)
(0.545353 -0.373195 -2.41096e-17)
(0.531567 -0.421094 -9.31206e-18)
(0.529332 -0.392265 -4.63013e-18)
)
;
    }
    procBoundary62to55
    {
        type            processor;
        value           uniform (0.632997 -0.298265 6.56548e-18);
    }
    procBoundary62to61
    {
        type            processor;
        value           nonuniform List<vector> 7((0.876836 -0.266982 1.44752e-18) (0.86065 -0.324074 4.30145e-17) (0.832577 -0.353407 2.49284e-17) (0.787989 -0.381778 1.38245e-17) (0.730479 -0.404045 7.38343e-18) (0.663215 -0.419735 5.64924e-18) (0.588782 -0.429814 -7.0826e-18));
    }
    procBoundary62to63
    {
        type            processor;
        value           nonuniform List<vector> 7((0.647662 -0.361975 1.48102e-17) (0.647029 -0.353351 3.12131e-18) (0.645972 -0.344458 1.39533e-18) (0.644471 -0.336209 7.6682e-19) (0.642448 -0.327702 1.33985e-18) (0.639868 -0.318557 1.99246e-17) (0.636721 -0.308753 2.45343e-17));
    }
}


// ************************************************************************* //
