/*--------------------------------*- C++ -*----------------------------------*\
  =========                 |
  \\      /  F ield         | OpenFOAM: The Open Source CFD Toolbox
   \\    /   O peration     | Website:  https://openfoam.org
    \\  /    A nd           | Version:  7
     \\/     M anipulation  |
\*---------------------------------------------------------------------------*/
FoamFile
{
    version     2.0;
    format      ascii;
    class       surfaceScalarField;
    location    "2";
    object      phi;
}
// * * * * * * * * * * * * * * * * * * * * * * * * * * * * * * * * * * * * * //

dimensions      [0 3 -1 0 0 0 0];

internalField   nonuniform List<scalar> 
321
(
0.0016082
0.000146843
0.00160614
2.53939e-05
0.00159137
0.000296631
0.00158738
0.000111253
0.0015571
0.000490597
0.00153936
0.000521126
0.00148758
0.000752229
0.00141718
0.00163973
0.00130233
0.0019047
0.00823198
1.76756e-06
0.00823088
5.39049e-06
0.00822958
1.01495e-05
0.00822635
1.33568e-05
0.00822335
2.81597e-05
0.00821575
2.47093e-05
0.00820946
6.99453e-05
0.00819489
3.39662e-05
0.00817942
0.000162312
0.00815672
4.80952e-05
0.00811443
0.000338918
0.00807965
0.000146036
0.00798704
0.000583202
0.00789311
0.000615059
0.00775703
0.000888312
0.00747902
0.00191773
0.00213883
0.00823199
2.01319e-06
0.00823098
6.39494e-06
0.00822977
1.13661e-05
0.00822671
1.64156e-05
0.00822409
3.0779e-05
0.00821652
3.22825e-05
0.00821163
7.48339e-05
0.00819631
4.92859e-05
0.00818437
0.000174247
0.00816048
7.19861e-05
0.00812301
0.00037639
0.00809269
0.000176351
0.00800005
0.000675849
0.00793089
0.00068422
0.00779521
0.00102398
0.00756727
0.00214568
0.0022893
0.008232
2.24806e-06
0.00823111
7.28556e-06
0.00822995
1.25252e-05
0.00822722
1.91465e-05
0.00822471
3.32827e-05
0.00821789
3.91105e-05
0.00821334
7.93821e-05
0.00819921
6.3415e-05
0.00818877
0.000184688
0.00816624
9.4518e-05
0.00813312
0.000409511
0.00810683
0.000202636
0.00802024
0.00076244
0.00796974
0.000734719
0.0078464
0.00114732
0.007657
0.00233508
0.00234934
0.00823202
2.46603e-06
0.00823124
8.05952e-06
0.00823017
1.35973e-05
0.00822778
2.15403e-05
0.00822546
3.56003e-05
0.0082194
4.51698e-05
0.00821537
8.34124e-05
0.00820238
7.64057e-05
0.00819414
0.000192921
0.00817195
0.000116708
0.00814645
0.00043501
0.008119
0.00023009
0.00804902
0.000832424
0.00800471
0.000779025
0.00790906
0.00124297
0.00774632
0.00249783
0.00232592
0.00823204
2.66158e-06
0.00823138
8.71457e-06
0.00823042
1.45552e-05
0.00822837
2.35927e-05
0.00822631
3.76653e-05
0.00822103
5.0447e-05
0.00821765
8.67956e-05
0.00820582
8.82305e-05
0.00820014
0.000198608
0.00817788
0.000138965
0.00816189
0.000450995
0.00812987
0.000262115
0.00808381
0.000878485
0.00803607
0.00082676
0.00797746
0.00130159
0.00783725
0.00263804
0.00224136
0.00823206
2.82985e-06
0.00823153
9.24833e-06
0.00823071
1.53759e-05
0.008229
2.52989e-05
0.00822725
3.94237e-05
0.00822277
5.49247e-05
0.00822012
8.94478e-05
0.00820955
9.87986e-05
0.00820649
0.000201668
0.00818428
0.000161171
0.00817833
0.000456942
0.00814059
0.000299855
0.00812138
0.000897703
0.00806556
0.000882573
0.00804584
0.00132131
0.00793136
0.00275252
0.0021227
0.0082321
2.96664e-06
0.00823169
9.65869e-06
0.00823102
1.60397e-05
0.00822967
2.66544e-05
0.00822826
4.08307e-05
0.0082246
5.8586e-05
0.00822273
9.13169e-05
0.00821355
0.000107976
0.00821299
0.000202234
0.00819141
0.000182748
0.0081948
0.000453554
0.00815242
0.000342229
0.00815879
0.000891332
0.00809547
0.000945897
0.00811025
0.00130653
0.00802898
0.00283379
0.00199526
0.00823213
3.0684e-06
0.00823185
9.94381e-06
0.00823136
1.65306e-05
0.00823035
2.76559e-05
0.00822933
4.18507e-05
0.0082265
6.14154e-05
0.00822545
9.23761e-05
0.00821781
0.00011561
0.00821947
0.000200579
0.0081994
0.000202818
0.00821057
0.00044238
0.00816631
0.000386492
0.00819396
0.00086368
0.00812778
0.00101207
0.00816903
0.00126528
0.00812823
0.00287459
0.00188041
0.00823217
3.13221e-06
0.00823201
1.01023e-05
0.00823171
1.68356e-05
0.00823106
2.83011e-05
0.00823046
4.24562e-05
0.00822847
6.3402e-05
0.00822823
9.2615e-05
0.00822229
0.000121554
0.00822583
0.000197033
0.00820824
0.000220409
0.00822526
0.000425358
0.00818266
0.000429098
0.00822575
0.00816348
0.00822235
0.00822509
0.00823221
0.00823218
0.00823207
0.00823178
0.00823161
0.00823047
0.00823105
0.00822691
0.00823203
0.0082178
0.00823876
)
;

boundaryField
{
    inlet
    {
        type            calculated;
        value           nonuniform List<scalar> 10(-0.00823223 -0.00823223 -0.00823223 -0.00823223 -0.00823223 -0.00823223 -0.00823223 -0.00823223 -0.00823223 -0.00823223);
    }
    outlet
    {
        type            calculated;
        value           nonuniform 0();
    }
    polygon
    {
        type            calculated;
        value           nonuniform 0();
    }
    top
    {
        type            symmetryPlane;
        value           uniform 0;
    }
    bottom
    {
        type            symmetryPlane;
        value           uniform 0;
    }
    outside
    {
        type            calculated;
        value           nonuniform 0();
    }
    procBoundary48to33
    {
        type            processor;
        value           nonuniform List<scalar> 7(0.00111021 0.00464395 0.00724489 0.00741679 0.00759696 0.00776974 0.00792181);
    }
    procBoundary48to40
    {
        type            processor;
        value           nonuniform List<scalar> 
19
(
-0.000140479
-2.33324e-05
-0.00028186
-0.000107265
-0.000460323
-0.000503386
-0.000700444
-0.00156933
-0.00178985
-0.00445183
-1.51107e-06
-4.29289e-06
-8.84611e-06
-1.01337e-05
-2.51606e-05
-1.71052e-05
-6.36597e-05
-0.00161456
-1.93902e-05
)
;
    }
    procBoundary48to41
    {
        type            processor;
        value           nonuniform List<scalar> 4(0.00805002 0.00815642 0.00824308 0.00831179);
    }
    procBoundary48to56
    {
        type            processor;
        value           nonuniform List<scalar> 
18
(
0.000820583
0.00107435
0.00120641
0.00287185
0.00179371
3.1558e-06
1.01331e-05
1.6945e-05
2.85895e-05
4.26272e-05
6.45418e-05
9.20322e-05
0.000125697
0.000191913
0.000234638
0.000404402
0.00820132
0.000466533
)
;
    }
}


// ************************************************************************* //
