/*--------------------------------*- C++ -*----------------------------------*\
  =========                 |
  \\      /  F ield         | OpenFOAM: The Open Source CFD Toolbox
   \\    /   O peration     | Website:  https://openfoam.org
    \\  /    A nd           | Version:  7
     \\/     M anipulation  |
\*---------------------------------------------------------------------------*/
FoamFile
{
    version     2.0;
    format      ascii;
    class       volVectorField;
    location    "102";
    object      U;
}
// * * * * * * * * * * * * * * * * * * * * * * * * * * * * * * * * * * * * * //

dimensions      [0 1 -1 0 0 0 0];

internalField   nonuniform List<vector> 
175
(
(1.00958 0.00482019 1.94349e-18)
(0.972779 0.00343784 -3.72372e-17)
(1.00698 0.00841912 -8.53784e-18)
(0.95757 0.00900915 3.11032e-18)
(0.997976 0.0157848 -3.31153e-18)
(0.93018 0.0220868 4.68934e-18)
(0.974351 0.0325192 2.15093e-17)
(0.877176 0.0560096 -1.64632e-17)
(0.917558 0.0782255 3.9442e-17)
(0.767488 0.163466 -3.67824e-17)
(1.00559 0.000604174 6.38266e-18)
(0.993404 -0.000667064 -2.6297e-17)
(1.00704 0.00136452 -1.65462e-17)
(0.99086 -0.000516675 -8.55394e-18)
(1.0086 0.00207275 -2.11973e-18)
(0.987137 -4.59354e-05 -2.64494e-17)
(1.00994 0.00324439 1.32404e-17)
(0.981405 0.00114263 -1.06802e-16)
(1.01039 0.00534479 6.96337e-18)
(0.972199 0.00386322 -8.27854e-17)
(1.00842 0.0093542 -1.99076e-17)
(0.956663 0.0100005 -1.16122e-17)
(1.00066 0.0175652 1.08563e-17)
(0.928862 0.024289 -2.36183e-18)
(0.979845 0.0362174 -5.90673e-18)
(0.875924 0.060924 -1.22753e-17)
(0.931734 0.0868879 1.10797e-17)
(1.00563 0.000620233 1.58248e-17)
(0.993378 -0.00055156 -8.13461e-17)
(1.00718 0.00130793 -2.41364e-17)
(0.990752 -0.000258583 -1.24128e-17)
(1.00891 0.00204677 1.909e-17)
(0.986958 0.000452545 -8.96256e-17)
(1.01055 0.00331605 4.39245e-19)
(0.9811 0.00199351 -6.23933e-17)
(1.01158 0.00563385 7.43898e-17)
(0.971748 0.00539021 -1.52778e-17)
(1.01068 0.0101606 -7.66078e-18)
(0.9561 0.0128197 -2.92572e-17)
(1.00501 0.019566 9.92416e-17)
(0.928575 0.0295854 -4.18199e-17)
(0.988746 0.0408554 -1.00743e-16)
(0.878298 0.0706471 -2.06857e-17)
(0.95183 0.0959052 -2.44188e-17)
(1.00555 0.000659378 4.48098e-18)
(0.993482 -0.000517428 -1.65908e-17)
(1.00715 0.0013421 -7.35328e-18)
(0.990848 -0.000146589 -5.21952e-18)
(1.00898 0.0021495 8.80094e-18)
(0.987086 0.000660515 -2.44076e-17)
(1.01084 0.00354328 2.77251e-17)
(0.981302 0.00247787 -1.11164e-16)
(1.01228 0.00615102 1.0069e-17)
(0.972125 0.00638527 -9.79181e-17)
(1.0122 0.0112734 -3.10498e-17)
(0.956972 0.0148083 -2.16785e-17)
(1.00818 0.0219069 2.18662e-17)
(0.931002 0.0335132 -4.36412e-18)
(0.99539 0.0455915 -1.23721e-17)
(0.88638 0.0781699 -3.07604e-18)
(0.966029 0.103389 -1.52035e-17)
(1.00536 0.000683347 1.12296e-18)
(0.993748 -0.000462282 -1.39674e-18)
(1.00694 0.00135816 -2.30209e-18)
(0.991202 4.29954e-07 -3.15619e-18)
(1.00877 0.00222554 3.77841e-18)
(0.987613 0.000953963 -1.51009e-17)
(1.01069 0.00375219 3.25115e-17)
(0.982129 0.00299298 -1.09075e-16)
(1.01232 0.00661358 7.70956e-18)
(0.97352 0.00734766 -9.68723e-17)
(1.01268 0.0122633 -2.87438e-17)
(0.959561 0.016647 -2.08194e-17)
(1.00966 0.0239377 1.91198e-17)
(0.936463 0.0370435 -1.35246e-17)
(0.999032 0.0493672 8.5362e-17)
(0.899856 0.0847348 1.8445e-17)
(0.97446 0.107716 4.53229e-18)
(1.00503 0.000695882 3.28462e-20)
(0.994187 -0.000407976 -1.8593e-18)
(1.00653 0.00136578 3.11107e-19)
(0.991821 0.000118915 -2.46747e-18)
(1.00826 0.002281 3.22277e-18)
(0.988551 0.00118857 -9.06815e-18)
(1.01008 0.00390635 2.21661e-17)
(0.983598 0.00345832 -5.46225e-17)
(1.01166 0.00698198 7.68493e-17)
(0.975937 0.00824148 -1.31903e-17)
(1.0121 0.0130556 -9.70404e-18)
(0.963807 0.0183634 -2.7298e-17)
(1.00947 0.0255005 8.34963e-17)
(0.944611 0.0403256 1.1544e-17)
(1.00001 0.0519228 3.42177e-17)
(0.917147 0.0906428 4.91869e-18)
(0.979066 0.109032 9.54513e-17)
(1.00459 0.000690698 2.95455e-19)
(0.99478 -0.000341741 2.06319e-20)
(1.00594 0.00134879 -1.63743e-18)
(0.992677 0.000256479 -1.21618e-18)
(1.00748 0.00229785 3.89421e-18)
(0.989844 0.00143801 -7.03885e-18)
(1.00908 0.00399377 2.92412e-17)
(0.985612 0.00392153 -1.01475e-16)
(1.01041 0.00722155 2.32677e-17)
(0.979191 0.00910872 -7.77013e-17)
(1.01065 0.0135903 -1.64276e-17)
(0.96933 0.0199999 -2.21167e-17)
(1.00803 0.0265136 2.60595e-17)
(0.954576 0.043387 -4.95608e-18)
(0.999359 0.0532589 8.05121e-17)
(0.936135 0.0958149 9.62898e-17)
(0.982321 0.108156 7.09128e-17)
(1.00406 0.000663866 1.90165e-18)
(0.995485 -0.000257754 -1.0306e-18)
(1.00522 0.00130151 -2.54905e-18)
(0.993702 0.000408837 -2.7402e-18)
(1.00651 0.00226016 3.18398e-18)
(0.991385 0.0017078 -9.45988e-18)
(1.00781 0.00398975 2.19179e-17)
(0.987989 0.00440294 -5.54773e-17)
(1.0088 0.00729935 8.12345e-17)
(0.982967 0.00997845 -1.18018e-17)
(1.00872 0.0138255 -3.26302e-18)
(0.975555 0.0215852 -3.08627e-17)
(1.00604 0.0269498 8.40305e-17)
(0.965256 0.046218 1.689e-17)
(0.998369 0.0535074 2.11178e-17)
(0.954782 0.100084 7.29228e-18)
(0.986418 0.105853 1.07692e-16)
(1.00349 0.000613708 5.78454e-18)
(0.996247 -0.000153269 -1.29545e-17)
(1.00443 0.00121866 -5.80417e-18)
(0.994809 0.000583461 -5.24415e-18)
(1.00546 0.00216331 7.34086e-18)
(0.993038 0.00200136 -2.1223e-17)
(1.00644 0.0038859 2.21345e-17)
(0.990508 0.0049056 -1.04758e-16)
(1.00709 0.00720678 2.57024e-17)
(0.986902 0.0108488 -7.58855e-17)
(1.00674 0.0137615 -1.54219e-17)
(0.98187 0.0230961 -2.20206e-17)
(1.00421 0.026857 2.89798e-17)
(0.975632 0.0487268 1.16412e-17)
(0.998174 0.0529034 -4.77448e-18)
(0.971631 0.103206 -4.45014e-18)
(0.99259 0.102891 1.85234e-17)
(1.0029 0.000540979 1.70441e-17)
(0.99701 -2.92157e-05 -7.72124e-17)
(1.00364 0.00110068 -1.86063e-17)
(0.995913 0.000778511 -9.05399e-18)
(1.00442 0.00200843 2.0269e-17)
(0.994668 0.00231472 -8.32104e-17)
(1.00513 0.00368698 -3.39164e-18)
(0.992962 0.00541904 -5.69384e-17)
(1.00551 0.00695645 7.80554e-17)
(0.990669 0.0116944 -7.41161e-18)
(1.00507 0.0134328 -1.0914e-18)
(0.987777 0.0244721 -2.75926e-17)
(1.00308 0.0263322 9.35075e-17)
(0.984995 0.050777 -3.10122e-17)
(0.999448 0.0517126 -9.07792e-17)
(0.986024 0.104951 -2.38364e-17)
(1.00091 0.099895 -2.18955e-17)
(1.00235 0.000448702 1.81753e-17)
(0.997722 0.000110294 -1.52445e-17)
(1.0029 0.000951841 6.31829e-18)
(0.996938 0.000987351 2.09408e-18)
(1.00348 0.00180294 9.78831e-18)
(0.996168 0.00263643 -1.84375e-17)
(1.00399 0.00340669 1.19671e-17)
(0.995193 0.00592233 -8.89897e-17)
(1.00425 0.00657448 2.10502e-17)
(0.994043 0.0124758 -5.97744e-17)
(1.00397 0.0128919 -1.24515e-17)
(0.992969 0.0256383 -8.45359e-18)
)
;

boundaryField
{
    inlet
    {
        type            uniformFixedValue;
        uniformValue    constant (1 0 0);
        value           uniform (1 0 0);
    }
    outlet
    {
        type            pressureInletOutletVelocity;
        value           nonuniform 0();
    }
    polygon
    {
        type            fixedValue;
        value           nonuniform 0();
    }
    top
    {
        type            symmetryPlane;
    }
    bottom
    {
        type            symmetryPlane;
    }
    outside
    {
        type            zeroGradient;
    }
    procBoundary48to33
    {
        type            processor;
        value           nonuniform List<vector> 7((0.796413 0.244948 -8.07894e-17) (0.77287 0.174649 6.62292e-18) (0.77287 0.174649 6.62292e-18) (0.793701 0.189363 1.07852e-16) (0.824571 0.201135 3.90617e-17) (0.861126 0.209869 3.43122e-17) (0.898248 0.215942 4.00168e-17));
    }
    procBoundary48to40
    {
        type            processor;
        value           nonuniform List<vector> 
19
(
(1.00932 0.00456731 -1.76086e-17)
(0.972987 0.00328576 -2.6959e-17)
(1.0065 0.00795724 -3.25914e-18)
(0.957905 0.00858547 8.23466e-18)
(0.997104 0.0148769 -8.50094e-18)
(0.930698 0.0210224 8.66509e-18)
(0.972561 0.0305597 3.32357e-17)
(0.877785 0.0533341 -1.8072e-17)
(0.912925 0.0734164 5.39769e-17)
(0.766211 0.156342 -5.9104e-17)
(1.00555 0.000538808 2.38301e-18)
(0.993457 -0.000607907 -5.93611e-17)
(1.00692 0.00123392 -3.1063e-17)
(0.990993 -0.000491571 -1.31588e-17)
(1.00835 0.00187122 -3.32491e-17)
(0.987358 -7.11631e-05 -2.63654e-17)
(1.00949 0.00293144 -8.81347e-18)
(0.981765 0.00098693 -8.3516e-17)
(0.981765 0.00098693 -8.3516e-17)
)
;
    }
    procBoundary48to41
    {
        type            processor;
        value           nonuniform List<vector> 4((0.932419 0.218974 -3.35748e-17) (0.961579 0.218862 1.88149e-17) (0.985311 0.215393 2.8649e-17) (1.00439 0.208858 8.31808e-17));
    }
    procBoundary48to56
    {
        type            processor;
        value           nonuniform List<vector> 
18
(
(1.00295 0.0254857 3.54078e-17)
(0.993019 0.0522427 1.63947e-17)
(1.00233 0.0501469 -2.77237e-17)
(0.997995 0.105248 -1.21121e-17)
(1.01077 0.0969649 -2.0504e-17)
(1.00185 0.000341512 7.01776e-17)
(0.998347 0.000259125 -5.32613e-18)
(1.00226 0.000779068 8.06591e-17)
(0.997835 0.0012004 1.792e-17)
(1.00269 0.00155818 1.15524e-17)
(0.997468 0.00295086 -5.23531e-18)
(1.0031 0.0030638 -2.13541e-18)
(0.997109 0.00638959 2.75937e-17)
(1.00339 0.00609278 7.8925e-17)
(0.996914 0.0131495 7.86555e-17)
(1.00351 0.0121944 9.75072e-19)
(1.00295 0.0254857 3.54078e-17)
(0.997342 0.0265248 5.71254e-17)
)
;
    }
}


// ************************************************************************* //
