/*--------------------------------*- C++ -*----------------------------------*\
  =========                 |
  \\      /  F ield         | OpenFOAM: The Open Source CFD Toolbox
   \\    /   O peration     | Website:  https://openfoam.org
    \\  /    A nd           | Version:  7
     \\/     M anipulation  |
\*---------------------------------------------------------------------------*/
FoamFile
{
    version     2.0;
    format      ascii;
    class       volVectorField;
    location    "106";
    object      U;
}
// * * * * * * * * * * * * * * * * * * * * * * * * * * * * * * * * * * * * * //

dimensions      [0 1 -1 0 0 0 0];

internalField   nonuniform List<vector> 
115
(
(0.620885 0.0479796 -1.18298e-18)
(0.615815 0.0468588 8.31891e-19)
(0.611284 0.0453796 4.29825e-19)
(0.606407 0.0438307 -1.70284e-19)
(0.601682 0.042076 -3.25289e-19)
(0.596854 0.0402298 -2.29179e-18)
(0.592078 0.0382551 -3.97584e-18)
(0.587295 0.0362006 -6.61382e-19)
(0.582561 0.0340595 -3.48846e-18)
(0.577877 0.0318536 2.20393e-18)
(0.573276 0.0295826 1.35139e-18)
(0.56878 0.0272546 5.29825e-19)
(0.564419 0.0248674 1.42071e-18)
(0.709443 0.0531273 -2.61443e-19)
(0.703665 0.0533042 -4.67993e-19)
(0.701732 0.0525535 -9.2626e-19)
(0.697407 0.0520721 -3.05964e-19)
(0.694417 0.050931 -1.00689e-18)
(0.690566 0.049855 1.23358e-18)
(0.687135 0.0483926 1.68249e-18)
(0.683395 0.0468787 8.17603e-20)
(0.679763 0.0451356 1.32504e-18)
(0.676018 0.0433067 -2.54827e-18)
(0.672291 0.0413312 -3.74507e-18)
(0.668532 0.0392705 -5.03681e-19)
(0.664787 0.0371059 -3.11436e-18)
(0.661061 0.0348636 2.93505e-18)
(0.657381 0.0325369 3.85214e-18)
(0.653771 0.0301342 8.17438e-19)
(0.65026 0.0276493 3.83052e-18)
(0.770411 0.0549811 -1.61038e-19)
(0.766943 0.0552066 -2.69265e-19)
(0.765795 0.0545221 -6.29105e-19)
(0.763216 0.0540601 -2.23421e-19)
(0.761447 0.052958 -8.43836e-19)
(0.759152 0.0519149 4.16262e-19)
(0.757103 0.0504827 6.63518e-20)
(0.754852 0.0490065 -1.15439e-19)
(0.752642 0.0472912 -3.63599e-19)
(0.750342 0.0454936 -1.34987e-18)
(0.748024 0.0435375 -2.73943e-18)
(0.745663 0.0414921 -4.46691e-19)
(0.743282 0.0393289 -2.70287e-18)
(0.740892 0.0370768 1.21533e-18)
(0.73851 0.0347229 2.55706e-19)
(0.736159 0.0322756 8.61863e-20)
(0.733863 0.0297233 1.20665e-19)
(0.821215 0.0558828 1.03679e-19)
(0.82012 0.0560955 1.75143e-19)
(0.819823 0.0554526 4.70445e-19)
(0.819137 0.0549591 2.06884e-19)
(0.818713 0.0538865 7.55513e-19)
(0.818172 0.0528421 -1.5264e-19)
(0.817689 0.0514377 1.21866e-19)
(0.817162 0.049983 1.61717e-19)
(0.816617 0.0482981 3.1058e-19)
(0.816039 0.0465305 8.48416e-19)
(0.815419 0.0446037 2.22745e-18)
(0.81477 0.042585 4.22582e-19)
(0.814081 0.0404424 2.44165e-18)
(0.813372 0.0382043 -4.75941e-19)
(0.812643 0.0358546 2.59833e-19)
(0.811916 0.0334012 -5.87957e-20)
(0.811202 0.0308303 -1.73265e-19)
(0.859596 0.0559103 4.33287e-21)
(0.860596 0.0560202 6.82881e-21)
(0.861123 0.055387 3.58692e-20)
(0.862198 0.0547892 4.39415e-21)
(0.863084 0.0537226 1.18816e-19)
(0.864251 0.052627 -2.51411e-20)
(0.865332 0.0512296 3.78656e-20)
(0.866548 0.0497614 2.09186e-20)
(0.867713 0.0480878 4.19637e-20)
(0.868934 0.0463249 1.09958e-19)
(0.870117 0.0444099 1.34656e-19)
(0.871316 0.042398 -3.63873e-21)
(0.872485 0.0402591 4.8812e-19)
(0.873655 0.0380155 -1.28543e-19)
(0.874806 0.0356486 4.46651e-19)
(0.875961 0.0331611 6.25164e-19)
(0.877116 0.0305343 1.15395e-18)
(0.884393 0.0552449 -6.12312e-20)
(0.886804 0.0551082 -1.60496e-19)
(0.888012 0.0544567 -9.56855e-20)
(0.890393 0.0536869 -3.36345e-19)
(0.892343 0.0526094 1.27681e-19)
(0.894858 0.0514321 -8.62725e-21)
(0.897226 0.0500343 3.8089e-20)
(0.899881 0.0485416 6.96523e-22)
(0.902494 0.0468834 -7.32992e-20)
(0.905259 0.0451321 -2.32462e-19)
(0.90802 0.0432493 -5.60924e-19)
(0.910865 0.0412729 -1.41328e-18)
(0.913719 0.0391814 5.69706e-19)
(0.916625 0.0369908 -2.64366e-20)
(0.919547 0.0346855 2.62653e-19)
(0.922505 0.0322665 2.69955e-19)
(0.925484 0.0297165 5.16281e-19)
(0.896044 0.0537938 1.17239e-20)
(0.898888 0.0530157 3.98124e-20)
(0.900525 0.0521828 8.9355e-20)
(0.903541 0.0510604 1.80061e-19)
(0.906084 0.0498018 -3.25411e-20)
(0.909324 0.0483895 4.88364e-20)
(0.912416 0.0468325 5.88893e-20)
(0.915884 0.0451664 8.97598e-20)
(0.91934 0.0433708 1.8708e-19)
(0.923018 0.0414801 3.75349e-19)
(0.926735 0.0394743 6.604e-19)
(0.930599 0.0373745 1.36465e-18)
(0.934525 0.0351648 -3.34656e-19)
(0.938562 0.0328531 2.79232e-19)
(0.942672 0.0304247 1.69123e-19)
(0.946878 0.0278762 3.3587e-19)
(0.951163 0.0251896 4.86921e-19)
)
;

boundaryField
{
    inlet
    {
        type            uniformFixedValue;
        uniformValue    constant (1 0 0);
        value           nonuniform 0();
    }
    outlet
    {
        type            pressureInletOutletVelocity;
        value           nonuniform List<vector> 6((0.709443 0.0531273 -2.61443e-19) (0.770411 0.0549811 -1.61038e-19) (0.821215 0.0558828 1.03679e-19) (0.859596 0.0559103 4.33287e-21) (0.884393 0.0552449 -6.12312e-20) (0.896044 0.0537938 1.17239e-20));
    }
    polygon
    {
        type            fixedValue;
        value           nonuniform 0();
    }
    top
    {
        type            symmetryPlane;
    }
    bottom
    {
        type            symmetryPlane;
    }
    outside
    {
        type            zeroGradient;
    }
    procBoundary7to6
    {
        type            processor;
        value           nonuniform List<vector> 7((0.560227 0.0224203 -3.45103e-19) (0.646882 0.0250797 -1.09133e-18) (0.731655 0.02706 -8.10556e-19) (0.810528 0.0281354 -8.37231e-19) (0.878294 0.0277558 2.43728e-18) (0.928497 0.0270222 4.94856e-19) (0.955539 0.02235 8.03544e-19));
    }
    procBoundary7to15
    {
        type            processor;
        value           nonuniform List<vector> 
18
(
(0.543763 0.0443334 -1.20514e-19)
(0.537863 0.0431712 1.04255e-18)
(0.532545 0.0416944 2.18746e-18)
(0.526903 0.0401237 2.76536e-19)
(0.521435 0.0383765 1.98312e-18)
(0.515896 0.036532 -1.57052e-18)
(0.510433 0.0345789 -1.3249e-18)
(0.504993 0.0325522 -1.23336e-19)
(0.49963 0.0304563 -4.88338e-19)
(0.494345 0.0283091 2.4417e-18)
(0.489171 0.0261153 4.9384e-18)
(0.484127 0.023883 1.35492e-18)
(0.479243 0.0216133 5.76363e-18)
(0.641011 0.0503953 -2.44704e-19)
(0.63323 0.0505067 -4.69922e-19)
(0.630629 0.0496737 -9.68818e-19)
(0.624889 0.0491518 -3.38719e-19)
(0.624889 0.0491518 -3.38719e-19)
)
;
    }
}


// ************************************************************************* //
