/*--------------------------------*- C++ -*----------------------------------*\
  =========                 |
  \\      /  F ield         | OpenFOAM: The Open Source CFD Toolbox
   \\    /   O peration     | Website:  https://openfoam.org
    \\  /    A nd           | Version:  7
     \\/     M anipulation  |
\*---------------------------------------------------------------------------*/
FoamFile
{
    version     2.0;
    format      ascii;
    class       volVectorField;
    location    "34";
    object      U;
}
// * * * * * * * * * * * * * * * * * * * * * * * * * * * * * * * * * * * * * //

dimensions      [0 1 -1 0 0 0 0];

internalField   nonuniform List<vector> 
115
(
(-0.516929 0.0628364 -4.20587e-17)
(-0.496802 0.0661225 -9.01958e-18)
(-0.475858 0.0682382 2.53441e-18)
(-0.454458 0.0692416 -3.986e-17)
(-0.432941 0.0692121 -9.81159e-19)
(-0.411617 0.0682459 -4.33363e-19)
(-0.390762 0.0664499 -6.00074e-17)
(-0.370614 0.063939 -1.6156e-17)
(-0.351375 0.0608329 -3.16437e-18)
(-0.333206 0.0572526 -4.15207e-19)
(-0.316231 0.0533174 -3.34997e-18)
(-0.300534 0.049142 7.1884e-17)
(-0.286167 0.0448345 1.76166e-17)
(-0.273147 0.0404943 7.19886e-18)
(-0.261462 0.0362104 -1.75647e-19)
(-0.251077 0.0320606 4.50941e-18)
(-0.241931 0.0281104 1.87659e-17)
(0.0807657 0.0641192 1.90667e-19)
(0.0820099 0.0565226 1.28716e-18)
(-0.0751035 0.123399 1.68167e-18)
(-0.0652032 0.12904 8.86943e-19)
(-0.0553101 0.132284 1.07192e-18)
(-0.0456374 0.133286 1.40024e-18)
(-0.0363697 0.132243 1.54631e-18)
(-0.0276599 0.129383 1.75426e-18)
(-0.0196272 0.124951 4.69341e-19)
(-0.012357 0.119205 1.25856e-18)
(-0.00590111 0.112404 1.06735e-18)
(-0.000282282 0.104802 5.35245e-19)
(0.0045122 0.0966479 3.24165e-19)
(0.00852938 0.0881801 7.01337e-20)
(0.0118469 0.0796248 5.41886e-19)
(0.0145789 0.0711939 -5.92075e-19)
(0.0168706 0.0630817 5.44186e-20)
(0.0188941 0.0554612 -5.62964e-19)
(-0.16936 0.115722 4.43532e-18)
(-0.157261 0.121208 3.43151e-18)
(-0.144981 0.12447 3.12646e-18)
(-0.132774 0.125647 3.98886e-18)
(-0.120864 0.124912 4.17026e-18)
(-0.109443 0.12247 3.89545e-18)
(-0.0986656 0.118544 1.99975e-18)
(-0.0886537 0.113366 3.01503e-18)
(-0.0794927 0.107171 1.61759e-18)
(-0.0712372 0.100192 2.06155e-18)
(-0.0639109 0.0926576 1.36337e-18)
(-0.0575056 0.0847817 3.56268e-18)
(-0.0519849 0.0767696 3.0918e-18)
(-0.0472822 0.0688108 8.83543e-19)
(-0.0433022 0.0610786 -3.0695e-19)
(-0.039922 0.0537276 -3.80134e-19)
(-0.258306 0.10661 1.17504e-17)
(-0.244129 0.111806 9.85759e-18)
(-0.229611 0.114978 9.85647e-18)
(-0.215037 0.116245 1.07608e-17)
(-0.200664 0.115759 9.36848e-18)
(-0.186712 0.113701 7.60332e-18)
(-0.17337 0.110265 8.62212e-18)
(-0.160786 0.105661 9.63567e-18)
(-0.149075 0.1001 6.36942e-18)
(-0.138318 0.0937912 5.56865e-18)
(-0.128565 0.0869424 6.63466e-18)
(-0.119835 0.079749 5.72296e-18)
(-0.11212 0.072396 5.39661e-18)
(-0.105383 0.0650537 1.94147e-18)
(-0.0995631 0.0578764 9.58157e-20)
(-0.0945733 0.0510008 3.05838e-18)
(-0.340277 0.0961709 3.74221e-17)
(-0.324195 0.100972 3.26638e-17)
(-0.307636 0.103968 3.07896e-17)
(-0.290908 0.105259 2.97369e-17)
(-0.27429 0.104976 2.87964e-17)
(-0.258031 0.103269 2.61871e-17)
(-0.242341 0.100311 2.42463e-17)
(-0.227396 0.096283 2.37392e-17)
(-0.213335 0.0913738 2.24236e-17)
(-0.200264 0.0857709 2.04861e-17)
(-0.188255 0.0796587 2.08483e-17)
(-0.17735 0.0732137 1.95248e-17)
(-0.167561 0.0666014 1.84767e-17)
(-0.158873 0.0599745 6.99446e-18)
(-0.151244 0.05347 1.17344e-18)
(-0.144613 0.0472086 1.02817e-17)
(-0.413797 0.0844382 1.11774e-16)
(-0.396036 0.0887467 1.04657e-16)
(-0.377672 0.0914813 9.9523e-17)
(-0.359032 0.0927246 9.29251e-17)
(-0.340416 0.092586 8.86938e-17)
(-0.322093 0.0911951 8.59873e-17)
(-0.304296 0.0886988 7.90707e-17)
(-0.287226 0.085254 7.78267e-17)
(-0.271045 0.0810229 7.45876e-17)
(-0.255881 0.0761687 7.20492e-17)
(-0.241829 0.0708521 6.96624e-17)
(-0.228949 0.0652275 7.027e-17)
(-0.217271 0.0594398 6.81846e-17)
(-0.206793 0.0536225 1.54773e-17)
(-0.197491 0.0478954 2.09442e-18)
(-0.189315 0.0423631 4.65314e-17)
(-0.477701 0.0713804 9.43657e-18)
(-0.458503 0.0749775 9.48896e-18)
(-0.438575 0.0772562 1.4133e-17)
(-0.418262 0.0782852 1.51354e-18)
(-0.397886 0.0781555 7.82925e-18)
(-0.377737 0.0769753 1.19396e-17)
(-0.358074 0.074868 -5.08039e-18)
(-0.339121 0.0719648 1.814e-18)
(-0.321064 0.0684013 8.16566e-18)
(-0.304053 0.064314 9.45715e-18)
(-0.2882 0.0598374 8.97332e-18)
(-0.273581 0.055101 2.869e-17)
(-0.26024 0.0502265 1.93143e-17)
(-0.248189 0.0453255 7.65566e-18)
(-0.23741 0.0404983 1.14226e-18)
(-0.227864 0.0358322 7.93636e-18)
)
;

boundaryField
{
    inlet
    {
        type            uniformFixedValue;
        uniformValue    constant (1 0 0);
        value           nonuniform 0();
    }
    outlet
    {
        type            pressureInletOutletVelocity;
        value           nonuniform 0();
    }
    polygon
    {
        type            fixedValue;
        value           nonuniform 0();
    }
    top
    {
        type            symmetryPlane;
    }
    bottom
    {
        type            symmetryPlane;
    }
    outside
    {
        type            zeroGradient;
    }
    procBoundary45to37
    {
        type            processor;
        value           nonuniform List<vector> 
17
(
(-0.540375 0.0556088 -2.87169e-17)
(-0.519769 0.0586446 -9.26073e-18)
(-0.498285 0.0606448 -8.17318e-19)
(-0.476294 0.0616583 -6.2762e-18)
(-0.454144 0.0617519 5.62618e-18)
(-0.432155 0.0610083 -1.27779e-17)
(-0.410614 0.0595186 -6.01457e-17)
(-0.389768 0.0573819 -1.78138e-17)
(-0.36983 0.0547026 -6.97107e-18)
(-0.350969 0.0515867 -5.17549e-18)
(-0.333317 0.0481391 -6.04276e-18)
(-0.316967 0.0444615 2.98278e-17)
(-0.301975 0.0406501 1.31798e-17)
(-0.288365 0.0367938 8.43485e-18)
(-0.27613 0.0329728 -1.9494e-18)
(-0.265236 0.0292575 5.14939e-18)
(-0.255626 0.0257079 3.53581e-17)
)
;
    }
    procBoundary45to38
    {
        type            processor;
        value           uniform (-0.535858 0.0583443 5.70179e-17);
    }
    procBoundary45to44
    {
        type            processor;
        value           nonuniform List<vector> 7((-0.233947 0.0244132 -2.24164e-18) (-0.219488 0.0314009 1.41973e-17) (-0.0369951 0.0468911 4.7947e-19) (-0.0903039 0.0445444 3.27435e-18) (-0.138892 0.0412931 1.46631e-17) (-0.182194 0.0371147 5.62104e-17) (-0.219488 0.0314009 1.41973e-17));
    }
    procBoundary45to46
    {
        type            processor;
        value           nonuniform List<vector> 6((-0.0847765 0.11526 4.66706e-19) (-0.181002 0.107924 2.28097e-18) (-0.271836 0.0993139 9.96864e-18) (-0.355552 0.0895012 3.68398e-17) (-0.430608 0.0785038 1.19744e-16) (-0.495807 0.0664212 3.97168e-17));
    }
    procBoundary45to52
    {
        type            processor;
        value           nonuniform List<vector> 2((0.0836663 0.0497136 1.53832e-19) (0.0208395 0.0484793 -3.59944e-19));
    }
    procBoundary45to53
    {
        type            processor;
        value           nonuniform List<vector> 
17
(
(0.148992 0.0646865 3.84507e-18)
(0.150396 0.0574928 1.01449e-17)
(0.0227019 0.129587 1.27098e-18)
(0.0303225 0.135222 8.89968e-19)
(0.0377229 0.138318 2.21351e-18)
(0.0447378 0.139047 1.30651e-18)
(0.0512311 0.137628 2.29951e-18)
(0.0570969 0.134309 1.17477e-19)
(0.062261 0.129362 5.90538e-19)
(0.0666822 0.123065 1.32746e-19)
(0.070353 0.115701 3.33659e-18)
(0.0732989 0.107549 -4.99037e-20)
(0.0755847 0.0988792 2.08859e-18)
(0.0773148 0.0899584 2.41746e-18)
(0.0786314 0.0810375 1.78924e-18)
(0.0797132 0.0723529 -4.8568e-20)
(0.0797132 0.0723529 -4.8568e-20)
)
;
    }
}


// ************************************************************************* //
