/*--------------------------------*- C++ -*----------------------------------*\
  =========                 |
  \\      /  F ield         | OpenFOAM: The Open Source CFD Toolbox
   \\    /   O peration     | Website:  https://openfoam.org
    \\  /    A nd           | Version:  7
     \\/     M anipulation  |
\*---------------------------------------------------------------------------*/
FoamFile
{
    version     2.0;
    format      ascii;
    class       volVectorField;
    location    "2";
    object      U;
}
// * * * * * * * * * * * * * * * * * * * * * * * * * * * * * * * * * * * * * //

dimensions      [0 1 -1 0 0 0 0];

internalField   nonuniform List<vector> 
125
(
(1.42972 0.313262 2.10954e-17)
(1.2184 0.290294 1.86657e-17)
(0.607724 0.0870148 -1.77176e-17)
(1.38572 0.265062 1.58053e-17)
(1.07264 0.213231 1.48602e-17)
(0.324228 0.025927 -6.94679e-18)
(1.33076 0.21642 3.74401e-17)
(0.923654 0.144553 1.99333e-17)
(0.172888 -0.0140993 1.01173e-17)
(1.25941 0.169278 -2.02972e-17)
(0.772226 0.0832742 -2.55913e-17)
(0.0695765 -0.0355163 5.81353e-17)
(1.39961 0.170278 1.18501e-17)
(1.17484 0.125349 2.32874e-17)
(0.62568 0.033076 3.36403e-17)
(0.000976384 -0.0412679 7.38377e-18)
(1.35983 0.134727 -2.92585e-17)
(1.08098 0.0856901 1.16244e-17)
(0.492941 -0.00437671 2.19953e-17)
(-0.0397286 -0.0369326 -4.89407e-17)
(1.31403 0.101236 1.00586e-17)
(0.98217 0.0506992 4.7207e-17)
(0.377806 -0.0276484 7.34103e-17)
(-0.0619558 -0.0258335 -1.5636e-17)
(1.25732 0.0698901 1.87927e-17)
(0.880032 0.0213857 7.92443e-17)
(0.281551 -0.0374464 9.95634e-17)
(-0.0717953 -0.0103762 -1.45321e-17)
(1.20737 0.0445252 2.5352e-17)
(0.786477 -0.00230184 1.08498e-16)
(0.206176 -0.0356495 6.94912e-17)
(-0.075611 0.0099906 -5.10359e-17)
(1.1287 0.0147834 3.21452e-17)
(0.676852 -0.0221636 9.19032e-17)
(0.135134 -0.0227368 9.16118e-17)
(-0.0873284 0.0387895 -2.21407e-17)
(1.22809 0.501213 -6.64305e-18)
(1.21401 0.562152 -8.16652e-18)
(1.11609 0.582874 -2.17446e-17)
(0.71674 0.422923 -4.79076e-18)
(1.26482 0.489816 1.28884e-20)
(1.24968 0.547914 -2.51758e-18)
(1.13466 0.561002 8.81489e-18)
(0.664469 0.364934 -2.11191e-18)
(1.28863 0.476842 -1.39918e-17)
(1.27123 0.531567 -1.15021e-17)
(1.13938 0.538652 -9.0576e-18)
(0.619982 0.318404 -3.2587e-18)
(1.31348 0.462027 -2.46782e-17)
(1.29513 0.513031 -4.16608e-17)
(1.1483 0.515712 -3.61875e-17)
(0.592586 0.281844 -3.09441e-18)
(1.33915 0.44479 -4.42073e-17)
(1.32071 0.492168 -6.33819e-18)
(1.1593 0.492669 -2.80076e-17)
(0.577212 0.254327 -5.32357e-18)
(1.36367 0.425129 -3.28444e-17)
(1.34879 0.469888 -3.22149e-17)
(1.17644 0.471119 -3.43014e-17)
(0.573159 0.233835 -6.79366e-18)
(1.38609 0.403044 -4.3238e-17)
(1.37164 0.443995 -2.29837e-17)
(1.18864 0.447086 -2.80423e-18)
(0.577154 0.217909 -3.94334e-17)
(1.4031 0.418045 3.09029e-17)
(1.22366 0.428317 5.59106e-19)
(0.602922 0.204696 -6.38005e-17)
(1.41722 0.385062 2.38591e-17)
(1.22422 0.389922 -1.0773e-17)
(0.600782 0.18735 -4.20047e-17)
(1.46105 0.354256 1.34116e-17)
(1.3128 0.387844 2.72687e-17)
(0.731837 0.186925 -2.48249e-17)
(0.820538 0.0106303 3.75986e-18)
(0.637213 0.0128745 -7.47245e-17)
(0.467503 0.0356079 3.39403e-17)
(0.818023 0.0282495 -5.99754e-18)
(0.641581 0.0337466 -3.80055e-17)
(0.471445 0.106119 4.88056e-19)
(0.81438 0.047519 -2.36618e-17)
(0.649948 0.0576621 -1.8497e-17)
(0.478193 0.173262 -4.12942e-17)
(0.810074 0.0659203 -1.56708e-17)
(0.662745 0.0804489 -9.07161e-18)
(0.487881 0.239389 -2.61243e-17)
(0.805522 0.0841956 -1.51859e-17)
(0.680178 0.103517 -2.61627e-18)
(0.500387 0.30472 -1.50941e-17)
(0.800933 0.101857 -2.24312e-17)
(0.702491 0.126148 5.98382e-18)
(0.515703 0.369668 -9.77379e-18)
(0.796457 0.118743 6.37162e-18)
(0.729909 0.148328 3.15825e-17)
(0.533839 0.434799 -5.22468e-18)
(0.79228 0.134584 6.1742e-18)
(0.762579 0.169704 -1.69478e-17)
(0.554823 0.500444 -2.45149e-17)
(0.788775 0.148956 6.78204e-18)
(0.800312 0.189939 -1.24445e-17)
(0.579203 0.567901 -4.04212e-18)
(0.786832 0.162847 7.35444e-18)
(0.842015 0.213479 -1.57056e-17)
(0.59832 0.627854 4.69346e-18)
(0.487881 -0.239389 -4.87326e-17)
(0.81438 -0.047519 -2.62381e-17)
(0.649948 -0.0576621 -1.09295e-16)
(0.478193 -0.173262 -6.67536e-17)
(0.818023 -0.0282495 -2.00109e-17)
(0.641581 -0.0337466 -1.00561e-16)
(0.471445 -0.106119 -2.50325e-17)
(0.820538 -0.0106303 1.16164e-17)
(0.637213 -0.0128745 -6.58284e-17)
(0.467503 -0.0356079 5.55852e-19)
(0.789665 0.174151 1.18533e-17)
(0.901607 0.222051 -4.85771e-17)
(0.807543 0.742563 -4.72954e-18)
(0.821442 0.187668 2.99991e-17)
(0.922688 0.205779 -1.25297e-17)
(0.931406 0.688668 -6.4419e-20)
(0.86738 0.20038 1.1164e-17)
(0.931684 0.188006 -3.48361e-18)
(0.979935 0.613294 2.95343e-18)
(0.912146 0.210092 8.11078e-18)
(0.94899 0.173985 -1.71528e-17)
(1.00265 0.53845 5.41811e-19)
)
;

boundaryField
{
    inlet
    {
        type            uniformFixedValue;
        uniformValue    constant (1 0 0);
        value           nonuniform 0();
    }
    outlet
    {
        type            pressureInletOutletVelocity;
        value           nonuniform 0();
    }
    polygon
    {
        type            fixedValue;
        value           uniform (0 0 0);
    }
    top
    {
        type            symmetryPlane;
    }
    bottom
    {
        type            symmetryPlane;
    }
    outside
    {
        type            zeroGradient;
    }
    procBoundary33to24
    {
        type            processor;
        value           nonuniform List<vector> 3((0.889892 -0.0113015 -4.85245e-17) (0.887499 -0.00635769 -4.56644e-17) (0.886574 -0.00248665 -3.29129e-17));
    }
    procBoundary33to25
    {
        type            processor;
        value           nonuniform List<vector> 4((0.500387 -0.30472 -3.53015e-17) (0.810074 -0.0659203 -1.01074e-17) (0.662745 -0.0804489 -9.81331e-17) (0.662745 -0.0804489 -9.81331e-17));
    }
    procBoundary33to32
    {
        type            processor;
        value           nonuniform List<vector> 7((0.886574 0.00248665 -3.69352e-17) (0.887499 0.00635769 -1.52913e-17) (0.889892 0.0113015 2.53988e-18) (0.893796 0.016251 -2.05719e-17) (0.899245 0.0216791 -8.85636e-18) (0.906182 0.027366 -3.39153e-18) (0.914514 0.0333439 -7.95672e-19));
    }
    procBoundary33to40
    {
        type            processor;
        value           nonuniform List<vector> 7((0.924103 0.039556 3.70985e-18) (0.934761 0.0459158 1.66239e-17) (0.946251 0.0529028 3.80599e-18) (0.96544 0.0600829 -3.89357e-18) (0.978803 0.0664784 -9.18153e-18) (0.980164 0.0688305 -4.31392e-18) (0.976689 0.0675556 1.27477e-18));
    }
    procBoundary33to41
    {
        type            processor;
        value           nonuniform List<vector> 
25
(
(1.44558 0.300063 -5.34562e-17)
(1.44674 0.272928 -3.86823e-17)
(1.44421 0.240924 -3.12603e-17)
(1.42827 0.206195 -8.59274e-18)
(1.42827 0.206195 -8.59274e-18)
(1.44987 0.177601 -1.58832e-18)
(1.44339 0.151345 -8.82154e-18)
(1.43325 0.125318 -5.62955e-18)
(1.41227 0.0980589 -5.61361e-18)
(1.39574 0.07488 -8.95633e-19)
(1.35642 0.0458302 5.86448e-19)
(1.21784 0.436364 -5.94132e-18)
(1.2509 0.425653 1.44546e-18)
(1.27248 0.413439 -1.91907e-17)
(1.29389 0.399369 2.8689e-19)
(1.31623 0.383151 -4.41279e-18)
(1.33776 0.364988 8.39542e-19)
(1.35783 0.345688 -1.61206e-17)
(1.40848 0.378396 -5.85837e-17)
(1.40848 0.378396 -5.85837e-17)
(1.42625 0.35286 -5.27164e-17)
(1.44562 0.320356 -4.11153e-17)
(0.947506 0.215005 8.83236e-18)
(0.976124 0.164065 -4.4098e-18)
(1.01669 0.470944 1.57329e-18)
)
;
    }
    procBoundary33to42
    {
        type            processor;
        value           nonuniform List<vector> 4((1.08522 0.00702378 2.2922e-17) (0.611798 -0.00853044 5.16666e-17) (0.116502 0.0227417 1.83314e-17) (-0.0656827 0.124633 -6.10485e-17));
    }
}


// ************************************************************************* //
