/*--------------------------------*- C++ -*----------------------------------*\
  =========                 |
  \\      /  F ield         | OpenFOAM: The Open Source CFD Toolbox
   \\    /   O peration     | Website:  https://openfoam.org
    \\  /    A nd           | Version:  7
     \\/     M anipulation  |
\*---------------------------------------------------------------------------*/
FoamFile
{
    version     2.0;
    format      ascii;
    class       volVectorField;
    location    "64";
    object      U;
}
// * * * * * * * * * * * * * * * * * * * * * * * * * * * * * * * * * * * * * //

dimensions      [0 1 -1 0 0 0 0];

internalField   nonuniform List<vector> 
125
(
(0.9118 0.0496786 3.49573e-18)
(1.00575 0.000336245 -2.17889e-17)
(0.99328 -0.000316707 -2.11486e-17)
(1.00722 0.000768816 7.0601e-17)
(0.990712 -9.74311e-05 3.62671e-17)
(1.00883 0.00114357 1.12083e-16)
(0.986988 0.000413692 5.56397e-17)
(1.01022 0.00179669 -1.07467e-17)
(0.981283 0.00153912 -2.99825e-17)
(1.0107 0.003005 9.33921e-17)
(0.972173 0.0039719 6.07965e-17)
(1.00868 0.00540064 7.39688e-17)
(0.956845 0.00923422 9.62426e-17)
(1.00055 0.0105101 9.6312e-17)
(0.929389 0.0211485 3.09931e-17)
(0.977936 0.0226312 1.12828e-18)
(0.876252 0.0513928 -1.18066e-16)
(0.920414 0.057466 4.24317e-17)
(1.00576 0.000379233 3.74933e-17)
(0.993261 -0.000366458 -2.55564e-17)
(1.00728 0.000872123 1.18823e-16)
(0.990647 -0.000137243 7.63586e-17)
(1.00896 0.00129743 6.8365e-17)
(0.986866 0.000423072 3.11885e-17)
(1.01048 0.00204526 1.65342e-17)
(0.981058 0.00166386 -9.67325e-17)
(1.0112 0.00343529 3.67684e-17)
(0.971766 0.00435621 8.33721e-18)
(1.00963 0.00620313 2.74571e-17)
(0.956124 0.0101953 4.26242e-17)
(1.00236 0.0121092 5.54949e-17)
(0.928142 0.0234205 2.94432e-17)
(0.981724 0.0261087 -4.41476e-17)
(0.874355 0.0568544 -1.27279e-16)
(0.930094 0.0659296 1.47705e-18)
(1.00575 0.00043287 1.67595e-17)
(0.993265 -0.000395528 -2.47886e-17)
(1.00734 0.000972931 1.73687e-17)
(0.990588 -0.000115572 2.04488e-17)
(1.00914 0.00145985 2.89693e-17)
(0.986737 0.000515011 -6.27879e-18)
(1.01087 0.00231755 2.7797e-17)
(0.980798 0.00191624 -1.22857e-16)
(1.01199 0.00392332 1.55336e-17)
(0.971279 0.00493652 -8.28909e-17)
(1.01116 0.00713329 -1.12555e-17)
(0.955254 0.0114489 -3.77007e-18)
(1.00541 0.0139714 3.08209e-17)
(0.926702 0.0260783 1.2565e-17)
(0.988322 0.0301067 -2.16332e-17)
(0.872591 0.0625227 -4.6253e-17)
(0.94723 0.0752787 -2.16235e-17)
(1.00565 0.000445081 2.11779e-17)
(0.993404 -0.000300654 -9.22837e-17)
(1.00728 0.000948038 -1.73935e-17)
(0.990725 9.43955e-05 -9.24298e-18)
(1.00915 0.00149446 2.73653e-17)
(0.986894 0.000889699 -9.41936e-17)
(1.01106 0.00247666 1.05758e-18)
(0.980982 0.00258511 -6.99588e-17)
(1.01257 0.00435754 8.47801e-17)
(0.971518 0.00616744 -1.41656e-17)
(1.01253 0.00816454 -3.55806e-18)
(0.955677 0.0137653 -3.32476e-17)
(1.00841 0.0163265 1.12059e-16)
(0.927909 0.0305155 -4.21704e-17)
(0.994876 0.0353086 -1.15844e-16)
(0.877745 0.0709403 -3.47163e-17)
(0.961631 0.0851852 -4.30034e-17)
(1.00541 0.000465663 5.91262e-18)
(0.993717 -0.000252723 -1.55534e-17)
(1.007 0.000965562 -5.06651e-18)
(0.991132 0.000200304 -7.16848e-18)
(1.00885 0.00157041 8.39804e-18)
(0.987485 0.00112821 -2.64889e-17)
(1.01077 0.00268379 3.20924e-17)
(0.981869 0.00306948 -1.30322e-16)
(1.01238 0.00484529 1.23444e-17)
(0.97294 0.00712273 -1.09874e-16)
(1.01264 0.00924147 -3.11666e-17)
(0.958197 0.0156462 -2.47e-17)
(1.00924 0.0186039 2.28538e-17)
(0.933131 0.0342432 -5.81854e-18)
(0.997151 0.0398159 -1.1836e-17)
(0.891289 0.078394 -4.78235e-18)
(0.966191 0.0913956 -2.1872e-17)
(1.00505 0.000468528 1.82242e-18)
(0.994207 -0.000183135 -3.38398e-18)
(1.00653 0.000962449 -1.21932e-18)
(0.991823 0.000355216 -5.82174e-18)
(1.00822 0.00162671 5.14359e-18)
(0.988517 0.00139393 -1.32471e-17)
(1.00998 0.0028501 3.78097e-17)
(0.98347 0.0035596 -1.25049e-16)
(1.01141 0.00525013 1.26879e-17)
(0.975545 0.00805429 -1.09439e-16)
(1.01148 0.0101346 -3.07517e-17)
(0.96274 0.0174548 -2.18838e-17)
(1.00792 0.0204211 1.85526e-17)
(0.941898 0.0378321 -1.6469e-17)
(0.995779 0.042991 9.66113e-17)
(0.910553 0.0855468 2.28477e-17)
(0.965615 0.0938126 5.73061e-18)
(1.00457 0.000453122 2.06863e-19)
(0.994849 -0.000102727 -4.48441e-19)
(1.00587 0.000937253 -7.26916e-19)
(0.992748 0.000504266 -2.84994e-18)
(1.00733 0.00163312 3.4555e-18)
(0.989913 0.00167054 -8.26586e-18)
(1.00879 0.0029351 2.55763e-17)
(0.98564 0.00407008 -6.2451e-17)
(1.00982 0.00550772 8.93041e-17)
(0.97905 0.0090127 -1.55067e-17)
(1.00939 0.0107368 -6.02132e-18)
(0.968699 0.0192919 -3.53362e-17)
(1.00526 0.021612 9.65815e-17)
(0.952724 0.0414147 1.0647e-17)
(0.992809 0.0447285 3.84157e-17)
(0.931485 0.0922956 6.62201e-18)
(0.965449 0.0935799 1.0952e-16)
(1.00401 0.000414786 -5.95549e-20)
(0.99559 -1.87378e-06 2.34081e-18)
(1.0051 0.000878187 -2.4213e-19)
(0.993824 0.000680519 -3.02414e-18)
(1.00628 0.00158511 3.48583e-18)
)
;

boundaryField
{
    inlet
    {
        type            uniformFixedValue;
        uniformValue    constant (1 0 0);
        value           uniform (1 0 0);
    }
    outlet
    {
        type            pressureInletOutletVelocity;
        value           nonuniform 0();
    }
    polygon
    {
        type            fixedValue;
        value           nonuniform 0();
    }
    top
    {
        type            symmetryPlane;
    }
    bottom
    {
        type            symmetryPlane;
    }
    outside
    {
        type            zeroGradient;
    }
    procBoundary40to32
    {
        type            processor;
        value           nonuniform List<vector> 
18
(
(0.904285 0.0420556 -9.96266e-18)
(1.00573 0.000292733 -8.01803e-19)
(0.993317 -0.000268464 -8.82004e-18)
(1.00716 0.000664026 6.77647e-17)
(0.990799 -6.90324e-05 2.17601e-17)
(1.00869 0.000987137 1.23579e-16)
(0.987141 0.000393506 8.72663e-17)
(1.00994 0.00154778 3.54538e-17)
(0.981553 0.00140656 3.91429e-17)
(1.0102 0.00258556 1.23025e-16)
(0.972644 0.00358621 3.78474e-17)
(1.00777 0.00464637 6.20179e-17)
(0.957666 0.00829091 1.01866e-16)
(0.998853 0.00904337 6.69602e-17)
(0.930813 0.0189444 2.50603e-17)
(0.974504 0.0194819 1.27633e-17)
(0.878565 0.0460894 -5.48566e-17)
(0.878565 0.0460894 -5.48566e-17)
)
;
    }
    procBoundary40to33
    {
        type            processor;
        value           nonuniform List<vector> 7((0.766064 0.13297 1.80046e-17) (0.763994 0.147493 1.94426e-17) (0.763521 0.161725 2.01633e-17) (0.768 0.173899 3.02849e-17) (0.797536 0.188642 1.24731e-16) (0.840709 0.20229 4.6638e-17) (0.885008 0.213312 4.08041e-17));
    }
    procBoundary40to41
    {
        type            processor;
        value           uniform (0.922469 0.220269 4.91011e-17);
    }
    procBoundary40to48
    {
        type            processor;
        value           nonuniform List<vector> 
18
(
(0.991529 0.00197603 -1.18123e-17)
(1.00737 0.00292381 3.4831e-17)
(0.988129 0.00461519 -1.1705e-16)
(1.00793 0.00559324 2.69255e-17)
(0.983003 0.0100092 -8.7737e-17)
(1.00696 0.0110184 -1.96792e-17)
(0.975206 0.021149 -2.85179e-17)
(1.00237 0.0221803 3.39381e-17)
(0.963864 0.0448809 -2.9331e-18)
(0.990457 0.0452989 9.06203e-17)
(0.950759 0.0981117 1.07637e-16)
(0.969179 0.0920773 8.03352e-17)
(1.00343 0.000352585 2.00832e-18)
(0.996366 0.000120933 -2.44492e-18)
(1.00429 0.000783521 -3.09366e-19)
(0.994948 0.00088234 -2.46702e-18)
(0.991529 0.00197603 -1.18123e-17)
(1.00518 0.00147723 4.67829e-18)
)
;
    }
}


// ************************************************************************* //
