/*--------------------------------*- C++ -*----------------------------------*\
  =========                 |
  \\      /  F ield         | OpenFOAM: The Open Source CFD Toolbox
   \\    /   O peration     | Website:  https://openfoam.org
    \\  /    A nd           | Version:  7
     \\/     M anipulation  |
\*---------------------------------------------------------------------------*/
FoamFile
{
    version     2.0;
    format      ascii;
    class       volVectorField;
    location    "114";
    object      U;
}
// * * * * * * * * * * * * * * * * * * * * * * * * * * * * * * * * * * * * * //

dimensions      [0 1 -1 0 0 0 0];

internalField   nonuniform List<vector> 
115
(
(0.131975 -0.0212789 -8.3035e-19)
(0.141868 -0.0222135 -6.66931e-18)
(0.152261 -0.0232177 8.82186e-18)
(0.163166 -0.0242917 1.34975e-18)
(0.174595 -0.0254352 9.06717e-18)
(0.18656 -0.0266483 -2.65964e-19)
(0.199075 -0.0279308 -1.46532e-19)
(0.212153 -0.029283 -2.14411e-19)
(0.225811 -0.0307052 -5.10984e-20)
(0.140317 -0.0210568 -1.17242e-19)
(0.148269 -0.021788 9.01014e-20)
(0.156737 -0.0225865 6.22886e-19)
(0.16573 -0.0234548 1.09671e-18)
(0.175259 -0.0243952 -4.25959e-19)
(0.185332 -0.0254091 -1.33932e-18)
(0.19596 -0.0264982 -4.96883e-19)
(0.207152 -0.0276633 -1.44119e-18)
(0.218919 -0.0289052 -2.88183e-19)
(0.23127 -0.0302246 -7.42093e-19)
(0.244218 -0.0316218 1.63612e-18)
(0.257773 -0.0330973 6.38034e-19)
(0.271948 -0.0346514 1.65795e-18)
(0.286755 -0.0362845 -2.34327e-19)
(0.302208 -0.0379972 8.70532e-20)
(0.31832 -0.0397905 -8.10925e-20)
(0.335109 -0.0416657 1.71019e-19)
(0.221054 -0.0271209 -3.45948e-20)
(0.230926 -0.0282478 3.42581e-19)
(0.241408 -0.0294487 1.88106e-18)
(0.252508 -0.030726 7.63065e-18)
(0.264234 -0.0320819 3.14585e-19)
(0.276595 -0.0335182 9.81149e-19)
(0.289599 -0.0350363 2.52402e-19)
(0.303255 -0.0366374 7.86174e-19)
(0.317571 -0.0383225 1.35151e-19)
(0.332555 -0.0400924 2.06017e-19)
(0.348217 -0.0419479 -1.06596e-18)
(0.364565 -0.0438896 -3.37021e-21)
(0.381609 -0.0459184 -6.94087e-19)
(0.39936 -0.0480352 1.6953e-19)
(0.417827 -0.0502414 3.16561e-21)
(0.437021 -0.0525385 3.88023e-20)
(0.456955 -0.0549285 2.22047e-21)
(0.31182 -0.0345806 1.0286e-19)
(0.323761 -0.0361677 2.3772e-19)
(0.336394 -0.0378342 1.04655e-18)
(0.349723 -0.0395826 2.07427e-18)
(0.363755 -0.0414148 2.38391e-18)
(0.378493 -0.0433326 7.86992e-18)
(0.393943 -0.0453372 1.65236e-18)
(0.410109 -0.0474299 7.87898e-18)
(0.426993 -0.0496115 4.78451e-19)
(0.444599 -0.0518829 4.75568e-18)
(0.462931 -0.0542448 -9.6663e-18)
(0.481989 -0.0566982 -1.17936e-18)
(0.501777 -0.0592438 -8.02349e-18)
(0.522296 -0.0618829 1.47648e-18)
(0.543547 -0.0646168 -3.42286e-19)
(0.56553 -0.0674472 -1.33204e-19)
(0.588244 -0.0703763 -1.61264e-19)
(0.411917 -0.0435104 2.08898e-19)
(0.425945 -0.0456106 1.67266e-19)
(0.440722 -0.0477931 7.62232e-19)
(0.456247 -0.0500599 7.50522e-19)
(0.472518 -0.0524124 1.07602e-18)
(0.489534 -0.0548519 1.81074e-18)
(0.507292 -0.0573792 6.10028e-19)
(0.525785 -0.0599947 1.44671e-18)
(0.545008 -0.0626991 -9.90125e-20)
(0.564954 -0.0654924 -2.15017e-20)
(0.585613 -0.0683749 -2.47134e-18)
(0.606975 -0.0713468 -4.45891e-19)
(0.629026 -0.0744082 -1.50498e-18)
(0.651753 -0.0775594 5.76717e-19)
(0.675138 -0.0808006 -5.26024e-19)
(0.699161 -0.0841324 -1.26101e-19)
(0.723799 -0.0875552 -4.14645e-19)
(0.519714 -0.0538782 3.88282e-19)
(0.535662 -0.0565229 3.29985e-19)
(0.552375 -0.0592478 1.88226e-18)
(0.569843 -0.0620537 7.20169e-19)
(0.588053 -0.0649409 5.58695e-19)
(0.606993 -0.0679095 -5.26802e-21)
(0.626644 -0.070959 9.48014e-20)
(0.646988 -0.0740886 -9.22997e-20)
(0.668003 -0.0772975 -5.80436e-19)
(0.689665 -0.0805842 -9.04067e-19)
(0.711947 -0.0839474 -1.4957e-18)
(0.734817 -0.0873854 -7.18216e-19)
(0.758243 -0.0908963 -1.47431e-18)
(0.782186 -0.0944779 -4.3202e-19)
(0.806604 -0.098128 -1.40374e-18)
(0.83145 -0.101844 -5.78503e-19)
(0.856674 -0.105623 -8.56295e-19)
(0.632506 -0.0655081 6.31106e-19)
(0.64998 -0.0686957 -2.03903e-18)
(0.668179 -0.0719531 1.04646e-17)
(0.68708 -0.0752793 6.35354e-18)
(0.706655 -0.0786727 4.59352e-18)
(0.726874 -0.0821311 -1.54084e-18)
(0.747703 -0.0856519 -1.41953e-19)
(0.769104 -0.0892323 -1.09748e-18)
(0.791036 -0.0928688 -2.07266e-18)
(0.813454 -0.0965577 -4.0545e-18)
(0.836309 -0.100295 -8.36379e-18)
(0.859548 -0.104075 -2.56778e-18)
(0.883114 -0.107894 -9.50431e-18)
(0.906944 -0.111747 -3.01749e-18)
(0.930974 -0.115626 -1.1633e-17)
(0.955132 -0.119527 -6.32546e-18)
(0.979343 -0.123441 -3.21937e-18)
(0.746563 -0.0780568 1.07782e-18)
(0.764933 -0.081743 8.44303e-19)
(0.783926 -0.0854775 2.92382e-18)
(0.803501 -0.0892567 1.07522e-18)
)
;

boundaryField
{
    inlet
    {
        type            uniformFixedValue;
        uniformValue    constant (1 0 0);
        value           nonuniform 0();
    }
    outlet
    {
        type            pressureInletOutletVelocity;
        value           nonuniform 0();
    }
    polygon
    {
        type            fixedValue;
        value           nonuniform 0();
    }
    top
    {
        type            symmetryPlane;
    }
    bottom
    {
        type            symmetryPlane;
    }
    outside
    {
        type            zeroGradient;
    }
    procBoundary12to4
    {
        type            processor;
        value           nonuniform List<vector> 
18
(
(0.823614 -0.0930763 2.26779e-19)
(0.844215 -0.0969315 -6.26326e-19)
(0.865253 -0.100817 -3.47686e-19)
(0.886671 -0.104726 -9.3806e-19)
(0.908408 -0.108654 -1.27471e-18)
(0.9304 -0.112593 -1.85138e-18)
(0.952581 -0.116536 -2.30707e-18)
(0.974879 -0.120476 -1.40391e-18)
(0.997219 -0.124405 -2.95793e-18)
(1.01953 -0.128314 -1.72791e-18)
(1.04172 -0.132194 -3.24242e-18)
(1.06372 -0.136038 -1.29975e-18)
(1.08544 -0.139835 -1.5119e-18)
(0.857446 -0.0910215 1.16483e-18)
(0.875901 -0.0951167 1.4115e-18)
(0.894819 -0.0992266 2.88118e-18)
(0.823614 -0.0930763 2.26779e-19)
(0.914144 -0.103345 4.57394e-18)
)
;
    }
    procBoundary12to5
    {
        type            processor;
        value           nonuniform List<vector> 2((0.615779 -0.0623908 -6.46831e-18) (0.728854 -0.0744221 -1.06729e-18));
    }
    procBoundary12to11
    {
        type            processor;
        value           nonuniform List<vector> 7((0.240062 -0.0321983 2.43219e-20) (0.352591 -0.0436244 4.64058e-19) (0.47764 -0.0574143 1.85266e-19) (0.611688 -0.0734067 -2.90754e-19) (0.749024 -0.0910697 -5.42498e-19) (0.882216 -0.109461 -1.08609e-18) (1.00353 -0.127361 -9.26291e-18));
    }
    procBoundary12to13
    {
        type            processor;
        value           nonuniform List<vector> 5((0.132872 -0.0203898 2.88459e-19) (0.211782 -0.0260647 -1.62289e-19) (0.300563 -0.0330702 -4.80067e-19) (0.398636 -0.0414904 -2.79668e-19) (0.504538 -0.0513125 -8.70633e-19));
    }
    procBoundary12to20
    {
        type            processor;
        value           nonuniform List<vector> 
18
(
(0.0567561 -0.0152696 2.02756e-18)
(0.0644691 -0.0158888 8.54029e-19)
(0.0725855 -0.0165701 1.27128e-18)
(0.0811159 -0.0173132 -1.2995e-18)
(0.090071 -0.0181175 7.09321e-19)
(0.0994622 -0.0189826 -1.9381e-18)
(0.109301 -0.019908 -1.65807e-19)
(0.1196 -0.0208934 -2.00917e-19)
(0.130372 -0.0219385 -5.75083e-20)
(0.0695963 -0.0162448 -2.48675e-22)
(0.0758558 -0.0166485 5.42569e-20)
(0.0825356 -0.0171128 1.51761e-19)
(0.089645 -0.01764 1.75279e-20)
(0.0971936 -0.0182324 -1.04044e-18)
(0.105191 -0.0188915 -7.57979e-18)
(0.113647 -0.0196184 -1.1423e-18)
(0.122571 -0.020414 -7.96027e-18)
(0.122571 -0.020414 -7.96027e-18)
)
;
    }
}


// ************************************************************************* //
