/*--------------------------------*- C++ -*----------------------------------*\
  =========                 |
  \\      /  F ield         | OpenFOAM: The Open Source CFD Toolbox
   \\    /   O peration     | Website:  https://openfoam.org
    \\  /    A nd           | Version:  7
     \\/     M anipulation  |
\*---------------------------------------------------------------------------*/
FoamFile
{
    version     2.0;
    format      ascii;
    class       volVectorField;
    location    "2";
    object      U;
}
// * * * * * * * * * * * * * * * * * * * * * * * * * * * * * * * * * * * * * //

dimensions      [0 1 -1 0 0 0 0];

internalField   nonuniform List<vector> 
115
(
(1.0003 0.00142327 9.20429e-19)
(1.00077 0.002239 -1.48618e-18)
(1.00068 0.00296825 1.27196e-18)
(1.00189 0.00458405 -8.13709e-18)
(1.00134 0.00577091 2.00995e-18)
(1.00429 0.00924685 -5.40141e-18)
(1.0025 0.0111556 -1.22665e-18)
(1.00959 0.019191 -1.97989e-19)
(1.00472 0.0202767 2.54826e-18)
(1.02075 0.0417534 4.28047e-19)
(1.01293 0.0323009 -9.05776e-19)
(1.03712 0.0868798 -1.13601e-18)
(1.04708 0.0549623 1.33726e-18)
(0.999996 9.89787e-05 6.87733e-18)
(1.00006 0.000309131 -3.1627e-19)
(1.00012 0.000537103 7.84928e-18)
(1.00032 0.000915528 1.89008e-18)
(1.00042 0.00135836 7.43082e-19)
(1.00094 0.00214551 -1.91372e-19)
(1.00098 0.00282718 -2.35823e-19)
(1.00227 0.00441798 3.11378e-18)
(1.00198 0.00544142 7.67286e-18)
(1.00508 0.00899629 6.91849e-18)
(1.00383 0.0103393 1.84294e-19)
(1.01108 0.0188057 4.79419e-18)
(1.00755 0.0185596 7.14643e-18)
(1.0231 0.0403047 2.19225e-18)
(1.0183 0.0301785 -1.8253e-18)
(1.04133 0.0808475 -9.34197e-19)
(1.05339 0.0530148 1.0883e-18)
(0.999997 9.09937e-05 9.94143e-19)
(1.00007 0.000286028 1.01564e-19)
(1.00016 0.000500673 1.16135e-18)
(1.00038 0.000858957 7.6058e-19)
(1.00053 0.0012777 3.24942e-19)
(1.00109 0.00202764 -4.36879e-19)
(1.00126 0.00265703 1.61056e-18)
(1.00262 0.00419809 -7.5234e-18)
(1.00261 0.00506823 1.98991e-18)
(1.0058 0.00861696 -5.07711e-18)
(1.00515 0.0094866 -1.4032e-18)
(1.01238 0.0181111 2.77375e-19)
(1.01032 0.0168584 1.78912e-18)
(1.02516 0.038331 8.60281e-19)
(1.02338 0.0279528 1.36441e-18)
(1.04506 0.0746349 -1.58415e-19)
(1.05912 0.0505618 1.14656e-18)
(0.999998 8.15496e-05 3.57423e-19)
(1.00008 0.000258833 -4.09088e-19)
(1.00019 0.000457188 1.6892e-19)
(1.00043 0.000791331 5.38927e-20)
(1.00064 0.00118122 4.66247e-19)
(1.00124 0.00188542 -5.32919e-19)
(1.00153 0.00245741 1.19135e-18)
(1.00294 0.00392475 -4.29636e-18)
(1.00321 0.00464915 7.16565e-18)
(1.00644 0.00811304 -3.33492e-19)
(1.00642 0.00858462 -4.0876e-19)
(1.01352 0.0171343 -1.11039e-18)
(1.01295 0.0151229 4.56786e-18)
(1.02698 0.0359205 1.2532e-18)
(1.02805 0.0255341 5.29212e-20)
(1.04846 0.068287 1.04572e-18)
(1.06426 0.0475369 -4.45103e-18)
(0.999999 6.8936e-05 5.87132e-19)
(1.00009 0.000224713 -1.13265e-18)
(1.00022 0.000403527 -3.87195e-19)
(1.00049 0.000709982 -4.88964e-19)
(1.00074 0.00106732 7.44209e-19)
(1.00137 0.00171829 -1.62045e-18)
(1.00178 0.0022276 1.63791e-18)
(1.00323 0.00359936 -8.93423e-18)
(1.00376 0.00417906 1.64439e-18)
(1.007 0.00749275 -6.13738e-18)
(1.00759 0.0076079 -1.56308e-18)
(1.01451 0.0159103 -8.28366e-19)
(1.01535 0.0132743 9.7746e-19)
(1.02858 0.0331375 3.43825e-19)
(1.03221 0.0228101 3.54853e-19)
(1.05153 0.0617532 -5.19853e-19)
(1.06876 0.0439053 2.17623e-18)
(0.999999 6.06419e-05 1.43865e-18)
(1.0001 0.000199363 -7.6615e-18)
(1.00025 0.000361421 -1.88204e-18)
(1.00053 0.000643853 -8.21569e-19)
(1.00083 0.000970686 1.81404e-18)
(1.00149 0.00157567 -7.73208e-18)
(1.002 0.00202901 -3.95201e-19)
(1.00347 0.00331751 -4.69213e-18)
(1.00423 0.00378156 6.52975e-18)
(1.00747 0.00694472 -7.65535e-19)
(1.00859 0.00681476 -6.72912e-19)
(1.01532 0.0148106 -1.09041e-18)
(1.01738 0.0118198 3.98103e-18)
(1.02991 0.030736 -1.6291e-18)
(1.03569 0.0206059 6.82174e-19)
(1.05417 0.0565582 -1.46172e-18)
(1.07248 0.040732 5.77137e-18)
(1 3.50998e-05 5.29395e-19)
(1.00011 0.000136865 -1.52535e-18)
(1.00028 0.000264234 -6.57493e-19)
(1.00058 0.00049729 -5.63375e-19)
(1.00091 0.00076763 8.04691e-19)
(1.00158 0.0012753 -1.76222e-18)
(1.00216 0.00162668 1.57976e-18)
(1.00366 0.00271974 -9.49115e-18)
(1.00458 0.00298495 4.69582e-19)
(1.00784 0.00576256 -7.26018e-18)
(1.00933 0.0052392 -1.98095e-18)
(1.01598 0.0124594 -7.91384e-19)
(1.01888 0.00889021 6.50898e-19)
(1.03096 0.0259581 -4.01418e-19)
(1.03829 0.0158486 5.11521e-19)
(1.05607 0.0471682 -1.24816e-18)
(1.07529 0.033771 3.48615e-18)
)
;

boundaryField
{
    inlet
    {
        type            uniformFixedValue;
        uniformValue    constant (1 0 0);
        value           uniform (1 0 0);
    }
    outlet
    {
        type            pressureInletOutletVelocity;
        value           nonuniform 0();
    }
    polygon
    {
        type            fixedValue;
        value           nonuniform 0();
    }
    top
    {
        type            symmetryPlane;
    }
    bottom
    {
        type            symmetryPlane;
    }
    outside
    {
        type            zeroGradient;
    }
    procBoundary56to48
    {
        type            processor;
        value           nonuniform List<vector> 
18
(
(1.00018 0.0014716 1.97542e-18)
(1.0006 0.0023067 -7.99527e-18)
(1.00038 0.00307853 -7.10029e-19)
(1.00148 0.00469311 -4.57018e-18)
(1.0007 0.00605431 7.49014e-18)
(1.0034 0.00935893 -7.71742e-20)
(1.0012 0.0119394 -2.07119e-19)
(1.00789 0.0192322 -1.63409e-18)
(1.00193 0.0220399 7.68194e-18)
(1.01795 0.0425636 -2.43762e-18)
(1.00748 0.0343682 -5.16792e-18)
(1.03219 0.0926003 -2.03532e-18)
(1.04023 0.056458 1.75587e-18)
(0.999995 0.00010537 1.42193e-18)
(1.00005 0.000328027 -1.3089e-18)
(1.00009 0.000566431 7.92077e-19)
(1.00026 0.000961066 1.36536e-19)
(1.00026 0.000961066 1.36536e-19)
)
;
    }
    procBoundary56to49
    {
        type            processor;
        value           nonuniform List<vector> 2((1.06011 0.138304 -3.54561e-18) (1.06782 0.126086 -2.64604e-18));
    }
    procBoundary56to57
    {
        type            processor;
        value           nonuniform List<vector> 5((1.07489 0.114343 -6.62054e-18) (1.0813 0.103038 -7.2802e-18) (1.08708 0.0919001 -1.01298e-17) (1.09203 0.0834271 -1.90494e-17) (1.09564 0.0686275 -6.83774e-18));
    }
}


// ************************************************************************* //
