/*--------------------------------*- C++ -*----------------------------------*\
  =========                 |
  \\      /  F ield         | OpenFOAM: The Open Source CFD Toolbox
   \\    /   O peration     | Website:  https://openfoam.org
    \\  /    A nd           | Version:  7
     \\/     M anipulation  |
\*---------------------------------------------------------------------------*/
FoamFile
{
    version     2.0;
    format      ascii;
    class       volVectorField;
    location    "42";
    object      U;
}
// * * * * * * * * * * * * * * * * * * * * * * * * * * * * * * * * * * * * * //

dimensions      [0 1 -1 0 0 0 0];

internalField   nonuniform List<vector> 
250
(
(0.758146 0.218946 2.51196e-18)
(0.756488 0.203711 7.0738e-18)
(0.752377 0.186678 2.7583e-18)
(0.745209 0.167738 8.24277e-18)
(0.734364 0.14681 2.21895e-18)
(0.719437 0.123862 -6.97623e-18)
(0.700786 0.0989424 6.90856e-18)
(0.680352 0.0722158 3.06602e-18)
(0.662121 0.0439985 9.86191e-18)
(0.651166 0.0147838 4.45852e-19)
(0.705906 0.212912 3.11818e-18)
(0.697844 0.197497 1.06996e-17)
(0.686891 0.180432 3.63255e-18)
(0.6725 0.161634 1.2277e-17)
(0.654188 0.141049 2.9067e-18)
(0.631792 0.118674 -1.06352e-17)
(0.60604 0.0945761 1.025e-17)
(0.579386 0.0689064 4.25714e-18)
(0.556449 0.0419347 1.40525e-17)
(0.542936 0.0140829 7.10953e-19)
(0.696548 0.212692 1.39543e-18)
(0.688259 0.196931 1.14715e-17)
(0.677197 0.179537 2.75802e-18)
(0.662856 0.16045 1.39241e-17)
(0.644789 0.139649 2.21087e-18)
(0.622837 0.117172 -1.37284e-17)
(0.597673 0.0931248 1.36218e-17)
(0.571634 0.067685 4.05387e-18)
(0.549201 0.0411165 1.80595e-17)
(0.535968 0.0137946 1.13176e-18)
(0.653159 0.217491 -2.18537e-18)
(0.639421 0.20185 -2.49135e-18)
(0.622484 0.184507 -6.4669e-19)
(0.60191 0.165363 -2.26312e-18)
(0.577387 0.144358 -1.90969e-19)
(0.54898 0.121496 2.18163e-18)
(0.517677 0.0968533 -1.92055e-18)
(0.486241 0.0705887 -9.61545e-19)
(0.459694 0.042973 -2.21496e-18)
(0.444208 0.0144348 1.11239e-18)
(0.63548 0.219722 1.13617e-18)
(0.620555 0.203539 2.98482e-18)
(0.602468 0.185621 2.13295e-18)
(0.580852 0.165904 3.24057e-18)
(0.555467 0.144381 2.13739e-18)
(0.526423 0.121118 -1.04967e-18)
(0.494693 0.0962451 9.90321e-19)
(0.462978 0.0699539 1.19361e-18)
(0.436242 0.0425023 2.64213e-18)
(0.42065 0.014262 1.66757e-18)
(0.597743 0.230753 1.1895e-18)
(0.577848 0.214741 7.02473e-18)
(0.554398 0.196754 3.86702e-18)
(0.527125 0.176673 8.57215e-18)
(0.495955 0.154446 4.88211e-18)
(0.461212 0.130108 -5.28684e-18)
(0.424123 0.103781 4.30626e-18)
(0.387704 0.0756693 3.49274e-18)
(0.357353 0.0460807 7.86184e-18)
(0.339758 0.0154816 2.63862e-18)
(0.574537 0.236849 6.07927e-18)
(0.552125 0.220239 2.72066e-17)
(0.526054 0.201508 7.68169e-18)
(0.496177 0.180579 3.1793e-17)
(0.462559 0.157468 1.39613e-17)
(0.425643 0.132283 -3.27448e-17)
(0.386724 0.10522 2.57894e-17)
(0.348835 0.0765281 9.2859e-18)
(0.317415 0.0465176 3.95147e-17)
(0.299242 0.0156131 8.81491e-18)
(0.540325 0.251551 -2.94498e-18)
(0.512772 0.235042 -3.86361e-18)
(0.481207 0.216036 -1.60868e-18)
(0.445655 0.19442 -3.24085e-18)
(0.406392 0.170192 3.09074e-17)
(0.364083 0.143464 -2.40417e-17)
(0.320227 0.114449 -7.98317e-18)
(0.278072 0.0834374 -1.8899e-18)
(0.243375 0.0508026 3.21493e-18)
(0.223374 0.0170664 4.64573e-17)
(0.513556 0.26174 1.67423e-18)
(0.481803 0.244591 7.73189e-18)
(0.445845 0.224652 4.11355e-18)
(0.405912 0.201879 8.58911e-18)
(0.362497 0.176357 7.41944e-19)
(0.316457 0.148294 -2.06917e-18)
(0.269418 0.117994 4.2983e-18)
(0.224703 0.0858121 3.13269e-18)
(0.188159 0.0521493 4.82789e-18)
(0.167171 0.0175005 -7.01449e-19)
(0.481223 0.278188 6.38035e-18)
(0.443421 0.260916 2.89808e-17)
(0.401175 0.240391 8.18546e-18)
(0.354977 0.21659 3.44191e-17)
(0.305585 0.18963 9.38721e-18)
(0.254082 0.159756 -3.24492e-17)
(0.202255 0.127314 3.03438e-17)
(0.153542 0.0927072 1.13164e-17)
(0.113988 0.0563916 4.2644e-17)
(0.0913271 0.0189338 1.89606e-18)
(0.451919 0.290786 -3.58838e-18)
(0.407942 0.272679 -5.06884e-18)
(0.359436 0.250962 -2.77204e-18)
(0.307177 0.22572 -3.6591e-18)
(0.252174 0.197183 -1.82427e-18)
(0.195716 0.165698 1.18667e-18)
(0.139726 0.131697 -5.64694e-19)
(0.0877232 0.0956524 -1.93833e-19)
(0.0458389 0.0580676 4.49029e-19)
(0.0219572 0.0194781 1.4122e-18)
(0.419502 0.305498 -1.79126e-18)
(0.368089 0.286784 -1.65094e-20)
(0.312221 0.264096 1.04227e-19)
(0.252967 0.237603 2.46945e-19)
(0.191587 0.207596 2.31336e-19)
(0.129555 0.174467 -3.6348e-20)
(0.0688927 0.138672 -3.41834e-19)
(0.0131543 0.100713 -6.9449e-21)
(-0.0314507 0.0611212 3.08437e-20)
(-0.0568056 0.0204927 1.33016e-18)
(0.387153 0.315086 -1.20005e-20)
(0.327895 0.295212 1.01378e-19)
(0.264487 0.27123 -3.91604e-20)
(0.19824 0.243431 -1.56659e-19)
(0.130588 0.212184 -4.92772e-20)
(0.0631401 0.177929 -7.05552e-21)
(-0.00197225 0.141155 -1.12372e-19)
(-0.061142 0.102363 -6.83721e-20)
(-0.108129 0.0620568 3.12159e-19)
(-0.134738 0.0207943 1.36302e-18)
(0.352104 0.320722 -1.48163e-18)
(0.284639 0.299823 -6.96425e-19)
(0.213571 0.274886 -3.01736e-19)
(0.140357 0.24626 -5.55155e-20)
(0.0665339 0.214333 -1.00312e-19)
(-0.00619462 0.179501 6.36663e-20)
(-0.0756133 0.142203 -5.85497e-20)
(-0.138073 0.102969 5.67581e-20)
(-0.187298 0.0623474 1.86508e-19)
(-0.215051 0.0208775 9.3323e-19)
(0.315308 0.317645 -4.74486e-19)
(0.240006 0.295871 -4.73341e-19)
(0.161801 0.270449 -2.72542e-19)
(0.0821588 0.241739 -1.20197e-19)
(0.00261014 0.210062 -8.25603e-20)
(-0.0750412 0.175714 -9.1378e-20)
(-0.148515 0.139078 3.98116e-22)
(-0.214062 0.100636 -2.25268e-19)
(-0.265346 0.0608946 8.30169e-20)
(-0.294125 0.0203828 1.15542e-18)
(0.276495 0.305576 -3.12963e-18)
(0.194279 0.28355 -3.0918e-18)
(0.109878 0.25845 -1.48654e-18)
(0.024619 0.230592 -1.06637e-18)
(-0.0599544 0.200132 -3.69396e-19)
(-0.142063 0.167251 -3.17633e-19)
(-0.219276 0.132309 2.50169e-19)
(-0.287669 0.0956808 2.02925e-19)
(-0.340822 0.0578611 5.45921e-19)
(-0.370509 0.0193596 -2.78216e-19)
(0.237402 0.284067 -8.41894e-18)
(0.149624 0.262702 -1.92692e-17)
(0.0601948 0.238944 -6.19938e-18)
(-0.0297474 0.212877 -1.49679e-17)
(-0.118719 0.184603 -4.27814e-18)
(-0.204879 0.154276 7.67847e-18)
(-0.285559 0.122042 -5.59838e-18)
(-0.356595 0.0882409 -1.88242e-18)
(-0.41144 0.0533437 -5.78707e-18)
(-0.44192 0.0178429 -2.21194e-18)
(0.19965 0.255854 -3.32261e-18)
(0.107655 0.236055 -3.87605e-18)
(0.0142791 0.214373 -1.90204e-18)
(-0.0794442 0.190839 -1.68452e-18)
(-0.172181 0.16545 -4.88147e-19)
(-0.261925 0.138263 -8.3441e-19)
(-0.345766 0.109374 2.0361e-18)
(-0.419232 0.0790671 2.00129e-18)
(-0.475602 0.0477805 4.9826e-18)
(-0.506769 0.0159771 3.81992e-18)
(0.165239 0.224359 -1.35327e-17)
(0.0699711 0.206769 -3.86185e-17)
(-0.0265989 0.187595 -1.19496e-17)
(-0.123539 0.166859 -3.93219e-17)
(-0.219499 0.144586 -1.01577e-17)
(-0.312376 0.120764 2.53546e-17)
(-0.399008 0.0954774 -2.83021e-17)
(-0.474606 0.0689745 -1.02857e-17)
(-0.532279 0.0416512 -3.34636e-17)
(-0.564007 0.0139205 -5.54101e-18)
(0.135122 0.192554 6.09657e-18)
(0.0370915 0.177381 4.84079e-17)
(-0.0622164 0.16081 1.47636e-17)
(-0.16191 0.142873 4.50127e-17)
(-0.260599 0.123619 1.06658e-17)
(-0.356107 0.103082 9.675e-18)
(-0.445062 0.0813591 3.58203e-17)
(-0.522398 0.0586764 7.3181e-18)
(-0.581082 0.0353809 2.88918e-17)
(-0.613212 0.0118144 3.13639e-18)
(0.109654 0.161935 -6.09083e-19)
(0.00905207 0.149171 1.33405e-18)
(-0.0927717 0.1351 1.65096e-18)
(-0.194869 0.119796 5.35673e-18)
(-0.29583 0.103372 3.26556e-18)
(-0.39343 0.0859272 3.37623e-18)
(-0.484155 0.0675967 8.64401e-18)
(-0.56274 0.0485988 4.37491e-18)
(-0.622074 0.0292293 8.60662e-18)
(-0.654415 0.0097458 1.95254e-18)
(0.0886641 0.132841 -4.94853e-19)
(-0.0143939 0.122343 4.94893e-19)
(-0.11855 0.110618 9.45183e-20)
(-0.222753 0.0977985 1.18086e-18)
(-0.325559 0.08404 4.56293e-19)
(-0.424718 0.0695112 5.37765e-19)
(-0.516637 0.0543932 2.42284e-18)
(-0.595941 0.0389084 1.91014e-18)
(-0.655528 0.023305 2.90088e-18)
(-0.687872 0.0077522 5.20956e-19)
(0.0718369 0.10499 1.03207e-19)
(-0.0335404 0.096618 3.7657e-19)
(-0.139822 0.087126 7.75969e-20)
(-0.245828 0.0766793 2.68339e-19)
(-0.350068 0.0654805 1.57668e-20)
(-0.450274 0.0537503 5.61702e-19)
(-0.542823 0.0417122 1.20757e-18)
(-0.622321 0.029597 5.2991e-19)
(-0.681763 0.0176102 1.67887e-19)
(-0.713899 0.00583548 -1.84806e-18)
(0.0588233 0.0779704 3.56718e-20)
(-0.0486456 0.0715862 5.47453e-19)
(-0.156771 0.0642414 -6.13373e-19)
(-0.264249 0.0561161 1.17661e-19)
(-0.369517 0.0474336 7.40704e-19)
(-0.470286 0.0384489 2.51382e-19)
(-0.562936 0.0294179 -1.84156e-19)
(-0.642129 0.0205785 1.02112e-19)
(-0.701046 0.0120979 -7.45124e-20)
(-0.732773 0.00398077 8.46506e-19)
(0.0493274 0.0514309 -3.45846e-18)
(-0.0598832 0.0469252 -1.26288e-18)
(-0.169486 0.0416662 3.80862e-19)
(-0.278063 0.0358413 -2.94962e-19)
(-0.383948 0.0296682 2.48643e-19)
(-0.484823 0.0234208 -1.58917e-19)
(-0.577088 0.0173713 5.06989e-20)
(-0.655522 0.0117594 3.92538e-20)
(-0.713567 0.00671507 -1.84187e-19)
(-0.744699 0.00217101 -7.38017e-18)
)
;

boundaryField
{
    inlet
    {
        type            uniformFixedValue;
        uniformValue    constant (1 0 0);
        value           nonuniform 0();
    }
    outlet
    {
        type            pressureInletOutletVelocity;
        value           nonuniform List<vector> 10((0.758146 0.218946 2.51196e-18) (0.756488 0.203711 7.0738e-18) (0.752377 0.186678 2.7583e-18) (0.745209 0.167738 8.24277e-18) (0.734364 0.14681 2.21895e-18) (0.719437 0.123862 -6.97623e-18) (0.700786 0.0989424 6.90856e-18) (0.680352 0.0722158 3.06602e-18) (0.662121 0.0439985 9.86191e-18) (0.651166 0.0147838 4.45852e-19));
    }
    polygon
    {
        type            fixedValue;
        value           nonuniform 0();
    }
    top
    {
        type            symmetryPlane;
    }
    bottom
    {
        type            symmetryPlane;
    }
    outside
    {
        type            zeroGradient;
    }
    procBoundary7to3
    {
        type            processor;
        value           nonuniform List<vector> 
25
(
(0.757871 0.232499 6.81414e-18)
(0.711581 0.226774 1.02441e-17)
(0.702537 0.226903 8.96134e-18)
(0.664152 0.231553 -7.03325e-18)
(0.64765 0.234272 8.53368e-19)
(0.614443 0.244955 -1.43817e-19)
(0.593564 0.25148 2.26534e-17)
(0.564028 0.265757 -6.57013e-18)
(0.541107 0.276263 -6.38008e-19)
(0.514349 0.292372 2.4059e-17)
(0.490858 0.305355 -6.86393e-18)
(0.465617 0.320225 -5.68663e-18)
(0.441112 0.330681 4.4994e-19)
(0.414584 0.337284 -3.42659e-18)
(0.386259 0.335387 -5.1233e-19)
(0.355184 0.324161 -5.54444e-18)
(0.322441 0.302736 -2.51701e-17)
(0.28946 0.273623 -6.40252e-18)
(0.258566 0.240358 -4.5826e-17)
(0.231248 0.20633 1.79797e-17)
(0.208307 0.17338 -2.56737e-18)
(0.189735 0.142058 1.8687e-19)
(0.175235 0.112171 -9.2913e-20)
(0.164345 0.0833156 -1.01333e-18)
(0.156605 0.0551358 -8.66119e-18)
)
;
    }
    procBoundary7to6
    {
        type            processor;
        value           nonuniform List<vector> 10((0.0430787 0.0252225 -1.40172e-17) (-0.0674242 0.0225278 -2.82388e-18) (-0.178046 0.0192907 -1.00903e-18) (-0.287296 0.0157526 -4.5924e-19) (-0.393367 0.0120855 1.11464e-19) (-0.493903 0.0085794 -1.43135e-19) (-0.585328 0.00550165 -4.69098e-19) (-0.662588 0.00308878 -4.68228e-19) (-0.71945 0.00143068 1.48395e-19) (-0.749825 0.000395791 6.59661e-18));
    }
    procBoundary7to11
    {
        type            processor;
        value           nonuniform List<vector> 
25
(
(0.651166 -0.0147838 -9.24439e-18)
(0.542936 -0.0140829 -1.25958e-17)
(0.535968 -0.0137946 -1.4676e-17)
(0.444208 -0.0144348 9.16922e-18)
(0.42065 -0.014262 4.69861e-18)
(0.339758 -0.0154816 -2.65059e-19)
(0.299242 -0.0156131 -2.92749e-17)
(0.223374 -0.0170664 5.0262e-17)
(0.167171 -0.0175005 1.09934e-18)
(0.0913271 -0.0189338 -4.07547e-17)
(0.0219572 -0.019478 7.4949e-18)
(-0.0568056 -0.0204927 7.79663e-18)
(-0.134738 -0.0207943 7.21821e-18)
(-0.215051 -0.0208775 6.07565e-18)
(-0.294125 -0.0203828 5.45034e-18)
(-0.370509 -0.0193596 -4.73026e-18)
(-0.44192 -0.0178429 -4.60049e-18)
(-0.506769 -0.0159771 1.60435e-17)
(-0.564007 -0.0139205 -1.92604e-18)
(-0.613212 -0.0118144 1.74968e-18)
(-0.654415 -0.0097458 -3.3274e-18)
(-0.687872 -0.0077522 -6.5463e-18)
(-0.713899 -0.00583548 -1.19474e-17)
(-0.732773 -0.00398077 -4.73746e-18)
(-0.744699 -0.00217101 -3.73385e-17)
)
;
    }
}


// ************************************************************************* //
