/*--------------------------------*- C++ -*----------------------------------*\
  =========                 |
  \\      /  F ield         | OpenFOAM: The Open Source CFD Toolbox
   \\    /   O peration     | Website:  https://openfoam.org
    \\  /    A nd           | Version:  7
     \\/     M anipulation  |
\*---------------------------------------------------------------------------*/
FoamFile
{
    version     2.0;
    format      ascii;
    class       volVectorField;
    location    "4";
    object      U;
}
// * * * * * * * * * * * * * * * * * * * * * * * * * * * * * * * * * * * * * //

dimensions      [0 1 -1 0 0 0 0];

internalField   nonuniform List<vector> 
125
(
(0.992832 -1.59944e-05 3.5568e-21)
(0.992822 -1.99846e-05 -3.60634e-20)
(0.992817 -2.15069e-05 1.59069e-20)
(0.992808 -2.52624e-05 -8.81568e-20)
(0.9928 -2.8117e-05 7.63059e-20)
(0.992789 -3.22405e-05 -3.7516e-20)
(0.992777 -3.62794e-05 -1.64466e-19)
(0.992764 -4.12178e-05 4.86545e-20)
(0.992749 -4.65187e-05 4.99868e-20)
(0.992732 -5.26501e-05 1.27754e-19)
(0.992713 -5.94412e-05 2.48852e-19)
(0.992691 -6.71502e-05 2.77581e-19)
(0.992667 -7.57754e-05 5.33705e-19)
(0.99264 -8.55011e-05 -3.3414e-19)
(0.992609 -9.64131e-05 -1.70374e-19)
(0.992574 -0.000108683 -1.35012e-19)
(0.992535 -0.000122453 -4.47195e-19)
(0.992831 -1.44177e-05 1.59604e-20)
(0.992821 -1.80451e-05 -3.9965e-21)
(0.992816 -1.9512e-05 9.36035e-21)
(0.992807 -2.29249e-05 2.5123e-22)
(0.992798 -2.5561e-05 1.00759e-19)
(0.992787 -2.93159e-05 1.17867e-19)
(0.992776 -3.30043e-05 7.1673e-20)
(0.992762 -3.74931e-05 3.1332e-20)
(0.992747 -4.23088e-05 4.39012e-20)
(0.99273 -4.78664e-05 9.71569e-20)
(0.992711 -5.40149e-05 1.93783e-19)
(0.992689 -6.09842e-05 4.50059e-19)
(0.992665 -6.87732e-05 4.56473e-19)
(0.992637 -7.75464e-05 -3.44216e-19)
(0.992606 -8.73805e-05 -4.74834e-19)
(0.992571 -9.8429e-05 -1.21424e-19)
(0.992531 -0.000110819 -1.20619e-19)
(0.99283 -1.27706e-05 1.52594e-20)
(0.99282 -1.59317e-05 2.3201e-20)
(0.992816 -1.72365e-05 8.98604e-21)
(0.992806 -2.02129e-05 3.06214e-20)
(0.992798 -2.25295e-05 1.49946e-19)
(0.992786 -2.58196e-05 -4.15523e-20)
(0.992775 -2.90606e-05 -1.34773e-19)
(0.992761 -3.30054e-05 5.92827e-20)
(0.992746 -3.72425e-05 5.51527e-20)
(0.992728 -4.21354e-05 5.47988e-20)
(0.992709 -4.75523e-05 8.18751e-20)
(0.992687 -5.36956e-05 -5.43251e-20)
(0.992662 -6.05647e-05 2.41408e-19)
(0.992634 -6.83048e-05 -1.92726e-19)
(0.992603 -7.69837e-05 -2.11124e-19)
(0.992567 -8.6737e-05 -4.1317e-19)
(0.992527 -9.7677e-05 1.08966e-19)
(0.99283 -1.10979e-05 2.2569e-20)
(0.992819 -1.38222e-05 7.45195e-20)
(0.992815 -1.49733e-05 3.0785e-21)
(0.992805 -1.7543e-05 1.19758e-20)
(0.99275 -0.000123435 1.21599e-19)
(0.992733 -0.000139331 6.03128e-20)
(0.992714 -0.000157132 1.15624e-19)
(0.992692 -0.000177137 -3.74219e-20)
(0.992667 -0.000199568 7.89573e-20)
(0.992639 -0.000224743 1.05123e-19)
(0.99284 -2.93912e-05 3.99498e-20)
(0.992832 -3.66493e-05 5.73596e-20)
(0.992828 -4.01799e-05 1.28435e-19)
(0.99282 -4.69741e-05 6.15566e-20)
(0.992813 -5.27712e-05 1.83886e-19)
(0.992804 -6.03813e-05 -8.5203e-23)
(0.992794 -6.81993e-05 6.05349e-20)
(0.992783 -7.74041e-05 9.42507e-20)
(0.992771 -8.74519e-05 1.20825e-19)
(0.992756 -9.88982e-05 2.95421e-19)
(0.99274 -0.000111636 5.4481e-19)
(0.992722 -0.000126 1.73239e-19)
(0.992701 -0.000142079 5.60631e-19)
(0.992678 -0.000160148 -6.87356e-20)
(0.992651 -0.000180405 1.40156e-19)
(0.992622 -0.000203136 1.93421e-19)
(0.992837 -2.60977e-05 3.58056e-21)
(0.992828 -3.25452e-05 5.19509e-20)
(0.992824 -3.56557e-05 -6.54356e-20)
(0.992816 -4.17016e-05 1.29409e-19)
(0.992809 -4.68219e-05 -1.37947e-19)
(0.992799 -5.35853e-05 2.77317e-19)
(0.992789 -6.05034e-05 3.46498e-20)
(0.992777 -6.86724e-05 3.65228e-19)
(0.992763 -7.75714e-05 9.03295e-20)
(0.992748 -8.77205e-05 5.29178e-19)
(0.992731 -9.90052e-05 1.76167e-19)
(0.992712 -0.000111735 5.64394e-19)
(0.99269 -0.000125979 7.51579e-20)
(0.992665 -0.000141988 5.03977e-19)
(0.992637 -0.000159932 2.31167e-20)
(0.992606 -0.000180066 6.03917e-19)
(0.992835 -2.2556e-05 4.30211e-21)
(0.992826 -2.81516e-05 2.87307e-21)
(0.992821 -3.07645e-05 -1.41728e-20)
(0.992812 -3.60138e-05 -4.87237e-20)
(0.992805 -4.03711e-05 -1.50774e-19)
(0.992795 -4.62242e-05 -3.68766e-19)
(0.992784 -5.21584e-05 -3.81415e-19)
(0.992771 -5.9218e-05 -3.72009e-19)
(0.992757 -6.6884e-05 -3.62816e-19)
(0.992741 -7.56551e-05 -1.90156e-19)
(0.992723 -8.5399e-05 1.16261e-19)
(0.992703 -9.64062e-05 -7.99583e-20)
(0.99268 -0.000108722 -2.94642e-19)
(0.992654 -0.000122572 -8.8686e-19)
(0.992625 -0.000138098 -7.44901e-19)
(0.992592 -0.000155525 -7.30638e-19)
(0.992833 -1.90549e-05 2.90586e-20)
(0.992823 -2.41026e-05 3.29878e-20)
(0.992819 -2.62819e-05 1.114e-19)
(0.992809 -3.09941e-05 1.09001e-20)
(0.992802 -3.47154e-05 1.49075e-19)
(0.992791 -3.98726e-05 -1.16619e-19)
(0.99278 -4.49728e-05 -4.92587e-20)
(0.992767 -5.11053e-05 -8.2264e-22)
(0.992752 -5.76884e-05 4.71223e-20)
(0.992736 -6.52392e-05 1.99462e-19)
(0.992717 -7.35807e-05 5.29016e-19)
(0.992696 -8.30003e-05 7.92317e-20)
(0.992672 -9.35071e-05 4.71922e-19)
(0.992645 -0.00010531 -3.48406e-19)
(0.992615 -0.000118515 -2.54405e-20)
(0.992581 -0.000133319 -2.13073e-20)
)
;

boundaryField
{
    inlet
    {
        type            uniformFixedValue;
        uniformValue    constant (1 0 0);
        value           nonuniform 0();
    }
    outlet
    {
        type            pressureInletOutletVelocity;
        value           nonuniform List<vector> 8((0.992832 -1.59944e-05 3.5568e-21) (0.992831 -1.44177e-05 1.59604e-20) (0.99283 -1.27706e-05 1.52594e-20) (0.99283 -1.10979e-05 2.2569e-20) (0.99284 -2.93912e-05 3.99498e-20) (0.992837 -2.60977e-05 3.58056e-21) (0.992835 -2.2556e-05 4.30211e-21) (0.992833 -1.90549e-05 2.90586e-20));
    }
    polygon
    {
        type            fixedValue;
        value           nonuniform 0();
    }
    top
    {
        type            symmetryPlane;
    }
    bottom
    {
        type            symmetryPlane;
    }
    outside
    {
        type            zeroGradient;
    }
    procBoundary47to39
    {
        type            processor;
        value           nonuniform List<vector> 
18
(
(0.992797 -1.95604e-05 3.17638e-20)
(0.992785 -2.24095e-05 -9.35281e-20)
(0.992774 -2.52226e-05 2.14629e-21)
(0.99276 -2.86414e-05 7.12585e-20)
(0.992745 -3.23152e-05 1.03274e-19)
(0.992727 -3.65556e-05 3.36548e-20)
(0.992707 -4.125e-05 1.06644e-19)
(0.992685 -4.65729e-05 2.14354e-19)
(0.99266 -5.2524e-05 4.16637e-19)
(0.992632 -5.92291e-05 1.39183e-20)
(0.9926 -6.67469e-05 2.67622e-20)
(0.992564 -7.51948e-05 -2.44569e-20)
(0.992524 -8.46703e-05 3.07577e-19)
(0.992829 -9.41022e-06 1.51377e-20)
(0.992819 -1.17017e-05 8.81339e-20)
(0.992814 -1.26845e-05 3.0964e-20)
(0.992797 -1.95604e-05 3.17638e-20)
(0.992804 -1.48461e-05 -2.13572e-20)
)
;
    }
    procBoundary47to46
    {
        type            processor;
        value           nonuniform List<vector> 9((0.992491 -0.000137913 1.24295e-19) (0.992543 -0.000149892 1.46223e-19) (0.992487 -0.00012472 -9.18316e-20) (0.992483 -0.000109953 -4.96167e-20) (0.992608 -0.000252969 2.09359e-19) (0.992588 -0.000228617 3.06121e-19) (0.992571 -0.000202635 -1.88916e-19) (0.992556 -0.00017506 -6.33112e-19) (0.992543 -0.000149892 1.46223e-19));
    }
    procBoundary47to55
    {
        type            processor;
        value           nonuniform List<vector> 
17
(
(0.992761 -0.00013439 5.23296e-19)
(0.992745 -0.000151716 9.98665e-20)
(0.992728 -0.000171122 5.5704e-19)
(0.992707 -0.000192934 -1.26881e-19)
(0.992685 -0.000217397 1.33672e-19)
(0.992659 -0.000244855 1.52666e-19)
(0.992843 -3.24577e-05 1.72159e-20)
(0.992836 -4.04789e-05 2.7886e-20)
(0.992832 -4.43915e-05 3.50507e-20)
(0.992825 -5.18948e-05 1.9005e-20)
(0.992818 -5.83155e-05 3.80821e-20)
(0.99281 -6.6723e-05 -5.17908e-21)
(0.992801 -7.53774e-05 3.46818e-20)
(0.99279 -8.55538e-05 3.3797e-20)
(0.992779 -9.66742e-05 5.27116e-20)
(0.992765 -0.000109336 9.98199e-20)
(0.992765 -0.000109336 9.98199e-20)
)
;
    }
}


// ************************************************************************* //
