/*--------------------------------*- C++ -*----------------------------------*\
  =========                 |
  \\      /  F ield         | OpenFOAM: The Open Source CFD Toolbox
   \\    /   O peration     | Website:  https://openfoam.org
    \\  /    A nd           | Version:  7
     \\/     M anipulation  |
\*---------------------------------------------------------------------------*/
FoamFile
{
    version     2.0;
    format      ascii;
    class       vectorField;
    location    "constant/polyMesh";
    object      points;
}
// * * * * * * * * * * * * * * * * * * * * * * * * * * * * * * * * * * * * * //


410
(
(11.94384776 2.353553391 -0.05)
(11.8273833 2.353553391 -0.05)
(11.71091883 2.353553391 -0.05)
(11.59445436 2.353553391 -0.05)
(11.4779899 2.353553391 -0.05)
(11.36152543 2.353553391 -0.05)
(11.24506097 2.353553391 -0.05)
(11.1285965 2.353553391 -0.05)
(11.01213203 2.353553391 -0.05)
(11.94384776 2.353553391 0.05)
(11.8273833 2.353553391 0.05)
(11.71091883 2.353553391 0.05)
(11.59445436 2.353553391 0.05)
(11.4779899 2.353553391 0.05)
(11.36152543 2.353553391 0.05)
(11.24506097 2.353553391 0.05)
(11.1285965 2.353553391 0.05)
(11.01213203 2.353553391 0.05)
(10.4298097 3.259099026 -0.05)
(10.31334524 3.259099026 -0.05)
(10.19688077 3.259099026 -0.05)
(10.08041631 3.259099026 -0.05)
(9.96395184 3.259099026 -0.05)
(9.847487373 3.259099026 -0.05)
(11.94384776 3.176776695 -0.05)
(11.8273833 3.176776695 -0.05)
(11.71091883 3.176776695 -0.05)
(11.59445436 3.176776695 -0.05)
(11.4779899 3.176776695 -0.05)
(11.36152543 3.176776695 -0.05)
(11.24506097 3.176776695 -0.05)
(11.1285965 3.176776695 -0.05)
(11.01213203 3.176776695 -0.05)
(10.89566757 3.176776695 -0.05)
(10.7792031 3.176776695 -0.05)
(10.66273864 3.176776695 -0.05)
(10.54627417 3.176776695 -0.05)
(10.4298097 3.176776695 -0.05)
(10.31334524 3.176776695 -0.05)
(10.19688077 3.176776695 -0.05)
(10.08041631 3.176776695 -0.05)
(9.96395184 3.176776695 -0.05)
(9.847487373 3.176776695 -0.05)
(11.94384776 3.094454365 -0.05)
(11.8273833 3.094454365 -0.05)
(11.71091883 3.094454365 -0.05)
(11.59445436 3.094454365 -0.05)
(11.4779899 3.094454365 -0.05)
(11.36152543 3.094454365 -0.05)
(11.24506097 3.094454365 -0.05)
(11.1285965 3.094454365 -0.05)
(11.01213203 3.094454365 -0.05)
(10.89566757 3.094454365 -0.05)
(10.7792031 3.094454365 -0.05)
(10.66273864 3.094454365 -0.05)
(10.54627417 3.094454365 -0.05)
(10.4298097 3.094454365 -0.05)
(10.31334524 3.094454365 -0.05)
(10.19688077 3.094454365 -0.05)
(10.08041631 3.094454365 -0.05)
(9.96395184 3.094454365 -0.05)
(9.847487373 3.094454365 -0.05)
(11.94384776 3.012132034 -0.05)
(11.8273833 3.012132034 -0.05)
(11.71091883 3.012132034 -0.05)
(11.59445436 3.012132034 -0.05)
(11.4779899 3.012132034 -0.05)
(11.36152543 3.012132034 -0.05)
(11.24506097 3.012132034 -0.05)
(11.1285965 3.012132034 -0.05)
(11.01213203 3.012132034 -0.05)
(10.89566757 3.012132034 -0.05)
(10.7792031 3.012132034 -0.05)
(10.66273864 3.012132034 -0.05)
(10.54627417 3.012132034 -0.05)
(10.4298097 3.012132034 -0.05)
(10.31334524 3.012132034 -0.05)
(10.19688077 3.012132034 -0.05)
(10.08041631 3.012132034 -0.05)
(9.96395184 3.012132034 -0.05)
(9.847487373 3.012132034 -0.05)
(11.94384776 2.929809704 -0.05)
(11.8273833 2.929809704 -0.05)
(11.71091883 2.929809704 -0.05)
(11.59445436 2.929809704 -0.05)
(11.4779899 2.929809704 -0.05)
(11.36152543 2.929809704 -0.05)
(11.24506097 2.929809704 -0.05)
(11.1285965 2.929809704 -0.05)
(11.01213203 2.929809704 -0.05)
(10.89566757 2.929809704 -0.05)
(10.7792031 2.929809704 -0.05)
(10.66273864 2.929809704 -0.05)
(10.54627417 2.929809704 -0.05)
(10.4298097 2.929809704 -0.05)
(10.31334524 2.929809704 -0.05)
(10.19688077 2.929809704 -0.05)
(10.08041631 2.929809704 -0.05)
(9.96395184 2.929809704 -0.05)
(9.847487373 2.929809704 -0.05)
(11.94384776 2.847487373 -0.05)
(11.8273833 2.847487373 -0.05)
(11.71091883 2.847487373 -0.05)
(11.59445436 2.847487373 -0.05)
(11.4779899 2.847487373 -0.05)
(11.36152543 2.847487373 -0.05)
(11.24506097 2.847487373 -0.05)
(11.1285965 2.847487373 -0.05)
(11.01213203 2.847487373 -0.05)
(10.89566757 2.847487373 -0.05)
(10.7792031 2.847487373 -0.05)
(10.66273864 2.847487373 -0.05)
(10.54627417 2.847487373 -0.05)
(10.4298097 2.847487373 -0.05)
(10.31334524 2.847487373 -0.05)
(10.19688077 2.847487373 -0.05)
(10.08041631 2.847487373 -0.05)
(9.96395184 2.847487373 -0.05)
(9.847487373 2.847487373 -0.05)
(11.94384776 2.765165043 -0.05)
(11.8273833 2.765165043 -0.05)
(11.71091883 2.765165043 -0.05)
(11.59445436 2.765165043 -0.05)
(11.4779899 2.765165043 -0.05)
(11.36152543 2.765165043 -0.05)
(11.24506097 2.765165043 -0.05)
(11.1285965 2.765165043 -0.05)
(11.01213203 2.765165043 -0.05)
(10.89566757 2.765165043 -0.05)
(10.7792031 2.765165043 -0.05)
(10.66273864 2.765165043 -0.05)
(10.54627417 2.765165043 -0.05)
(10.4298097 2.765165043 -0.05)
(10.31334524 2.765165043 -0.05)
(10.19688077 2.765165043 -0.05)
(10.08041631 2.765165043 -0.05)
(9.96395184 2.765165043 -0.05)
(9.847487373 2.765165043 -0.05)
(11.94384776 2.682842712 -0.05)
(11.8273833 2.682842712 -0.05)
(11.71091883 2.682842712 -0.05)
(11.59445436 2.682842712 -0.05)
(11.4779899 2.682842712 -0.05)
(11.36152543 2.682842712 -0.05)
(11.24506097 2.682842712 -0.05)
(11.1285965 2.682842712 -0.05)
(11.01213203 2.682842712 -0.05)
(10.89566757 2.682842712 -0.05)
(10.7792031 2.682842712 -0.05)
(10.66273864 2.682842712 -0.05)
(10.54627417 2.682842712 -0.05)
(10.4298097 2.682842712 -0.05)
(10.31334524 2.682842712 -0.05)
(10.19688077 2.682842712 -0.05)
(10.08041631 2.682842712 -0.05)
(9.96395184 2.682842712 -0.05)
(9.847487373 2.682842712 -0.05)
(11.94384776 2.600520382 -0.05)
(11.8273833 2.600520382 -0.05)
(11.71091883 2.600520382 -0.05)
(11.59445436 2.600520382 -0.05)
(11.4779899 2.600520382 -0.05)
(11.36152543 2.600520382 -0.05)
(11.24506097 2.600520382 -0.05)
(11.1285965 2.600520382 -0.05)
(11.01213203 2.600520382 -0.05)
(10.89566757 2.600520382 -0.05)
(10.7792031 2.600520382 -0.05)
(10.66273864 2.600520382 -0.05)
(10.54627417 2.600520382 -0.05)
(10.4298097 2.600520382 -0.05)
(10.31334524 2.600520382 -0.05)
(10.19688077 2.600520382 -0.05)
(10.08041631 2.600520382 -0.05)
(9.96395184 2.600520382 -0.05)
(9.847487373 2.600520382 -0.05)
(11.94384776 2.518198052 -0.05)
(11.8273833 2.518198052 -0.05)
(11.71091883 2.518198052 -0.05)
(11.59445436 2.518198052 -0.05)
(11.4779899 2.518198052 -0.05)
(11.36152543 2.518198052 -0.05)
(11.24506097 2.518198052 -0.05)
(11.1285965 2.518198052 -0.05)
(11.01213203 2.518198052 -0.05)
(10.89566757 2.518198052 -0.05)
(10.7792031 2.518198052 -0.05)
(10.66273864 2.518198052 -0.05)
(10.54627417 2.518198052 -0.05)
(10.4298097 2.518198052 -0.05)
(10.31334524 2.518198052 -0.05)
(10.19688077 2.518198052 -0.05)
(10.08041631 2.518198052 -0.05)
(9.96395184 2.518198052 -0.05)
(9.847487373 2.518198052 -0.05)
(11.94384776 2.435875721 -0.05)
(11.8273833 2.435875721 -0.05)
(11.71091883 2.435875721 -0.05)
(11.59445436 2.435875721 -0.05)
(11.4779899 2.435875721 -0.05)
(11.36152543 2.435875721 -0.05)
(11.24506097 2.435875721 -0.05)
(11.1285965 2.435875721 -0.05)
(11.01213203 2.435875721 -0.05)
(10.89566757 2.435875721 -0.05)
(10.7792031 2.435875721 -0.05)
(10.66273864 2.435875721 -0.05)
(10.54627417 2.435875721 -0.05)
(10.4298097 2.435875721 -0.05)
(10.31334524 2.435875721 -0.05)
(10.19688077 2.435875721 -0.05)
(10.08041631 2.435875721 -0.05)
(9.96395184 2.435875721 -0.05)
(9.847487373 2.435875721 -0.05)
(10.4298097 3.259099026 0.05)
(10.31334524 3.259099026 0.05)
(10.19688077 3.259099026 0.05)
(10.08041631 3.259099026 0.05)
(9.96395184 3.259099026 0.05)
(9.847487373 3.259099026 0.05)
(11.94384776 3.176776695 0.05)
(11.8273833 3.176776695 0.05)
(11.71091883 3.176776695 0.05)
(11.59445436 3.176776695 0.05)
(11.4779899 3.176776695 0.05)
(11.36152543 3.176776695 0.05)
(11.24506097 3.176776695 0.05)
(11.1285965 3.176776695 0.05)
(11.01213203 3.176776695 0.05)
(10.89566757 3.176776695 0.05)
(10.7792031 3.176776695 0.05)
(10.66273864 3.176776695 0.05)
(10.54627417 3.176776695 0.05)
(10.4298097 3.176776695 0.05)
(10.31334524 3.176776695 0.05)
(10.19688077 3.176776695 0.05)
(10.08041631 3.176776695 0.05)
(9.96395184 3.176776695 0.05)
(9.847487373 3.176776695 0.05)
(11.94384776 3.094454365 0.05)
(11.8273833 3.094454365 0.05)
(11.71091883 3.094454365 0.05)
(11.59445436 3.094454365 0.05)
(11.4779899 3.094454365 0.05)
(11.36152543 3.094454365 0.05)
(11.24506097 3.094454365 0.05)
(11.1285965 3.094454365 0.05)
(11.01213203 3.094454365 0.05)
(10.89566757 3.094454365 0.05)
(10.7792031 3.094454365 0.05)
(10.66273864 3.094454365 0.05)
(10.54627417 3.094454365 0.05)
(10.4298097 3.094454365 0.05)
(10.31334524 3.094454365 0.05)
(10.19688077 3.094454365 0.05)
(10.08041631 3.094454365 0.05)
(9.96395184 3.094454365 0.05)
(9.847487373 3.094454365 0.05)
(11.94384776 3.012132034 0.05)
(11.8273833 3.012132034 0.05)
(11.71091883 3.012132034 0.05)
(11.59445436 3.012132034 0.05)
(11.4779899 3.012132034 0.05)
(11.36152543 3.012132034 0.05)
(11.24506097 3.012132034 0.05)
(11.1285965 3.012132034 0.05)
(11.01213203 3.012132034 0.05)
(10.89566757 3.012132034 0.05)
(10.7792031 3.012132034 0.05)
(10.66273864 3.012132034 0.05)
(10.54627417 3.012132034 0.05)
(10.4298097 3.012132034 0.05)
(10.31334524 3.012132034 0.05)
(10.19688077 3.012132034 0.05)
(10.08041631 3.012132034 0.05)
(9.96395184 3.012132034 0.05)
(9.847487373 3.012132034 0.05)
(11.94384776 2.929809704 0.05)
(11.8273833 2.929809704 0.05)
(11.71091883 2.929809704 0.05)
(11.59445436 2.929809704 0.05)
(11.4779899 2.929809704 0.05)
(11.36152543 2.929809704 0.05)
(11.24506097 2.929809704 0.05)
(11.1285965 2.929809704 0.05)
(11.01213203 2.929809704 0.05)
(10.89566757 2.929809704 0.05)
(10.7792031 2.929809704 0.05)
(10.66273864 2.929809704 0.05)
(10.54627417 2.929809704 0.05)
(10.4298097 2.929809704 0.05)
(10.31334524 2.929809704 0.05)
(10.19688077 2.929809704 0.05)
(10.08041631 2.929809704 0.05)
(9.96395184 2.929809704 0.05)
(9.847487373 2.929809704 0.05)
(11.94384776 2.847487373 0.05)
(11.8273833 2.847487373 0.05)
(11.71091883 2.847487373 0.05)
(11.59445436 2.847487373 0.05)
(11.4779899 2.847487373 0.05)
(11.36152543 2.847487373 0.05)
(11.24506097 2.847487373 0.05)
(11.1285965 2.847487373 0.05)
(11.01213203 2.847487373 0.05)
(10.89566757 2.847487373 0.05)
(10.7792031 2.847487373 0.05)
(10.66273864 2.847487373 0.05)
(10.54627417 2.847487373 0.05)
(10.4298097 2.847487373 0.05)
(10.31334524 2.847487373 0.05)
(10.19688077 2.847487373 0.05)
(10.08041631 2.847487373 0.05)
(9.96395184 2.847487373 0.05)
(9.847487373 2.847487373 0.05)
(11.94384776 2.765165043 0.05)
(11.8273833 2.765165043 0.05)
(11.71091883 2.765165043 0.05)
(11.59445436 2.765165043 0.05)
(11.4779899 2.765165043 0.05)
(11.36152543 2.765165043 0.05)
(11.24506097 2.765165043 0.05)
(11.1285965 2.765165043 0.05)
(11.01213203 2.765165043 0.05)
(10.89566757 2.765165043 0.05)
(10.7792031 2.765165043 0.05)
(10.66273864 2.765165043 0.05)
(10.54627417 2.765165043 0.05)
(10.4298097 2.765165043 0.05)
(10.31334524 2.765165043 0.05)
(10.19688077 2.765165043 0.05)
(10.08041631 2.765165043 0.05)
(9.96395184 2.765165043 0.05)
(9.847487373 2.765165043 0.05)
(11.94384776 2.682842712 0.05)
(11.8273833 2.682842712 0.05)
(11.71091883 2.682842712 0.05)
(11.59445436 2.682842712 0.05)
(11.4779899 2.682842712 0.05)
(11.36152543 2.682842712 0.05)
(11.24506097 2.682842712 0.05)
(11.1285965 2.682842712 0.05)
(11.01213203 2.682842712 0.05)
(10.89566757 2.682842712 0.05)
(10.7792031 2.682842712 0.05)
(10.66273864 2.682842712 0.05)
(10.54627417 2.682842712 0.05)
(10.4298097 2.682842712 0.05)
(10.31334524 2.682842712 0.05)
(10.19688077 2.682842712 0.05)
(10.08041631 2.682842712 0.05)
(9.96395184 2.682842712 0.05)
(9.847487373 2.682842712 0.05)
(11.94384776 2.600520382 0.05)
(11.8273833 2.600520382 0.05)
(11.71091883 2.600520382 0.05)
(11.59445436 2.600520382 0.05)
(11.4779899 2.600520382 0.05)
(11.36152543 2.600520382 0.05)
(11.24506097 2.600520382 0.05)
(11.1285965 2.600520382 0.05)
(11.01213203 2.600520382 0.05)
(10.89566757 2.600520382 0.05)
(10.7792031 2.600520382 0.05)
(10.66273864 2.600520382 0.05)
(10.54627417 2.600520382 0.05)
(10.4298097 2.600520382 0.05)
(10.31334524 2.600520382 0.05)
(10.19688077 2.600520382 0.05)
(10.08041631 2.600520382 0.05)
(9.96395184 2.600520382 0.05)
(9.847487373 2.600520382 0.05)
(11.94384776 2.518198052 0.05)
(11.8273833 2.518198052 0.05)
(11.71091883 2.518198052 0.05)
(11.59445436 2.518198052 0.05)
(11.4779899 2.518198052 0.05)
(11.36152543 2.518198052 0.05)
(11.24506097 2.518198052 0.05)
(11.1285965 2.518198052 0.05)
(11.01213203 2.518198052 0.05)
(10.89566757 2.518198052 0.05)
(10.7792031 2.518198052 0.05)
(10.66273864 2.518198052 0.05)
(10.54627417 2.518198052 0.05)
(10.4298097 2.518198052 0.05)
(10.31334524 2.518198052 0.05)
(10.19688077 2.518198052 0.05)
(10.08041631 2.518198052 0.05)
(9.96395184 2.518198052 0.05)
(9.847487373 2.518198052 0.05)
(11.94384776 2.435875721 0.05)
(11.8273833 2.435875721 0.05)
(11.71091883 2.435875721 0.05)
(11.59445436 2.435875721 0.05)
(11.4779899 2.435875721 0.05)
(11.36152543 2.435875721 0.05)
(11.24506097 2.435875721 0.05)
(11.1285965 2.435875721 0.05)
(11.01213203 2.435875721 0.05)
(10.89566757 2.435875721 0.05)
(10.7792031 2.435875721 0.05)
(10.66273864 2.435875721 0.05)
(10.54627417 2.435875721 0.05)
(10.4298097 2.435875721 0.05)
(10.31334524 2.435875721 0.05)
(10.19688077 2.435875721 0.05)
(10.08041631 2.435875721 0.05)
(9.96395184 2.435875721 0.05)
(9.847487373 2.435875721 0.05)
)


// ************************************************************************* //
