/*--------------------------------*- C++ -*----------------------------------*\
  =========                 |
  \\      /  F ield         | OpenFOAM: The Open Source CFD Toolbox
   \\    /   O peration     | Website:  https://openfoam.org
    \\  /    A nd           | Version:  7
     \\/     M anipulation  |
\*---------------------------------------------------------------------------*/
FoamFile
{
    version     2.0;
    format      ascii;
    class       volVectorField;
    location    "100";
    object      U;
}
// * * * * * * * * * * * * * * * * * * * * * * * * * * * * * * * * * * * * * //

dimensions      [0 1 -1 0 0 0 0];

internalField   nonuniform List<vector> 
125
(
(1.3538 0.201328 -3.75904e-20)
(1.354 0.203829 -2.22064e-20)
(1.35306 0.206418 5.82846e-19)
(1.35101 0.20913 2.85325e-19)
(1.34786 0.212003 3.57378e-20)
(1.34358 0.215069 1.95976e-19)
(1.33817 0.218348 3.73405e-19)
(1.33162 0.221863 6.94053e-19)
(1.32384 0.225682 9.21813e-19)
(1.31447 0.229913 1.2788e-18)
(1.30278 0.234496 1.82826e-18)
(1.28915 0.178936 -8.13556e-21)
(1.30251 0.18255 2.21118e-19)
(1.31427 0.186106 8.39928e-20)
(1.32438 0.189613 -6.81461e-20)
(1.3328 0.193083 -1.57028e-19)
(1.33952 0.19653 1.5016e-19)
(1.34455 0.199977 -2.97908e-19)
(1.3479 0.203447 7.53474e-20)
(1.34961 0.206972 4.33022e-19)
(1.34972 0.210591 2.97568e-19)
(1.34825 0.214352 -3.21276e-20)
(1.34523 0.218302 3.02323e-19)
(1.34071 0.222483 1.34199e-19)
(1.33476 0.226951 5.35617e-19)
(1.32743 0.231818 7.84466e-19)
(1.31838 0.237275 1.40619e-18)
(1.30666 0.243399 2.17085e-18)
(1.22394 0.166582 8.41178e-20)
(1.24458 0.171368 -8.25401e-20)
(1.26362 0.176167 1.42174e-19)
(1.2809 0.180976 -1.86644e-19)
(1.2963 0.185792 3.07952e-19)
(1.30969 0.190615 6.22632e-19)
(1.32097 0.19545 -8.47542e-20)
(1.33005 0.200305 -1.57785e-19)
(1.3369 0.205196 1.70422e-19)
(1.34149 0.210149 6.08832e-20)
(1.34383 0.215205 1.00605e-19)
(1.34391 0.220411 1.18796e-19)
(1.34181 0.22582 6.3601e-20)
(1.33769 0.231513 1.18106e-19)
(1.33172 0.237653 3.12591e-19)
(1.32366 0.24451 5.51653e-19)
(1.31239 0.252324 9.57215e-19)
(1.12316 0.148755 -2.18575e-19)
(1.15138 0.154516 1.32873e-19)
(1.17853 0.160444 -1.01502e-20)
(1.20435 0.166531 2.1047e-19)
(1.22858 0.172767 -1.55673e-19)
(1.25095 0.179142 2.44154e-19)
(1.27121 0.185641 4.95232e-19)
(1.28909 0.192254 5.27878e-20)
(1.30439 0.198969 2.33676e-19)
(1.31691 0.205782 -6.10142e-21)
(1.32647 0.212704 2.52679e-19)
(1.33296 0.219758 -2.49928e-19)
(1.33633 0.226978 -2.04236e-19)
(1.33673 0.234447 -5.91369e-20)
(1.33438 0.242363 -1.20563e-19)
(1.32915 0.251052 -1.93457e-19)
(1.31975 0.260863 7.88787e-20)
(0.984397 0.126079 -8.10921e-20)
(1.01827 0.132215 7.14488e-20)
(1.0521 0.138716 2.32662e-20)
(1.08563 0.145593 3.15994e-19)
(1.11856 0.152854 1.78293e-19)
(1.15055 0.1605 4.02659e-20)
(1.18121 0.168523 7.84455e-21)
(1.21012 0.176906 -2.7318e-19)
(1.23684 0.185624 -7.98501e-20)
(1.26093 0.194645 1.77068e-19)
(1.28193 0.203939 3.21959e-20)
(1.29939 0.213488 1.09923e-19)
(1.31298 0.223276 -1.5521e-19)
(1.32262 0.233344 -2.01459e-19)
(1.32836 0.243893 -2.93883e-19)
(1.32993 0.255254 -7.74512e-19)
(1.32591 0.267718 -1.08804e-18)
(0.815205 0.100968 -2.52805e-19)
(0.850557 0.106638 3.49583e-20)
(0.886986 0.112802 -2.70108e-19)
(0.924398 0.119517 7.42139e-20)
(0.962642 0.126839 1.45976e-20)
(1.0015 0.134819 8.6785e-20)
(1.04065 0.143501 -2.5588e-19)
(1.07971 0.152918 -2.02587e-19)
(1.11818 0.163079 -2.96129e-20)
(1.15545 0.173972 1.24686e-19)
(1.1908 0.185565 2.18419e-19)
(1.22343 0.197819 4.76231e-19)
(1.25255 0.210684 7.68468e-19)
(1.27761 0.224124 5.70835e-19)
(1.29817 0.238277 4.75489e-19)
(1.31336 0.253469 1.33132e-19)
(1.32134 0.269764 -3.37447e-19)
(0.632658 0.076904 -8.58651e-20)
(0.664802 0.0814756 -7.72788e-20)
(0.698606 0.0865102 -7.62174e-20)
(0.734193 0.0920901 -2.28739e-20)
(0.771673 0.0983117 -7.56243e-20)
(0.811133 0.105286 1.52372e-19)
(0.852608 0.113136 -3.46378e-20)
(0.896055 0.121993 -1.76078e-19)
(0.941314 0.131983 5.1219e-19)
(0.988067 0.143212 8.75276e-20)
(1.03577 0.155759 3.67433e-19)
(1.08359 0.169681 3.58311e-19)
(1.13054 0.184998 8.0574e-19)
(1.17565 0.201659 1.12697e-18)
(1.21789 0.219667 1.45042e-18)
(1.25524 0.239345 1.89195e-18)
(1.28461 0.261071 2.97383e-18)
(0.456108 0.0566125 -3.53725e-19)
(0.482221 0.0600198 1.93572e-19)
(0.509837 0.0637514 1.21594e-19)
(0.539148 0.0678677 -5.06123e-20)
(0.570391 0.0724464 -7.27853e-20)
(0.603848 0.0775884 -1.00092e-20)
(0.639854 0.083424 -8.70059e-20)
(0.678791 0.0901222 -2.89978e-19)
(0.721074 0.0978941 3.29204e-20)
(0.767114 0.106988 1.43487e-20)
(0.817222 0.117688 -2.73515e-19)
(0.871476 0.130312 5.64715e-19)
)
;

boundaryField
{
    inlet
    {
        type            uniformFixedValue;
        uniformValue    constant (1 0 0);
        value           nonuniform 0();
    }
    outlet
    {
        type            pressureInletOutletVelocity;
        value           nonuniform 0();
    }
    polygon
    {
        type            fixedValue;
        value           nonuniform 0();
    }
    top
    {
        type            symmetryPlane;
    }
    bottom
    {
        type            symmetryPlane;
    }
    outside
    {
        type            zeroGradient;
    }
    procBoundary50to41
    {
        type            processor;
        value           nonuniform List<vector> 3((1.31775 0.276808 -1.31376e-18) (1.32005 0.281378 -1.23137e-18) (1.29889 0.275147 3.46786e-18));
    }
    procBoundary50to42
    {
        type            processor;
        value           nonuniform List<vector> 
18
(
(0.929656 0.145201 6.67583e-19)
(0.991388 0.162584 4.96082e-19)
(1.05591 0.182532 1.11939e-18)
(1.12091 0.20496 2.0401e-18)
(1.17887 0.233086 3.09727e-18)
(0.298894 0.0409322 -2.2643e-19)
(0.318636 0.0434887 1.8422e-19)
(0.339394 0.0462598 1.88383e-19)
(0.361289 0.0492735 -4.75214e-20)
(0.384475 0.0525636 -2.02606e-19)
(0.409156 0.0561726 -9.89855e-20)
(0.435605 0.0601533 -4.19403e-21)
(0.464197 0.064579 -8.58465e-20)
(0.495443 0.0695542 -1.96244e-19)
(0.530055 0.0752279 4.61004e-20)
(0.568976 0.0818274 4.29349e-20)
(0.929656 0.145201 6.67583e-19)
(0.613408 0.0897186 3.87619e-19)
)
;
    }
    procBoundary50to43
    {
        type            processor;
        value           uniform (0.431341 0.0534819 6.80541e-20);
    }
    procBoundary50to49
    {
        type            processor;
        value           nonuniform List<vector> 4((1.29329 0.237274 2.25205e-18) (1.29667 0.247381 2.97402e-18) (1.30196 0.257701 1.38011e-18) (1.30947 0.267903 2.66498e-19));
    }
    procBoundary50to51
    {
        type            processor;
        value           nonuniform List<vector> 6((1.27424 0.175262 -1.15757e-20) (1.20188 0.161817 -1.42812e-20) (1.0941 0.143167 1.3105e-19) (0.950685 0.120289 2.58623e-20) (0.780983 0.0957404 2.07258e-20) (0.602054 0.072727 8.39546e-21));
    }
    procBoundary50to58
    {
        type            processor;
        value           nonuniform List<vector> 
18
(
(1.35645 0.201047 6.43818e-20)
(1.35516 0.202887 2.2565e-20)
(1.35305 0.204825 1.15078e-19)
(1.35013 0.206884 2.46218e-19)
(1.34634 0.209087 1.89835e-19)
(1.34164 0.211446 2.44438e-19)
(1.33596 0.213958 3.36524e-19)
(1.32923 0.216623 6.63574e-19)
(1.32131 0.21947 8.89655e-19)
(1.31184 0.222537 1.27289e-18)
(1.30031 0.225679 1.73462e-18)
(1.32687 0.186556 -9.50402e-22)
(1.33458 0.189108 1.40647e-19)
(1.34097 0.191597 2.32971e-19)
(1.34606 0.194041 -6.92924e-20)
(1.34987 0.196461 3.01638e-20)
(1.35244 0.198881 2.79668e-19)
(1.35244 0.198881 2.79668e-19)
)
;
    }
}


// ************************************************************************* //
