/*--------------------------------*- C++ -*----------------------------------*\
  =========                 |
  \\      /  F ield         | OpenFOAM: The Open Source CFD Toolbox
   \\    /   O peration     | Website:  https://openfoam.org
    \\  /    A nd           | Version:  7
     \\/     M anipulation  |
\*---------------------------------------------------------------------------*/
FoamFile
{
    version     2.0;
    format      ascii;
    class       surfaceScalarField;
    location    "60";
    object      phi;
}
// * * * * * * * * * * * * * * * * * * * * * * * * * * * * * * * * * * * * * //

dimensions      [0 3 -1 0 0 0 0];

internalField   nonuniform List<scalar> 
321
(
0.00043468
-2.81166e-07
0.000434767
-2.50304e-07
0.000434775
-1.98337e-07
0.000434682
-1.12414e-07
0.000434467
1.03342e-09
0.000434098
1.54228e-07
0.000433549
3.39185e-07
0.000432784
5.63776e-07
0.000431764
8.33048e-07
0.000430442
1.1542e-06
0.000428763
1.53352e-06
0.000426659
1.98328e-06
0.000424055
2.51133e-06
0.000420849
3.14056e-06
0.000416933
3.87879e-06
0.000412149
4.77277e-06
0.000406339
5.8231e-06
0.000399242
7.13146e-06
0.000434061
-4.04953e-07
0.000434127
-3.15756e-07
0.000434112
-1.83188e-07
0.000433997
2.17898e-09
0.000433751
2.47346e-07
0.000433355
5.49569e-07
0.000432777
9.17586e-07
0.000431981
1.35959e-06
0.000430928
1.88602e-06
0.000429571
2.51184e-06
0.000427854
3.25043e-06
0.00042571
4.12718e-06
0.000423062
5.15888e-06
0.00041981
6.39242e-06
0.000415844
7.84465e-06
0.000411007
9.61009e-06
0.000405139
1.16912e-05
1.4292e-05
0.000432816
-4.88841e-07
0.000432839
-3.39273e-07
0.00043278
-1.24521e-07
0.000432615
1.6785e-07
0.000432323
5.39026e-07
0.000431875
9.97467e-07
0.000431243
1.5503e-06
0.00043039
2.21229e-06
0.000429277
2.99852e-06
0.000427857
3.93175e-06
0.000426075
5.03238e-06
0.000423864
6.33892e-06
0.000421145
7.87712e-06
0.00041782
9.71769e-06
0.000413778
1.18867e-05
0.000408862
1.45259e-05
0.000402913
1.764e-05
2.15348e-05
0.000430943
-5.13702e-07
0.000430903
-2.99243e-07
0.000430779
-1.12127e-09
0.000430545
4.0212e-07
0.000430179
9.04411e-07
0.000429656
1.52081e-06
0.000428944
2.26213e-06
0.000428009
3.14745e-06
0.000426811
4.19684e-06
0.000425302
5.44077e-06
0.000423428
6.90667e-06
0.00042112
8.64603e-06
0.000418304
1.06936e-05
0.000414878
1.31436e-05
0.000410733
1.60313e-05
0.000405714
1.95452e-05
0.000399662
2.36925e-05
2.88789e-05
0.000428436
-4.59822e-07
0.000428314
-1.77524e-07
0.000428099
2.13641e-07
0.000427775
7.26543e-07
0.000427314
1.3654e-06
0.000426691
2.1442e-06
0.000425875
3.07807e-06
0.000424831
4.19082e-06
0.000423521
5.5074e-06
0.000421896
7.06587e-06
0.000419902
8.90073e-06
0.000417472
1.10762e-05
0.000414529
1.36359e-05
0.000410975
1.66973e-05
0.000406702
2.03049e-05
0.000401554
2.46928e-05
0.000395376
2.98712e-05
3.63431e-05
0.000425289
-3.05585e-07
0.000425063
4.81086e-08
0.00042474
5.37026e-07
0.0004243
1.16639e-06
0.000423719
1.94589e-06
0.000422972
2.89218e-06
0.000422026
4.0236e-06
0.000420848
5.3686e-06
0.000419399
6.95705e-06
0.00041763
8.83449e-06
0.000415488
1.10424e-05
0.000412907
1.36574e-05
0.000409811
1.67322e-05
0.000406102
2.04064e-05
0.000401672
2.47343e-05
0.000396371
2.99938e-05
0.000390044
3.61987e-05
4.3946e-05
0.000421498
-3.61116e-08
0.000421142
4.03868e-07
0.000420688
9.91033e-07
0.000420111
1.74398e-06
0.000419386
2.6702e-06
0.000418489
3.78982e-06
0.000417388
5.12456e-06
0.000416049
6.70742e-06
0.000414433
8.57311e-06
0.000412493
1.07745e-05
0.000410175
1.33599e-05
0.000407414
1.64182e-05
0.000404136
2.00108e-05
0.000400243
2.4299e-05
0.000395631
2.93466e-05
0.000390151
3.54736e-05
0.000383652
4.26982e-05
5.17066e-05
0.000417045
3.80676e-07
0.000416545
9.03855e-07
0.000415935
1.60056e-06
0.000415196
2.48321e-06
0.000414303
3.56303e-06
0.00041323
4.86275e-06
0.000411947
6.4074e-06
0.00041042
8.23447e-06
0.00040861
1.03835e-05
0.00040647
1.29144e-05
0.000403948
1.58823e-05
0.000400978
1.93877e-05
0.000397488
2.35009e-05
0.000393384
2.84036e-05
0.000388561
3.41695e-05
0.000382876
4.11581e-05
0.000376181
4.9393e-05
5.96442e-05
0.000411928
9.54786e-07
0.000411257
1.57519e-06
0.000410469
2.388e-06
0.000409544
3.40841e-06
0.000408458
4.64959e-06
0.000407183
6.13703e-06
0.000405692
7.89902e-06
0.000403949
9.97745e-06
0.000401916
1.24165e-05
0.000399547
1.52831e-05
0.00039679
1.86389e-05
0.000393582
2.25955e-05
0.000389851
0.000385506
0.000380444
0.000374528
0.000367614
0.000406134
0.00040527
0.00040428
0.000403144
0.000401838
0.000400336
0.000398608
0.00039662
0.000394336
0.000391708
0.000388687
)
;

boundaryField
{
    inlet
    {
        type            calculated;
        value           nonuniform 0();
    }
    outlet
    {
        type            calculated;
        value           nonuniform 0();
    }
    polygon
    {
        type            calculated;
        value           nonuniform 0();
    }
    top
    {
        type            symmetryPlane;
        value           uniform 0;
    }
    bottom
    {
        type            symmetryPlane;
        value           uniform 0;
    }
    outside
    {
        type            calculated;
        value           nonuniform 0();
    }
    procBoundary27to19
    {
        type            processor;
        value           nonuniform List<scalar> 
19
(
1.71438e-06
2.43948e-06
3.37751e-06
4.54444e-06
5.95567e-06
7.63936e-06
9.62701e-06
1.19648e-05
1.47014e-05
1.79104e-05
2.166e-05
2.60723e-05
2.7232e-05
3.27493e-05
3.92312e-05
4.70739e-05
5.63072e-05
6.77785e-05
0.00038521
)
;
    }
    procBoundary27to26
    {
        type            processor;
        value           nonuniform List<scalar> 10(0.000390623 8.67092e-06 0.000397979 0.000395671 0.000392318 0.000387911 0.000382441 0.000375891 0.000368244 0.000359479);
    }
    procBoundary27to28
    {
        type            processor;
        value           nonuniform List<scalar> 10(-0.000434536 -0.000433938 -0.000432732 -0.000430918 -0.00042849 -0.000425443 -0.000421767 -0.000417462 -0.000412502 -0.000406894);
    }
    procBoundary27to35
    {
        type            processor;
        value           nonuniform List<scalar> 
19
(
1.37724e-07
1.63104e-07
1.899e-07
2.06198e-07
2.13938e-07
2.14587e-07
2.09994e-07
2.00847e-07
1.86691e-07
1.68056e-07
1.45631e-07
1.20313e-07
9.31086e-08
6.50966e-08
3.73615e-08
1.09545e-08
-1.31458e-08
-3.41276e-08
-5.13428e-08
)
;
    }
}


// ************************************************************************* //
