/*--------------------------------*- C++ -*----------------------------------*\
  =========                 |
  \\      /  F ield         | OpenFOAM: The Open Source CFD Toolbox
   \\    /   O peration     | Website:  https://openfoam.org
    \\  /    A nd           | Version:  7
     \\/     M anipulation  |
\*---------------------------------------------------------------------------*/
FoamFile
{
    version     2.0;
    format      ascii;
    class       volVectorField;
    location    "42";
    object      U;
}
// * * * * * * * * * * * * * * * * * * * * * * * * * * * * * * * * * * * * * //

dimensions      [0 1 -1 0 0 0 0];

internalField   nonuniform List<vector> 
175
(
(-0.21052 -0.000303699 9.34653e-18)
(-0.209917 -0.000395848 -2.79546e-18)
(-0.209241 -0.000498733 9.79513e-18)
(-0.208485 -0.000613991 7.59198e-18)
(-0.207644 -0.000744143 7.02229e-18)
(-0.206706 -0.000892671 2.69125e-18)
(-0.205662 -0.00106364 2.65803e-18)
(-0.204499 -0.00126229 1.00126e-17)
(-0.203198 -0.00149411 1.33134e-17)
(-0.201744 -0.00176668 5.89438e-18)
(-0.20011 -0.0020871 -1.26245e-18)
(-0.198275 -0.0024671 -7.17008e-18)
(-0.196199 -0.00291543 -1.47794e-17)
(-0.193858 -0.00345222 -1.46899e-17)
(-0.191186 -0.00408692 2.31389e-18)
(-0.188168 -0.00485808 6.95463e-18)
(-0.184677 -0.00577086 6.09806e-18)
(-0.180745 -0.00690622 -7.37041e-18)
(-0.207125 -0.00040045 8.43736e-19)
(-0.206403 -0.000503882 -2.19527e-19)
(-0.205602 -0.000618941 7.97743e-18)
(-0.204718 -0.000747503 9.48661e-20)
(-0.203741 -0.00089237 4.48073e-18)
(-0.202664 -0.00105736 2.56043e-18)
(-0.201475 -0.00124692 -8.12007e-19)
(-0.200162 -0.00146672 6.09146e-18)
(-0.198707 -0.00172274 1.79748e-17)
(-0.197094 -0.00202314 6.00515e-18)
(-0.195297 -0.00237567 -2.3013e-18)
(-0.193296 -0.0027929 -3.06572e-18)
(-0.191052 -0.00328444 -1.57903e-17)
(-0.188543 -0.00387179 -1.48195e-17)
(-0.185705 -0.00456557 -9.82503e-19)
(-0.182524 -0.00540674 1.19933e-18)
(-0.178882 -0.0064019 7.07165e-18)
(-0.174809 -0.00763671 -5.83035e-18)
(-0.203441 -0.000509581 -6.07462e-18)
(-0.202589 -0.000625123 2.10898e-18)
(-0.201653 -0.000753166 7.44369e-18)
(-0.200627 -0.000895825 -1.84516e-18)
(-0.199504 -0.00105619 2.62279e-18)
(-0.198275 -0.00123842 2.90241e-18)
(-0.196928 -0.00144732 1.3752e-18)
(-0.195451 -0.00168901 3.13918e-18)
(-0.193828 -0.00196991 1.94114e-17)
(-0.192041 -0.00229876 6.03906e-18)
(-0.190067 -0.00268391 2.15353e-18)
(-0.187885 -0.00313873 1.50634e-18)
(-0.185458 -0.00367365 -1.91792e-17)
(-0.182764 -0.00431139 -1.09648e-17)
(-0.179745 -0.00506372 -3.34347e-18)
(-0.176386 -0.00597367 2.06674e-18)
(-0.172579 -0.00704936 9.75166e-18)
(-0.16835 -0.00838037 -5.94706e-18)
(-0.199461 -0.000638372 -7.1316e-18)
(-0.198468 -0.000766647 -3.35899e-19)
(-0.197385 -0.000908338 7.67558e-18)
(-0.196206 -0.0010658 -4.44045e-18)
(-0.194924 -0.0012424 2.00267e-18)
(-0.193529 -0.00144264 3.52462e-18)
(-0.192011 -0.00167167 -2.0574e-18)
(-0.190357 -0.00193603 7.86221e-19)
(-0.188551 -0.00224261 2.46351e-17)
(-0.186576 -0.00260067 6.03152e-18)
(-0.184409 -0.00301915 6.95011e-18)
(-0.18203 -0.00351216 6.13035e-18)
(-0.179404 -0.00409093 -1.43526e-17)
(-0.17651 -0.00477933 -8.11125e-18)
(-0.173294 -0.00559021 -6.90633e-18)
(-0.169741 -0.00656848 4.24846e-18)
(-0.165753 -0.00772374 7.69055e-18)
(-0.161355 -0.00914896 -1.12388e-18)
(-0.195178 -0.000788241 -8.70457e-18)
(-0.194033 -0.000930232 2.60524e-18)
(-0.192791 -0.00108656 9.73333e-18)
(-0.191446 -0.00125982 -2.85164e-18)
(-0.189992 -0.00145369 2.28576e-18)
(-0.188419 -0.00167298 4.69664e-18)
(-0.186715 -0.00192322 -5.75188e-18)
(-0.18487 -0.00221133 -1.59614e-18)
(-0.182866 -0.00254465 2.76939e-17)
(-0.180687 -0.00293296 5.76982e-18)
(-0.178312 -0.00338575 1.23681e-17)
(-0.175719 -0.00391784 5.80718e-18)
(-0.172878 -0.00454122 -1.27265e-17)
(-0.169767 -0.0052808 -1.14573e-17)
(-0.166337 -0.00615049 -5.42013e-18)
(-0.162573 -0.00719685 7.31635e-18)
(-0.158388 -0.0084309 6.29538e-18)
(-0.153807 -0.00994852 -3.0327e-18)
(-0.190585 -0.000960519 -1.08122e-17)
(-0.189275 -0.00111723 5.59559e-18)
(-0.187862 -0.00128922 1.31603e-17)
(-0.186339 -0.00147935 3.20899e-18)
(-0.184699 -0.00169157 2.44657e-18)
(-0.182933 -0.00193103 1.22469e-17)
(-0.181031 -0.00220362 -4.84435e-18)
(-0.178978 -0.00251664 -4.41063e-18)
(-0.176761 -0.00287785 2.96462e-17)
(-0.174363 -0.00329753 1.09316e-17)
(-0.171762 -0.00378569 1.33552e-17)
(-0.16894 -0.00435782 5.90076e-18)
(-0.165866 -0.0050266 -7.07091e-18)
(-0.162521 -0.0058179 -1.06407e-17)
(-0.158858 -0.00674661 -4.07075e-18)
(-0.154868 -0.00786072 1.26583e-17)
(-0.150468 -0.00917259 6.21021e-18)
(-0.145687 -0.0107805 8.54206e-19)
(-0.185673 -0.00115735 -8.65624e-18)
(-0.184187 -0.00132989 1.11202e-17)
(-0.18259 -0.00151866 2.36581e-17)
(-0.180875 -0.00172681 3.88955e-18)
(-0.179036 -0.00195857 3.29571e-18)
(-0.177064 -0.00221942 1.62186e-17)
(-0.174946 -0.00251558 -5.44368e-18)
(-0.172672 -0.00285475 -2.00784e-18)
(-0.170225 -0.00324507 3.13549e-17)
(-0.16759 -0.00369729 1.68612e-17)
(-0.164747 -0.00422192 1.04161e-17)
(-0.161678 -0.00483503 1.20344e-17)
(-0.158353 -0.00554998 -2.80275e-18)
(-0.154755 -0.00639345 -1.14723e-17)
(-0.150843 -0.00738124 3.38072e-18)
(-0.146606 -0.00856253 1.38005e-17)
(-0.141974 -0.00995087 6.48649e-18)
(-0.136976 -0.0116463 4.67962e-18)
(-0.180435 -0.00138027 -2.59371e-18)
(-0.178759 -0.00156968 1.27261e-17)
(-0.176965 -0.00177632 2.74972e-17)
(-0.175045 -0.00200357 9.86496e-18)
(-0.172992 -0.00225599 9.79425e-18)
(-0.170798 -0.00253936 2.28054e-17)
(-0.168451 -0.00286024 -2.30072e-18)
(-0.165938 -0.00322667 5.63045e-20)
(-0.163245 -0.00364719 2.65204e-17)
(-0.160357 -0.00413294 2.40388e-17)
(-0.157254 -0.00469495 1.42787e-17)
(-0.153918 -0.00534979 1.39927e-17)
(-0.150324 -0.00611144 7.15292e-18)
(-0.146454 -0.00700729 -2.02939e-18)
(-0.142272 -0.00805397 1.19034e-17)
(-0.137769 -0.00930162 1.08309e-17)
(-0.132886 -0.0107649 7.01568e-18)
(-0.12765 -0.0125451 9.46381e-18)
(-0.174861 -0.00162534 8.38489e-18)
(-0.172983 -0.00183244 1.66333e-17)
(-0.170977 -0.00205777 2.96224e-17)
(-0.168838 -0.00230499 1.57406e-17)
(-0.166557 -0.00257896 1.75262e-17)
(-0.164125 -0.00288576 2.71067e-17)
(-0.161532 -0.0032323 -3.05368e-19)
(-0.158764 -0.00362694 8.05277e-18)
(-0.155808 -0.00407861 2.60367e-17)
(-0.152648 -0.00459886 2.82178e-17)
(-0.149266 -0.00519915 1.90133e-17)
(-0.145645 -0.00589658 1.84532e-17)
(-0.141762 -0.00670569 1.1035e-17)
(-0.1376 -0.00765455 7.04859e-18)
(-0.133127 -0.00876052 1.59773e-17)
(-0.128338 -0.0100746 9.41812e-18)
(-0.123181 -0.0116124 7.85198e-18)
(-0.117688 -0.0134764 1.48832e-17)
(-0.168942 -0.00190341 1.98959e-17)
(-0.166848 -0.00213019 2.23555e-17)
(-0.164617 -0.00237627 3.61761e-17)
(-0.162244 -0.00264562 2.31054e-17)
(-0.159719 -0.00294339 2.77973e-17)
(-0.157034 -0.003276 3.4862e-17)
(-0.154177 -0.00365066 1.19518e-17)
(-0.200951 -0.0025997 -2.20917e-17)
(-0.198757 -0.00308704 -2.11909e-17)
(-0.19623 -0.00366335 -4.6934e-19)
(-0.193353 -0.00436472 1.37774e-17)
(-0.189991 -0.00519451 -5.69731e-19)
(-0.186181 -0.00622917 -4.28501e-18)
)
;

boundaryField
{
    inlet
    {
        type            uniformFixedValue;
        uniformValue    constant (1 0 0);
        value           nonuniform 0();
    }
    outlet
    {
        type            pressureInletOutletVelocity;
        value           nonuniform 0();
    }
    polygon
    {
        type            fixedValue;
        value           nonuniform 0();
    }
    top
    {
        type            symmetryPlane;
    }
    bottom
    {
        type            symmetryPlane;
    }
    outside
    {
        type            zeroGradient;
    }
    procBoundary19to11
    {
        type            processor;
        value           nonuniform List<vector> 
18
(
(-0.151137 -0.0040761 1.73154e-17)
(-0.147899 -0.00456157 3.01241e-17)
(-0.144449 -0.00511902 3.61969e-17)
(-0.140769 -0.00576033 2.5916e-17)
(-0.136843 -0.00650301 2.47001e-17)
(-0.132649 -0.00736215 1.60901e-17)
(-0.128174 -0.00836627 1.67694e-17)
(-0.123389 -0.00953346 2.2773e-17)
(-0.11829 -0.0109151 9.74812e-18)
(-0.112838 -0.0125276 1.64452e-17)
(-0.151655 -0.00289312 4.47166e-17)
(-0.148973 -0.00318206 4.71906e-17)
(-0.14613 -0.00349322 5.17753e-17)
(-0.143121 -0.00383128 4.86808e-17)
(-0.139938 -0.00420211 4.98017e-17)
(-0.13657 -0.00461278 5.24599e-17)
(-0.151137 -0.0040761 1.73154e-17)
(-0.133007 -0.00507121 4.6785e-17)
)
;
    }
    procBoundary19to18
    {
        type            processor;
        value           nonuniform List<vector> 5((-0.14036 -0.0126759 5.95466e-18) (-0.131468 -0.0136417 1.29935e-17) (-0.121944 -0.0146362 1.55565e-17) (-0.111762 -0.015661 2.06186e-17) (-0.107064 -0.0144734 2.22606e-17));
    }
    procBoundary19to20
    {
        type            processor;
        value           nonuniform List<vector> 10((-0.211055 -0.000221831 -2.10647e-17) (-0.207775 -0.000308 -2.32517e-17) (-0.204215 -0.000405718 -2.32858e-17) (-0.20037 -0.000522508 -2.13341e-17) (-0.196233 -0.000659377 -1.66652e-17) (-0.191797 -0.000817661 -8.96741e-18) (-0.187054 -0.000999404 -2.29434e-18) (-0.181997 -0.00120619 4.45713e-18) (-0.176617 -0.00143432 1.19096e-17) (-0.170905 -0.00169351 1.6158e-17));
    }
    procBoundary19to26
    {
        type            processor;
        value           nonuniform List<vector> 6((-0.176096 -0.0082489 -7.90704e-18) (-0.170049 -0.00909704 -9.45003e-18) (-0.163469 -0.00995396 -1.26155e-17) (-0.15634 -0.0108329 -1.16198e-17) (-0.148643 -0.0117399 1.53056e-19) (-0.181622 -0.00745121 -6.59554e-18));
    }
    procBoundary19to27
    {
        type            processor;
        value           nonuniform List<vector> 
19
(
(-0.213715 -0.000239051 2.02513e-17)
(-0.213219 -0.000321721 1.02232e-19)
(-0.212655 -0.000414175 8.15555e-18)
(-0.212015 -0.000517872 9.92448e-18)
(-0.211294 -0.000635085 4.86064e-18)
(-0.210481 -0.000768969 2.01546e-18)
(-0.209566 -0.000923212 5.10509e-19)
(-0.208536 -0.00110259 1.58194e-17)
(-0.207372 -0.0013121 1.03463e-17)
(-0.206059 -0.00155869 6.28294e-18)
(-0.204569 -0.00184878 -7.16419e-18)
(-0.20288 -0.00219317 -1.2727e-17)
(-0.205352 -0.00226189 -2.12738e-17)
(-0.203291 -0.00269851 -1.83488e-17)
(-0.200891 -0.00321554 -1.04742e-18)
(-0.19814 -0.00384591 1.05348e-17)
(-0.194892 -0.00459255 -7.7658e-18)
(-0.191188 -0.00552533 -2.22127e-18)
(-0.20288 -0.00219317 -1.2727e-17)
)
;
    }
}


// ************************************************************************* //
