/*--------------------------------*- C++ -*----------------------------------*\
  =========                 |
  \\      /  F ield         | OpenFOAM: The Open Source CFD Toolbox
   \\    /   O peration     | Website:  https://openfoam.org
    \\  /    A nd           | Version:  7
     \\/     M anipulation  |
\*---------------------------------------------------------------------------*/
FoamFile
{
    version     2.0;
    format      ascii;
    class       volVectorField;
    location    "92";
    object      U;
}
// * * * * * * * * * * * * * * * * * * * * * * * * * * * * * * * * * * * * * //

dimensions      [0 1 -1 0 0 0 0];

internalField   nonuniform List<vector> 
115
(
(-0.231666 4.63416e-06 -6.72175e-18)
(-0.231397 2.49693e-05 -8.73607e-18)
(-0.231016 4.98488e-05 -6.59459e-19)
(-0.230505 7.99082e-05 1.34816e-18)
(-0.229839 0.000115919 -3.78763e-20)
(-0.228989 0.000158833 -6.77926e-19)
(-0.227922 0.000209829 8.58104e-18)
(-0.2266 0.000270385 -9.79288e-19)
(-0.189573 -0.000620506 4.80826e-18)
(-0.188439 -0.000670245 7.39254e-18)
(-0.187239 -0.000740733 8.90403e-18)
(-0.185966 -0.00083307 3.96568e-18)
(-0.184612 -0.000949195 -4.13639e-18)
(-0.183166 -0.00109036 9.58846e-18)
(-0.18162 -0.00125886 6.82177e-19)
(-0.211015 -8.93188e-05 -8.05975e-19)
(-0.210542 -0.000103881 2.88296e-18)
(-0.210038 -0.000132178 5.23951e-18)
(-0.209495 -0.000175351 9.41745e-18)
(-0.208902 -0.000237511 3.70293e-18)
(-0.208252 -0.000317334 2.90224e-18)
(-0.207534 -0.000416245 -1.67331e-18)
(-0.206739 -0.000536181 7.80412e-18)
(-0.205854 -0.000679864 1.81148e-18)
(-0.204867 -0.000850412 7.27016e-18)
(-0.203764 -0.00105158 6.23823e-18)
(-0.202528 -0.0012879 1.57739e-18)
(-0.201142 -0.00156496 4.21369e-18)
(-0.199585 -0.00188948 4.91304e-18)
(-0.197834 -0.00226975 -3.96053e-18)
(-0.195862 -0.00271598 5.6782e-18)
(-0.201127 -0.000323367 -3.47756e-18)
(-0.200356 -0.000354669 2.96639e-18)
(-0.199539 -0.000404386 5.03303e-18)
(-0.198666 -0.000472831 4.71477e-18)
(-0.197729 -0.000560611 2.83391e-19)
(-0.19672 -0.000669781 4.40439e-18)
(-0.19563 -0.000802944 -5.76238e-18)
(-0.194447 -0.000962051 3.00145e-18)
(-0.19316 -0.00115002 1.77474e-18)
(-0.191758 -0.00137046 1.32795e-17)
(-0.190226 -0.00162778 1.24817e-17)
(-0.18855 -0.0019273 1.73771e-18)
(-0.186713 -0.0022756 8.73101e-18)
(-0.184696 -0.00268052 1.18586e-17)
(-0.182479 -0.00315174 8.74505e-18)
(-0.180036 -0.00370111 8.83503e-18)
(-0.225272 9.03305e-05 -6.17567e-19)
(-0.225209 8.80088e-05 1.40656e-18)
(-0.225135 7.60289e-05 1.16108e-17)
(-0.225045 5.46268e-05 3.78001e-18)
(-0.224927 2.79261e-05 5.44543e-18)
(-0.224769 -8.79787e-06 1.58108e-18)
(-0.224563 -5.60077e-05 4.29623e-20)
(-0.224301 -0.000115364 3.25268e-18)
(-0.223968 -0.00018824 6.24369e-19)
(-0.223551 -0.000276394 5.66723e-18)
(-0.223034 -0.000381992 2.28917e-18)
(-0.222401 -0.00050765 3.01263e-18)
(-0.221632 -0.000656598 4.29914e-18)
(-0.220703 -0.000832769 1.96005e-18)
(-0.219587 -0.00104102 -6.01199e-19)
(-0.218254 -0.00128736 6.59834e-18)
(-0.216666 -0.00157924 5.26894e-18)
(-0.219107 3.68235e-06 2.37492e-19)
(-0.218871 -4.00251e-06 6.24114e-18)
(-0.218615 -2.38985e-05 1.08479e-17)
(-0.218329 -5.66532e-05 5.36487e-18)
(-0.218007 -9.80137e-05 8.65767e-18)
(-0.21764 -0.000153955 2.29597e-18)
(-0.217218 -0.000226637 -5.7734e-20)
(-0.216729 -0.000316124 3.29527e-18)
(-0.216161 -0.000424303 1.15826e-18)
(-0.215502 -0.00055361 9.87785e-18)
(-0.214736 -0.000706981 4.03787e-18)
(-0.213847 -0.000887981 1.47761e-18)
(-0.212816 -0.00110101 2.83752e-18)
(-0.211621 -0.0013514 2.35056e-18)
(-0.210236 -0.00164572 -1.23461e-18)
(-0.208632 -0.00199208 1.02989e-17)
(-0.206774 -0.00240057 4.007e-18)
(-0.231526 4.32981e-05 -1.49238e-17)
(-0.231635 4.20976e-05 -8.83252e-19)
(-0.231742 3.88418e-05 3.49541e-18)
(-0.23184 3.4245e-05 1.30928e-18)
(-0.23192 2.90302e-05 2.04227e-18)
(-0.231971 2.14736e-05 -1.58687e-18)
(-0.231983 1.16164e-05 -9.43365e-19)
(-0.231945 1.52372e-07 1.42171e-18)
(-0.231844 -1.3519e-05 -1.21159e-18)
(-0.231666 -3.00913e-05 -9.26926e-20)
(-0.231396 -5.00201e-05 -2.49794e-18)
(-0.231016 -7.38315e-05 1.51467e-18)
(-0.230505 -0.0001022 3.74776e-18)
(-0.229839 -0.000135964 1.20812e-18)
(-0.228989 -0.000176166 -3.0409e-19)
(-0.227922 -0.0002241 5.67777e-18)
(-0.226599 -0.00028137 3.7407e-18)
(-0.229433 5.21716e-05 -4.14187e-18)
(-0.229485 5.13696e-05 -4.12732e-19)
(-0.229532 4.58207e-05 9.59232e-18)
(-0.229567 3.44838e-05 2.72287e-18)
(-0.22958 1.3583e-05 7.91716e-18)
(-0.229562 -1.26535e-05 1.00426e-18)
(-0.229503 -4.1461e-05 -1.09761e-19)
(-0.22939 -7.70041e-05 6.81222e-18)
(-0.229212 -0.000120749 5.64504e-19)
(-0.228955 -0.000173627 7.87486e-18)
(-0.228603 -0.000236851 8.04007e-19)
(-0.228139 -0.000311973 7.46202e-18)
(-0.227542 -0.000400928 9.65603e-18)
(-0.226789 -0.000506082 2.01592e-18)
(-0.225851 -0.000630363 -9.46824e-20)
(-0.224696 -0.000777402 1.056e-17)
(-0.223285 -0.000951713 1.09232e-17)
)
;

boundaryField
{
    inlet
    {
        type            uniformFixedValue;
        uniformValue    constant (1 0 0);
        value           nonuniform 0();
    }
    outlet
    {
        type            pressureInletOutletVelocity;
        value           nonuniform 0();
    }
    polygon
    {
        type            fixedValue;
        value           nonuniform 0();
    }
    top
    {
        type            symmetryPlane;
    }
    bottom
    {
        type            symmetryPlane;
    }
    outside
    {
        type            zeroGradient;
    }
    procBoundary27to19
    {
        type            processor;
        value           nonuniform List<vector> 
17
(
(-0.176553 -0.00102936 2.28011e-18)
(-0.17499 -0.00110703 3.1053e-18)
(-0.17334 -0.00120882 3.57881e-18)
(-0.171595 -0.00133569 4.86075e-18)
(-0.169746 -0.00148926 2.58974e-18)
(-0.167785 -0.00167154 8.05122e-18)
(-0.179964 -0.00145719 3.05527e-18)
(-0.165701 -0.0018854 4.98948e-18)
(-0.179964 -0.00145719 3.05527e-18)
(-0.178187 -0.00168881 2.94846e-18)
(-0.176277 -0.00195787 1.44545e-17)
(-0.17422 -0.00226939 8.32973e-18)
(-0.172004 -0.00262945 8.84226e-19)
(-0.169613 -0.00304551 2.70178e-18)
(-0.16703 -0.00352646 6.6575e-18)
(-0.164236 -0.00408325 5.91895e-18)
(-0.161212 -0.00472928 -2.58172e-18)
)
;
    }
    procBoundary27to26
    {
        type            processor;
        value           nonuniform List<vector> 6((-0.193637 -0.00324081 4.12535e-18) (-0.193637 -0.00324081 4.12535e-18) (-0.177342 -0.00434329 7.161e-18) (-0.214779 -0.00192605 4.85905e-18) (-0.204623 -0.00288381 1.16996e-17) (-0.221573 -0.00115897 2.2119e-18));
    }
    procBoundary27to28
    {
        type            processor;
        value           nonuniform List<vector> 7((-0.19065 -0.000590779 2.75528e-18) (-0.211464 -8.80686e-05 3.31194e-18) (-0.201859 -0.000309971 1.89546e-18) (-0.225333 8.30095e-05 3.91467e-18) (-0.219331 -3.84661e-07 7.81044e-18) (-0.231423 4.2253e-05 -5.55208e-18) (-0.229384 4.8348e-05 4.16871e-18));
    }
    procBoundary27to34
    {
        type            processor;
        value           nonuniform List<vector> 2((-0.224973 0.000342371 -9.54944e-18) (-0.224973 -0.000349982 -1.82368e-18));
    }
    procBoundary27to35
    {
        type            processor;
        value           nonuniform List<vector> 
18
(
(-0.228955 0.000148626 -9.26105e-19)
(-0.228604 0.000212157 -3.69403e-18)
(-0.22814 0.000288283 -3.47529e-19)
(-0.227543 0.000378886 1.19063e-18)
(-0.226789 0.000486256 -2.14027e-18)
(-0.225851 0.000613226 -1.14385e-18)
(-0.224696 0.00076331 5.06608e-19)
(-0.223286 0.000940895 -1.10409e-17)
(-0.231525 -4.48332e-05 -1.04006e-17)
(-0.231634 -4.81013e-05 3.96921e-18)
(-0.231742 -4.90806e-05 2.48192e-18)
(-0.23184 -4.82182e-05 4.92231e-19)
(-0.23192 -4.66043e-05 -1.14469e-18)
(-0.23197 -4.27937e-05 -7.3584e-18)
(-0.231983 -3.46859e-05 -1.95663e-18)
(-0.231945 -2.44162e-05 -1.59884e-18)
(-0.231844 -1.16645e-05 -5.88388e-18)
(-0.231844 -1.16645e-05 -5.88388e-18)
)
;
    }
}


// ************************************************************************* //
