/*--------------------------------*- C++ -*----------------------------------*\
  =========                 |
  \\      /  F ield         | OpenFOAM: The Open Source CFD Toolbox
   \\    /   O peration     | Website:  https://openfoam.org
    \\  /    A nd           | Version:  7
     \\/     M anipulation  |
\*---------------------------------------------------------------------------*/
FoamFile
{
    version     2.0;
    format      ascii;
    class       surfaceScalarField;
    location    "106";
    object      phi;
}
// * * * * * * * * * * * * * * * * * * * * * * * * * * * * * * * * * * * * * //

dimensions      [0 3 -1 0 0 0 0];

internalField   nonuniform List<scalar> 
322
(
-0.00861227
0.00184075
-0.00887582
0.00191174
-0.00913392
0.00198271
-0.00938416
0.00205355
0.00212413
-0.00672006
0.00128647
-0.0069614
0.00134651
-0.0072049
0.00140846
-0.00745004
0.00147202
-0.00769624
0.00153684
-0.00794278
0.00160257
-0.00818885
0.00166885
-0.00843348
0.0017353
-0.00867555
0.00180158
-0.00891377
0.00186732
-0.00914669
0.00193221
-0.00937274
0.00199593
-0.00959022
0.00205824
-0.0097974
0.00211892
-0.00999252
0.00217783
-0.0101739
0.00223489
0.0022901
-0.00781437
0.00151949
-0.00804658
0.00157872
-0.00827719
0.00163908
-0.00850536
0.00170018
-0.00873016
0.00176164
-0.00895061
0.00182302
-0.00916565
0.00188388
-0.00937415
0.0019438
-0.00957494
0.00200237
-0.00976683
0.00205921
-0.00994863
0.002114
-0.0101192
0.00216649
-0.0102774
0.00221647
-0.0104224
0.00226387
-0.0105532
0.00230867
-0.0106693
0.00235096
0.00239092
-0.00876423
0.001731
-0.0089714
0.00178589
-0.00917334
0.00184102
-0.00936914
0.00189598
-0.00955788
0.00195038
-0.00973864
0.00200378
-0.00991053
0.00205577
-0.0100727
0.00210597
-0.0102243
0.00215402
-0.0103648
0.00219965
-0.0104934
0.00224264
-0.0106098
0.00228286
-0.0107136
0.00232027
-0.0108046
0.00235491
-0.0108829
0.00238694
-0.0109485
0.00241658
0.00244416
-0.00952908
0.00190973
-0.00970087
0.00195768
-0.00986497
0.00200511
-0.0100207
0.00205167
-0.0101673
0.002097
-0.0103042
0.00214074
-0.010431
0.00218257
-0.0105473
0.00222221
-0.0106527
0.00225943
-0.0107471
0.00229408
-0.0108305
0.00232606
-0.0109031
0.00235537
-0.0109649
0.0023821
-0.0110164
0.0024064
-0.011058
0.00242851
-0.0110901
0.00244871
0.00246736
-0.0101008
0.00205111
-0.0102341
0.00209099
-0.0103588
0.00212986
-0.0104746
0.00216746
-0.0105811
0.0022035
-0.0106781
0.00223775
-0.0107656
0.00226999
-0.0108434
0.00230004
-0.0109118
0.0023278
-0.0109709
0.0023532
-0.0110211
0.00237627
-0.0110628
0.00239708
-0.0110964
0.00241576
-0.0111226
0.00243252
-0.0111417
0.0024476
-0.0111542
0.00246127
0.00247384
-0.0104983
0.00215683
-0.0105961
0.00218885
-0.0106859
0.00221967
-0.0107676
0.0022491
-0.010841
0.00227695
-0.0109063
0.00230307
-0.0109637
0.00232733
-0.0110133
0.00234966
-0.0110555
0.00237002
-0.0110907
0.00238841
-0.0111194
0.00240489
-0.0111419
0.00241958
-0.0111587
0.00243262
-0.0111704
0.00244418
-0.0111772
0.00245446
-0.0111796
0.00246368
0.00247206
-0.0107557
0.0022326
-0.0108247
0.00225792
-0.0108871
0.00228202
-0.0109428
0.0023048
-0.010992
0.00232614
-0.0110349
0.00234595
-0.0110717
0.00236416
-0.0111028
0.00238075
-0.0111285
0.00239572
-0.0111492
0.0024091
-0.0111652
0.00242096
-0.011177
0.00243139
-0.0111849
0.00244053
-0.0111892
0.00244848
-0.0111902
0.00245541
-0.011188
0.00246144
0.00246672
-0.0109109
0.00228576
-0.0109589
0.00230589
-0.0110018
0.0023249
-0.0110397
0.00234271
-0.0110728
0.00235924
-0.0111013
0.00237446
-0.0111255
0.00238833
-0.0111455
0.00240083
-0.0111618
0.002412
-0.0111746
0.00242186
-0.0111841
0.00243046
-0.0111906
0.00243788
-0.0111943
0.00244421
-0.0111953
0.00244952
-0.0111938
0.00245389
-0.0111897
0.00245739
0.00246009
-0.0109977
0.00232336
-0.0110316
0.00233979
-0.0110619
0.00235519
-0.0110887
0.00236948
-0.0111121
0.00238264
-0.0111322
0.00239462
-0.0111493
0.00240542
-0.0111635
0.00241503
-0.011175
0.00242346
-0.0111839
0.00243075
-0.0111904
0.00243694
-0.0111945
0.00244207
-0.0111965
0.0024462
-0.0111964
0.00244935
-0.011194
0.00245156
-0.0111895
0.00245284
0.00245321
-0.0110411
-0.0110666
-0.0110896
-0.0111102
-0.0111283
-0.0111442
-0.0111578
-0.0111691
-0.0111784
-0.0111857
-0.0111909
-0.0111943
-0.0111957
-0.0111951
-0.0111925
-0.0111879
)
;

boundaryField
{
    inlet
    {
        type            calculated;
        value           nonuniform 0();
    }
    outlet
    {
        type            calculated;
        value           nonuniform 0();
    }
    polygon
    {
        type            calculated;
        value           nonuniform 0();
    }
    top
    {
        type            symmetryPlane;
        value           uniform 0;
    }
    bottom
    {
        type            symmetryPlane;
        value           uniform 0;
    }
    outside
    {
        type            calculated;
        value           nonuniform List<scalar> 
17
(
0.00235142
0.00236532
0.00237821
0.00239005
0.0024008
0.00241045
0.00241899
0.00242642
0.00243275
0.002438
0.00244221
0.0024454
0.00244759
0.00244879
0.00244899
0.00244816
0.00244625
)
;
    }
    procBoundary3to2
    {
        type            processor;
        value           nonuniform List<scalar> 7(-0.0111133 -0.0111607 -0.0111778 -0.0111826 -0.0111831 -0.0111826 -0.0111809);
    }
    procBoundary3to4
    {
        type            processor;
        value           nonuniform List<scalar> 10(0.00648136 0.00758135 0.00855272 0.00935036 0.00995941 0.0103925 0.0106799 0.0108578 0.0109601 0.011013);
    }
    procBoundary3to10
    {
        type            processor;
        value           nonuniform List<scalar> 4(-0.00962393 -0.0103398 -0.0107701 -0.0110018);
    }
    procBoundary3to11
    {
        type            processor;
        value           nonuniform List<scalar> 
18
(
-0.00157394
-0.00164819
-0.00172461
-0.00180331
-0.00188436
-0.00104777
-0.00110517
-0.00116496
-0.00122687
-0.00129065
-0.00135603
-0.00142277
-0.00149067
-0.00155951
-0.00162911
-0.00169929
0.00834545
-0.00176989
)
;
    }
}


// ************************************************************************* //
