/*--------------------------------*- C++ -*----------------------------------*\
  =========                 |
  \\      /  F ield         | OpenFOAM: The Open Source CFD Toolbox
   \\    /   O peration     | Website:  https://openfoam.org
    \\  /    A nd           | Version:  7
     \\/     M anipulation  |
\*---------------------------------------------------------------------------*/
FoamFile
{
    version     2.0;
    format      ascii;
    class       volVectorField;
    location    "50";
    object      U;
}
// * * * * * * * * * * * * * * * * * * * * * * * * * * * * * * * * * * * * * //

dimensions      [0 1 -1 0 0 0 0];

internalField   nonuniform List<vector> 
125
(
(-0.230923 3.50825e-05 7.56964e-19)
(-0.231066 4.29454e-05 -2.84577e-19)
(-0.23124 4.82238e-05 -4.65849e-19)
(-0.231434 5.16126e-05 1.84382e-20)
(-0.231637 5.35667e-05 -1.42749e-21)
(-0.231843 5.42908e-05 1.11763e-18)
(-0.232045 5.37253e-05 4.25958e-19)
(-0.236352 -0.00100872 -8.38469e-19)
(-0.234404 -0.00077867 1.08573e-18)
(-0.232909 -0.000585362 1.10946e-19)
(-0.231795 -0.000425687 -1.68548e-18)
(-0.230994 -0.000296226 5.55483e-19)
(-0.230446 -0.00019332 5.03934e-20)
(-0.230098 -0.000113243 1.29214e-18)
(-0.229905 -5.21785e-05 1.53678e-18)
(-0.22983 -7.88031e-06 -2.25142e-18)
(-0.229843 2.963e-05 -4.27611e-19)
(-0.229918 5.54633e-05 2.26727e-18)
(-0.230036 7.30999e-05 -1.13409e-18)
(-0.230184 8.45567e-05 -6.52709e-19)
(-0.230348 9.11169e-05 1.07038e-18)
(-0.230521 9.37032e-05 2.92047e-19)
(-0.230694 9.30491e-05 7.01727e-19)
(-0.230863 8.95993e-05 3.9364e-19)
(-0.234475 -0.00165846 -7.91438e-19)
(-0.232555 -0.00127985 1.67005e-18)
(-0.231078 -0.000961102 -2.73447e-19)
(-0.22997 -0.000697475 -2.95447e-19)
(-0.229165 -0.000483494 1.88706e-18)
(-0.228603 -0.00031321 3.33551e-19)
(-0.228232 -0.000180545 -5.11014e-19)
(-0.228009 -7.93822e-05 2.28581e-18)
(-0.227899 -4.26958e-06 -2.87862e-18)
(-0.227871 5.38896e-05 -6.93865e-19)
(-0.2279 9.59759e-05 9.4239e-19)
(-0.227967 0.000124746 -3.23903e-18)
(-0.228059 0.000143056 -9.07195e-19)
(-0.228165 0.00015348 2.76426e-18)
(-0.228276 0.000157707 5.27711e-19)
(-0.228385 0.000156635 5.32714e-19)
(-0.228485 0.00015021 3.80655e-19)
(-0.231653 -0.00228535 -1.23696e-18)
(-0.229775 -0.0017659 7.60706e-19)
(-0.228322 -0.0013294 1.45528e-18)
(-0.227222 -0.000969313 1.12445e-18)
(-0.22641 -0.000677991 1.25411e-18)
(-0.225826 -0.000447086 3.5502e-19)
(-0.225423 -0.000268061 7.1074e-19)
(-0.225156 -0.000132527 7.49544e-19)
(-0.224989 -3.28952e-05 -1.97214e-18)
(-0.224896 4.32566e-05 -6.20498e-19)
(-0.224854 9.78317e-05 1.75219e-19)
(-0.224845 0.000134021 -2.89188e-18)
(-0.224854 0.000156705 -8.20695e-19)
(-0.224871 0.000168404 1.32307e-18)
(-0.224888 0.000171097 5.42971e-19)
(-0.224899 0.000166364 5.22212e-19)
(-0.224897 0.00015547 4.86552e-19)
(-0.227887 -0.0028845 -3.78987e-20)
(-0.226061 -0.00223192 5.6681e-19)
(-0.224637 -0.00168465 1.17677e-18)
(-0.223544 -0.00123421 -3.05209e-20)
(-0.222718 -0.000870682 1.02913e-18)
(-0.222104 -0.000583267 2.82612e-19)
(-0.221652 -0.000360892 -1.0408e-18)
(-0.221322 -0.00019267 -5.20379e-19)
(-0.22108 -6.85312e-05 -2.26994e-18)
(-0.220901 1.81253e-05 -3.94776e-19)
(-0.220763 8.47757e-05 -4.17424e-19)
(-0.220648 0.000127898 -4.22953e-18)
(-0.220544 0.000152201 -7.67144e-19)
(-0.220442 0.000163471 9.09379e-19)
(-0.220332 0.000164464 6.76315e-19)
(-0.220209 0.000156394 6.0937e-19)
(-0.220067 0.000137913 9.39804e-19)
(-0.223175 -0.00345236 9.00251e-19)
(-0.221409 -0.00267628 8.25655e-19)
(-0.220015 -0.00202746 1.27818e-18)
(-0.218926 -0.0014954 -1.391e-18)
(-0.218079 -0.00106784 1.30357e-18)
(-0.21742 -0.000731538 1.05666e-19)
(-0.216904 -0.000472992 -4.03184e-20)
(-0.216493 -0.000279201 -1.8816e-18)
(-0.216154 -0.000138092 -2.91121e-20)
(-0.215861 -4.11401e-05 2.59876e-19)
(-0.215597 2.62183e-05 -1.07448e-18)
(-0.215349 7.03451e-05 -3.45462e-18)
(-0.215102 9.56003e-05 -1.31058e-19)
(-0.214846 0.000103525 1.02727e-18)
(-0.214575 9.74416e-05 1.14671e-18)
(-0.214283 7.934e-05 9.27262e-19)
(-0.213965 5.30944e-05 1.94095e-18)
(-0.217519 -0.00398762 2.35287e-18)
(-0.215815 -0.00309926 1.28814e-18)
(-0.214449 -0.00235945 1.89205e-18)
(-0.213356 -0.00175549 -7.73393e-19)
(-0.212475 -0.00127271 2.53026e-18)
(-0.211757 -0.000895278 -3.17983e-19)
(-0.211158 -0.00060716 8.63556e-19)
(-0.210641 -0.000392912 -7.19215e-19)
(-0.210179 -0.000238159 2.6748e-18)
(-0.209749 -0.000131182 1.01009e-18)
(-0.209332 -6.53893e-05 1.69661e-18)
(-0.208916 -2.64963e-05 7.22561e-20)
(-0.208491 -7.14867e-06 1.23707e-18)
(-0.208048 -5.50285e-06 1.86604e-18)
(-0.207579 -1.85751e-05 2.01406e-18)
(-0.207079 -4.48484e-05 1.40899e-18)
(-0.20654 -8.02605e-05 3.94614e-18)
(-0.210917 -0.00448988 2.43368e-18)
(-0.209273 -0.00350272 1.92924e-18)
(-0.207928 -0.00268428 3.08691e-18)
(-0.206819 -0.00201958 1.92024e-18)
(-0.205889 -0.00149148 2.21341e-18)
(-0.205091 -0.00108162 1.80668e-18)
(-0.204386 -0.000771579 2.33867e-18)
(-0.203739 -0.00054385 -8.66294e-20)
(-0.203126 -0.000382482 3.11613e-18)
(-0.202526 -0.00027406 1.73614e-18)
(-0.201923 -0.0002058 1.12069e-18)
(-0.201308 -0.000169927 3.25794e-18)
(-0.200669 -0.000159534 3.28902e-18)
(-0.2 -0.000167579 3.68371e-18)
(-0.199293 -0.000190292 3.8235e-18)
(-0.198544 -0.000225961 2.38946e-18)
)
;

boundaryField
{
    inlet
    {
        type            uniformFixedValue;
        uniformValue    constant (1 0 0);
        value           nonuniform 0();
    }
    outlet
    {
        type            pressureInletOutletVelocity;
        value           nonuniform 0();
    }
    polygon
    {
        type            fixedValue;
        value           nonuniform 0();
    }
    top
    {
        type            symmetryPlane;
    }
    bottom
    {
        type            symmetryPlane;
    }
    outside
    {
        type            zeroGradient;
    }
    procBoundary28to20
    {
        type            processor;
        value           nonuniform List<vector> 
18
(
(-0.197746 -0.0002762 2.22381e-18)
(-0.203369 -0.00495538 1.1794e-18)
(-0.201776 -0.00388484 5.83105e-19)
(-0.200439 -0.00300256 2.78664e-18)
(-0.199297 -0.0022909 2.17834e-18)
(-0.198297 -0.00173007 2.68281e-18)
(-0.197395 -0.00129905 1.25453e-18)
(-0.196556 -0.000976976 1.33656e-18)
(-0.195749 -0.000744179 1.17849e-19)
(-0.194954 -0.000582918 1.55111e-18)
(-0.194151 -0.000478446 2.9045e-18)
(-0.193329 -0.000418835 6.99842e-19)
(-0.192476 -0.000392967 3.70993e-18)
(-0.191586 -0.000393098 1.79859e-18)
(-0.190651 -0.000414289 1.78223e-18)
(-0.189666 -0.000453247 1.86084e-18)
(-0.197746 -0.0002762 2.22381e-18)
(-0.188624 -0.000507828 3.99784e-18)
)
;
    }
    procBoundary28to21
    {
        type            processor;
        value           uniform (-0.212931 -0.00565765 3.36238e-19);
    }
    procBoundary28to27
    {
        type            processor;
        value           nonuniform List<vector> 7((-0.232238 5.18657e-05 -1.14818e-18) (-0.231021 8.3573e-05 -2.59402e-18) (-0.228571 0.000138561 5.66717e-19) (-0.224876 0.000138859 4.0974e-18) (-0.219899 0.000109113 3.81964e-18) (-0.213613 1.82033e-05 -4.71256e-19) (-0.205959 -0.000124062 8.79874e-19));
    }
    procBoundary28to29
    {
        type            processor;
        value           nonuniform List<vector> 6((-0.238832 -0.00127863 3.3552e-19) (-0.236914 -0.00210077 7.50306e-19) (-0.234033 -0.00289266 1.60571e-18) (-0.23019 -0.00364874 8.17868e-19) (-0.225389 -0.00436371 4.74575e-19) (-0.219634 -0.00503433 3.71378e-19));
    }
    procBoundary28to36
    {
        type            processor;
        value           nonuniform List<vector> 
18
(
(-0.230923 -3.52031e-05 -4.00369e-19)
(-0.231066 -4.31013e-05 2.38245e-19)
(-0.23124 -4.84126e-05 -4.59336e-19)
(-0.231434 -5.18291e-05 -7.19699e-19)
(-0.231637 -5.38057e-05 -1.56918e-19)
(-0.231843 -5.45458e-05 2.1389e-18)
(-0.232045 -5.39954e-05 6.52306e-19)
(-0.237287 -0.000331193 1.20808e-18)
(-0.235324 -0.000251396 1.07654e-18)
(-0.233821 -0.000184597 3.5584e-19)
(-0.232703 -0.00012963 -1.14987e-18)
(-0.231904 -8.52875e-05 -2.8841e-20)
(-0.231362 -5.03392e-05 -3.24656e-19)
(-0.231024 -2.36394e-05 6.02583e-19)
(-0.230845 -4.2795e-06 1.23942e-18)
(-0.23079 8.11843e-06 5.38901e-19)
(-0.230825 2.37745e-05 7.11147e-21)
(-0.230825 2.37745e-05 7.11147e-21)
)
;
    }
}


// ************************************************************************* //
