/*--------------------------------*- C++ -*----------------------------------*\
  =========                 |
  \\      /  F ield         | OpenFOAM: The Open Source CFD Toolbox
   \\    /   O peration     | Website:  https://openfoam.org
    \\  /    A nd           | Version:  7
     \\/     M anipulation  |
\*---------------------------------------------------------------------------*/
FoamFile
{
    version     2.0;
    format      ascii;
    class       volVectorField;
    location    "54";
    object      U;
}
// * * * * * * * * * * * * * * * * * * * * * * * * * * * * * * * * * * * * * //

dimensions      [0 1 -1 0 0 0 0];

internalField   nonuniform List<vector> 
115
(
(0.698174 -0.0880266 -2.79451e-19)
(0.734446 -0.0938302 -3.40445e-19)
(0.772776 -0.100328 -3.31186e-19)
(0.813265 -0.10764 -3.23766e-19)
(0.855949 -0.115897 -3.54872e-19)
(0.900773 -0.12523 -3.20158e-19)
(0.94754 -0.13575 -3.01279e-19)
(0.995836 -0.147537 -2.55644e-19)
(1.04495 -0.16067 1.46973e-19)
(1.09397 -0.175234 1.80337e-19)
(1.14209 -0.191236 6.95859e-19)
(1.18881 -0.208585 1.22557e-18)
(0.747594 -0.0921404 -4.17982e-18)
(0.781184 -0.0971387 -3.63186e-18)
(0.816003 -0.102562 -2.88167e-18)
(0.852034 -0.108463 -1.26792e-18)
(0.88922 -0.114902 -4.10401e-18)
(0.927454 -0.121934 -3.10434e-18)
(0.966562 -0.129617 -3.37496e-18)
(1.00629 -0.137997 -3.34396e-18)
(1.04627 -0.147112 -3.37908e-18)
(1.08608 -0.156975 -3.40423e-18)
(1.12514 -0.167573 -3.22798e-18)
(1.16278 -0.178871 -2.2956e-18)
(1.19817 -0.190847 -5.7188e-18)
(1.23051 -0.203488 -4.78408e-18)
(1.25938 -0.216767 -4.95794e-18)
(1.28466 -0.230773 -3.78735e-18)
(0.919031 -0.116478 -6.15794e-19)
(0.953 -0.122148 -6.04738e-19)
(0.987323 -0.128171 -4.08171e-19)
(1.02181 -0.134567 -4.53423e-19)
(1.05623 -0.141351 -8.97947e-19)
(1.09031 -0.148532 -6.23652e-19)
(1.1237 -0.15611 -8.75179e-19)
(1.15604 -0.164079 -9.04797e-19)
(1.1869 -0.172419 -9.70985e-19)
(1.21585 -0.181101 -9.20539e-19)
(1.24243 -0.190087 -1.07384e-18)
(1.26617 -0.199347 -1.054e-18)
(1.28658 -0.208875 -1.5372e-18)
(1.30331 -0.218675 -9.6479e-19)
(1.31638 -0.22878 -7.74216e-19)
(1.32604 -0.239434 3.1232e-19)
(1.06788 -0.139806 4.33996e-18)
(1.09801 -0.145417 3.58753e-18)
(1.12748 -0.151217 2.8829e-18)
(1.15605 -0.157199 1.55193e-18)
(1.18348 -0.163354 4.67227e-18)
(1.20947 -0.169669 3.42011e-18)
(1.23377 -0.17613 3.68019e-18)
(1.25609 -0.182721 3.07722e-18)
(1.27616 -0.189424 2.15284e-18)
(1.29375 -0.196221 5.81944e-18)
(1.30865 -0.203106 4.32755e-18)
(1.32067 -0.210091 4.24798e-18)
(1.32965 -0.217213 9.65427e-18)
(1.33553 -0.224511 8.69061e-18)
(1.33856 -0.232067 1.00895e-17)
(1.33911 -0.240154 9.67946e-18)
(1.18315 -0.159395 1.23936e-18)
(1.20673 -0.164291 8.65576e-19)
(1.22898 -0.169217 8.9682e-19)
(1.24973 -0.174164 1.05821e-18)
(1.2688 -0.179124 1.54644e-18)
(1.28604 -0.184089 1.05955e-18)
(1.30131 -0.189056 1.40557e-18)
(1.31448 -0.194025 1.4207e-18)
(1.32548 -0.198999 1.74463e-18)
(1.33424 -0.203991 2.38878e-18)
(1.34073 -0.209025 2.118e-18)
(1.34495 -0.214149 2.90348e-18)
(1.34686 -0.219422 3.617e-18)
(1.34654 -0.224898 2.85163e-18)
(1.34425 -0.230667 2.55902e-18)
(1.34027 -0.236965 1.48655e-18)
(1.33423 -0.244227 -3.81217e-19)
(1.2632 -0.173968 4.65032e-19)
(1.27967 -0.177819 2.28832e-19)
(1.29462 -0.181607 2.98816e-19)
(1.30797 -0.185334 4.25014e-19)
(1.31966 -0.189003 5.43051e-19)
(1.32964 -0.192621 5.38243e-19)
(1.3379 -0.196203 7.21065e-19)
(1.34441 -0.199764 7.34165e-19)
(1.3492 -0.203326 8.1002e-19)
(1.3523 -0.206919 9.0275e-19)
(1.35375 -0.210587 9.7695e-19)
(1.35357 -0.214384 1.13971e-18)
(1.35177 -0.218369 1.02473e-18)
(1.34843 -0.222586 6.34645e-19)
(1.3437 -0.227104 4.01915e-19)
(1.33768 -0.232107 8.46681e-20)
(1.32993 -0.237925 -1.20038e-19)
(1.3134 -0.183694 1.4567e-19)
(1.32378 -0.186493 1.11089e-19)
(1.33279 -0.189205 1.73964e-19)
(1.34044 -0.191841 1.85342e-19)
(1.34674 -0.194415 2.10317e-19)
(1.35171 -0.196948 2.36105e-19)
(1.35537 -0.199459 2.92191e-19)
(1.35777 -0.201975 3.22599e-19)
(1.35893 -0.204524 3.34093e-19)
(1.35892 -0.207138 3.09395e-19)
(1.35774 -0.20986 3.19772e-19)
(1.35542 -0.212737 1.35787e-19)
(1.35192 -0.21581 -2.62479e-20)
(1.34727 -0.219103 -4.49609e-19)
(1.34153 -0.222657 -6.36398e-19)
(1.33465 -0.226605 -8.54745e-19)
(1.32613 -0.231173 -1.64363e-18)
(1.34198 -0.189581 1.08802e-20)
(1.34793 -0.191511 -1.61753e-21)
(1.35282 -0.19337 7.68825e-20)
(1.3567 -0.195174 8.63373e-20)
)
;

boundaryField
{
    inlet
    {
        type            uniformFixedValue;
        uniformValue    constant (1 0 0);
        value           nonuniform 0();
    }
    outlet
    {
        type            pressureInletOutletVelocity;
        value           nonuniform 0();
    }
    polygon
    {
        type            fixedValue;
        value           nonuniform 0();
    }
    top
    {
        type            symmetryPlane;
    }
    bottom
    {
        type            symmetryPlane;
    }
    outside
    {
        type            zeroGradient;
    }
    procBoundary10to2
    {
        type            processor;
        value           nonuniform List<vector> 
18
(
(1.35961 -0.196942 1.73454e-19)
(1.36157 -0.198696 1.2727e-19)
(1.36262 -0.200458 2.56194e-20)
(1.36279 -0.202251 3.22163e-20)
(1.36211 -0.204101 8.76999e-20)
(1.36058 -0.206033 5.67848e-20)
(1.35821 -0.208079 1.47496e-19)
(1.35496 -0.21027 -5.59998e-20)
(1.35077 -0.212625 -1.40759e-19)
(1.34561 -0.21515 -5.06852e-20)
(1.33947 -0.217862 -2.29256e-19)
(1.3322 -0.220849 -7.81645e-20)
(1.32333 -0.224245 2.18268e-19)
(1.3568 -0.192843 4.17193e-20)
(1.35991 -0.194141 -5.37817e-20)
(1.3623 -0.195396 -1.09641e-20)
(1.35961 -0.196942 1.73454e-19)
(1.36399 -0.196622 4.92248e-20)
)
;
    }
    procBoundary10to3
    {
        type            processor;
        value           nonuniform List<vector> 2((1.30167 -0.180799 1.08221e-19) (1.33497 -0.187563 7.33811e-20));
    }
    procBoundary10to9
    {
        type            processor;
        value           nonuniform List<vector> 3((1.32426 -0.252806 -3.03831e-18) (1.31893 -0.244735 2.43066e-19) (1.31485 -0.236366 -2.67192e-18));
    }
    procBoundary10to11
    {
        type            processor;
        value           nonuniform List<vector> 5((0.715227 -0.0875171 -4.53986e-18) (0.885565 -0.111141 -7.464e-19) (1.03731 -0.134387 4.05478e-18) (1.15841 -0.154539 1.05526e-18) (1.24529 -0.170057 3.09674e-19));
    }
    procBoundary10to17
    {
        type            processor;
        value           nonuniform List<vector> 5((1.23237 -0.227282 2.12439e-18) (1.30527 -0.246085 -1.81979e-18) (1.33186 -0.251223 1.85396e-18) (1.3369 -0.249295 8.17426e-18) (1.3369 -0.249295 8.17426e-18));
    }
    procBoundary10to18
    {
        type            processor;
        value           nonuniform List<vector> 
17
(
(0.50727 -0.0649879 4.0832e-19)
(0.536733 -0.0692036 -1.04322e-19)
(0.568258 -0.0738984 -4.05168e-20)
(0.602181 -0.0791806 -1.3613e-19)
(0.638911 -0.0851935 -2.79805e-19)
(0.678917 -0.0921228 -1.47924e-19)
(0.722713 -0.100192 -6.16386e-19)
(0.77078 -0.109662 -1.69067e-18)
(0.823428 -0.120849 5.43458e-19)
(0.880708 -0.134152 6.12942e-20)
(0.942595 -0.149888 3.60507e-19)
(1.00862 -0.168494 6.52551e-19)
(0.570927 -0.0698637 -5.33448e-19)
(0.600343 -0.0737989 -5.06302e-19)
(0.631266 -0.0780939 -4.90293e-19)
(0.663829 -0.0828113 -6.17935e-19)
(0.663829 -0.0828113 -6.17935e-19)
)
;
    }
}


// ************************************************************************* //
