/*--------------------------------*- C++ -*----------------------------------*\
  =========                 |
  \\      /  F ield         | OpenFOAM: The Open Source CFD Toolbox
   \\    /   O peration     | Website:  https://openfoam.org
    \\  /    A nd           | Version:  7
     \\/     M anipulation  |
\*---------------------------------------------------------------------------*/
FoamFile
{
    version     2.0;
    format      ascii;
    class       volVectorField;
    location    "36";
    object      U;
}
// * * * * * * * * * * * * * * * * * * * * * * * * * * * * * * * * * * * * * //

dimensions      [0 1 -1 0 0 0 0];

internalField   nonuniform List<vector> 
115
(
(0.346577 0.397583 -1.94309e-19)
(0.322387 0.39727 1.45549e-18)
(0.299134 0.395238 1.97736e-18)
(0.273412 0.39448 -8.66899e-18)
(0.247058 0.391748 -8.22707e-18)
(0.219922 0.38626 -1.70056e-17)
(0.192628 0.376571 -1.54243e-17)
(0.165776 0.362083 -2.7505e-17)
(0.140057 0.342851 -1.16271e-17)
(0.116058 0.319716 2.06886e-17)
(0.0941359 0.293872 -8.74025e-18)
(0.0744389 0.266565 -4.33728e-17)
(0.0569552 0.238649 -6.82727e-17)
(0.0415906 0.210689 -5.93494e-17)
(0.399218 0.417926 -2.26504e-18)
(0.381202 0.415046 -5.79605e-18)
(0.368685 0.411046 -9.03011e-18)
(0.350876 0.411291 -1.02966e-17)
(0.332917 0.410751 -9.99016e-18)
(0.313364 0.410633 1.21061e-17)
(0.293017 0.408596 -1.25902e-17)
(0.271936 0.403442 1.76877e-17)
(0.250454 0.393752 -2.50797e-17)
(0.229047 0.378814 2.04679e-17)
(0.2083 0.358713 -3.57798e-17)
(0.188779 0.334375 -6.14071e-17)
(0.170895 0.307152 -8.9028e-18)
(0.154867 0.278395 7.22044e-17)
(0.140752 0.249064 2.35403e-17)
(0.128511 0.219729 7.86682e-17)
(0.411117 0.423831 -1.84025e-18)
(0.399603 0.422691 -3.07827e-18)
(0.39037 0.420746 -6.70573e-18)
(0.378263 0.421601 -4.40993e-18)
(0.365485 0.422113 -9.50925e-18)
(0.351854 0.422575 9.33888e-19)
(0.337494 0.421137 4.8251e-19)
(0.32251 0.416402 -3.96787e-18)
(0.306944 0.406914 -4.27557e-18)
(0.29109 0.391839 -2.25688e-17)
(0.275382 0.371225 -5.78267e-17)
(0.260358 0.346027 -2.71963e-17)
(0.246489 0.317716 -5.71128e-17)
(0.234098 0.287748 1.43859e-17)
(0.223336 0.257179 2.81189e-17)
(0.214231 0.226624 1.04505e-17)
(0.423453 0.427306 -1.85429e-18)
(0.41741 0.427607 -4.72806e-18)
(0.411282 0.427078 -4.75828e-18)
(0.404201 0.428424 -8.38138e-18)
(0.396318 0.429565 -2.96324e-18)
(0.388275 0.430404 2.81743e-18)
(0.379748 0.429412 3.65742e-19)
(0.370809 0.425107 -1.37785e-18)
(0.361214 0.415993 -5.17495e-18)
(0.35102 0.401093 -1.55154e-17)
(0.340461 0.380346 -3.13398e-17)
(0.330003 0.354666 -5.22787e-17)
(0.320169 0.325577 -1.40351e-17)
(0.311399 0.294636 2.39402e-17)
(0.30396 0.263004 7.33422e-17)
(0.297954 0.23137 1.55689e-17)
(0.435893 0.428732 -1.99749e-18)
(0.434384 0.430144 -2.57809e-18)
(0.431101 0.430471 -8.0715e-18)
(0.428375 0.432042 -2.55752e-18)
(0.424963 0.433405 -1.27267e-17)
(0.422071 0.434319 5.12248e-18)
(0.419085 0.433541 2.86038e-18)
(0.416029 0.429584 -5.48779e-19)
(0.412397 0.420943 -4.69613e-18)
(0.407972 0.406489 -2.30842e-17)
(0.402725 0.385995 -5.72799e-17)
(0.396986 0.360239 -1.12288e-17)
(0.391279 0.330723 -6.54874e-17)
(0.38615 0.299076 1.93991e-17)
(0.381993 0.266576 8.29144e-18)
(0.379005 0.234017 5.9885e-18)
(0.448141 0.428473 -1.71561e-18)
(0.450324 0.430635 -2.1472e-18)
(0.449546 0.431353 -6.14634e-18)
(0.450519 0.432807 -1.96126e-18)
(0.451061 0.433995 -8.04404e-18)
(0.452772 0.434619 6.5534e-18)
(0.454893 0.433733 8.54748e-18)
(0.457419 0.429929 1.91668e-18)
(0.459641 0.421746 3.75918e-18)
(0.461062 0.407929 -1.96514e-17)
(0.461337 0.388038 -4.28231e-17)
(0.460564 0.36263 -6.56911e-18)
(0.459186 0.333091 -4.12811e-17)
(0.457803 0.301067 2.67825e-17)
(0.456928 0.267945 2.52083e-17)
(0.456871 0.234654 1.19603e-17)
(0.459946 0.42689 -1.10601e-18)
(0.465049 0.429377 -1.77764e-18)
(0.466402 0.430132 -3.18609e-18)
(0.470434 0.431116 -1.44441e-18)
(0.474355 0.431753 -1.90655e-18)
(0.480028 0.43169 8.06194e-18)
(0.486674 0.430306 1.9239e-17)
(0.494312 0.426336 3.70038e-18)
(0.502121 0.418448 1.96748e-17)
(0.509369 0.405319 -1.8174e-17)
(0.515371 0.386297 -1.74126e-17)
(0.519901 0.361644 -5.79121e-18)
(0.523195 0.332531 -6.00699e-18)
(0.525813 0.300536 3.43444e-17)
(0.528342 0.267124 7.10614e-17)
(0.531205 0.23336 2.22709e-17)
(0.534613 0.199905 8.88135e-17)
(0.471097 0.424306 -2.00101e-18)
(0.478391 0.426665 -2.57032e-18)
(0.481525 0.427185 -8.07779e-18)
(0.487995 0.427377 -3.30648e-18)
)
;

boundaryField
{
    inlet
    {
        type            uniformFixedValue;
        uniformValue    constant (1 0 0);
        value           nonuniform 0();
    }
    outlet
    {
        type            pressureInletOutletVelocity;
        value           nonuniform List<vector> 7((0.399218 0.417926 -2.26504e-18) (0.411117 0.423831 -1.84025e-18) (0.423453 0.427306 -1.85429e-18) (0.435893 0.428732 -1.99749e-18) (0.448141 0.428473 -1.71561e-18) (0.459946 0.42689 -1.10601e-18) (0.471097 0.424306 -2.00101e-18));
    }
    polygon
    {
        type            fixedValue;
        value           nonuniform 0();
    }
    top
    {
        type            symmetryPlane;
    }
    bottom
    {
        type            symmetryPlane;
    }
    outside
    {
        type            zeroGradient;
    }
    procBoundary15to7
    {
        type            processor;
        value           nonuniform List<vector> 
18
(
(0.494702 0.427125 -1.20821e-17)
(0.503634 0.425991 5.21554e-18)
(0.514097 0.42368 4.21797e-18)
(0.526187 0.419124 4.70086e-19)
(0.539097 0.411204 -2.52484e-18)
(0.55196 0.398626 -2.37525e-17)
(0.563791 0.380579 -5.29717e-17)
(0.57398 0.357012 -1.286e-17)
(0.582427 0.328781 -5.36786e-17)
(0.589505 0.297294 2.79472e-17)
(0.595776 0.264018 1.60921e-17)
(0.601745 0.230132 7.95583e-18)
(0.607731 0.196441 1.56984e-17)
(0.481409 0.42101 -1.15634e-18)
(0.490204 0.422816 -1.22204e-18)
(0.49481 0.422876 -5.33435e-18)
(0.494702 0.427125 -1.20821e-17)
(0.503141 0.422002 -1.75572e-18)
)
;
    }
    procBoundary15to14
    {
        type            processor;
        value           nonuniform List<vector> 8((0.0282731 0.182961 -8.26131e-17) (0.118089 0.190666 4.37458e-18) (0.206743 0.196376 2.32139e-17) (0.293369 0.200077 8.02231e-17) (0.37722 0.201822 9.70246e-18) (0.45774 0.201723 2.74721e-17) (0.45774 0.201723 2.74721e-17) (0.538586 0.167139 3.51693e-17));
    }
    procBoundary15to23
    {
        type            processor;
        value           nonuniform List<vector> 
17
(
(0.324408 0.380015 -2.26544e-18)
(0.293162 0.379375 -3.31765e-19)
(0.264688 0.375404 -5.04859e-18)
(0.232628 0.374123 5.10127e-18)
(0.200398 0.370617 -2.98423e-18)
(0.167333 0.364939 9.95548e-18)
(0.134391 0.355454 -5.41626e-18)
(0.102221 0.341704 1.70563e-17)
(0.0715941 0.32366 -2.41238e-18)
(0.0431144 0.30205 8.00977e-18)
(0.0171053 0.277862 2.41559e-19)
(-0.00630605 0.252217 4.41659e-17)
(-0.0271576 0.22593 -1.3602e-17)
(-0.0456049 0.199533 5.44421e-17)
(0.38812 0.409177 -1.2096e-18)
(0.36247 0.404324 -6.05636e-19)
(0.36247 0.404324 -6.05636e-19)
)
;
    }
}


// ************************************************************************* //
