/*--------------------------------*- C++ -*----------------------------------*\
  =========                 |
  \\      /  F ield         | OpenFOAM: The Open Source CFD Toolbox
   \\    /   O peration     | Website:  https://openfoam.org
    \\  /    A nd           | Version:  7
     \\/     M anipulation  |
\*---------------------------------------------------------------------------*/
FoamFile
{
    version     2.0;
    format      ascii;
    class       volVectorField;
    location    "28";
    object      U;
}
// * * * * * * * * * * * * * * * * * * * * * * * * * * * * * * * * * * * * * //

dimensions      [0 1 -1 0 0 0 0];

internalField   nonuniform List<vector> 
125
(
(-0.0714955 -0.0642095 -1.2274e-18)
(-0.0513215 -0.07457 7.17528e-19)
(-0.0196867 -0.0432322 -1.02129e-19)
(-0.147552 -0.00688183 8.14959e-18)
(-0.143373 -0.008326 3.29898e-18)
(-0.138732 -0.00993376 3.07308e-18)
(-0.133623 -0.0117595 3.02746e-18)
(-0.12803 -0.0138721 2.00646e-18)
(-0.121952 -0.0163686 3.18169e-18)
(-0.115356 -0.0193643 1.43434e-17)
(-0.108312 -0.0230383 3.66664e-18)
(-0.100714 -0.0275801 8.07688e-18)
(-0.093042 -0.0332898 2.6203e-18)
(-0.0845298 -0.040548 -2.47821e-18)
(-0.0778553 -0.0491258 1.66331e-18)
(-0.0681967 -0.0608925 2.09617e-18)
(-0.0652763 -0.0685765 1.07893e-18)
(-0.0501231 -0.0805629 2.25203e-18)
(-0.0252986 -0.0466698 1.17413e-18)
(-0.126963 -0.00831345 7.64171e-18)
(-0.122186 -0.00991652 2.69546e-18)
(-0.116982 -0.0116889 5.41045e-18)
(-0.11136 -0.0136875 5.82761e-18)
(-0.105328 -0.0159829 5.53987e-18)
(-0.0989098 -0.0186736 6.37976e-18)
(-0.0921223 -0.021872 1.13898e-17)
(-0.0850798 -0.0257547 6.77942e-18)
(-0.0777879 -0.0304832 8.15156e-18)
(-0.0708008 -0.0363783 2.32374e-18)
(-0.0635927 -0.0436523 -5.55706e-18)
(-0.0591352 -0.0522935 4.63055e-18)
(-0.0526743 -0.0635419 5.61288e-18)
(-0.0560068 -0.0712668 4.76468e-18)
(-0.0470387 -0.0840617 5.60724e-18)
(-0.0370162 -0.0508834 4.78678e-18)
(-0.0951856 -0.00941775 1.53517e-17)
(-0.0897545 -0.0111146 1.55923e-17)
(-0.0839284 -0.0129332 3.55089e-18)
(-0.0777356 -0.014915 1.53337e-17)
(-0.0712094 -0.0171167 1.71399e-17)
(-0.0643898 -0.0196052 1.73669e-17)
(-0.0573432 -0.022471 1.81051e-17)
(-0.0501536 -0.025811 1.95416e-17)
(-0.0430003 -0.029775 1.852e-17)
(-0.0360592 -0.0344652 1.79211e-17)
(-0.0299695 -0.0401974 3.37772e-18)
(-0.0245604 -0.0468669 1.44314e-17)
(-0.0231733 -0.0549804 1.78411e-17)
(-0.0212061 -0.0641367 1.84671e-17)
(-0.0339669 -0.0714001 1.7685e-17)
(-0.0362634 -0.0839231 1.94914e-17)
(-0.0752646 -0.0529636 1.693e-17)
(-0.0280033 -0.0135081 5.60134e-18)
(-0.020453 -0.015484 5.30903e-18)
(-0.0125496 -0.0175516 2.56385e-18)
(-0.00433676 -0.0197486 5.7892e-18)
(0.00413481 -0.0221226 6.61386e-18)
(0.0127996 -0.0247275 6.72872e-18)
(0.0215602 -0.0276262 7.07858e-18)
(0.0302835 -0.0308793 7.31253e-18)
(0.0387481 -0.0345586 7.08881e-18)
(0.0466639 -0.0386927 6.24079e-18)
(0.0534375 -0.0433611 2.60973e-18)
(0.0588052 -0.0482773 6.03632e-18)
(0.0598712 -0.0538131 7.15206e-18)
(0.0608484 -0.0577676 7.22539e-18)
(0.0437788 -0.0607276 7.6981e-18)
(0.0441841 -0.0582263 7.17291e-18)
(-0.0248376 -0.0280143 2.80967e-18)
(0.0590852 -0.0196123 1.60225e-17)
(0.0695333 -0.0218362 1.53634e-17)
(0.0803662 -0.0241223 5.21631e-18)
(0.0915551 -0.0265041 1.6574e-17)
(0.103067 -0.0290196 1.74487e-17)
(0.114858 -0.0317081 1.81667e-17)
(0.126865 -0.0346046 1.87561e-17)
(0.138998 -0.0377317 1.92356e-17)
(0.151122 -0.0410958 1.86172e-17)
(0.163065 -0.0446484 1.71873e-17)
(0.174553 -0.0482893 5.82643e-18)
(0.185422 -0.0516631 1.91206e-17)
(0.194618 -0.0546551 1.933e-17)
(0.205258 -0.054788 1.92223e-17)
(0.207877 -0.0548194 1.92705e-17)
(0.234195 -0.0412194 1.88964e-17)
(0.223074 -0.0336732 6.41382e-18)
(0.168956 -0.0280287 3.86615e-18)
(0.183326 -0.0305635 5.91132e-18)
(0.198271 -0.0331504 1.4707e-17)
(0.213821 -0.035824 4.20002e-18)
(0.230018 -0.0386204 4.27973e-18)
(0.246916 -0.0415735 4.66928e-18)
(0.264587 -0.0447101 5.432e-18)
(0.283132 -0.0480446 6.56873e-18)
(0.302703 -0.0515751 5.03785e-18)
(0.323554 -0.0552644 7.08471e-18)
(0.346098 -0.0590418 1.61749e-17)
(0.371083 -0.062785 4.25018e-18)
(0.399681 -0.0665601 5.03921e-18)
(0.435225 -0.0699962 5.0159e-18)
(0.47832 -0.0760009 4.94274e-18)
(0.548578 -0.0782811 4.35036e-18)
(0.611349 -0.10074 3.78309e-18)
(0.30365 -0.0395423 1.44515e-18)
(0.323163 -0.0425648 2.6768e-18)
(0.34365 -0.0456845 4.08992e-18)
(0.365245 -0.0489497 4.58565e-19)
(0.388115 -0.0524144 1.53179e-18)
(0.412475 -0.0561383 2.41093e-18)
(0.438608 -0.0601907 5.29432e-18)
(0.466893 -0.0646566 1.45455e-17)
(0.497847 -0.0696501 5.47534e-19)
(0.532182 -0.0753269 3.41368e-18)
(0.570843 -0.0819188 4.04049e-18)
(0.615031 -0.0897945 7.62512e-19)
(0.666197 -0.0995834 1.92461e-18)
(0.726273 -0.112029 1.25468e-18)
(0.796675 -0.128367 1.6795e-18)
(0.880924 -0.146672 1.84619e-18)
(0.960503 -0.178169 2.23732e-18)
(0.462698 -0.0550024 1.80457e-18)
(0.488338 -0.0588365 4.57857e-18)
(0.515449 -0.062892 1.24452e-17)
(0.544243 -0.0672481 -1.56687e-18)
(0.574972 -0.0720003 1.31285e-18)
)
;

boundaryField
{
    inlet
    {
        type            uniformFixedValue;
        uniformValue    constant (1 0 0);
        value           nonuniform 0();
    }
    outlet
    {
        type            pressureInletOutletVelocity;
        value           nonuniform 0();
    }
    polygon
    {
        type            fixedValue;
        value           uniform (0 0 0);
    }
    top
    {
        type            symmetryPlane;
    }
    bottom
    {
        type            symmetryPlane;
    }
    outside
    {
        type            zeroGradient;
    }
    procBoundary18to10
    {
        type            processor;
        value           nonuniform List<vector> 
18
(
(0.607931 -0.0772645 1.0809e-18)
(0.643462 -0.0831843 2.28167e-18)
(0.681953 -0.0899386 3.49072e-18)
(0.723819 -0.0977462 2.16909e-18)
(0.769472 -0.106861 5.58831e-18)
(0.819225 -0.11757 1.10501e-17)
(0.873152 -0.130194 -2.71351e-18)
(0.931035 -0.145076 1.48423e-18)
(0.992502 -0.162447 3.18594e-19)
(1.05679 -0.182379 1.24237e-18)
(1.1216 -0.204793 1.78265e-18)
(1.17941 -0.232904 2.14003e-18)
(0.640294 -0.0748935 2.46442e-18)
(0.671736 -0.0798657 2.85681e-18)
(0.70483 -0.0852159 3.4589e-18)
(0.739717 -0.091041 1.63359e-18)
(0.607931 -0.0772645 1.0809e-18)
(0.776526 -0.0974513 1.6945e-18)
)
;
    }
    procBoundary18to11
    {
        type            processor;
        value           nonuniform List<vector> 2((0.285006 -0.0365755 8.85942e-19) (0.438346 -0.0513241 7.08546e-19));
    }
    procBoundary18to19
    {
        type            processor;
        value           nonuniform List<vector> 7((-0.151275 -0.00556305 4.54883e-18) (-0.131306 -0.0068391 5.98908e-18) (-0.131306 -0.0068391 5.98908e-18) (-0.100195 -0.00781339 1.43949e-17) (-0.0351598 -0.0115972 5.59476e-18) (0.0490508 -0.0174242 1.50983e-17) (0.15514 -0.0255163 3.56626e-18));
    }
    procBoundary18to25
    {
        type            processor;
        value           nonuniform List<vector> 5((1.03992 -0.192049 2.89698e-18) (0.721294 -0.111706 6.08808e-18) (0.309777 -0.0284845 -2.0565e-17) (0.00617856 -0.0196364 -1.78151e-17) (-0.0692941 -0.0306602 -1.47001e-17));
    }
    procBoundary18to26
    {
        type            processor;
        value           nonuniform List<vector> 
17
(
(-0.0758782 -0.0584442 -3.90717e-18)
(-0.051587 -0.0671259 2.55028e-19)
(-0.0168695 -0.0397188 -6.19578e-19)
(-0.165349 -0.00563841 -2.92431e-18)
(-0.16168 -0.00692349 5.2263e-18)
(-0.157519 -0.00836237 2.72005e-18)
(-0.152842 -0.0100056 2.16808e-18)
(-0.147612 -0.0119178 1.72412e-19)
(-0.141801 -0.0141914 1.52465e-18)
(-0.135331 -0.0169387 9.04693e-18)
(-0.128226 -0.0203312 1.12281e-18)
(-0.12027 -0.0245722 -5.13157e-18)
(-0.111859 -0.029937 4.12323e-18)
(-0.102005 -0.0369217 -1.89891e-18)
(-0.0930701 -0.0451429 3.08386e-19)
(-0.0802469 -0.0567718 -8.16434e-20)
(-0.0802469 -0.0567718 -8.16434e-20)
)
;
    }
}


// ************************************************************************* //
