/*--------------------------------*- C++ -*----------------------------------*\
  =========                 |
  \\      /  F ield         | OpenFOAM: The Open Source CFD Toolbox
   \\    /   O peration     | Website:  https://openfoam.org
    \\  /    A nd           | Version:  7
     \\/     M anipulation  |
\*---------------------------------------------------------------------------*/
FoamFile
{
    version     2.0;
    format      ascii;
    class       surfaceScalarField;
    location    "92";
    object      phi;
}
// * * * * * * * * * * * * * * * * * * * * * * * * * * * * * * * * * * * * * //

dimensions      [0 3 -1 0 0 0 0];

internalField   nonuniform List<scalar> 
310
(
-0.000626873
0.00943929
-0.00939296
-0.00067472
0.00943464
-0.0093868
-0.000724355
0.00943758
-0.00938795
-0.000776133
0.00944981
-0.00939803
0.00947387
-0.00941952
-0.000627953
0.00948535
-0.000675487
0.00948218
-0.000724746
0.00948684
-0.00077606
0.00950113
0.00952762
-0.000628927
0.00953113
-0.000676137
0.00952939
-0.000725014
0.00953572
-0.000775853
0.00955196
0.00958076
-0.000629792
0.00957662
-0.000676667
0.00957626
-0.000725146
0.0095842
-0.000775495
0.00960231
0.00963326
-0.000630551
0.0096218
-0.000677078
0.00962279
-0.000725142
0.00963226
-0.000774977
0.00965215
0.00968511
-0.000586333
0.0096714
-0.00063121
0.00966668
-0.000677375
0.00966895
-0.000725007
0.0096799
-0.000774306
0.00970145
0.00973625
-0.000587214
0.00971483
-0.000631773
0.00971124
-0.000677564
0.00971475
-0.000724751
0.00972708
-0.000773494
0.00975019
0.00978666
-0.00058801
0.00975796
-0.000632242
0.00975547
-0.000677651
0.00976015
-0.00072438
0.00977381
-0.000772552
0.00979836
0.00983633
-0.000588731
0.00980079
-0.000632634
0.00979937
-0.000677654
0.00980517
-0.000723918
0.00982008
-0.000771508
0.00984595
0.00988523
-0.00058929
-0.000632842
-0.000677444
-0.000723216
-0.000770191
-0.000289998
0.00940313
-0.00940051
-0.000294363
0.00937749
-0.00937312
-0.00030083
0.00935586
-0.00934939
-0.00030972
0.00933958
-0.00933069
-0.000321504
0.00932949
-0.00931771
0.00932764
-0.000290814
0.00940531
-0.000294697
0.00938137
-0.000300611
0.00936177
-0.000308865
0.00934784
-0.000319901
0.00934053
0.00934201
-0.000291513
0.00940702
-0.00029489
0.00938475
-0.000300221
0.0093671
-0.000307801
0.00935542
-0.00031804
0.00935077
0.00935541
-0.000292122
0.00940825
-0.000294972
0.00938759
-0.000299699
0.00937183
-0.000306575
0.00936229
-0.000315978
0.00936017
0.0093678
-0.000292644
-0.000294952
0.0093899
-0.000299059
0.00937594
-0.000305213
0.00936845
-0.000313756
0.00936871
0.00937914
-0.000294836
0.00939166
-0.000298311
0.00937941
-0.000303729
0.00937387
-0.000311397
0.00937638
0.00938942
-0.000294631
0.00939285
-0.000297464
0.00938224
-0.000302134
0.00937854
-0.000308912
0.00938316
0.00939861
-0.000294339
0.00939347
-0.000296522
0.00938443
-0.000300433
0.00938245
-0.00030631
0.00938904
0.0094067
-0.000293975
0.00939351
-0.0002955
0.00938595
-0.000298648
0.0093856
-0.000303617
0.00939401
0.00941368
-0.000293448
-0.000294292
-0.000296646
-0.000300674
2.7222e-05
0.00976431
-0.00980145
6.1762e-05
0.00971968
-0.00975422
9.35111e-05
0.00967498
-0.00970673
0.00012195
0.0096328
-0.00966124
0.00959223
-0.00961676
2.82417e-05
0.00972628
6.3974e-05
0.00968394
9.70045e-05
0.00964195
0.000126891
0.00960291
0.00956606
2.87892e-05
0.00968762
6.5264e-05
0.00964747
9.91357e-05
0.00960808
0.000130001
0.00957205
0.00953875
2.92408e-05
0.00964837
6.63855e-05
0.00961032
0.000101009
0.00957346
0.000132746
0.00954031
0.00951042
2.9714e-05
0.00960855
6.75216e-05
0.00957252
0.000102896
0.00953808
0.000135516
0.00950769
0.00948104
3.02551e-05
0.00956815
6.8744e-05
0.00953403
0.000104895
0.00950193
0.000138431
0.00947415
0.00945058
3.08551e-05
0.00952714
7.00367e-05
0.00949485
0.000106979
0.00946499
0.000141445
0.00943969
0.00941902
3.14989e-05
0.00948554
7.13764e-05
0.00945497
0.000109112
0.00942725
0.000144509
0.00940429
0.00938635
3.21801e-05
0.00944332
7.27533e-05
0.0094144
0.000111282
0.00938872
0.000147607
0.00936797
0.00935259
3.2902e-05
7.41784e-05
0.000113513
0.000150784
0.00872388
0.00522177
0.00891952
0.00483022
0.00781021
0.00882987
0.00491701
0.00903415
0.00462595
0.00718312
0.00892367
0.00460317
0.0091372
0.00441242
0.00661359
0.00900798
0.00428455
0.00923055
0.00418984
0.00608992
0.00908466
0.00931595
)
;

boundaryField
{
    inlet
    {
        type            calculated;
        value           nonuniform 0();
    }
    outlet
    {
        type            calculated;
        value           nonuniform 0();
    }
    polygon
    {
        type            calculated;
        value           nonuniform 0();
    }
    top
    {
        type            symmetryPlane;
        value           uniform 0;
    }
    bottom
    {
        type            symmetryPlane;
        value           uniform 0;
    }
    outside
    {
        type            calculated;
        value           nonuniform 0();
    }
    procBoundary49to41
    {
        type            processor;
        value           nonuniform List<scalar> 
34
(
-0.000830484
-0.000829811
-0.000828993
-0.000828002
-0.000826818
-0.000825448
-0.00082391
-0.000822219
-0.000820407
-0.000818297
-0.000336766
-0.00931237
-0.000334272
-0.000331446
-0.000328367
-0.000325098
-0.00032167
-0.000318101
-0.000314399
-0.000310601
-0.000306512
0.000146479
0.000153059
0.000157313
0.000161077
0.000164889
0.000168892
0.00017301
0.000177175
0.000181368
0.000185664
-0.00551011
-0.00502587
-0.00850744
)
;
    }
    procBoundary49to50
    {
        type            processor;
        value           nonuniform List<scalar> 3(0.00986585 0.00989293 0.00993334);
    }
    procBoundary49to56
    {
        type            processor;
        value           nonuniform List<scalar> 5(-0.00843553 -0.00852512 -0.00860982 -0.00868936 -0.00876361);
    }
    procBoundary49to57
    {
        type            processor;
        value           nonuniform List<scalar> 
35
(
0.000580543
0.000581895
0.000583148
0.000584303
0.000585363
-0.00962768
0.000542615
0.000543785
0.000544876
0.000545898
0.000546782
0.000287376
0.000288636
0.000289802
0.000290892
0.000291903
0.00940899
0.000293082
0.000293439
0.000293719
0.00029393
0.000294002
9.92436e-06
9.78626e-06
9.87211e-06
1.00032e-05
1.01048e-05
1.01515e-05
1.01496e-05
1.01079e-05
1.00303e-05
9.91584e-06
0.0039635
0.00395856
0.00560442
)
;
    }
    procBoundary49to58
    {
        type            processor;
        value           nonuniform List<scalar> 3(0.0098433 0.00984293 0.00984978);
    }
}


// ************************************************************************* //
