/*--------------------------------*- C++ -*----------------------------------*\
  =========                 |
  \\      /  F ield         | OpenFOAM: The Open Source CFD Toolbox
   \\    /   O peration     | Website:  https://openfoam.org
    \\  /    A nd           | Version:  7
     \\/     M anipulation  |
\*---------------------------------------------------------------------------*/
FoamFile
{
    version     2.0;
    format      ascii;
    class       volVectorField;
    location    "72";
    object      U;
}
// * * * * * * * * * * * * * * * * * * * * * * * * * * * * * * * * * * * * * //

dimensions      [0 1 -1 0 0 0 0];

internalField   nonuniform List<vector> 
175
(
(-0.19324 0.0049055 1.36651e-18)
(-0.191615 0.00434752 8.41176e-19)
(-0.190087 0.00382651 -1.00742e-19)
(-0.188638 0.00334752 -1.06942e-18)
(-0.187252 0.00291456 -7.29559e-19)
(-0.185913 0.00253049 -2.86681e-19)
(-0.184603 0.00219716 -3.84692e-19)
(-0.183306 0.00191524 1.98377e-19)
(-0.182006 0.00168428 -9.17084e-19)
(-0.180689 0.00150295 1.55208e-19)
(-0.179341 0.00136939 -2.24148e-19)
(-0.177948 0.0012814 -1.30635e-19)
(-0.176499 0.00123674 2.3292e-19)
(-0.174982 0.00123324 -9.90566e-20)
(-0.173387 0.00126899 -3.60087e-19)
(-0.171702 0.00134242 -4.50541e-19)
(-0.169918 0.00145274 -4.1717e-19)
(-0.197195 0.00469998 8.70956e-19)
(-0.195587 0.00415681 1.0752e-18)
(-0.194086 0.00364806 -1.91985e-20)
(-0.192678 0.0031787 -1.24262e-18)
(-0.191346 0.00275272 -6.91397e-19)
(-0.190072 0.00237303 -1.15388e-19)
(-0.188841 0.00204156 -2.87842e-19)
(-0.187636 0.0017591 8.60407e-21)
(-0.18644 0.00152534 -7.96596e-19)
(-0.18524 0.00133916 3.34257e-19)
(-0.18402 0.00119883 -1.80633e-19)
(-0.182767 0.00110231 -1.6315e-20)
(-0.181469 0.00104746 2.66866e-19)
(-0.180114 0.00103219 -1.4248e-20)
(-0.178691 0.00105466 -2.07081e-19)
(-0.17719 0.00111328 -3.57547e-19)
(-0.1756 0.00120726 -5.05805e-19)
(-0.200954 0.00449909 5.30053e-19)
(-0.199358 0.00397205 9.53732e-19)
(-0.197881 0.00347694 -4.42605e-19)
(-0.196508 0.00301863 -1.19402e-18)
(-0.195223 0.00260107 -6.89287e-19)
(-0.194009 0.00222722 -3.42247e-19)
(-0.19285 0.00189907 -2.0563e-19)
(-0.191728 0.00161754 -1.57004e-19)
(-0.190629 0.00138248 -7.95086e-19)
(-0.189535 0.00119294 2.96488e-19)
(-0.188434 0.00104739 9.89002e-20)
(-0.187311 0.000943929 8.78636e-20)
(-0.186154 0.000880546 3.34254e-19)
(-0.18495 0.000855259 5.73312e-20)
(-0.183689 0.000866259 -8.42933e-20)
(-0.18236 0.000911966 -2.99924e-19)
(-0.180951 0.000991596 -5.48068e-19)
(-0.204518 0.00429441 3.46764e-19)
(-0.20293 0.00378481 9.42298e-19)
(-0.201473 0.00330479 -5.37505e-19)
(-0.20013 0.00285908 -1.26549e-18)
(-0.198887 0.00245159 -7.76046e-19)
(-0.197727 0.00208529 -1.96295e-19)
(-0.196632 0.00176223 -5.4545e-19)
(-0.195588 0.00148341 -3.34649e-19)
(-0.194576 0.00124883 -5.68272e-19)
(-0.193582 0.00105769 3.18339e-19)
(-0.192591 0.000908625 1.12609e-19)
(-0.191589 0.000799852 2.14038e-19)
(-0.190562 0.000729478 2.30819e-19)
(-0.189499 0.0006956 -6.80446e-20)
(-0.188389 0.000696466 1.18575e-20)
(-0.187219 0.000730496 -2.85299e-19)
(-0.18598 0.000796925 -5.4605e-19)
(-0.207889 0.00408798 2.45235e-19)
(-0.206307 0.00359742 1.07125e-18)
(-0.204864 0.00313417 -3.04811e-19)
(-0.203548 0.00270283 -1.09195e-18)
(-0.202342 0.00230723 -5.11149e-19)
(-0.201229 0.00195032 -4.3133e-20)
(-0.200194 0.00163418 -5.63735e-19)
(-0.199219 0.00135989 -1.86041e-19)
(-0.198288 0.00112758 -4.02029e-19)
(-0.197385 0.000936578 4.12289e-19)
(-0.196496 0.000785664 1.05249e-19)
(-0.195605 0.000673196 3.60188e-19)
(-0.1947 0.000597388 3.82678e-19)
(-0.193767 0.000556425 -2.13341e-19)
(-0.192797 0.00054861 1.28743e-19)
(-0.191776 0.000572361 -2.89726e-19)
(-0.190695 0.000626943 -4.07448e-19)
(-0.211068 0.00388042 2.58041e-19)
(-0.209488 0.0034104 8.77848e-19)
(-0.208058 0.00296549 -1.73628e-19)
(-0.206764 0.00255013 -6.48468e-19)
(-0.20559 0.00216805 -6.77468e-19)
(-0.20452 0.00182217 1.06199e-19)
(-0.203538 0.00151458 -6.82455e-19)
(-0.202626 0.00124642 -7.65069e-20)
(-0.201769 0.00101792 -3.01371e-19)
(-0.20095 0.000828578 2.67881e-19)
(-0.200154 0.0006773 9.25943e-20)
(-0.199366 0.000562582 5.55012e-19)
(-0.198573 0.000482764 3.2743e-19)
(-0.197762 0.000436117 -2.22865e-19)
(-0.196921 0.000420998 2.7341e-19)
(-0.196039 0.000435821 -2.09478e-19)
(-0.195104 0.000479878 -3.01507e-19)
(-0.214056 0.00367125 -1.27349e-19)
(-0.212476 0.00322313 7.71401e-19)
(-0.211055 0.002798 -8.75155e-20)
(-0.20978 0.00240011 -2.78637e-19)
(-0.208634 0.00203307 -8.89893e-19)
(-0.207602 0.00169975 -8.5087e-20)
(-0.206668 0.00140222 -9.0059e-19)
(-0.205814 0.0011417 6.77207e-20)
(-0.205023 0.000918504 -2.43399e-19)
(-0.204281 0.000732257 2.14575e-19)
(-0.203571 0.000582019 3.5779e-19)
(-0.202878 0.000466426 5.75528e-19)
(-0.202188 0.000383953 2.95055e-19)
(-0.201489 0.000332962 -2.79376e-19)
(-0.200768 0.000311856 2.89025e-19)
(-0.200014 0.000319016 -1.65873e-19)
(-0.199216 0.000353765 -2.25249e-19)
(-0.216854 0.00346024 -4.4898e-19)
(-0.215272 0.00303524 3.31594e-19)
(-0.213858 0.00263118 -7.65981e-20)
(-0.212598 0.00225211 4.69697e-19)
(-0.211477 0.00190153 -8.10813e-19)
(-0.210479 0.00158223 -2.2685e-19)
(-0.209587 0.00129625 -4.72109e-19)
(-0.208785 0.00104484 2.75382e-19)
(-0.208056 0.000828401 -2.41062e-19)
(-0.207383 0.000646672 2.06404e-19)
(-0.206751 0.000498845 6.44104e-19)
(-0.206145 0.000383687 3.91783e-19)
(-0.205551 0.000299809 2.66153e-19)
(-0.204955 0.000245673 -1.79236e-19)
(-0.204345 0.000219752 3.4619e-19)
(-0.203709 0.0002204 -1.56263e-19)
(-0.203036 0.000247028 -1.74028e-19)
(-0.219462 0.00324719 -3.01989e-19)
(-0.217878 0.00284636 4.64792e-19)
(-0.216469 0.0024645 -7.12485e-20)
(-0.215221 0.00210546 8.21571e-19)
(-0.214121 0.00177258 -4.70131e-19)
(-0.213152 0.00146856 -3.76797e-19)
(-0.212298 0.00119543 -4.75008e-19)
(-0.211543 0.000954465 5.41401e-19)
(-0.210869 0.000746152 6.33355e-20)
(-0.21026 0.000570338 5.73858e-19)
(-0.2097 0.000426365 7.50291e-19)
(-0.209174 0.000313142 2.42596e-19)
(-0.208666 0.000229421 2.62779e-19)
(-0.208165 0.000173739 9.78147e-20)
(-0.207657 0.000144594 2.95623e-19)
(-0.20713 0.000140262 -2.97918e-20)
(-0.206573 0.000159823 -2.80519e-20)
(-0.221882 0.00302999 -1.57617e-19)
(-0.220293 0.00265478 1.87126e-19)
(-0.218887 0.00229659 3.52735e-19)
(-0.21765 0.00195903 1.31128e-18)
(-0.216568 0.00164526 -6.69978e-19)
(-0.215625 0.00135787 -5.7367e-19)
(-0.214805 0.00109884 -5.3487e-19)
(-0.214092 0.000869427 8.82304e-19)
(-0.213468 0.000670204 3.52972e-19)
(-0.212916 0.000501124 1.01968e-18)
(-0.212421 0.00036168 9.1886e-19)
(-0.211967 0.000250948 3.44208e-19)
(-0.1704 0.00250024 -1.22919e-19)
(-0.168813 0.00228368 -7.07353e-19)
(-0.167173 0.00212237 -9.86826e-20)
(-0.165469 0.0020141 -4.26118e-19)
(-0.163689 0.0019564 -4.78586e-19)
(-0.161823 0.0019468 -3.44152e-19)
(-0.159858 0.00198296 -4.18423e-19)
(-0.157786 0.00206284 -4.72683e-19)
(-0.155597 0.00218482 -4.64003e-19)
(-0.153282 0.00234806 -2.57453e-19)
)
;

boundaryField
{
    inlet
    {
        type            uniformFixedValue;
        uniformValue    constant (1 0 0);
        value           nonuniform 0();
    }
    outlet
    {
        type            pressureInletOutletVelocity;
        value           nonuniform 0();
    }
    polygon
    {
        type            fixedValue;
        value           nonuniform 0();
    }
    top
    {
        type            symmetryPlane;
    }
    bottom
    {
        type            symmetryPlane;
    }
    outside
    {
        type            zeroGradient;
    }
    procBoundary44to36
    {
        type            processor;
        value           nonuniform List<vector> 
18
(
(-0.224228 0.00279352 -1.78981e-20)
(-0.222631 0.00244843 4.1676e-19)
(-0.221223 0.00211832 3.71681e-19)
(-0.219992 0.00180652 1.5328e-18)
(-0.218923 0.00151598 -1.03847e-18)
(-0.218001 0.00124911 -4.17984e-19)
(-0.217209 0.00100779 -2.54456e-19)
(-0.216532 0.000793249 1.06865e-18)
(-0.215951 0.000606085 6.6443e-19)
(-0.21545 0.000446324 1.28231e-18)
(-0.215012 0.000313584 1.20399e-18)
(-0.214623 0.000207095 4.64013e-19)
(-0.21154 0.0001679 2.90109e-19)
(-0.211125 0.000111292 1.64978e-19)
(-0.21071 7.93302e-05 2.77908e-19)
(-0.210283 6.99829e-05 6.25058e-20)
(-0.209831 8.33872e-05 6.21621e-21)
(-0.21154 0.0001679 2.90109e-19)
)
;
    }
    procBoundary44to43
    {
        type            processor;
        value           nonuniform List<vector> 8((-0.173911 0.00133614 -6.14384e-20) (-0.179453 0.00110465 -4.53924e-20) (-0.184661 0.000895228 -6.57735e-20) (-0.189543 0.000711812 -7.04156e-20) (-0.194107 0.000552621 -6.82594e-20) (-0.198362 0.000415563 -5.97263e-20) (-0.202315 0.000299073 2.65963e-20) (-0.205973 0.000202979 5.2262e-20));
    }
    procBoundary44to45
    {
        type            processor;
        value           nonuniform List<vector> 10((-0.194975 0.0054945 -7.63924e-19) (-0.198926 0.0052718 -7.47245e-19) (-0.202684 0.00505247 -8.34445e-19) (-0.20625 0.00482819 -1.00502e-18) (-0.209626 0.00460066 -1.25359e-18) (-0.212811 0.00437059 -1.17678e-18) (-0.215807 0.00413764 -1.2493e-18) (-0.218614 0.00390172 -9.76737e-19) (-0.221232 0.00366277 -8.2882e-19) (-0.223663 0.00341828 -2.58638e-19));
    }
    procBoundary44to51
    {
        type            processor;
        value           nonuniform List<vector> 2((-0.168025 0.00159952 -7.21273e-20) (-0.150829 0.0025522 -7.58769e-20));
    }
    procBoundary44to52
    {
        type            processor;
        value           nonuniform List<vector> 
18
(
(-0.181341 0.00557703 3.45409e-18)
(-0.179683 0.00498504 3.50811e-19)
(-0.178084 0.00443716 -5.29467e-19)
(-0.176529 0.0039387 -9.27242e-19)
(-0.174999 0.00349371 -9.72821e-19)
(-0.173478 0.00310494 -7.94184e-19)
(-0.171951 0.00277373 -8.40315e-19)
(-0.142608 0.00379611 -3.618e-19)
(-0.140311 0.00362466 -2.98879e-18)
(-0.137895 0.003517 -2.67771e-19)
(-0.135351 0.00347053 -2.16587e-18)
(-0.132667 0.00348234 -2.36114e-18)
(-0.129834 0.00354959 -2.23066e-18)
(-0.126844 0.00366969 -1.99816e-18)
(-0.123688 0.00384046 -1.73738e-18)
(-0.120355 0.00406028 -1.44417e-18)
(-0.116838 0.0043283 -3.1391e-19)
(-0.171951 0.00277373 -8.40315e-19)
)
;
    }
}


// ************************************************************************* //
