/*--------------------------------*- C++ -*----------------------------------*\
  =========                 |
  \\      /  F ield         | OpenFOAM: The Open Source CFD Toolbox
   \\    /   O peration     | Website:  https://openfoam.org
    \\  /    A nd           | Version:  7
     \\/     M anipulation  |
\*---------------------------------------------------------------------------*/
FoamFile
{
    version     2.0;
    format      ascii;
    class       volVectorField;
    location    "38";
    object      U;
}
// * * * * * * * * * * * * * * * * * * * * * * * * * * * * * * * * * * * * * //

dimensions      [0 1 -1 0 0 0 0];

internalField   nonuniform List<vector> 
115
(
(-0.296208 0.0025572 2.38335e-17)
(-0.285191 0.00225881 -1.11482e-17)
(-0.275506 0.00197494 -7.96389e-18)
(-0.267081 0.00170861 1.59006e-17)
(-0.466428 -0.0598752 -1.89457e-17)
(-0.445478 -0.0601093 -7.98247e-18)
(-0.424565 -0.0596295 2.13715e-17)
(-0.403937 -0.0584924 8.35013e-18)
(-0.383818 -0.0567638 -7.04791e-18)
(-0.364407 -0.054517 1.49523e-17)
(-0.345872 -0.0518319 -2.25488e-17)
(-0.328355 -0.0487916 -3.53198e-17)
(-0.311964 -0.0454809 -4.28522e-17)
(-0.50761 -0.0439731 7.354e-19)
(-0.485169 -0.0442201 8.20541e-18)
(-0.462733 -0.0439453 1.10556e-17)
(-0.440564 -0.0431878 3.9629e-17)
(-0.418899 -0.0419937 2.64719e-17)
(-0.397951 -0.0404147 2.37275e-17)
(-0.377903 -0.0385072 1.98658e-17)
(-0.358909 -0.0363305 -1.9423e-17)
(-0.341091 -0.0339451 -2.79538e-17)
(-0.324537 -0.0314114 -8.32947e-18)
(-0.309307 -0.0287879 -1.41838e-17)
(-0.295428 -0.0261296 -1.04242e-17)
(-0.282902 -0.0234871 -1.59703e-18)
(-0.271705 -0.020905 1.45887e-19)
(-0.261794 -0.0184217 1.991e-17)
(-0.253107 -0.0160685 -3.62697e-18)
(-0.245568 -0.0138698 8.05236e-18)
(-0.487947 -0.0521131 -3.1938e-17)
(-0.466222 -0.0523694 -3.28348e-17)
(-0.444517 -0.0520058 -2.40547e-17)
(-0.423087 -0.0510701 1.18679e-17)
(-0.402164 -0.0496176 9.38452e-18)
(-0.381955 -0.0477111 1.44839e-17)
(-0.362635 -0.0454181 2.58145e-18)
(-0.344353 -0.04281 -1.48374e-17)
(-0.327224 -0.0399594 -4.56973e-17)
(-0.311331 -0.0369385 -3.33258e-17)
(-0.296727 -0.033817 -6.3423e-18)
(-0.283437 -0.0306603 -3.06942e-17)
(-0.271458 -0.0275282 -5.72308e-18)
(-0.260765 -0.0244735 -2.31861e-17)
(-0.251311 -0.0215411 -1.45734e-17)
(-0.243032 -0.0187677 -2.44827e-17)
(-0.235854 -0.0161815 2.02831e-17)
(-0.538142 -0.0254162 -4.64328e-18)
(-0.514585 -0.0255863 6.38941e-17)
(-0.491012 -0.0254564 4.22602e-17)
(-0.46769 -0.0250482 1.65548e-17)
(-0.444867 -0.0243875 5.22065e-17)
(-0.422764 -0.0235031 2.77155e-17)
(-0.401573 -0.0224268 1.78345e-17)
(-0.381458 -0.0211919 2.17698e-17)
(-0.362548 -0.0198328 -2.79969e-18)
(-0.344943 -0.0183837 9.65217e-18)
(-0.328708 -0.016878 3.26751e-17)
(-0.313882 -0.0153474 6.27261e-18)
(-0.300471 -0.013821 1.55884e-17)
(-0.288458 -0.012325 1.29034e-17)
(-0.277802 -0.0108818 1.4595e-17)
(-0.268445 -0.00951005 2.06933e-17)
(-0.260311 -0.00822443 4.10515e-18)
(-0.524621 -0.0347545 2.70056e-17)
(-0.501561 -0.0349739 5.50718e-17)
(-0.478492 -0.0347831 5.46067e-17)
(-0.455682 -0.0342121 2.30874e-17)
(-0.433372 -0.033296 5.25451e-17)
(-0.411781 -0.0320748 4.71563e-17)
(-0.391097 -0.0305919 4.40194e-17)
(-0.37148 -0.0288932 9.86894e-18)
(-0.353055 -0.027026 -3.00349e-17)
(-0.335918 -0.0250374 1.66775e-17)
(-0.320131 -0.0229733 2.95813e-17)
(-0.305728 -0.020877 3.2795e-18)
(-0.292713 -0.0187887 4.1781e-18)
(-0.281066 -0.016744 2.44652e-17)
(-0.270745 -0.0147736 1.33956e-17)
(-0.261689 -0.0129029 7.05014e-18)
(-0.253823 -0.0111517 4.71427e-18)
(-0.552391 -0.00525025 -1.45834e-17)
(-0.528313 -0.00528713 9.5018e-17)
(-0.504207 -0.00526182 6.22579e-17)
(-0.480348 -0.00517884 1.99245e-17)
(-0.456984 -0.00504353 3.67114e-17)
(-0.434341 -0.00486191 7.43595e-18)
(-0.412615 -0.00464054 -1.75433e-18)
(-0.391972 -0.00438633 6.91846e-17)
(-0.372547 -0.00410637 3.09131e-18)
(-0.354443 -0.00380771 4.64073e-17)
(-0.337732 -0.00349723 -3.43439e-17)
(-0.322452 -0.00318142 -2.63134e-18)
(-0.308616 -0.0028663 -1.97619e-17)
(-0.296208 -0.00255722 4.83244e-17)
(-0.285191 -0.00225883 1.36056e-17)
(-0.275506 -0.00197496 -3.52514e-18)
(-0.267081 -0.00170863 4.38856e-18)
(-0.547566 -0.0152536 -1.7938e-17)
(-0.523665 -0.0153618 7.00357e-17)
(-0.49974 -0.0152913 4.40634e-17)
(-0.476063 -0.0150546 1.72393e-17)
(-0.452883 -0.0146666 2.95958e-17)
(-0.430422 -0.0141444 1.58e-17)
(-0.408877 -0.0135066 4.66875e-18)
(-0.388413 -0.0127728 5.23755e-17)
(-0.369162 -0.0119632 8.50924e-18)
(-0.351228 -0.0110983 1.91882e-17)
(-0.334678 -0.0101979 2.2493e-18)
(-0.319552 -0.00928106 3.17784e-18)
(-0.30586 -0.00836528 -2.17325e-17)
(-0.293587 -0.00746637 1.43882e-17)
(-0.282693 -0.006598 3.10688e-17)
(-0.27312 -0.00577159 -1.03029e-17)
(-0.264794 -0.0049961 5.93192e-19)
)
;

boundaryField
{
    inlet
    {
        type            uniformFixedValue;
        uniformValue    constant (1 0 0);
        value           nonuniform 0();
    }
    outlet
    {
        type            pressureInletOutletVelocity;
        value           nonuniform 0();
    }
    polygon
    {
        type            fixedValue;
        value           nonuniform 0();
    }
    top
    {
        type            symmetryPlane;
    }
    bottom
    {
        type            symmetryPlane;
    }
    outside
    {
        type            zeroGradient;
    }
    procBoundary29to21
    {
        type            processor;
        value           nonuniform List<vector> 
18
(
(-0.443964 -0.0669511 -1.91948e-17)
(-0.423816 -0.0671294 2.66464e-17)
(-0.403722 -0.0665072 1.17385e-17)
(-0.383919 -0.0651502 6.30224e-18)
(-0.364624 -0.0631348 -3.40218e-17)
(-0.346027 -0.060546 2.87309e-17)
(-0.32829 -0.057475 -6.66482e-18)
(-0.311546 -0.054017 -1.85868e-17)
(-0.296776 -0.0419835 -1.12111e-17)
(-0.295897 -0.050268 3.72154e-20)
(-0.296776 -0.0419835 -1.12111e-17)
(-0.282839 -0.0383799 6.95736e-18)
(-0.270174 -0.0347454 -2.00201e-17)
(-0.258773 -0.0311483 -7.24966e-18)
(-0.248609 -0.0276486 -1.16476e-17)
(-0.239634 -0.0242971 2.51302e-19)
(-0.231784 -0.021135 -8.95519e-18)
(-0.22498 -0.0181937 6.19214e-18)
)
;
    }
    procBoundary29to28
    {
        type            processor;
        value           nonuniform List<vector> 5((-0.23909 -0.011843 -1.45657e-18) (-0.229688 -0.0138026 -1.045e-17) (-0.253315 -0.00703551 6.69459e-18) (-0.247062 -0.00953425 2.59356e-18) (-0.257629 -0.00427812 1.68882e-17));
    }
    procBoundary29to30
    {
        type            processor;
        value           nonuniform List<vector> 7((-0.48715 -0.0588819 2.77104e-20) (-0.529777 -0.0431739 1.04386e-17) (-0.509419 -0.0512 7.96294e-18) (-0.561394 -0.0249293 -1.33146e-18) (-0.54739 -0.0341017 1.09649e-17) (-0.576154 -0.00514768 -2.70908e-17) (-0.571155 -0.0149568 -1.93048e-17));
    }
    procBoundary29to36
    {
        type            processor;
        value           nonuniform List<vector> 2((-0.259829 0.00146203 5.60667e-18) (-0.259829 -0.00146204 -1.19521e-17));
    }
    procBoundary29to37
    {
        type            processor;
        value           nonuniform List<vector> 
18
(
(-0.293587 0.00746634 4.50219e-17)
(-0.282693 0.00659798 4.60995e-18)
(-0.27312 0.00577157 -1.43161e-17)
(-0.264794 0.00499608 5.15064e-17)
(-0.552391 0.00525023 2.67221e-17)
(-0.528313 0.00528711 6.89986e-17)
(-0.504207 0.00526181 3.80246e-18)
(-0.480348 0.00517882 1.64439e-17)
(-0.456984 0.00504351 -8.24013e-18)
(-0.434341 0.00486188 -1.53937e-17)
(-0.412615 0.00464051 -1.89616e-20)
(-0.391972 0.00438631 2.17656e-17)
(-0.372547 0.00410635 4.51625e-17)
(-0.354443 0.00380769 5.41384e-17)
(-0.337732 0.0034972 2.20045e-18)
(-0.322452 0.0031814 2.38804e-18)
(-0.308616 0.00286628 -3.53386e-17)
(-0.308616 0.00286628 -3.53386e-17)
)
;
    }
}


// ************************************************************************* //
