/*--------------------------------*- C++ -*----------------------------------*\
  =========                 |
  \\      /  F ield         | OpenFOAM: The Open Source CFD Toolbox
   \\    /   O peration     | Website:  https://openfoam.org
    \\  /    A nd           | Version:  7
     \\/     M anipulation  |
\*---------------------------------------------------------------------------*/
FoamFile
{
    version     2.0;
    format      ascii;
    class       volVectorField;
    location    "58";
    object      U;
}
// * * * * * * * * * * * * * * * * * * * * * * * * * * * * * * * * * * * * * //

dimensions      [0 1 -1 0 0 0 0];

internalField   nonuniform List<vector> 
115
(
(1.19058 -0.327039 -1.33738e-17)
(1.19061 -0.35553 -3.64508e-17)
(1.19101 -0.387785 1.38521e-18)
(1.19139 -0.427458 3.50819e-17)
(1.18874 -0.470893 3.96719e-17)
(1.1708 -0.333519 -1.23493e-17)
(1.16814 -0.363676 -2.23856e-17)
(1.16517 -0.398037 9.42852e-18)
(1.16089 -0.4392 4.77997e-17)
(1.15147 -0.485263 6.29851e-17)
(1.21355 -0.318082 7.15946e-18)
(1.21608 -0.343839 -2.36218e-17)
(1.22062 -0.371966 1.39781e-18)
(1.22671 -0.408351 3.81268e-17)
(1.23561 -0.443868 3.64243e-17)
(1.20194 -0.323639 -4.42988e-18)
(1.20295 -0.351111 -1.29987e-17)
(1.20494 -0.381801 1.97931e-18)
(1.20819 -0.420379 3.67811e-17)
(1.21049 -0.460266 4.16759e-17)
(1.23935 -0.309559 9.99525e-18)
(1.24481 -0.332172 5.53374e-19)
(1.25348 -0.356264 4.56443e-18)
(1.26401 -0.38748 2.80796e-17)
(1.28077 -0.416449 2.67791e-17)
(1.28883 -0.463166 7.58025e-18)
(1.22603 -0.314996 1.29718e-18)
(1.23003 -0.33941 -1.157e-17)
(1.23653 -0.365749 1.80955e-18)
(1.24452 -0.399755 3.164e-17)
(1.25649 -0.431846 2.67044e-17)
(1.26093 -0.484216 5.31338e-18)
(1.27063 -0.320672 -5.31763e-18)
(1.28187 -0.341011 1.2135e-17)
(1.29547 -0.365595 1.3901e-17)
(1.31331 -0.387239 1.36869e-17)
(1.31263 -0.412644 5.47484e-18)
(1.2514 -0.306428 1.19126e-17)
(1.25781 -0.327469 4.41097e-18)
(1.26744 -0.349673 2.60873e-18)
(1.27859 -0.377292 1.93166e-17)
(1.29452 -0.402079 2.2749e-17)
(1.29577 -0.436276 7.09909e-18)
(1.28354 -0.293767 -4.45059e-18)
(1.29254 -0.309906 8.34596e-18)
(1.30478 -0.326448 5.92267e-18)
(1.31799 -0.34367 1.17645e-17)
(1.32495 -0.353658 1.01945e-17)
(1.2888 -0.350292 4.0159e-18)
(1.27359 -0.298399 1.60918e-18)
(1.28171 -0.316007 2.05288e-18)
(1.2927 -0.334062 7.21625e-18)
(1.30442 -0.354109 1.83354e-17)
(1.31435 -0.369067 1.31716e-17)
(1.29392 -0.378421 4.38791e-18)
(1.30117 -0.28685 1.62798e-18)
(1.31043 -0.299702 7.81467e-18)
(1.32045 -0.311285 9.97677e-18)
(1.32407 -0.318511 1.03027e-17)
(1.29886 -0.309891 5.89351e-18)
(1.18762 -0.270952 2.68884e-18)
(1.29306 -0.291205 -2.31363e-18)
(1.3023 -0.305579 8.18139e-18)
(1.31282 -0.319017 9.06342e-18)
(1.31942 -0.32993 9.15412e-18)
(1.30742 -0.329183 8.10076e-18)
(1.2323 -0.306501 3.64749e-18)
(1.31521 -0.28045 -2.45438e-18)
(1.32148 -0.288812 5.65496e-18)
(1.31996 -0.291902 4.34502e-18)
(1.29234 -0.282646 7.33895e-18)
(1.20097 -0.248779 4.67174e-18)
(1.30977 -0.284848 -1.53439e-18)
(1.31904 -0.296027 8.27676e-18)
(1.32483 -0.303407 5.6604e-18)
(1.31309 -0.301044 8.536e-18)
(1.25241 -0.27715 5.03505e-18)
(1.32406 -0.274198 6.55561e-18)
(1.31938 -0.274718 8.90935e-18)
(1.28681 -0.261729 7.04913e-18)
(1.19158 -0.225215 4.38253e-18)
(0.990516 -0.161488 2.56423e-18)
(1.32239 -0.278682 5.09634e-18)
(1.32787 -0.285779 9.05912e-18)
(1.31934 -0.284636 6.22698e-18)
(1.26822 -0.264089 5.93179e-18)
(1.12722 -0.21157 3.49366e-18)
(1.0847 -0.316741 -1.08987e-16)
(1.00816 -0.0983987 -6.44822e-18)
(0.997513 -0.21157 2.58244e-17)
(1.05455 -0.187298 -1.12372e-16)
(1.06783 -0.346918 -2.03492e-17)
(1.00027 -0.101167 -1.06615e-17)
(0.977589 -0.218578 9.13035e-18)
(1.03645 -0.194641 -8.69352e-17)
(1.04954 -0.380989 -2.8186e-18)
(0.994051 -0.103828 -4.55156e-18)
(0.953415 -0.222615 -2.7436e-17)
(1.01722 -0.203011 2.59215e-17)
(1.02904 -0.41965 1.68647e-17)
(0.989405 -0.105797 -1.31135e-17)
(0.924328 -0.223359 -4.79824e-17)
(0.997464 -0.21302 1.03067e-16)
(1.00555 -0.462417 1.94589e-17)
(0.985212 -0.106288 -9.40926e-17)
(1.0799 -0.187355 1.92437e-18)
(1.13677 -0.218149 2.81951e-18)
(1.23237 -0.227281 3.31728e-18)
(1.26587 -0.250614 5.29911e-18)
(1.30528 -0.246083 -4.93332e-18)
(1.31777 -0.263324 1.33143e-18)
(1.33186 -0.251222 1.77165e-18)
(1.33128 -0.264524 4.84367e-18)
(1.3369 -0.249294 1.18405e-17)
(1.32976 -0.259928 5.25253e-18)
)
;

boundaryField
{
    inlet
    {
        type            uniformFixedValue;
        uniformValue    constant (1 0 0);
        value           nonuniform 0();
    }
    outlet
    {
        type            pressureInletOutletVelocity;
        value           nonuniform 0();
    }
    polygon
    {
        type            fixedValue;
        value           nonuniform 0();
    }
    top
    {
        type            symmetryPlane;
    }
    bottom
    {
        type            symmetryPlane;
    }
    outside
    {
        type            zeroGradient;
    }
    procBoundary17to8
    {
        type            processor;
        value           nonuniform List<vector> 3((0.979794 -0.107425 1.65207e-17) (0.965033 -0.106052 -2.27749e-17) (0.94819 -0.103351 -2.34866e-17));
    }
    procBoundary17to9
    {
        type            processor;
        value           nonuniform List<vector> 
26
(
(1.19142 -0.302331 -1.4741e-17)
(1.17387 -0.307269 -1.87826e-17)
(1.17387 -0.307269 -1.87826e-17)
(1.21262 -0.295873 -1.02826e-17)
(1.20216 -0.299908 -9.69495e-18)
(1.23589 -0.289935 5.6423e-18)
(1.22383 -0.293881 2.94474e-18)
(1.26305 -0.301354 -1.98666e-18)
(1.26305 -0.301354 -1.98666e-18)
(1.26305 -0.301354 -1.98666e-18)
(1.24706 -0.287889 -2.41554e-18)
(1.27712 -0.278886 3.05235e-19)
(1.26775 -0.282295 6.24709e-18)
(1.29392 -0.274248 -6.18375e-18)
(1.28597 -0.277329 -8.43317e-18)
(1.30811 -0.270413 -2.70353e-18)
(1.30173 -0.273015 -5.63473e-18)
(1.31956 -0.267685 -4.96059e-18)
(1.31956 -0.267685 -4.96059e-18)
(1.31473 -0.269138 -6.9385e-18)
(1.10025 -0.289947 -6.55562e-17)
(1.01722 -0.0955956 -3.67895e-18)
(1.0142 -0.202564 -8.2078e-17)
(1.07085 -0.180263 -3.5955e-17)
(1.07085 -0.180263 -3.5955e-17)
(1.32426 -0.252805 -3.99167e-18)
)
;
    }
    procBoundary17to10
    {
        type            processor;
        value           nonuniform List<vector> 5((1.18881 -0.208583 1.88242e-18) (1.28467 -0.230771 -7.96212e-18) (1.32604 -0.239432 -1.22111e-19) (1.33911 -0.240152 1.43718e-17) (1.33423 -0.244225 -6.16244e-20));
    }
    procBoundary17to16
    {
        type            processor;
        value           nonuniform List<vector> 2((0.929935 -0.0995235 1.645e-17) (0.911686 -0.0947954 5.37398e-17));
    }
    procBoundary17to18
    {
        type            processor;
        value           uniform (1.00862 -0.168492 9.68484e-19);
    }
    procBoundary17to25
    {
        type            processor;
        value           nonuniform List<vector> 
27
(
(1.1818 -0.534336 1.37272e-17)
(1.13352 -0.546024 1.30374e-17)
(0.976066 -0.509806 2.0623e-17)
(1.24019 -0.504583 1.35798e-17)
(1.24019 -0.504583 1.35798e-17)
(1.21111 -0.522285 1.21395e-17)
(1.28205 -0.475899 -1.72688e-19)
(1.25641 -0.504318 -1.35255e-18)
(1.25568 -0.393666 7.1639e-19)
(1.26219 -0.429669 -6.22631e-19)
(1.1384 -0.291809 6.44576e-18)
(1.18887 -0.33679 2.96722e-18)
(0.911423 -0.175838 3.57008e-18)
(1.08281 -0.219637 3.09292e-18)
(1.01917 -0.227733 7.45724e-18)
(0.982366 -0.178783 2.81661e-18)
(1.08281 -0.219637 3.09292e-18)
(0.659409 -0.0858265 1.49303e-18)
(0.888304 -0.160153 1.57032e-18)
(0.843837 -0.127771 2.5473e-19)
(0.890726 -0.221015 -5.2519e-17)
(0.977695 -0.224437 4.22851e-17)
(0.976066 -0.509806 2.0623e-17)
(0.890726 -0.221015 -5.2519e-17)
(0.979442 -0.104551 -2.85825e-19)
(0.823292 -0.125677 7.72135e-19)
(0.888304 -0.160153 1.57032e-18)
)
;
    }
}


// ************************************************************************* //
