/*--------------------------------*- C++ -*----------------------------------*\
  =========                 |
  \\      /  F ield         | OpenFOAM: The Open Source CFD Toolbox
   \\    /   O peration     | Website:  https://openfoam.org
    \\  /    A nd           | Version:  7
     \\/     M anipulation  |
\*---------------------------------------------------------------------------*/
FoamFile
{
    version     2.0;
    format      ascii;
    class       volVectorField;
    location    "58";
    object      U;
}
// * * * * * * * * * * * * * * * * * * * * * * * * * * * * * * * * * * * * * //

dimensions      [0 1 -1 0 0 0 0];

internalField   nonuniform List<vector> 
125
(
(-0.231299 2.84614e-05 -2.9342e-18)
(-0.231411 3.75021e-05 4.12816e-19)
(-0.231559 4.39884e-05 1.24716e-18)
(-0.23173 4.8166e-05 -7.12867e-19)
(-0.231915 5.05765e-05 -9.37535e-20)
(-0.232106 5.14151e-05 -2.96023e-18)
(-0.232294 5.0818e-05 -9.68713e-19)
(-0.236097 -0.000801691 6.75971e-18)
(-0.234508 -0.000644026 -6.17372e-18)
(-0.23324 -0.000504514 3.51094e-19)
(-0.232254 -0.000383477 1.04814e-17)
(-0.231513 -0.00028051 -3.02596e-18)
(-0.230978 -0.000194631 -4.7548e-19)
(-0.230615 -0.000124444 -6.9295e-18)
(-0.230391 -6.82486e-05 -6.81609e-18)
(-0.230278 -2.43334e-05 1.11613e-17)
(-0.230252 1.15943e-05 2.48023e-18)
(-0.230293 3.95914e-05 -9.46176e-18)
(-0.23038 5.90903e-05 3.75642e-18)
(-0.230502 7.25907e-05 1.79622e-18)
(-0.230645 8.10199e-05 -3.68274e-18)
(-0.2308 8.52098e-05 -5.48649e-19)
(-0.230958 8.57032e-05 -1.76824e-18)
(-0.231113 8.2984e-05 -7.44906e-19)
(-0.23423 -0.00132031 5.60849e-18)
(-0.232661 -0.00105929 -1.09457e-17)
(-0.231405 -0.000828271 3.37134e-18)
(-0.230423 -0.000627808 1.54307e-18)
(-0.229677 -0.000457214 -1.08335e-17)
(-0.229128 -0.000314862 -1.32938e-18)
(-0.228743 -0.000198458 3.68816e-18)
(-0.228491 -0.000105286 -1.11173e-17)
(-0.228343 -3.24279e-05 1.34556e-17)
(-0.228278 2.33647e-05 3.19731e-18)
(-0.228274 6.8983e-05 -3.66738e-18)
(-0.228312 0.000102015 1.19366e-17)
(-0.228379 0.000124927 2.93224e-18)
(-0.228464 0.000138478 -9.30363e-18)
(-0.228557 0.000144846 -1.46036e-18)
(-0.22865 0.000144645 -1.42943e-18)
(-0.228736 0.000138522 -7.84634e-19)
(-0.231425 -0.00182597 9.55103e-18)
(-0.229887 -0.0014673 -4.20353e-18)
(-0.228647 -0.00115068 -8.94494e-18)
(-0.227669 -0.000876728 -7.78497e-18)
(-0.226913 -0.000644364 -6.44368e-18)
(-0.226343 -0.00045121 -1.396e-18)
(-0.225925 -0.000293977 -3.83506e-18)
(-0.22563 -0.000168868 -3.21852e-18)
(-0.22543 -7.18371e-05 8.62844e-18)
(-0.225302 9.52983e-07 2.57767e-18)
(-0.225227 6.31292e-05 -5.3946e-19)
(-0.225189 0.000103343 1.01238e-17)
(-0.225174 0.000130026 3.14945e-18)
(-0.225172 0.000145814 -3.84626e-18)
(-0.225172 0.000151914 -1.34908e-18)
(-0.225168 0.000149834 -1.54001e-18)
(-0.225151 0.000140525 -9.47308e-19)
(-0.227684 -0.00231195 1.21462e-18)
(-0.226182 -0.00186069 -2.945e-18)
(-0.224961 -0.00146331 -6.0601e-18)
(-0.223984 -0.00112034 4.38387e-19)
(-0.223212 -0.000830174 -4.72057e-18)
(-0.22261 -0.000589579 -8.766e-19)
(-0.222145 -0.000394163 6.19707e-18)
(-0.221789 -0.000238859 2.84926e-18)
(-0.221516 -0.000118224 1.08846e-17)
(-0.221303 -2.82306e-05 1.78533e-18)
(-0.221135 3.63431e-05 1.59279e-18)
(-0.220995 8.86857e-05 1.589e-17)
(-0.220868 0.000122413 2.61472e-18)
(-0.220746 0.00013844 -2.2695e-18)
(-0.220619 0.000142693 -1.77554e-18)
(-0.220481 0.000134709 -1.38948e-18)
(-0.220323 0.000115902 -2.011e-18)
(-0.223005 -0.00277625 -5.40585e-18)
(-0.221543 -0.0022394 -4.38394e-18)
(-0.22034 -0.00176833 -6.48715e-18)
(-0.219358 -0.00136336 9.50726e-18)
(-0.218562 -0.00102225 -6.39542e-18)
(-0.217915 -0.000740826 2.70268e-19)
(-0.217388 -0.000513629 1.19151e-18)
(-0.216952 -0.000334495 1.00318e-17)
(-0.216584 -0.000196973 2.58067e-19)
(-0.216264 -9.50056e-05 -6.44268e-19)
(-0.215971 -2.62892e-05 4.92936e-18)
(-0.215695 2.4416e-05 1.33217e-17)
(-0.215428 5.30402e-05 5.37886e-19)
(-0.215155 6.76853e-05 -2.71749e-18)
(-0.214868 6.61483e-05 -2.99717e-18)
(-0.214561 5.35712e-05 -1.86733e-18)
(-0.214227 2.98559e-05 -4.82341e-18)
(-0.217388 -0.00321849 -1.61394e-17)
(-0.215965 -0.00260418 -7.54663e-18)
(-0.214776 -0.00206746 -9.95182e-18)
(-0.213781 -0.00160823 6.20385e-18)
(-0.212946 -0.00122344 -1.38075e-17)
(-0.212239 -0.000907852 3.21274e-18)
(-0.211629 -0.000654788 -3.47511e-18)
(-0.211092 -0.000456775 3.52536e-18)
(-0.210604 -0.000306085 -1.2206e-17)
(-0.210147 -0.000195259 -3.44444e-18)
(-0.209706 -0.000117811 -6.93764e-18)
(-0.209269 -7.31642e-05 -4.95519e-19)
(-0.208824 -5.14881e-05 -4.22512e-18)
(-0.208361 -4.37593e-05 -5.31543e-18)
(-0.207876 -5.27109e-05 -5.61572e-18)
(-0.207359 -7.35627e-05 -3.39311e-18)
(-0.206805 -0.000105664 -1.05917e-17)
(-0.21083 -0.0036399 -1.65013e-17)
(-0.209443 -0.00295778 -1.30309e-17)
(-0.208257 -0.00236479 -1.88329e-17)
(-0.207236 -0.00186017 -1.14978e-17)
(-0.206347 -0.00143994 -1.15075e-17)
(-0.205559 -0.00109776 -9.42484e-18)
(-0.204844 -0.000825764 -1.1823e-17)
(-0.204179 -0.000615346 2.93791e-19)
(-0.203544 -0.000457815 -1.43581e-17)
(-0.202922 -0.000345077 -6.68093e-18)
(-0.202298 -0.000270199 -4.09398e-18)
(-0.201662 -0.000224414 -1.27761e-17)
(-0.201005 -0.000202546 -1.1543e-17)
(-0.200319 -0.000204263 -1.14884e-17)
(-0.199597 -0.000223068 -1.14422e-17)
(-0.198831 -0.000258793 -6.10763e-18)
)
;

boundaryField
{
    inlet
    {
        type            uniformFixedValue;
        uniformValue    constant (1 0 0);
        value           nonuniform 0();
    }
    outlet
    {
        type            pressureInletOutletVelocity;
        value           nonuniform 0();
    }
    polygon
    {
        type            fixedValue;
        value           nonuniform 0();
    }
    top
    {
        type            symmetryPlane;
    }
    bottom
    {
        type            symmetryPlane;
    }
    outside
    {
        type            zeroGradient;
    }
    procBoundary28to20
    {
        type            processor;
        value           nonuniform List<vector> 
18
(
(-0.198017 -0.000310066 -5.59707e-18)
(-0.203328 -0.00403809 -7.25426e-18)
(-0.201965 -0.00329984 -4.03327e-18)
(-0.200768 -0.00266211 -1.73284e-17)
(-0.199704 -0.00212329 -1.35615e-17)
(-0.19874 -0.0016782 -1.49537e-17)
(-0.197847 -0.00131924 -6.34281e-18)
(-0.197 -0.00103723 -5.87243e-18)
(-0.196179 -0.000822352 -5.17401e-19)
(-0.195365 -0.000664822 -6.69804e-18)
(-0.194544 -0.000555506 -1.19567e-17)
(-0.193703 -0.000486718 -2.55503e-18)
(-0.192834 -0.000452181 -1.37515e-17)
(-0.191927 -0.000444875 -5.82208e-18)
(-0.190976 -0.000460029 -5.32311e-18)
(-0.189975 -0.000494607 -4.94989e-18)
(-0.198017 -0.000310066 -5.59707e-18)
(-0.188916 -0.00054653 -1.1268e-17)
)
;
    }
    procBoundary28to21
    {
        type            processor;
        value           uniform (-0.212457 -0.00440797 -1.86304e-18);
    }
    procBoundary28to27
    {
        type            processor;
        value           nonuniform List<vector> 7((-0.232474 4.89361e-05 2.92526e-18) (-0.231257 7.72868e-05 7.05525e-18) (-0.228809 0.000127101 -1.30599e-18) (-0.225115 0.0001244 -1.06219e-17) (-0.220141 8.75644e-05 -9.86369e-18) (-0.213859 -5.91735e-06 1.49866e-18) (-0.206209 -0.000149571 -1.84952e-18));
    }
    procBoundary28to29
    {
        type            processor;
        value           nonuniform List<vector> 6((-0.238046 -0.000976384 -2.0247e-18) (-0.236148 -0.00160944 -5.0416e-18) (-0.2333 -0.00222413 -1.13949e-17) (-0.229504 -0.00281408 -4.7044e-18) (-0.224763 -0.00337559 -2.51385e-18) (-0.21908 -0.00390706 -1.5269e-18));
    }
    procBoundary28to36
    {
        type            processor;
        value           nonuniform List<vector> 
18
(
(-0.231299 -2.89688e-05 1.24752e-18)
(-0.231411 -3.80838e-05 -2.14381e-18)
(-0.231559 -4.46198e-05 1.00629e-18)
(-0.23173 -4.88303e-05 1.73835e-18)
(-0.231915 -5.1256e-05 5.14212e-19)
(-0.232106 -5.21144e-05 -6.0376e-18)
(-0.232294 -5.15006e-05 -1.38574e-18)
(-0.237029 -0.000255854 -8.52413e-18)
(-0.235428 -0.000201796 -6.45127e-18)
(-0.234153 -0.000154111 -1.48037e-18)
(-0.233166 -0.000112895 6.3895e-18)
(-0.232427 -7.80144e-05 4.88288e-19)
(-0.231899 -4.91674e-05 1.62564e-18)
(-0.231545 -2.59653e-05 -2.48665e-18)
(-0.231335 -8.04202e-06 -5.22286e-18)
(-0.231239 4.94503e-06 -1.85935e-18)
(-0.231235 1.65836e-05 1.92876e-19)
(-0.231235 1.65836e-05 1.92876e-19)
)
;
    }
}


// ************************************************************************* //
