/*--------------------------------*- C++ -*----------------------------------*\
  =========                 |
  \\      /  F ield         | OpenFOAM: The Open Source CFD Toolbox
   \\    /   O peration     | Website:  https://openfoam.org
    \\  /    A nd           | Version:  7
     \\/     M anipulation  |
\*---------------------------------------------------------------------------*/
FoamFile
{
    version     2.0;
    format      ascii;
    class       volVectorField;
    location    "22";
    object      U;
}
// * * * * * * * * * * * * * * * * * * * * * * * * * * * * * * * * * * * * * //

dimensions      [0 1 -1 0 0 0 0];

internalField   nonuniform List<vector> 
250
(
(1.00272 0.339934 6.25167e-17)
(0.965182 0.358879 -6.55911e-17)
(0.920915 0.377634 -1.36368e-16)
(0.866277 0.394625 -1.64571e-17)
(0.805618 0.409491 1.02126e-16)
(0.729062 0.41821 2.32555e-16)
(0.653368 0.426863 2.94818e-16)
(0.54771 0.413018 1.77055e-16)
(0.431274 0.398078 2.34237e-17)
(0.19217 0.196063 3.57934e-17)
(1.02453 0.350501 -1.43855e-17)
(0.990621 0.371815 -4.24473e-17)
(0.950831 0.393964 -4.26203e-18)
(0.901552 0.414287 -1.40297e-18)
(0.84702 0.435696 -1.48474e-17)
(0.778463 0.448264 1.77594e-16)
(0.708549 0.469472 2.08682e-16)
(0.618584 0.45782 2.39602e-17)
(0.495418 0.450972 1.4597e-16)
(0.245624 0.220095 3.26679e-17)
(1.04537 0.359553 -3.2677e-18)
(1.01422 0.383088 -5.40846e-17)
(0.977425 0.408819 -5.87442e-17)
(0.930523 0.433036 -3.66119e-17)
(0.877922 0.460913 -1.42714e-17)
(0.810156 0.479139 1.0382e-16)
(0.738954 0.508473 1.04363e-16)
(0.645451 0.500952 6.87168e-17)
(0.50443 0.48523 9.59292e-17)
(0.229355 0.224375 5.29891e-18)
(1.06627 0.366627 5.93296e-18)
(1.03861 0.391655 2.51183e-17)
(1.00596 0.420429 6.52311e-17)
(0.964254 0.447205 5.73671e-17)
(0.916456 0.481814 5.38482e-19)
(0.857073 0.504046 1.74211e-16)
(0.78737 0.546986 1.68981e-16)
(0.706961 0.542488 -3.38138e-17)
(0.544951 0.521017 5.1696e-17)
(0.246076 0.235358 1.40756e-17)
(1.06382 0.398123 2.4148e-17)
(1.03527 0.429382 -3.18546e-17)
(0.998711 0.458269 4.1751e-17)
(0.955096 0.497398 1.03594e-17)
(0.90136 0.523104 1.31447e-16)
(0.833451 0.566585 1.16981e-16)
(0.745241 0.565367 3.53532e-18)
(0.575677 0.528813 2.79845e-17)
(0.236507 0.230465 6.06277e-18)
(1.00145 0.000596792 -9.37244e-17)
(1.00166 0.00058301 -2.08398e-17)
(1.00187 0.000557002 -2.22488e-17)
(1.00206 0.000519387 -3.93299e-17)
(1.00223 0.000471243 -2.19456e-17)
(1.00238 0.000414026 -9.29584e-17)
(1.0025 0.000349255 -2.11957e-17)
(1.0026 0.000278343 -9.78737e-17)
(1.00268 0.000202548 -4.09945e-17)
(1.00273 0.000123089 -2.50089e-17)
(1.00275 4.12986e-05 -9.89696e-17)
(0.998011 -6.67655e-06 2.89066e-17)
(0.997729 -1.8422e-05 6.7304e-17)
(0.997468 -2.55835e-05 1.63883e-16)
(0.997237 -2.86755e-05 3.61981e-17)
(0.997038 -2.86768e-05 -1.58739e-16)
(0.996874 -2.64629e-05 -8.67147e-18)
(0.996742 -2.26482e-05 -1.51228e-16)
(0.996642 -1.7493e-05 1.24598e-16)
(0.996574 -1.11271e-05 2.88002e-17)
(0.996538 -3.82892e-06 -1.45917e-16)
(1.0021 0.00145693 -1.81851e-16)
(1.00236 0.00138513 -1.60177e-16)
(1.00259 0.00128679 -3.51123e-19)
(1.00279 0.00116442 -1.55848e-16)
(1.00296 0.00102115 -9.46896e-17)
(1.0031 0.000860293 -1.80713e-16)
(1.00322 0.000685007 -6.99542e-17)
(1.0033 0.000498172 5.43118e-18)
(1.00336 0.000302625 -1.53872e-16)
(1.00339 0.000101519 -6.28631e-17)
(0.997075 0.000752792 -3.09882e-17)
(0.996623 0.000687308 -2.31744e-17)
(0.996205 0.000618815 -6.41355e-18)
(0.995836 0.000547111 -2.58113e-17)
(0.99552 0.000471574 -3.44428e-17)
(0.995258 0.000391817 -3.426e-17)
(0.995048 0.000308107 -2.51197e-17)
(0.994887 0.000221452 -4.24126e-18)
(0.994776 0.0001332 -2.1856e-17)
(0.994718 4.4422e-05 -2.07548e-17)
(1.00241 0.00278313 -1.2793e-16)
(1.00267 0.00263857 -1.21759e-16)
(1.0029 0.00244597 -1.5596e-17)
(1.0031 0.00220976 -1.12848e-16)
(1.00326 0.00193553 -2.4642e-17)
(1.00338 0.00162927 -1.18606e-16)
(1.00348 0.00129664 -1.21129e-17)
(1.00356 0.000942776 -8.00181e-18)
(1.00362 0.000572702 -1.11416e-16)
(1.00365 0.00019213 -1.28385e-17)
(0.995654 0.00209075 -2.39611e-16)
(0.994906 0.00193054 -2.42679e-16)
(0.994218 0.00175395 -8.58557e-17)
(0.993608 0.00156139 -2.19691e-16)
(0.993087 0.00135279 -8.16199e-17)
(0.992655 0.0011286 -2.10407e-16)
(0.992307 0.000890589 -5.55902e-17)
(0.992037 0.00064206 -5.64268e-17)
(0.991849 0.000387095 -2.0918e-16)
(0.991751 0.000129261 -4.64012e-17)
(1.00247 0.00505965 -5.3857e-17)
(1.00266 0.00478993 -2.74457e-17)
(1.00282 0.0044356 2.3506e-17)
(1.00295 0.00400421 -5.69926e-18)
(1.00303 0.00350547 1.80566e-17)
(1.00309 0.00294988 -3.5253e-17)
(1.00313 0.00234745 3.27917e-17)
(1.00316 0.00170706 4.17022e-17)
(1.0032 0.00103729 3.96201e-19)
(1.00322 0.000348088 2.63943e-17)
(0.993369 0.00466066 -8.26875e-17)
(0.992115 0.00432318 -2.0023e-16)
(0.990959 0.00394206 -2.07182e-16)
(0.989933 0.00351916 -2.07301e-16)
(0.989057 0.00305565 -1.85606e-16)
(0.988329 0.00255371 -7.22886e-17)
(0.98774 0.002018 -1.81435e-16)
(0.98728 0.00145638 -1.99569e-16)
(0.986955 0.000878557 -2.01735e-16)
(0.986783 0.000293417 -1.57319e-16)
(1.00196 0.00918567 4.64431e-18)
(1.00192 0.00869366 -4.91096e-17)
(1.00187 0.0080506 -3.46818e-17)
(1.00179 0.00726886 -5.9694e-17)
(1.00167 0.00636519 -4.12091e-17)
(1.00153 0.0053581 1.28226e-17)
(1.00142 0.00426572 -3.35199e-17)
(1.00134 0.00310383 -2.76824e-17)
(1.00131 0.00188741 -6.4986e-17)
(1.00131 0.000633757 -7.91852e-17)
(0.989681 0.00965552 -1.70805e-16)
(0.987542 0.00898802 -6.19844e-17)
(0.985561 0.00821987 -1.75667e-16)
(0.983799 0.00735606 -6.07784e-17)
(0.982288 0.00640032 -8.98759e-17)
(0.981031 0.00535836 -1.84764e-16)
(0.980009 0.00424017 -1.02606e-16)
(0.979204 0.00306296 -1.84173e-16)
(0.978624 0.00184817 -5.78693e-17)
(0.97831 0.000617053 -4.90663e-17)
(1.00023 0.0168405 -3.68166e-17)
(0.999654 0.0159605 -3.04357e-17)
(0.999089 0.0148034 -5.51138e-17)
(0.998506 0.0133878 -2.58364e-18)
(0.997907 0.0117418 1.3267e-16)
(0.99733 0.00989792 -1.38036e-17)
(0.996841 0.00789063 1.21819e-16)
(0.996499 0.00574898 -3.36842e-17)
(0.996321 0.00350112 8.47016e-19)
(0.996265 0.00117721 1.37369e-16)
(0.983704 0.0194012 -1.66135e-17)
(0.979972 0.0181343 -1.15903e-17)
(0.976486 0.0166457 -1.57803e-17)
(0.973356 0.0149461 -7.18176e-18)
(0.970654 0.0130433 -1.38046e-18)
(0.968395 0.01095 -1.16287e-17)
(0.966551 0.00868408 -4.83082e-18)
(0.965083 0.00628308 -1.43025e-17)
(0.964002 0.003792 -8.24845e-18)
(0.963396 0.00126476 -1.53267e-17)
(0.996162 0.0312711 -2.42249e-19)
(0.994376 0.0297635 -1.06169e-17)
(0.992649 0.0277298 -1.4582e-17)
(0.990941 0.0251894 1.57775e-17)
(0.989259 0.0221849 1.47972e-16)
(0.98768 0.0187695 2.57974e-17)
(0.986331 0.0150133 1.46608e-16)
(0.985361 0.0109694 5.27144e-18)
(0.984823 0.00670191 1.91527e-17)
(0.984656 0.0022607 1.7204e-16)
(0.974246 0.0385026 4.87189e-17)
(0.967552 0.0362288 1.86103e-17)
(0.961182 0.0334668 4.11738e-17)
(0.955354 0.0302342 2.89046e-17)
(0.950237 0.0265384 7.46498e-17)
(0.945903 0.0224047 7.39435e-17)
(0.942341 0.0178508 8.09775e-17)
(0.939464 0.0129663 5.90865e-17)
(0.937303 0.00783054 3.05593e-17)
(0.935999 0.00260497 6.75779e-17)
(0.988172 0.0587857 -1.34061e-16)
(0.983728 0.0565032 -2.05521e-17)
(0.979403 0.0531922 -1.41559e-16)
(0.975143 0.0488266 -1.15707e-17)
(0.970958 0.0434418 -4.71118e-17)
(0.967001 0.0370897 -1.53515e-16)
(0.963526 0.029923 -6.14317e-17)
(0.960931 0.0220076 -1.57519e-16)
(0.9594 0.0135554 -1.6598e-17)
(0.959006 0.00461053 -1.986e-17)
(0.960819 0.0763487 -8.39998e-17)
(0.94849 0.072764 -6.59841e-17)
(0.936317 0.0680807 -5.73375e-17)
(0.924729 0.0623025 -1.67648e-17)
(0.91416 0.0553904 1.41823e-16)
(0.904893 0.0473825 -3.54437e-17)
(0.897099 0.0381853 1.44431e-16)
(0.890644 0.0280671 -2.97828e-17)
(0.885717 0.0170064 -1.2043e-17)
(0.882268 0.00563442 2.1623e-16)
(0.975828 0.111479 1.57561e-16)
(0.96556 0.109345 1.45701e-16)
(0.955298 0.105265 1.52532e-17)
(0.944983 0.0989449 1.47804e-16)
(0.934581 0.0902123 2.40169e-17)
(0.924366 0.0788577 1.43276e-16)
(0.914827 0.0651701 -1.26432e-18)
(0.90711 0.0488208 1.04058e-17)
(0.901881 0.0308864 1.58467e-16)
(0.900789 0.01076 -2.37358e-18)
(0.948963 0.152192 7.5273e-17)
(0.926377 0.148856 6.86993e-17)
(0.902524 0.143059 5.27358e-17)
(0.877955 0.134633 1.17861e-16)
(0.853642 0.123268 2.54236e-16)
(0.830503 0.108913 1.19482e-16)
(0.809454 0.0906444 2.46548e-16)
(0.790702 0.0693259 5.27784e-17)
(0.776165 0.0431053 1.0398e-16)
(0.762097 0.0147238 2.75864e-16)
(0.969491 0.209454 2.11344e-18)
(0.947015 0.213094 -3.55927e-17)
(0.923092 0.214225 -5.14732e-17)
(0.897872 0.211658 -1.8747e-17)
(0.870916 0.204104 -1.42363e-16)
(0.842345 0.189797 -1.41431e-17)
(0.812735 0.168502 -1.75426e-16)
(0.783495 0.134211 -3.32307e-17)
(0.758305 0.0949534 -1.93828e-17)
(0.747641 0.0359695 -1.79382e-16)
(0.968627 0.299039 2.85614e-17)
(0.93295 0.308057 1.44238e-16)
(0.891596 0.312969 2.46825e-16)
(0.842614 0.312691 2.81401e-17)
(0.786581 0.305497 1.10494e-16)
(0.72277 0.290333 -2.53104e-17)
(0.653933 0.264281 1.66914e-16)
(0.57611 0.22749 1.93475e-16)
(0.509805 0.169939 5.29144e-17)
(0.391114 0.084145 2.1007e-16)
)
;

boundaryField
{
    inlet
    {
        type            uniformFixedValue;
        uniformValue    constant (1 0 0);
        value           uniform (1 0 0);
    }
    outlet
    {
        type            pressureInletOutletVelocity;
        value           nonuniform 0();
    }
    polygon
    {
        type            fixedValue;
        value           uniform (0 0 0);
    }
    top
    {
        type            symmetryPlane;
    }
    bottom
    {
        type            symmetryPlane;
    }
    outside
    {
        type            zeroGradient;
    }
    procBoundary8to4
    {
        type            processor;
        value           nonuniform List<vector> 
20
(
(0.391114 -0.084145 3.70009e-17)
(0.747641 -0.0359695 1.46265e-17)
(0.762097 -0.0147238 1.99691e-16)
(0.900789 -0.01076 -1.48402e-16)
(0.882268 -0.00563442 2.9139e-16)
(0.959006 -0.00461053 1.11171e-16)
(0.935999 -0.00260497 3.72692e-17)
(0.984656 -0.0022607 1.66683e-16)
(0.963396 -0.00126476 -7.13771e-17)
(0.996265 -0.00117721 -8.43602e-17)
(0.97831 -0.000617053 1.17609e-16)
(1.00131 -0.000633757 -2.03885e-16)
(0.986783 -0.000293417 2.95115e-17)
(1.00322 -0.000348088 -1.06522e-17)
(0.991751 -0.000129261 -1.65567e-17)
(1.00365 -0.00019213 -1.69102e-17)
(0.994718 -4.4422e-05 7.82782e-18)
(1.00339 -0.000101519 8.35023e-18)
(0.996538 3.82893e-06 1.31927e-16)
(1.00275 -4.12986e-05 -4.32872e-17)
)
;
    }
    procBoundary8to9
    {
        type            processor;
        value           nonuniform List<vector> 9((1.09014 0.400997 1.50387e-17) (1.06563 0.434096 2.91642e-18) (1.03594 0.464307 2.84362e-17) (0.995752 0.509219 7.74495e-18) (0.953796 0.540861 1.01352e-16) (0.885268 0.604492 8.3918e-17) (0.824623 0.614621 1.47928e-17) (0.622473 0.588959 2.19371e-17) (0.279414 0.255544 3.04505e-18));
    }
    procBoundary8to12
    {
        type            processor;
        value           nonuniform List<vector> 
27
(
(1.03339 0.320828 1.08378e-17)
(1.05207 0.329495 8.4073e-17)
(1.07039 0.336843 4.87856e-17)
(1.08849 0.342643 9.86171e-17)
(1.08773 0.372095 1.4619e-17)
(1.08773 0.372095 1.4619e-17)
(1.00123 0.000598673 -2.41769e-17)
(0.998303 9.79349e-06 -1.51849e-16)
(0.998303 9.79349e-06 -1.51849e-16)
(1.00184 0.00150091 -9.30732e-17)
(0.997545 0.000814739 -3.07994e-17)
(1.00215 0.00287709 -2.3527e-17)
(0.996432 0.00223299 -8.39497e-17)
(1.00229 0.0052404 1.50713e-17)
(0.994675 0.0049509 -1.87588e-16)
(1.00201 0.00951985 -4.46795e-17)
(0.991902 0.0102149 -8.62162e-17)
(1.00086 0.017435 1.24116e-16)
(0.987552 0.0204326 -2.16337e-18)
(0.998068 0.0322523 1.43434e-16)
(0.981035 0.0402696 6.8931e-17)
(0.992811 0.0600936 -4.02411e-17)
(0.972926 0.0788451 1.23106e-16)
(0.986173 0.111943 2.6145e-17)
(0.969908 0.15333 2.27114e-16)
(0.990644 0.203953 -1.24069e-16)
(0.999107 0.287556 1.38701e-16)
)
;
    }
}


// ************************************************************************* //
