/*--------------------------------*- C++ -*----------------------------------*\
  =========                 |
  \\      /  F ield         | OpenFOAM: The Open Source CFD Toolbox
   \\    /   O peration     | Website:  https://openfoam.org
    \\  /    A nd           | Version:  7
     \\/     M anipulation  |
\*---------------------------------------------------------------------------*/
FoamFile
{
    version     2.0;
    format      ascii;
    class       volVectorField;
    location    "12";
    object      U;
}
// * * * * * * * * * * * * * * * * * * * * * * * * * * * * * * * * * * * * * //

dimensions      [0 1 -1 0 0 0 0];

internalField   nonuniform List<vector> 
125
(
(0.873851 0.104017 -1.76724e-18)
(0.869136 0.107787 5.27009e-18)
(0.864535 0.111661 -1.73954e-17)
(0.860101 0.11564 -1.80405e-18)
(0.855894 0.11975 1.30906e-17)
(0.851978 0.124045 -3.17335e-18)
(0.927534 0.0760934 1.49174e-18)
(0.923434 0.0784931 1.05783e-18)
(0.919262 0.0808861 1.78618e-18)
(0.91502 0.0832904 1.05725e-18)
(0.910712 0.0857418 1.13774e-18)
(0.906339 0.0882878 1.77778e-18)
(0.901904 0.0909778 5.09616e-19)
(0.897413 0.0938521 1.89246e-18)
(0.892878 0.0969325 4.33687e-19)
(0.888316 0.100217 1.78583e-19)
(0.883755 0.103682 -4.60233e-19)
(0.879226 0.107286 -2.05982e-18)
(0.874772 0.11099 -2.53382e-18)
(0.870438 0.114763 -4.44768e-18)
(0.866276 0.118602 3.30344e-19)
(0.862341 0.122529 1.0741e-18)
(0.858696 0.126592 -1.75133e-18)
(0.930257 0.0789081 2.29879e-19)
(0.926316 0.0813593 3.32536e-19)
(0.922309 0.0838004 2.52726e-19)
(0.918239 0.0862503 2.3331e-22)
(0.914111 0.0887455 2.75759e-19)
(0.909928 0.091333 7.16881e-19)
(0.905694 0.0940607 2.60584e-19)
(0.901416 0.0969662 1.00984e-19)
(0.897109 0.100067 -5.0818e-19)
(0.89279 0.103357 -4.75935e-19)
(0.888486 0.106805 -1.52736e-18)
(0.884228 0.110368 -3.01405e-18)
(0.880055 0.114 -6.72807e-18)
(0.876013 0.117668 -1.48034e-17)
(0.872148 0.121364 -7.66186e-18)
(0.868515 0.125107 1.80675e-18)
(0.865173 0.128941 -1.80044e-18)
(0.932418 0.0816209 1.57235e-19)
(0.928622 0.0841185 3.23139e-19)
(0.924767 0.0866022 8.40893e-20)
(0.920859 0.0890917 1.13474e-19)
(0.9169 0.0916235 -1.01902e-19)
(0.912897 0.0942442 3.55285e-19)
(0.908857 0.097 1.65852e-19)
(0.904787 0.0999257 1.44741e-19)
(0.900704 0.103035 1.21207e-19)
(0.896625 0.106318 1.12255e-19)
(0.892577 0.109738 4.78711e-19)
(0.888592 0.113249 3.67812e-19)
(0.884707 0.116799 4.56827e-19)
(0.880965 0.120354 6.19364e-19)
(0.877412 0.123901 -1.32357e-18)
(0.874102 0.127456 5.92013e-19)
(0.871091 0.131057 -1.12315e-19)
(0.933973 0.0842263 3.56377e-19)
(0.9303 0.086764 5.93248e-19)
(0.926574 0.0892839 3.21292e-19)
(0.922803 0.0918056 6.53361e-19)
(0.918991 0.0943657 3.19239e-19)
(0.915145 0.09701 5.07045e-19)
(0.911275 0.099783 7.25317e-19)
(0.90739 0.102717 4.25943e-19)
(0.903507 0.105823 6.4795e-19)
(0.899646 0.109085 9.11643e-19)
(0.895832 0.112465 1.45947e-18)
(0.892098 0.115911 2.77361e-18)
(0.888481 0.119369 4.34738e-18)
(0.885023 0.1228 9.99441e-18)
(0.881772 0.12619 -2.72277e-18)
(0.878779 0.12955 6.92216e-19)
(0.876102 0.132915 -4.51529e-19)
(0.934952 0.086699 7.63078e-19)
(0.931372 0.0892731 1.90803e-18)
(0.927745 0.0918252 5.68498e-19)
(0.924079 0.0943749 2.08304e-18)
(0.920381 0.0969584 1.80383e-18)
(0.916659 0.0996206 1.11247e-18)
(0.912923 0.102405 2.38431e-18)
(0.909185 0.105341 2.03264e-19)
(0.905464 0.108436 2.7136e-18)
(0.901779 0.111672 2.26889e-18)
(0.898157 0.115007 1.1026e-18)
(0.89463 0.118383 2.66149e-18)
(0.891235 0.121744 4.81015e-19)
(0.888017 0.125048 1.84631e-18)
(0.885021 0.128276 1.69943e-19)
(0.882304 0.131437 3.30438e-20)
(0.879923 0.13456 -5.47314e-19)
(0.935453 0.0892462 2.03758e-18)
(0.931934 0.0918606 8.7196e-18)
(0.928373 0.0944482 -2.85093e-20)
(0.924777 0.0970284 5.45861e-18)
(0.921156 0.0996368 9.38668e-18)
(0.917518 0.102317 2.09751e-18)
(0.913874 0.105112 1.01023e-17)
(0.91024 0.108048 -1.42355e-19)
(0.906631 0.11113 6.11437e-18)
(0.90307 0.114336 1.09507e-17)
(0.899584 0.117619 2.26734e-18)
(0.896204 0.120919 1.12362e-17)
(0.892968 0.124173 -1.13801e-18)
(0.889919 0.127334 4.06263e-18)
(0.887107 0.130378 2.44314e-18)
(0.884586 0.133307 3.32957e-18)
(0.882421 0.136143 9.90073e-18)
(0.93563 0.0924069 7.11244e-19)
(0.93214 0.0950504 1.06475e-18)
(0.928612 0.0976595 3.88554e-19)
(0.925052 0.100253 1.38503e-18)
(0.921469 0.102864 1.12968e-18)
(0.917874 0.105537 7.64357e-19)
(0.914279 0.108309 1.47652e-18)
(0.910698 0.111207 5.51729e-19)
(0.907149 0.11423 1.39352e-18)
(0.903653 0.117353 1.53062e-18)
(0.900238 0.120526 1.45992e-18)
(0.896935 0.123682 2.68024e-18)
(0.893779 0.126757 3.00066e-18)
(0.890815 0.129698 6.48441e-18)
(0.88809 0.132476 1.07191e-17)
(0.88566 0.13509 -3.03615e-18)
(0.883589 0.137557 1.85341e-18)
)
;

boundaryField
{
    inlet
    {
        type            uniformFixedValue;
        uniformValue    constant (1 0 0);
        value           nonuniform 0();
    }
    outlet
    {
        type            pressureInletOutletVelocity;
        value           nonuniform 0();
    }
    polygon
    {
        type            fixedValue;
        value           nonuniform 0();
    }
    top
    {
        type            symmetryPlane;
    }
    bottom
    {
        type            symmetryPlane;
    }
    outside
    {
        type            zeroGradient;
    }
    procBoundary5to4
    {
        type            processor;
        value           nonuniform List<vector> 7((0.855413 0.130853 -1.42963e-18) (0.86219 0.132917 -1.60374e-18) (0.868445 0.134751 2.18155e-19) (0.873806 0.136326 -1.92316e-19) (0.877948 0.137681 -5.74805e-18) (0.880681 0.138914 -3.32733e-18) (0.881949 0.139901 -9.53169e-19));
    }
    procBoundary5to6
    {
        type            processor;
        value           nonuniform List<vector> 7((0.931555 0.0736886 9.48894e-19) (0.934126 0.0764475 7.14817e-20) (0.936149 0.0791097 1.01051e-19) (0.937589 0.0816705 3.68757e-19) (0.938481 0.0841027 1.70137e-18) (0.938924 0.0866051 7.9447e-18) (0.939072 0.0897296 1.18318e-18));
    }
    procBoundary5to12
    {
        type            processor;
        value           uniform (0.848427 0.128593 3.74406e-18);
    }
    procBoundary5to13
    {
        type            processor;
        value           nonuniform List<vector> 
18
(
(0.868344 0.100576 -1.43402e-18)
(0.863391 0.104406 -3.92099e-19)
(0.858544 0.108379 -3.47053e-18)
(0.85386 0.112497 1.78993e-18)
(0.849399 0.11679 1.40131e-18)
(0.845226 0.121318 -2.40363e-18)
(0.924359 0.0731672 1.11389e-17)
(0.920097 0.0755114 4.09703e-18)
(0.915757 0.0778522 1.42653e-17)
(0.911343 0.0802063 8.34366e-18)
(0.906857 0.0826086 4.34061e-18)
(0.902299 0.0851066 1.32878e-17)
(0.89767 0.0877512 4.0101e-18)
(0.892975 0.0905857 1.60836e-17)
(0.888224 0.0936364 8.62843e-18)
(0.883434 0.0969069 2.65188e-18)
(0.878632 0.100379 1.07196e-17)
(0.878632 0.100379 1.07196e-17)
)
;
    }
}


// ************************************************************************* //
