/*--------------------------------*- C++ -*----------------------------------*\
  =========                 |
  \\      /  F ield         | OpenFOAM: The Open Source CFD Toolbox
   \\    /   O peration     | Website:  https://openfoam.org
    \\  /    A nd           | Version:  7
     \\/     M anipulation  |
\*---------------------------------------------------------------------------*/
FoamFile
{
    version     2.0;
    format      ascii;
    class       volVectorField;
    location    "114";
    object      U;
}
// * * * * * * * * * * * * * * * * * * * * * * * * * * * * * * * * * * * * * //

dimensions      [0 1 -1 0 0 0 0];

internalField   nonuniform List<vector> 
175
(
(1.25428 0.234097 5.23278e-18)
(1.25359 0.246425 1.05423e-17)
(1.2539 0.259382 4.12543e-18)
(1.25541 0.273299 5.97754e-18)
(1.25845 0.288288 5.49461e-18)
(1.25724 0.234529 3.57895e-18)
(1.25674 0.246668 7.98287e-18)
(1.25724 0.259401 3.79293e-18)
(1.25899 0.273055 4.52332e-18)
(1.26231 0.287715 5.03894e-18)
(1.26015 0.234911 3.78037e-18)
(1.25985 0.246852 7.38706e-18)
(1.26059 0.259354 4.86981e-18)
(1.2626 0.272734 1.70748e-18)
(1.26623 0.287052 3.261e-18)
(1.26302 0.23524 2.18141e-18)
(1.26291 0.246979 6.70758e-18)
(1.26387 0.259241 4.1531e-18)
(1.26614 0.272337 1.77795e-18)
(1.27008 0.286298 3.83988e-18)
(1.26583 0.235521 3.66674e-18)
(1.2659 0.247051 7.58473e-18)
(1.26707 0.259066 5.10965e-18)
(1.26958 0.27187 1.76336e-18)
(1.27378 0.285463 3.38342e-18)
(1.26924 0.225387 4.18635e-19)
(1.26858 0.235756 3.62005e-18)
(1.26883 0.247073 7.00793e-18)
(1.27019 0.258835 4.68803e-18)
(1.27293 0.27134 1.88288e-18)
(1.27737 0.284555 3.01144e-18)
(1.27179 0.225771 4.18233e-19)
(1.27128 0.235945 3.7489e-18)
(1.2717 0.247045 6.40208e-18)
(1.27325 0.258551 4.18797e-18)
(1.27618 0.27075 9.25496e-19)
(1.28085 0.283581 2.04851e-18)
(1.27429 0.226115 1.85212e-18)
(1.27393 0.236092 2.6088e-18)
(1.2745 0.246971 6.81704e-18)
(1.27623 0.258215 3.66059e-18)
(1.27935 0.270105 9.08618e-19)
(1.28421 0.282546 1.78644e-18)
(1.27673 0.226423 7.6328e-19)
(1.27652 0.236201 2.74345e-18)
(1.27724 0.246859 7.35211e-18)
(1.27913 0.257841 3.3049e-18)
(1.28244 0.269418 8.25768e-19)
(1.28747 0.281465 1.18853e-18)
(1.27914 0.226658 8.8128e-19)
(1.27906 0.236226 2.81124e-18)
(1.27992 0.246652 5.84789e-18)
(1.28195 0.257358 2.29349e-18)
(1.28539 0.26861 1.29895e-18)
(1.29055 0.280254 5.49757e-19)
(1.2244 0.217392 -4.6379e-18)
(1.22101 0.230864 1.38917e-17)
(1.21813 0.245657 2.05407e-17)
(1.21594 0.261459 4.78171e-18)
(1.21455 0.278714 2.50254e-18)
(1.21421 0.297729 5.58722e-18)
(1.22776 0.218101 -3.75079e-18)
(1.22457 0.231381 1.06407e-17)
(1.22194 0.245953 1.84438e-17)
(1.22003 0.261503 4.76309e-18)
(1.21897 0.278464 2.42895e-18)
(1.21902 0.297132 7.26184e-18)
(1.23106 0.218766 -3.22517e-18)
(1.22809 0.231843 1.03255e-17)
(1.22572 0.246185 1.91202e-17)
(1.22411 0.26147 2.36912e-18)
(1.22341 0.278124 4.73247e-18)
(1.22391 0.296425 8.56043e-18)
(1.23433 0.219384 -2.51645e-18)
(1.23157 0.232249 9.77574e-18)
(1.22945 0.246352 1.73332e-17)
(1.22814 0.261361 2.43861e-18)
(1.22779 0.277692 4.96684e-18)
(1.22871 0.295607 9.74269e-18)
(1.23755 0.219958 -2.0514e-18)
(1.235 0.232602 9.40796e-18)
(1.23312 0.246457 1.57494e-17)
(1.23209 0.261181 2.32389e-18)
(1.23207 0.277176 2.90338e-18)
(1.23337 0.294688 9.42947e-18)
(1.23837 0.232905 8.73188e-18)
(1.23672 0.246505 1.41345e-17)
(1.23595 0.260934 2.34474e-18)
(1.23623 0.276584 2.39202e-18)
(1.2379 0.293678 4.89785e-18)
(1.24169 0.233159 1.0456e-17)
(1.24025 0.246498 1.50034e-17)
(1.23973 0.260626 2.23703e-18)
(1.2403 0.275919 3.94416e-18)
(1.24231 0.292585 6.2308e-18)
(1.24494 0.233367 9.94604e-18)
(1.24372 0.246439 1.36863e-17)
(1.24343 0.260257 2.3377e-18)
(1.24428 0.275187 5.34997e-18)
(1.2466 0.291414 7.29131e-18)
(1.24813 0.233534 9.44687e-18)
(1.24711 0.246334 1.25557e-17)
(1.24705 0.25984 2.62455e-18)
(1.24815 0.274401 6.75612e-18)
(1.25076 0.290181 6.77178e-18)
(1.25127 0.233619 7.08634e-18)
(1.25043 0.246134 1.14566e-17)
(1.25057 0.259311 2.57149e-18)
(1.2519 0.273485 6.38964e-18)
(1.25475 0.288797 6.15452e-18)
(1.19191 0.212757 -1.02643e-17)
(1.18631 0.228634 1.02684e-17)
(1.18069 0.24595 4.03728e-17)
(1.17538 0.264751 5.29093e-18)
(1.17027 0.285481 -1.00159e-17)
(1.19593 0.213334 -9.22554e-18)
(1.19073 0.228971 1.27814e-17)
(1.18557 0.246059 3.71303e-17)
(1.1808 0.264581 2.33928e-18)
(1.17634 0.284995 -8.77294e-18)
(1.1993 0.213868 -8.20963e-18)
(1.19433 0.229263 1.51643e-17)
(1.18944 0.246116 3.43429e-17)
(1.18498 0.264352 2.89715e-18)
(1.18087 0.284442 -7.56839e-18)
(1.20244 0.214373 -7.20626e-18)
(1.19767 0.229526 1.42897e-17)
(1.19302 0.246136 3.16536e-17)
(1.18885 0.264082 3.63295e-18)
(1.18508 0.283838 -3.41887e-18)
(1.20559 0.214846 -6.38258e-18)
(1.20104 0.229753 1.61415e-17)
(1.19666 0.246114 2.96777e-17)
(1.19281 0.26376 4.01455e-18)
(1.18942 0.283171 -2.67364e-18)
(1.20878 0.215284 -5.67092e-18)
(1.20444 0.229942 1.53627e-17)
(1.20035 0.246044 2.72184e-17)
(1.19681 0.263381 4.2015e-18)
(1.19382 0.282434 -2.14727e-18)
(1.21194 0.215687 -5.13074e-18)
(1.20782 0.230092 1.44368e-17)
(1.20399 0.245928 2.5153e-17)
(1.20076 0.262948 4.48493e-18)
(1.19814 0.281631 -1.68628e-18)
(1.21506 0.216055 -4.35986e-18)
(1.21114 0.230208 1.35822e-17)
(1.20757 0.245768 2.59175e-17)
(1.20463 0.262466 4.76679e-18)
(1.20235 0.280771 -1.18907e-18)
(1.21814 0.216391 -3.56836e-18)
(1.21441 0.23029 1.24356e-17)
(1.21108 0.245569 2.38422e-17)
(1.20841 0.261938 4.84598e-18)
(1.20645 0.279857 -5.12889e-19)
(1.2212 0.216696 -3.06819e-18)
(1.21765 0.230341 1.18298e-17)
(1.21456 0.24533 2.22936e-17)
(1.21214 0.261361 5.05076e-18)
(1.21048 0.278879 -9.13756e-20)
(1.03355 0.190396 5.55712e-18)
(1.0787 0.174786 1.1064e-19)
(1.10308 0.28827 1.02603e-17)
(1.04543 0.179767 3.12456e-18)
(1.09218 0.167674 3.17287e-19)
(1.11658 0.264964 1.05853e-18)
(1.05639 0.168738 5.89052e-17)
(1.10389 0.16025 6.80423e-18)
(1.12895 0.243864 3.94399e-17)
(1.06667 0.157496 1.46888e-17)
(1.11418 0.152472 2.39453e-18)
(1.14039 0.224656 1.45051e-17)
(1.07634 0.146124 5.20766e-18)
(1.12338 0.144442 -4.74892e-18)
(1.15091 0.20673 1.20108e-17)
)
;

boundaryField
{
    inlet
    {
        type            uniformFixedValue;
        uniformValue    constant (1 0 0);
        value           nonuniform 0();
    }
    outlet
    {
        type            pressureInletOutletVelocity;
        value           nonuniform 0();
    }
    polygon
    {
        type            fixedValue;
        value           nonuniform 0();
    }
    top
    {
        type            symmetryPlane;
    }
    bottom
    {
        type            symmetryPlane;
    }
    outside
    {
        type            zeroGradient;
    }
    procBoundary49to41
    {
        type            processor;
        value           nonuniform List<vector> 
34
(
(1.26345 0.304291 7.46298e-19)
(1.2676 0.303309 3.35833e-19)
(1.27188 0.302219 9.98927e-20)
(1.27606 0.301017 -2.21984e-19)
(1.28005 0.299718 -4.32109e-19)
(1.28387 0.298333 -6.1538e-19)
(1.28755 0.296871 -7.80556e-19)
(1.29108 0.295338 -1.25745e-18)
(1.29445 0.293752 -1.11883e-18)
(1.29759 0.29203 -1.19295e-18)
(1.21523 0.318715 4.73885e-18)
(1.20984 0.298206 8.73882e-18)
(1.22051 0.317692 4.02207e-18)
(1.22594 0.316531 5.49768e-18)
(1.23125 0.315234 4.79625e-18)
(1.23638 0.313814 5.92154e-18)
(1.24134 0.312286 4.97752e-18)
(1.24614 0.310659 6.02035e-18)
(1.25079 0.308943 4.01153e-18)
(1.25528 0.307159 3.64954e-18)
(1.25954 0.305195 2.22222e-18)
(1.16554 0.308584 2.05341e-17)
(1.17236 0.307733 2.18865e-17)
(1.17731 0.306804 1.99844e-17)
(1.18193 0.305812 1.81343e-17)
(1.18675 0.304739 1.37733e-17)
(1.19162 0.303579 1.23001e-17)
(1.19637 0.302341 1.13692e-17)
(1.20099 0.301033 1.03074e-17)
(1.20547 0.299662 9.32285e-18)
(1.20984 0.298206 8.73882e-18)
(1.02027 0.200317 2.6881e-17)
(1.06314 0.181622 2.66273e-18)
(1.08844 0.314319 7.51688e-18)
)
;
    }
    procBoundary49to50
    {
        type            processor;
        value           nonuniform List<vector> 3((1.28444 0.257437 1.9896e-18) (1.28801 0.268481 1.1611e-18) (1.29328 0.279832 6.75023e-19));
    }
    procBoundary49to56
    {
        type            processor;
        value           nonuniform List<vector> 5((1.02148 0.0939729 -1.31829e-17) (1.03195 0.09087 -1.04127e-17) (1.04188 0.0875732 -2.47118e-17) (1.05103 0.0839408 -1.59295e-17) (1.05935 0.0799145 -8.52599e-18));
    }
    procBoundary49to57
    {
        type            processor;
        value           nonuniform List<vector> 
35
(
(1.25576 0.222814 -8.97505e-19)
(1.25856 0.22342 -2.31096e-18)
(1.2613 0.223979 -1.84475e-18)
(1.264 0.224493 -1.62144e-18)
(1.26664 0.224961 8.98194e-20)
(1.26664 0.224961 8.98194e-20)
(1.27071 0.214894 1.82369e-18)
(1.27312 0.215452 6.13167e-19)
(1.27548 0.215971 -4.85005e-19)
(1.2778 0.216455 -4.63703e-19)
(1.28008 0.216874 5.93891e-19)
(1.22831 0.204064 -9.22909e-19)
(1.2315 0.204957 -8.85311e-19)
(1.23463 0.205811 -1.18433e-18)
(1.23771 0.206626 -1.0907e-18)
(1.24076 0.207403 -3.07307e-18)
(1.24072 0.220488 -1.45815e-18)
(1.24072 0.220488 -1.45815e-18)
(1.24385 0.220975 -7.29824e-19)
(1.24692 0.221421 -2.49427e-19)
(1.24993 0.221829 -1.83707e-18)
(1.2529 0.222166 -1.45507e-18)
(1.19822 0.197555 -5.2481e-18)
(1.20189 0.198285 -4.61178e-18)
(1.20502 0.198982 -4.26961e-18)
(1.20794 0.199657 -1.21889e-18)
(1.21088 0.20031 -9.05414e-19)
(1.21383 0.200938 -9.19797e-19)
(1.21676 0.20154 -7.85544e-19)
(1.21965 0.202118 -5.22631e-19)
(1.2225 0.202671 -5.00753e-19)
(1.22532 0.203204 -9.32886e-19)
(1.08546 0.134747 1.77123e-17)
(1.13159 0.136025 -4.46595e-17)
(1.16103 0.190265 -1.01581e-17)
)
;
    }
    procBoundary49to58
    {
        type            processor;
        value           nonuniform List<vector> 3((1.28127 0.227158 8.96023e-19) (1.28131 0.236605 2.8545e-18) (1.28229 0.2469 5.2732e-18));
    }
}


// ************************************************************************* //
