/*--------------------------------*- C++ -*----------------------------------*\
  =========                 |
  \\      /  F ield         | OpenFOAM: The Open Source CFD Toolbox
   \\    /   O peration     | Website:  https://openfoam.org
    \\  /    A nd           | Version:  7
     \\/     M anipulation  |
\*---------------------------------------------------------------------------*/
FoamFile
{
    version     2.0;
    format      ascii;
    class       volVectorField;
    location    "6";
    object      U;
}
// * * * * * * * * * * * * * * * * * * * * * * * * * * * * * * * * * * * * * //

dimensions      [0 1 -1 0 0 0 0];

internalField   nonuniform List<vector> 
175
(
(0.639746 0.0586065 -3.64629e-18)
(0.608388 0.0655612 9.3561e-19)
(0.573386 0.0733048 -2.77253e-18)
(0.534336 0.0818802 -7.14487e-19)
(0.49079 0.091305 -8.45754e-19)
(0.442268 0.101524 4.3481e-19)
(0.388328 0.112345 5.89905e-19)
(0.328651 0.123385 1.51226e-18)
(0.263169 0.134033 4.18449e-18)
(0.192219 0.143447 3.34133e-18)
(0.116478 0.150669 2.9783e-18)
(0.0374518 0.154579 -7.11971e-19)
(-0.0427203 0.154084 -9.94404e-18)
(-0.121868 0.148633 -1.02292e-17)
(-0.197154 0.137886 9.37831e-18)
(-0.265905 0.122175 1.48506e-17)
(-0.325678 0.102383 2.61549e-17)
(-0.374954 0.0795877 -1.08655e-17)
(0.647569 0.0632372 -1.84696e-18)
(0.617092 0.0707402 -2.39791e-19)
(0.583091 0.0790922 -1.62267e-18)
(0.545169 0.0883416 1.03074e-18)
(0.50288 0.0985072 -3.81294e-19)
(0.455744 0.109524 6.03453e-19)
(0.40331 0.121177 1.28648e-18)
(0.345252 0.133033 2.16047e-18)
(0.281496 0.144414 5.71478e-18)
(0.212372 0.154393 4.0094e-18)
(0.138552 0.16188 3.8237e-18)
(0.0615272 0.1659 3.94663e-18)
(-0.0165731 0.16492 -1.06584e-17)
(-0.0936156 0.15862 -1.03786e-17)
(-0.166822 0.146631 4.00963e-18)
(-0.233574 0.129374 5.33757e-18)
(-0.291534 0.107851 2.82697e-17)
(-0.339273 0.0832444 -3.63722e-18)
(0.655381 0.0677286 -4.57984e-19)
(0.625768 0.0757578 -1.13022e-18)
(0.592746 0.0846916 -1.02947e-18)
(0.555928 0.094583 1.41261e-18)
(0.514866 0.105455 -1.59447e-19)
(0.469076 0.117233 7.47264e-19)
(0.418102 0.129677 1.44635e-18)
(0.361614 0.142308 2.81432e-18)
(0.299538 0.154382 6.98426e-18)
(0.232198 0.164891 5.15446e-18)
(0.160291 0.172631 7.5887e-18)
(0.085272 0.176713 8.38312e-18)
(0.00927502 0.175292 -1.34398e-17)
(-0.0655776 0.168165 -3.49363e-18)
(-0.136575 0.154979 3.80029e-19)
(-0.201155 0.136238 1.17489e-17)
(-0.257089 0.11306 3.41094e-17)
(-0.303046 0.0867306 -1.88109e-18)
(0.663138 0.0721315 -2.88415e-19)
(0.634376 0.080677 -7.76733e-19)
(0.602322 0.0901827 -8.03396e-19)
(0.566595 0.100709 2.09115e-18)
(0.526747 0.112283 -5.0015e-20)
(0.482289 0.124822 9.82996e-19)
(0.432762 0.138057 2.07777e-18)
(0.377834 0.151465 3.47346e-18)
(0.317434 0.16423 8.88952e-18)
(0.251888 0.175262 6.5058e-18)
(0.181923 0.183268 1.12302e-17)
(0.108946 0.187321 1.32014e-17)
(0.0351025 0.185493 -5.27203e-18)
(-0.0374931 0.177502 1.64162e-18)
(-0.106198 0.163093 -2.58861e-18)
(-0.168502 0.142853 1.96705e-17)
(-0.222283 0.11802 2.85852e-17)
(-0.266309 0.0899863 1.41734e-17)
(0.670804 0.0764574 3.26978e-20)
(0.642886 0.0855085 -1.85284e-18)
(0.611796 0.0955752 -1.00403e-18)
(0.577159 0.106727 1.87427e-18)
(0.538526 0.118992 7.87787e-20)
(0.495405 0.132281 1.25664e-18)
(0.447335 0.146294 2.75515e-18)
(0.393984 0.160459 4.14598e-18)
(0.335288 0.173889 1.06351e-17)
(0.271577 0.18541 8.21386e-18)
(0.203608 0.193646 1.50273e-17)
(0.132733 0.197555 1.34368e-17)
(0.0611032 0.195357 -8.63131e-19)
(-0.00918022 0.186417 -2.18812e-18)
(-0.0755336 0.17075 5.52303e-18)
(-0.135504 0.148995 2.85492e-17)
(-0.187065 0.122519 2.82747e-17)
(-0.229073 0.0928193 7.66567e-18)
(0.678353 0.0807022 6.29696e-19)
(0.651278 0.0902457 -2.80026e-18)
(0.621156 0.100859 -1.53648e-18)
(0.587617 0.112622 7.17115e-19)
(0.550211 0.125565 2.64197e-19)
(0.508446 0.139586 8.10086e-19)
(0.461858 0.15436 3.14376e-18)
(0.410121 0.169257 4.81404e-18)
(0.353179 0.183322 1.21634e-17)
(0.291364 0.195293 1.20362e-17)
(0.225455 0.203718 1.63452e-17)
(0.156768 0.207397 1.59586e-17)
(0.0874106 0.204846 8.68809e-18)
(0.0194814 0.194898 2.90594e-18)
(-0.0444746 0.177949 1.35271e-17)
(-0.102084 0.154674 3.96565e-17)
(-0.151397 0.126572 2.98083e-17)
(-0.19135 0.0952476 2.20101e-17)
(0.685767 0.0848601 3.24349e-19)
(0.659538 0.0948804 -3.91293e-18)
(0.630393 0.106024 -3.72096e-18)
(0.597966 0.11838 9.67033e-19)
(0.56181 0.131982 5.17299e-19)
(0.521428 0.146716 1.0325e-18)
(0.47636 0.162223 3.71314e-18)
(0.426288 0.177822 5.87556e-18)
(0.37116 0.192482 1.35994e-17)
(0.311314 0.204859 1.58698e-17)
(0.247538 0.213427 1.59211e-17)
(0.18113 0.216847 2.43505e-17)
(0.114102 0.213834 1.62677e-17)
(0.0485674 0.202909 6.09497e-18)
(-0.0129576 0.184654 3.13565e-17)
(-0.0681985 0.159868 4.05632e-17)
(-0.115263 0.130168 3.42904e-17)
(-0.153154 0.0972683 3.65247e-17)
(0.693033 0.0889298 -6.95723e-19)
(0.667657 0.0994141 -3.89314e-18)
(0.639502 0.111075 -3.96154e-18)
(0.608209 0.12401 1.23947e-19)
(0.573328 0.138258 -1.54902e-20)
(0.534364 0.153689 1.17979e-18)
(0.490861 0.169909 4.26996e-18)
(0.442508 0.186181 6.92624e-18)
(0.389263 0.201399 1.3808e-17)
(0.331465 0.214136 2.04538e-17)
(0.269903 0.222792 2.05543e-17)
(0.205853 0.225934 2.79792e-17)
(0.141216 0.222278 2.98924e-17)
(0.0781218 0.210474 2.57726e-17)
(0.0190452 0.190846 4.86597e-17)
(-0.0338324 0.16455 3.29165e-17)
(-0.0786634 0.133279 4.05218e-17)
(-0.114507 0.0988563 5.1067e-17)
(0.700142 0.0929439 -2.64882e-18)
(0.675632 0.103893 -4.13982e-18)
(0.648486 0.116076 -3.92759e-18)
(0.618348 0.129605 -5.86367e-19)
(0.584773 0.144519 -3.90008e-19)
(0.547265 0.160674 1.6667e-18)
(0.505374 0.17764 5.02219e-18)
(0.4588 0.19462 8.60629e-18)
(0.407506 0.210429 1.52633e-17)
(0.351835 0.223549 2.35206e-17)
(0.292567 0.232305 2.58852e-17)
(0.230943 0.235174 3.39147e-17)
(0.168768 0.230786 3.50586e-17)
(0.108155 0.218105 4.19986e-17)
(0.0515252 0.197045 5.46837e-17)
(0.00100215 0.169154 3.10167e-17)
(-0.0416207 0.136234 4.97688e-17)
(-0.0754425 0.100223 7.04402e-17)
(0.707096 0.0969491 -4.4953e-18)
(0.683465 0.108356 -4.79265e-18)
(0.657349 0.121058 -4.80569e-18)
(0.628396 0.135181 -1.30705e-18)
(0.596159 0.150765 -8.82173e-19)
(0.560147 0.167652 1.97041e-18)
(0.51992 0.185371 5.94698e-18)
(-0.0694425 0.14023 -1.86811e-17)
(-0.150547 0.135291 -2.18452e-17)
(-0.22769 0.125581 4.14968e-18)
(-0.298148 0.111381 3.06018e-17)
(-0.359392 0.0934759 8.4169e-18)
(-0.409847 0.072821 -5.8739e-18)
)
;

boundaryField
{
    inlet
    {
        type            uniformFixedValue;
        uniformValue    constant (1 0 0);
        value           nonuniform 0();
    }
    outlet
    {
        type            pressureInletOutletVelocity;
        value           nonuniform 0();
    }
    polygon
    {
        type            fixedValue;
        value           nonuniform 0();
    }
    top
    {
        type            symmetryPlane;
    }
    bottom
    {
        type            symmetryPlane;
    }
    outside
    {
        type            zeroGradient;
    }
    procBoundary19to11
    {
        type            processor;
        value           nonuniform List<vector> 
18
(
(0.475184 0.203066 1.0486e-17)
(0.425912 0.219475 1.74875e-17)
(0.372441 0.232993 2.80886e-17)
(0.31554 0.241866 3.17845e-17)
(0.256399 0.24449 4.17311e-17)
(0.196744 0.239414 4.17637e-17)
(0.138636 0.225743 5.69586e-17)
(0.0844434 0.203373 6.51887e-17)
(0.0362479 0.173845 3.14902e-17)
(-0.00420168 0.139231 7.74904e-17)
(0.725967 0.10749 -7.6211e-18)
(0.704795 0.119898 -7.65594e-18)
(0.681564 0.133689 -6.1073e-18)
(0.655928 0.149007 -3.7007e-18)
(0.627446 0.165874 -9.14438e-19)
(0.595641 0.184062 3.27803e-18)
(0.475184 0.203066 1.0486e-17)
(0.560096 0.202977 8.80151e-18)
)
;
    }
    procBoundary19to18
    {
        type            processor;
        value           nonuniform List<vector> 5((-0.221373 0.0621365 3.82757e-17) (-0.181426 0.0626746 6.14418e-17) (-0.141021 0.0628544 6.95843e-17) (-0.100201 0.062764 8.60684e-17) (-0.0360357 0.101561 9.37134e-17));
    }
    procBoundary19to20
    {
        type            processor;
        value           nonuniform List<vector> 10((0.667825 0.0524033 2.03001e-18) (0.674872 0.0565394 2.96515e-18) (0.681923 0.0605544 3.20249e-18) (0.688932 0.0644899 2.81249e-18) (0.695861 0.0683577 1.8114e-18) (0.70268 0.0721557 1.6649e-19) (0.709366 0.07588 -1.28029e-18) (0.715902 0.0795283 -2.90471e-18) (0.722278 0.0831227 -4.73546e-18) (0.728489 0.0867143 -5.81658e-18));
    }
    procBoundary19to26
    {
        type            processor;
        value           nonuniform List<vector> 6((-0.41239 0.0548488 -2.22137e-17) (-0.375597 0.0566901 -2.7502e-17) (-0.337997 0.058463 -3.3795e-17) (-0.299712 0.0600398 -2.36916e-17) (-0.260818 0.0612586 1.76598e-17) (-0.448049 0.0503705 -2.10439e-17));
    }
    procBoundary19to27
    {
        type            processor;
        value           nonuniform List<vector> 
19
(
(0.631781 0.0537645 -6.42228e-18)
(0.599517 0.0601233 8.8824e-19)
(0.563486 0.0671948 -3.124e-18)
(0.523273 0.0750117 -1.25311e-18)
(0.478424 0.083585 -1.96118e-19)
(0.428462 0.0928592 2.45129e-19)
(0.372952 0.102659 4.91631e-19)
(0.311581 0.112636 8.2707e-19)
(0.244297 0.122242 2.99557e-18)
(0.171453 0.130721 2.92835e-18)
(0.0937671 0.137237 -8.04043e-19)
(0.0127441 0.140673 -6.71791e-18)
(-0.095617 0.126597 -1.87029e-17)
(-0.178587 0.122205 -2.22491e-17)
(-0.257492 0.113509 1.0702e-18)
(-0.329562 0.10075 2.48681e-17)
(-0.392185 0.084613 -1.59044e-17)
(-0.443726 0.0659444 -2.71565e-18)
(0.0127441 0.140673 -6.71791e-18)
)
;
    }
}


// ************************************************************************* //
