/*--------------------------------*- C++ -*----------------------------------*\
  =========                 |
  \\      /  F ield         | OpenFOAM: The Open Source CFD Toolbox
   \\    /   O peration     | Website:  https://openfoam.org
    \\  /    A nd           | Version:  7
     \\/     M anipulation  |
\*---------------------------------------------------------------------------*/
FoamFile
{
    version     2.0;
    format      ascii;
    class       volVectorField;
    location    "62";
    object      U;
}
// * * * * * * * * * * * * * * * * * * * * * * * * * * * * * * * * * * * * * //

dimensions      [0 1 -1 0 0 0 0];

internalField   nonuniform List<vector> 
115
(
(1.32239 0.278682 2.18724e-18)
(1.32787 0.285779 -7.30638e-18)
(1.31934 0.284636 -5.39087e-18)
(1.26822 0.264089 3.30085e-18)
(1.12722 0.21157 3.80827e-18)
(1.32406 0.274198 4.14612e-19)
(1.31938 0.274719 -5.81982e-18)
(1.28681 0.261729 -1.48368e-19)
(1.19158 0.225215 3.52081e-18)
(0.990516 0.161488 3.57712e-18)
(1.30977 0.284848 6.48446e-18)
(1.31904 0.296027 -1.075e-17)
(1.32483 0.303407 -3.65822e-18)
(1.31309 0.301044 2.2614e-18)
(1.25241 0.27715 4.19094e-18)
(1.31521 0.28045 3.70342e-18)
(1.32148 0.288812 -6.62088e-18)
(1.31996 0.291902 -4.71454e-18)
(1.29234 0.282646 3.0244e-18)
(1.20097 0.248779 3.81266e-18)
(1.29306 0.291205 1.03602e-17)
(1.3023 0.305579 -2.75325e-18)
(1.31282 0.319017 -6.08734e-18)
(1.31942 0.32993 -9.65372e-19)
(1.30742 0.329183 3.59121e-18)
(1.2323 0.306501 4.22907e-18)
(1.30117 0.28685 5.84053e-18)
(1.31043 0.299702 -5.83742e-18)
(1.32045 0.311285 -8.59435e-18)
(1.32407 0.318511 -1.57975e-19)
(1.29886 0.309891 3.46286e-18)
(1.18762 0.270952 5.61483e-18)
(1.28171 0.316007 -2.77695e-18)
(1.2927 0.334062 -1.25571e-17)
(1.30442 0.354109 -4.21059e-18)
(1.31435 0.369068 2.54654e-18)
(1.29392 0.378421 5.27219e-18)
(1.28354 0.293767 6.06908e-18)
(1.29254 0.309906 -2.96023e-18)
(1.30478 0.326448 -5.04783e-18)
(1.31799 0.34367 -2.98632e-18)
(1.32495 0.353658 2.7252e-18)
(1.2888 0.350292 6.42885e-18)
(1.2514 0.306428 1.43811e-17)
(1.25781 0.327469 -2.07163e-18)
(1.26744 0.349673 -1.75075e-17)
(1.27859 0.377292 -1.39753e-17)
(1.29452 0.402079 2.27768e-18)
(1.29577 0.436276 3.71093e-18)
(1.26305 0.301354 2.35978e-17)
(1.27063 0.320672 1.49283e-17)
(1.28187 0.341011 -1.31391e-17)
(1.29547 0.365595 -6.31722e-18)
(1.31331 0.387239 2.20089e-18)
(1.31263 0.412644 4.63598e-18)
(1.22603 0.314996 1.88869e-17)
(1.23003 0.33941 7.09084e-18)
(1.23653 0.365749 -1.00958e-17)
(1.24452 0.399755 -1.56881e-17)
(1.25649 0.431846 2.22182e-18)
(1.26093 0.484216 -1.62558e-19)
(1.23935 0.309559 2.53541e-17)
(1.24481 0.332172 9.37861e-18)
(1.25348 0.356264 -1.19901e-17)
(1.26401 0.38748 -1.05606e-17)
(1.28077 0.416449 1.80792e-18)
(1.28883 0.463166 2.67494e-18)
(1.20194 0.323639 2.16323e-17)
(1.20295 0.351111 1.32509e-17)
(1.20494 0.381801 -2.72051e-17)
(1.20819 0.420379 -3.2093e-17)
(1.21049 0.460266 -1.63924e-18)
(1.21355 0.318082 1.68223e-17)
(1.21608 0.343839 1.05914e-17)
(1.22062 0.371966 -1.3023e-17)
(1.22671 0.408351 -2.7568e-17)
(1.23561 0.443868 3.60666e-18)
(1.1708 0.333519 3.62885e-17)
(1.16814 0.363676 2.77175e-17)
(1.16517 0.398037 -3.36582e-17)
(1.16089 0.4392 -6.29928e-17)
(1.19058 0.327039 2.67664e-17)
(1.19061 0.35553 2.83723e-17)
(1.19101 0.387785 -5.95841e-18)
(1.19139 0.427458 -3.95063e-17)
(1.18874 0.470893 4.30939e-18)
(0.989405 0.105797 8.60132e-17)
(0.924328 0.223359 -4.06092e-17)
(0.997464 0.21302 -1.00341e-16)
(1.00555 0.462417 -9.25594e-17)
(0.994051 0.103828 1.30186e-16)
(0.953415 0.222615 2.48291e-17)
(1.01722 0.203011 -2.40551e-17)
(1.02904 0.41965 -4.24799e-17)
(1.00027 0.101167 2.10831e-17)
(0.977589 0.218578 3.64229e-17)
(1.03645 0.194641 -7.15206e-17)
(1.04954 0.380989 -7.52021e-17)
(1.00816 0.0983987 -2.63454e-17)
(0.997513 0.21157 1.04139e-16)
(1.05455 0.187298 -3.52295e-18)
(1.06783 0.346918 2.17159e-17)
(1.01722 0.0955956 -2.20819e-17)
(1.0142 0.202564 3.52721e-17)
(1.07085 0.180263 -3.48352e-19)
(1.0847 0.316741 2.97223e-17)
(1.32976 0.259928 4.67711e-19)
(1.33186 0.251222 -6.46902e-19)
(1.33128 0.264524 -3.53132e-19)
(1.30528 0.246083 -2.16511e-18)
(1.31777 0.263324 -3.74018e-18)
(1.23237 0.227281 5.55138e-19)
(1.26587 0.250614 3.25731e-19)
(1.0799 0.187355 1.76554e-18)
(1.13677 0.218149 2.678e-18)
)
;

boundaryField
{
    inlet
    {
        type            uniformFixedValue;
        uniformValue    constant (1 0 0);
        value           nonuniform 0();
    }
    outlet
    {
        type            pressureInletOutletVelocity;
        value           nonuniform 0();
    }
    polygon
    {
        type            fixedValue;
        value           nonuniform 0();
    }
    top
    {
        type            symmetryPlane;
    }
    bottom
    {
        type            symmetryPlane;
    }
    outside
    {
        type            zeroGradient;
    }
    procBoundary41to33
    {
        type            processor;
        value           nonuniform List<vector> 
26
(
(0.843837 0.127771 7.44641e-18)
(0.659409 0.0858266 4.80981e-18)
(0.888304 0.160153 2.56627e-18)
(1.08281 0.219637 7.5165e-18)
(1.08281 0.219637 7.5165e-18)
(0.982366 0.178783 5.15405e-18)
(1.01917 0.227733 8.9101e-18)
(0.911423 0.175838 9.25738e-18)
(1.18888 0.33679 1.28018e-17)
(1.1384 0.291809 1.11251e-17)
(1.26219 0.429669 1.38367e-17)
(1.25568 0.393666 1.45833e-17)
(1.25641 0.504318 1.7199e-17)
(1.2402 0.504583 -2.07446e-18)
(1.28205 0.475899 1.35859e-17)
(1.21111 0.522285 -9.84748e-18)
(1.2402 0.504583 -2.07446e-18)
(1.15147 0.485263 1.04107e-17)
(1.15147 0.485263 1.04107e-17)
(1.1818 0.534336 1.72233e-18)
(0.985212 0.106288 1.1272e-16)
(0.890726 0.221015 5.15611e-17)
(0.977695 0.224437 -2.99014e-17)
(0.976066 0.509806 -3.32835e-18)
(0.823292 0.125677 1.47428e-18)
(0.888304 0.160153 2.56627e-18)
)
;
    }
    procBoundary41to40
    {
        type            processor;
        value           uniform (0.929935 0.0995235 1.15708e-16);
    }
    procBoundary41to42
    {
        type            processor;
        value           uniform (1.00862 0.168493 1.06433e-18);
    }
    procBoundary41to48
    {
        type            processor;
        value           nonuniform List<vector> 4((0.94819 0.103351 1.00187e-17) (0.965033 0.106052 -9.0084e-18) (0.979794 0.107425 -2.95518e-17) (0.992424 0.107418 -1.71443e-17));
    }
    procBoundary41to49
    {
        type            processor;
        value           nonuniform List<vector> 
27
(
(1.31473 0.269138 -3.87966e-18)
(1.31956 0.267685 7.03504e-19)
(1.31956 0.267685 7.03504e-19)
(1.30173 0.273015 -6.99873e-19)
(1.30811 0.270413 1.88802e-18)
(1.28597 0.277329 3.08885e-18)
(1.29392 0.274248 -2.15979e-18)
(1.27359 0.298399 1.1606e-17)
(1.27359 0.298399 1.1606e-17)
(1.27359 0.298399 1.1606e-17)
(1.27712 0.278886 6.53305e-18)
(1.24706 0.287889 2.93874e-18)
(1.25786 0.284158 1.65586e-17)
(1.22383 0.293881 6.49949e-18)
(1.23589 0.289935 -3.21541e-18)
(1.20216 0.299908 -9.80559e-18)
(1.21262 0.295873 1.79311e-18)
(1.17387 0.307269 -2.76442e-17)
(1.17387 0.307269 -2.76442e-17)
(1.19142 0.302331 -9.09438e-18)
(1.02677 0.092668 -1.78465e-17)
(1.02866 0.192402 6.61832e-18)
(1.08506 0.173158 -2.55561e-18)
(1.10025 0.289947 1.71255e-17)
(1.32426 0.252805 -7.47003e-19)
(1.3369 0.249294 3.15857e-19)
(1.3369 0.249294 3.15857e-19)
)
;
    }
    procBoundary41to50
    {
        type            processor;
        value           nonuniform List<vector> 3((1.32604 0.239432 -5.13589e-19) (1.28467 0.230771 -8.64862e-19) (1.18881 0.208583 5.36364e-19));
    }
}


// ************************************************************************* //
