/*--------------------------------*- C++ -*----------------------------------*\
  =========                 |
  \\      /  F ield         | OpenFOAM: The Open Source CFD Toolbox
   \\    /   O peration     | Website:  https://openfoam.org
    \\  /    A nd           | Version:  7
     \\/     M anipulation  |
\*---------------------------------------------------------------------------*/
FoamFile
{
    version     2.0;
    format      ascii;
    class       volVectorField;
    location    "76";
    object      U;
}
// * * * * * * * * * * * * * * * * * * * * * * * * * * * * * * * * * * * * * //

dimensions      [0 1 -1 0 0 0 0];

internalField   nonuniform List<vector> 
115
(
(-0.219168 -0.005867 -8.48752e-19)
(-0.217127 -0.00549001 1.15032e-18)
(-0.215196 -0.00510879 -2.85197e-18)
(-0.213374 -0.00472763 -9.21637e-19)
(-0.211659 -0.00435056 -1.67539e-18)
(-0.210049 -0.00398122 1.43229e-19)
(-0.208537 -0.00362292 -1.45809e-18)
(-0.207119 -0.00327854 9.2136e-19)
(-0.231669 -0.00918546 -1.51699e-18)
(-0.229029 -0.00904313 2.87403e-18)
(-0.226423 -0.00885064 1.11281e-18)
(-0.223865 -0.0086122 1.32518e-19)
(-0.221367 -0.00833238 -3.66981e-18)
(-0.218939 -0.00801592 3.03527e-18)
(-0.21659 -0.00766856 -9.81881e-19)
(-0.214325 -0.00729605 -2.28785e-18)
(-0.212151 -0.00690405 3.40883e-19)
(-0.210071 -0.00649805 2.79372e-18)
(-0.208085 -0.00608334 3.79066e-18)
(-0.206195 -0.00566503 -4.20424e-18)
(-0.204397 -0.00524794 -1.10057e-18)
(-0.202691 -0.00483653 -1.19585e-18)
(-0.20107 -0.00443487 3.05263e-18)
(-0.19953 -0.00404658 -4.6624e-19)
(-0.198065 -0.00367482 9.65445e-20)
(-0.214489 -0.0104707 -1.53797e-18)
(-0.212121 -0.0103133 2.17794e-19)
(-0.209777 -0.0101 -6.09788e-19)
(-0.207466 -0.00983598 -1.10742e-18)
(-0.205201 -0.00952682 -1.36271e-18)
(-0.202989 -0.00917824 -4.36015e-19)
(-0.200837 -0.00879585 -5.40478e-19)
(-0.198751 -0.00838563 -1.52203e-18)
(-0.196733 -0.00795419 -1.38587e-18)
(-0.194787 -0.00750811 1.92534e-19)
(-0.19291 -0.00705356 -8.05851e-21)
(-0.191103 -0.00659641 -1.19952e-18)
(-0.189362 -0.00614217 -1.54951e-18)
(-0.187684 -0.00569597 -1.68656e-18)
(-0.186062 -0.00526241 1.24147e-19)
(-0.184491 -0.00484558 -1.09585e-18)
(-0.186227 -0.012016 -6.17959e-18)
(-0.184273 -0.0118555 -1.04986e-18)
(-0.18232 -0.0116309 -5.79394e-18)
(-0.180375 -0.0113482 -6.71279e-18)
(-0.178448 -0.0110142 -1.47103e-18)
(-0.176543 -0.0106359 -5.83173e-18)
(-0.174664 -0.0102204 -1.17257e-18)
(-0.172815 -0.00977515 -6.10187e-18)
(-0.170996 -0.00930751 -6.8658e-18)
(-0.169206 -0.00882478 -1.19506e-18)
(-0.167443 -0.00833409 -5.82248e-18)
(-0.165703 -0.00784231 -1.2522e-18)
(-0.163982 -0.00735585 -6.35604e-18)
(-0.162274 -0.00688065 -7.14536e-18)
(-0.160573 -0.00642205 -1.30116e-18)
(-0.15887 -0.00598476 -6.33762e-18)
(-0.153423 -0.013242 -1.27218e-18)
(-0.151888 -0.0130939 -4.66475e-19)
(-0.150323 -0.0128757 -1.23143e-18)
(-0.148732 -0.0125946 -1.41832e-18)
(-0.147121 -0.0122584 -5.31194e-19)
(-0.145492 -0.0118752 -1.28134e-18)
(-0.143846 -0.0114536 -4.76443e-19)
(-0.142182 -0.011002 -1.25136e-18)
(-0.140499 -0.0105289 -1.48506e-18)
(-0.138792 -0.0100427 -5.50584e-19)
(-0.137058 -0.00955135 -1.21236e-18)
(-0.13529 -0.00906264 -4.39204e-19)
(-0.133483 -0.00858365 -1.27527e-18)
(-0.131627 -0.00812085 -1.53527e-18)
(-0.129716 -0.00768002 -6.98614e-19)
(-0.127742 -0.00726619 -1.3993e-18)
(-0.11625 -0.0141601 -2.22944e-19)
(-0.115101 -0.014048 -1.09443e-19)
(-0.11388 -0.0138624 -2.69732e-19)
(-0.11259 -0.0136116 -3.38707e-19)
(-0.111231 -0.0133045 -2.08116e-19)
(-0.109802 -0.0129504 -2.57604e-19)
(-0.108302 -0.0125588 -1.40718e-19)
(-0.106726 -0.0121393 -2.92051e-19)
(-0.105069 -0.0117013 -2.85135e-19)
(-0.103326 -0.0112539 -1.47334e-19)
(-0.101488 -0.0108061 -2.36172e-19)
(-0.0995487 -0.010366 -1.60587e-19)
(-0.0974991 -0.00994119 -3.15217e-19)
(-0.0953305 -0.0095386 -3.89211e-19)
(-0.0930338 -0.00916424 -2.14827e-19)
(-0.0905996 -0.00882331 -9.42834e-20)
(-0.0747273 -0.0148104 -2.98518e-20)
(-0.0738859 -0.0147656 -2.7971e-20)
(-0.0729211 -0.0146466 -7.59583e-20)
(-0.0718312 -0.0144628 -7.57438e-20)
(-0.0706131 -0.0142241 -3.85565e-20)
(-0.0692621 -0.0139409 -9.75679e-20)
(-0.0677726 -0.0136235 -5.11562e-20)
(-0.0661376 -0.0132824 -1.9842e-20)
(-0.0643494 -0.0129278 -7.29392e-20)
(-0.0623992 -0.0125694 -9.27303e-21)
(-0.0602778 -0.0122165 -5.10484e-21)
(-0.0579757 -0.0118777 -4.40019e-20)
(-0.055483 -0.0115609 -6.53786e-20)
(-0.0527896 -0.0112731 -4.16023e-20)
(-0.0498857 -0.0110204 -2.06612e-19)
(-0.0467614 -0.0108078 4.15681e-20)
(-0.0286763 -0.0152592 9.16781e-20)
(-0.028019 -0.0153212 -1.57551e-20)
(-0.0271747 -0.015311 -3.65631e-20)
(-0.0261377 -0.0152392 -6.26423e-20)
(-0.0249013 -0.0151165 7.38625e-20)
(-0.0234575 -0.0149541 4.05775e-20)
(-0.0217973 -0.0147633 3.66004e-21)
(-0.019911 -0.0145549 5.66592e-20)
(-0.0177884 -0.0143397 1.61896e-19)
(-0.0154188 -0.0141278 6.33876e-21)
)
;

boundaryField
{
    inlet
    {
        type            uniformFixedValue;
        uniformValue    constant (1 0 0);
        value           nonuniform 0();
    }
    outlet
    {
        type            pressureInletOutletVelocity;
        value           nonuniform 0();
    }
    polygon
    {
        type            fixedValue;
        value           nonuniform 0();
    }
    top
    {
        type            symmetryPlane;
    }
    bottom
    {
        type            symmetryPlane;
    }
    outside
    {
        type            zeroGradient;
    }
    procBoundary21to13
    {
        type            processor;
        value           nonuniform List<vector> 
17
(
(-0.0127913 -0.0139287 -4.21847e-20)
(-0.00989479 -0.0137511 -1.08438e-19)
(-0.00671856 -0.0136029 -2.12515e-20)
(-0.0032519 -0.013491 -9.96087e-20)
(0.000515577 -0.0134214 1.12314e-19)
(0.00459393 -0.013399 -2.821e-20)
(0.022293 -0.0156061 1.11932e-20)
(0.0229337 -0.0158225 -2.85476e-20)
(0.0238362 -0.0159716 3.03458e-20)
(0.0250098 -0.0160648 6.22197e-20)
(0.0264646 -0.0161136 8.74239e-20)
(0.0282114 -0.0161298 3.60377e-20)
(0.030262 -0.0161251 -1.8179e-20)
(0.0326281 -0.0161108 -3.26677e-20)
(0.035322 -0.0160978 -2.58087e-20)
(-0.0127913 -0.0139287 -4.21847e-20)
(0.0383559 -0.0160963 4.51606e-20)
)
;
    }
    procBoundary21to20
    {
        type            processor;
        value           nonuniform List<vector> 6((-0.182964 -0.00444898 -3.17131e-19) (-0.182964 -0.00444898 -3.17131e-19) (-0.157158 -0.00557276 -1.24419e-18) (-0.125694 -0.00688364 -5.96623e-19) (-0.0880185 -0.00852017 -1.44113e-19) (-0.043407 -0.0106398 2.63448e-20));
    }
    procBoundary21to22
    {
        type            processor;
        value           nonuniform List<vector> 7((-0.234329 -0.00927391 -3.49493e-18) (-0.216866 -0.0105677 -1.18802e-18) (-0.188171 -0.0121068 -1.58269e-18) (-0.15492 -0.0133135 -5.7945e-19) (-0.117324 -0.0141912 -1.18313e-19) (-0.0754456 -0.0147723 -2.28594e-20) (-0.029151 -0.0151156 2.53381e-20));
    }
    procBoundary21to28
    {
        type            processor;
        value           nonuniform List<vector> 2((-0.205788 -0.00295057 2.79969e-18) (-0.196668 -0.00332235 7.6153e-19));
    }
    procBoundary21to29
    {
        type            processor;
        value           nonuniform List<vector> 
18
(
(-0.241787 -0.0082948 -1.77617e-18)
(-0.238999 -0.0081672 -9.89861e-20)
(-0.236252 -0.00799417 2.41855e-18)
(-0.233561 -0.0077793 7.22054e-19)
(-0.230937 -0.00752653 -1.06168e-18)
(-0.228392 -0.00724056 1.4654e-18)
(-0.225936 -0.0069267 -3.05561e-18)
(-0.223576 -0.00659001 -4.46798e-18)
(-0.221319 -0.00623522 -4.96821e-18)
(-0.221319 -0.00623522 -4.96821e-18)
(-0.227622 -0.00517196 -3.94549e-18)
(-0.225513 -0.00483882 -5.27887e-19)
(-0.223528 -0.00450096 -4.38094e-18)
(-0.221666 -0.00416213 -8.44972e-19)
(-0.219928 -0.00382587 -3.39818e-18)
(-0.218309 -0.00349542 -2.2308e-18)
(-0.216806 -0.0031737 -3.81701e-18)
(-0.215413 -0.00286331 3.17233e-18)
)
;
    }
}


// ************************************************************************* //
