/*--------------------------------*- C++ -*----------------------------------*\
  =========                 |
  \\      /  F ield         | OpenFOAM: The Open Source CFD Toolbox
   \\    /   O peration     | Website:  https://openfoam.org
    \\  /    A nd           | Version:  7
     \\/     M anipulation  |
\*---------------------------------------------------------------------------*/
FoamFile
{
    version     2.0;
    format      ascii;
    class       volVectorField;
    location    "8";
    object      U;
}
// * * * * * * * * * * * * * * * * * * * * * * * * * * * * * * * * * * * * * //

dimensions      [0 1 -1 0 0 0 0];

internalField   nonuniform List<vector> 
125
(
(0.994293 0.0116668 -2.23301e-19)
(0.99258 0.0127602 2.01757e-19)
(0.990717 0.0139387 -3.9615e-20)
(0.988697 0.0152023 9.37577e-20)
(0.986514 0.0165484 5.24022e-20)
(0.984165 0.0179716 -2.15513e-20)
(0.981648 0.0194634 3.148e-20)
(0.978965 0.0210118 3.42208e-20)
(0.97612 0.0226011 8.10643e-21)
(0.973119 0.0242126 -5.28364e-20)
(1.00233 0.00739105 3.02727e-19)
(1.00137 0.0081065 1.09987e-18)
(1.00032 0.00889024 1.47572e-18)
(0.999166 0.00974727 2.95271e-18)
(0.997902 0.0106828 4.27234e-19)
(0.996518 0.0117012 2.86109e-18)
(0.995006 0.0128065 -9.25961e-19)
(0.993356 0.0140012 4.69059e-19)
(0.991561 0.0152864 -9.48858e-20)
(0.989614 0.0166609 1.18859e-19)
(0.987509 0.018121 -6.70361e-21)
(0.985243 0.0196599 -8.26462e-20)
(0.982814 0.0212672 -7.49169e-20)
(0.980225 0.022929 8.8104e-20)
(0.977478 0.0246278 -9.96402e-20)
(0.974582 0.0263429 1.97996e-20)
(1.00279 0.00802414 1.25214e-19)
(1.00188 0.00880153 1.17696e-18)
(1.00087 0.00965299 9.8842e-19)
(0.999769 0.0105838 9.75005e-19)
(0.99856 0.0115993 3.86047e-19)
(0.997234 0.0127041 3.37775e-19)
(0.995784 0.013902 -2.91471e-19)
(0.9942 0.0151951 2.50075e-19)
(0.992475 0.0165839 -1.7856e-19)
(0.990601 0.0180664 8.21408e-20)
(0.988573 0.0196378 -5.30145e-20)
(0.986387 0.0212896 1.13812e-20)
(0.984041 0.02301 -5.84841e-21)
(0.981536 0.0247829 -8.90742e-20)
(0.978876 0.026589 -9.38547e-20)
(0.976067 0.0284058 5.05147e-20)
(1.00329 0.00862682 9.41074e-19)
(1.00242 0.00946359 2.31674e-18)
(1.00147 0.0103801 4.12423e-18)
(1.00042 0.011382 3.34158e-18)
(0.999265 0.0124748 3.02838e-18)
(0.998001 0.0136633 1.84919e-18)
(0.996615 0.014951 -6.53334e-19)
(0.9951 0.01634 2.69922e-19)
(0.993446 0.0178302 -8.1798e-20)
(0.991647 0.0194188 1.29842e-19)
(0.989695 0.0210998 -5.62824e-21)
(0.987586 0.0228634 -1.81546e-20)
(0.985319 0.0246959 3.97251e-20)
(0.982893 0.0265797 -2.02814e-21)
(0.980311 0.0284933 1.18253e-19)
(0.977579 0.0304124 -7.98156e-20)
(1.00381 0.00919736 7.26893e-19)
(1.00299 0.0100909 8.64891e-19)
(1.00209 0.0110698 1.09112e-18)
(1.0011 0.0121401 6.08037e-19)
(1 0.0133075 6.62492e-19)
(0.998801 0.014577 -1.77999e-19)
(0.997482 0.0159523 3.71514e-20)
(0.996036 0.017435 5.59827e-20)
(0.994455 0.0190248 2.34352e-20)
(0.99273 0.0207181 -1.13064e-20)
(0.990854 0.0225077 -7.79917e-23)
(0.988822 0.0243826 8.07793e-20)
(0.986632 0.0263275 4.66997e-20)
(0.984282 0.0283228 7.80773e-20)
(0.981775 0.0303451 -1.09735e-19)
(0.979116 0.0323684 1.34078e-20)
(1.00435 0.00973507 1.40436e-18)
(1.00358 0.0106828 1.16733e-18)
(1.00273 0.0117214 2.87775e-18)
(1.00179 0.0128574 4.09008e-19)
(1.00075 0.0140969 2.52392e-18)
(0.999613 0.015445 -8.33281e-19)
(0.99836 0.0169054 3.55899e-19)
(0.996983 0.01848 -5.49637e-20)
(0.995473 0.0201676 3.3865e-20)
(0.993822 0.0219643 9.13942e-21)
(0.992021 0.0238618 1.02693e-21)
(0.990066 0.0258477 6.61471e-21)
(0.987953 0.0279051 4.96141e-20)
(0.98568 0.0300126 1.07353e-19)
(0.98325 0.0321448 4.80651e-20)
(0.980666 0.0342737 1.67656e-19)
(1.00488 0.0102405 4.37381e-19)
(1.00415 0.0112399 2.44853e-19)
(1.00335 0.0123358 3.30688e-19)
(1.00247 0.0135349 1.10787e-19)
(1.00149 0.0148439 4.65596e-19)
(1.00041 0.0162681 -5.88349e-20)
(0.999217 0.0178116 3.91573e-19)
(0.997907 0.0194757 1.00627e-19)
(0.996466 0.0212595 2.78577e-19)
(0.994887 0.023158 1.93854e-19)
(0.993161 0.0251621 2.24424e-19)
(0.991283 0.0272582 1.1175e-19)
(0.989248 0.0294277 2.74287e-19)
(0.987055 0.0316472 1.83482e-19)
(0.984706 0.0338894 2.29371e-19)
(0.982204 0.0361243 3.01742e-19)
(1.00539 0.0107158 1.62453e-19)
(1.0047 0.0117647 5.1182e-20)
(1.00394 0.0129154 -2.77874e-19)
(1.0031 0.0141753 1.58125e-19)
(1.00218 0.0155514 4.58477e-19)
(1.00115 0.0170493 3.04018e-19)
(1.00002 0.0186733 9.3478e-19)
(0.998769 0.0204248 3.95352e-19)
(0.997393 0.0223023 1.09215e-18)
(0.995883 0.0243005 6.1679e-19)
(0.994229 0.0264093 1.20134e-18)
(0.992427 0.0286136 6.662e-19)
(0.990472 0.0308933 9.52549e-19)
(0.988363 0.0332232 1.23558e-18)
(0.9861 0.035574 7.84052e-19)
(0.983689 0.0379137 1.03902e-18)
(1.00584 0.0111647 -4.94181e-19)
(1.00519 0.0122611 1.58478e-18)
(1.00446 0.0134646 -1.68583e-18)
)
;

boundaryField
{
    inlet
    {
        type            uniformFixedValue;
        uniformValue    constant (1 0 0);
        value           nonuniform 0();
    }
    outlet
    {
        type            pressureInletOutletVelocity;
        value           nonuniform 0();
    }
    polygon
    {
        type            fixedValue;
        value           nonuniform 0();
    }
    top
    {
        type            symmetryPlane;
    }
    bottom
    {
        type            symmetryPlane;
    }
    outside
    {
        type            zeroGradient;
    }
    procBoundary14to6
    {
        type            processor;
        value           nonuniform List<vector> 
17
(
(1.00367 0.014783 -1.83967e-18)
(1.00278 0.0162238 5.24044e-19)
(1.0018 0.0177931 -6.85628e-19)
(1.00072 0.019495 4.43377e-18)
(0.999527 0.0213311 9.07801e-19)
(0.99821 0.0232996 4.51236e-18)
(0.996762 0.0253945 1.66223e-18)
(0.995177 0.0276047 5.7057e-18)
(0.993449 0.029914 3.39751e-18)
(0.991574 0.0323006 2.34028e-18)
(0.98955 0.0347375 6.09843e-18)
(0.987379 0.0371935 3.71732e-18)
(0.985064 0.0396348 2.08473e-18)
(1.00621 0.0115927 2.17527e-19)
(1.00559 0.0127349 -3.78086e-20)
(1.00367 0.014783 -1.83967e-18)
(1.00489 0.0139894 -3.01584e-19)
)
;
    }
    procBoundary14to7
    {
        type            processor;
        value           uniform (1.00643 0.0101669 -2.27734e-18);
    }
    procBoundary14to13
    {
        type            processor;
        value           nonuniform List<vector> 6((0.973118 0.0302087 8.1401e-20) (0.974705 0.0323111 1.98408e-20) (0.976312 0.0343648 -9.19901e-20) (0.977936 0.0363698 1.34788e-19) (0.979557 0.0383208 3.26665e-19) (0.981134 0.0402095 1.37858e-18));
    }
    procBoundary14to15
    {
        type            processor;
        value           nonuniform List<vector> 7((1.0032 0.00673831 1.02174e-18) (1.00363 0.00731491 2.06886e-18) (1.00408 0.0078635 1.40027e-18) (1.00456 0.00838247 4.49577e-19) (1.00505 0.00887109 -1.37403e-18) (1.00554 0.00932985 7.6958e-21) (1.00601 0.00976062 -2.02661e-19));
    }
    procBoundary14to21
    {
        type            processor;
        value           nonuniform List<vector> 2((0.969973 0.025825 2.06858e-19) (0.971546 0.0280512 -5.46037e-20));
    }
    procBoundary14to22
    {
        type            processor;
        value           nonuniform List<vector> 
17
(
(0.993647 0.0104854 8.93926e-20)
(0.991875 0.0114738 2.49931e-19)
(0.989947 0.0125419 1.09765e-19)
(0.987856 0.0136904 1.74617e-19)
(0.985594 0.014918 2.62977e-19)
(0.983159 0.0162208 2.30553e-19)
(0.980547 0.017592 1.79178e-19)
(0.977759 0.0190215 1.39557e-19)
(0.974798 0.0204958 9.67485e-21)
(0.97167 0.0219982 2.28919e-19)
(1.00191 0.00672999 4.23126e-19)
(1.00091 0.0073811 4.68947e-19)
(0.999815 0.00809458 3.60193e-19)
(0.998616 0.00887515 4.5786e-19)
(0.997302 0.00972781 1.32312e-19)
(0.995864 0.010657 4.47546e-19)
(0.995864 0.010657 4.47546e-19)
)
;
    }
}


// ************************************************************************* //
