/*--------------------------------*- C++ -*----------------------------------*\
  =========                 |
  \\      /  F ield         | OpenFOAM: The Open Source CFD Toolbox
   \\    /   O peration     | Website:  https://openfoam.org
    \\  /    A nd           | Version:  7
     \\/     M anipulation  |
\*---------------------------------------------------------------------------*/
FoamFile
{
    version     2.0;
    format      ascii;
    class       volVectorField;
    location    "44";
    object      U;
}
// * * * * * * * * * * * * * * * * * * * * * * * * * * * * * * * * * * * * * //

dimensions      [0 1 -1 0 0 0 0];

internalField   nonuniform List<vector> 
125
(
(1.00576 -0.000379221 -5.13465e-17)
(0.993261 0.000366437 1.50781e-17)
(1.00728 -0.000872103 -1.03038e-17)
(0.990647 0.000137211 -2.23671e-18)
(1.00896 -0.00129741 -5.31454e-18)
(0.986866 -0.000423118 -3.90028e-17)
(1.01048 -0.00204524 3.76363e-17)
(0.981058 -0.00166392 4.61683e-17)
(1.0112 -0.00343528 -3.49348e-17)
(0.971766 -0.00435628 2.05311e-17)
(1.00963 -0.00620315 -2.03765e-18)
(0.956124 -0.0101954 2.97979e-17)
(1.00236 -0.0121093 -1.21337e-17)
(0.928142 -0.0234206 -5.16771e-18)
(0.981723 -0.0261089 -1.46794e-17)
(0.874355 -0.0568546 3.38517e-17)
(0.930093 -0.0659301 -4.18667e-18)
(1.00575 -0.000336234 -5.09095e-17)
(0.99328 0.000316687 4.14317e-17)
(1.00722 -0.000768799 -3.13925e-17)
(0.990712 9.74012e-05 -1.62298e-18)
(1.00883 -0.00114355 -3.02182e-17)
(0.986988 -0.000413733 -3.36605e-17)
(1.01022 -0.00179667 4.13375e-17)
(0.981283 -0.00153917 3.65013e-17)
(1.0107 -0.00300499 -8.25406e-18)
(0.972173 -0.00397197 8.81502e-18)
(1.00868 -0.00540066 -6.05491e-18)
(0.956845 -0.00923429 1.89966e-17)
(1.00055 -0.0105102 -4.39465e-17)
(0.929389 -0.0211486 -8.46997e-18)
(0.977935 -0.0226314 -2.57071e-17)
(0.876252 -0.0513929 -1.5702e-17)
(0.920412 -0.0574664 -2.42033e-17)
(1.00573 -0.000292723 -1.42525e-17)
(0.993317 0.000268446 2.95269e-17)
(1.00716 -0.00066401 -8.52059e-18)
(0.990799 6.90064e-05 -1.42515e-18)
(1.00869 -0.000987118 -8.94298e-18)
(0.987141 -0.000393542 -3.02801e-17)
(1.00994 -0.00154776 1.48479e-17)
(0.981553 -0.0014066 3.31042e-17)
(1.0102 -0.00258556 4.76746e-18)
(0.972644 -0.00358626 3.26614e-18)
(1.00777 -0.00464639 -1.05826e-17)
(0.957666 -0.00829098 1.19025e-17)
(0.998852 -0.00904346 -2.82478e-17)
(0.930814 -0.0189445 -1.04527e-17)
(0.974504 -0.0194821 -5.08283e-17)
(0.878565 -0.0460895 -6.34314e-17)
(0.911799 -0.049679 -5.08182e-17)
(1.0057 -0.000250782 1.86727e-17)
(0.993365 0.000225726 3.36398e-17)
(1.00708 -0.000565779 1.14262e-18)
(0.990898 4.75776e-05 -1.20773e-18)
(1.00939 -0.0107369 1.50166e-17)
(0.968699 -0.0192921 1.14677e-17)
(1.00526 -0.0216122 9.87981e-18)
(0.952724 -0.041415 -1.1113e-17)
(0.992808 -0.044729 6.51032e-17)
(0.931485 -0.0922959 3.38957e-17)
(1.00505 -0.000468508 1.13504e-17)
(0.994207 0.000183097 -5.14561e-19)
(1.00653 -0.000962416 1.43879e-17)
(0.991823 -0.000355273 2.64641e-19)
(1.00822 -0.00162667 2.46159e-17)
(0.988517 -0.00139401 -6.96559e-17)
(1.00998 -0.00285005 -3.68498e-17)
(0.98347 -0.0035597 7.9091e-17)
(1.01141 -0.00525011 2.54295e-18)
(0.975545 -0.00805442 8.43386e-17)
(1.01148 -0.0101346 2.23664e-17)
(0.96274 -0.017455 2.12853e-17)
(1.00792 -0.0204212 1.30585e-17)
(0.941898 -0.0378323 -1.42979e-18)
(0.995778 -0.0429914 1.23417e-17)
(0.910552 -0.0855471 1.04417e-17)
(1.00541 -0.000465645 1.11981e-17)
(0.993716 0.000252689 -1.27947e-18)
(1.007 -0.000965533 1.6211e-17)
(0.991132 -0.000200353 1.47043e-18)
(1.00885 -0.00157038 2.4702e-17)
(0.987485 -0.00112828 -6.94915e-17)
(1.01077 -0.00268375 -3.62909e-17)
(0.981869 -0.00306958 7.86813e-17)
(1.01238 -0.00484528 3.13071e-18)
(0.97294 -0.00712284 8.59994e-17)
(1.01264 -0.00924149 1.20003e-17)
(0.958197 -0.0156463 7.57058e-17)
(1.00923 -0.0186041 2.48618e-17)
(0.933131 -0.0342434 5.32805e-19)
(0.99715 -0.0398163 1.66026e-17)
(0.891289 -0.0783943 1.68567e-17)
(1.00565 -0.000445065 5.26046e-17)
(0.993404 0.000300624 -2.04669e-18)
(1.00728 -0.000948012 6.59674e-17)
(0.990725 -9.44446e-05 1.34514e-17)
(1.00915 -0.00149443 1.94277e-17)
(0.986894 -0.000889761 -3.16541e-17)
(1.01106 -0.00247663 3.68265e-17)
(0.980982 -0.00258519 3.98896e-17)
(1.01257 -0.00435753 2.7429e-18)
(0.971518 -0.00616755 3.20038e-17)
(1.01252 -0.00816456 5.99029e-18)
(0.955677 -0.0137654 2.64314e-17)
(1.00841 -0.0163266 2.05624e-17)
(0.927909 -0.0305157 -1.18812e-17)
(0.994875 -0.0353089 6.9275e-17)
(0.877745 -0.0709406 3.73024e-17)
(1.00575 -0.000432857 -3.46915e-18)
(0.993265 0.000395503 6.20971e-19)
(1.00734 -0.000972909 1.00539e-17)
(0.990588 0.000115533 -1.61571e-19)
(1.00914 -0.00145982 1.7451e-17)
(0.986737 -0.000515064 -6.86891e-17)
(1.01087 -0.00231752 -1.55652e-17)
(0.980798 -0.00191631 7.6209e-17)
(1.01199 -0.00392331 -5.17107e-18)
(0.97128 -0.00493661 6.88399e-17)
(1.01116 -0.00713331 2.91563e-18)
(0.955254 -0.011449 7.19339e-17)
(1.00541 -0.0139715 1.81578e-17)
(0.926702 -0.0260784 -2.3652e-18)
(0.988321 -0.0301069 2.07667e-18)
(0.872591 -0.0625229 1.53956e-17)
)
;

boundaryField
{
    inlet
    {
        type            uniformFixedValue;
        uniformValue    constant (1 0 0);
        value           uniform (1 0 0);
    }
    outlet
    {
        type            pressureInletOutletVelocity;
        value           nonuniform 0();
    }
    polygon
    {
        type            fixedValue;
        value           nonuniform 0();
    }
    top
    {
        type            symmetryPlane;
    }
    bottom
    {
        type            symmetryPlane;
    }
    outside
    {
        type            zeroGradient;
    }
    procBoundary16to8
    {
        type            processor;
        value           nonuniform List<vector> 
17
(
(1.00696 -0.0110184 2.1856e-17)
(0.975206 -0.0211492 1.97876e-17)
(1.00237 -0.0221805 7.99468e-18)
(0.963864 -0.0448812 3.18393e-18)
(0.990456 -0.0452994 3.30522e-18)
(0.950758 -0.0981121 1.09631e-17)
(1.00457 -0.0004531 5.41732e-17)
(0.994849 0.000102687 -1.37159e-18)
(1.00587 -0.000937217 6.58304e-17)
(0.992748 -0.000504327 1.31468e-17)
(1.00733 -0.00163308 1.8532e-17)
(0.989913 -0.00167062 -2.82209e-17)
(1.00879 -0.00293505 3.41282e-17)
(0.98564 -0.00407019 4.0497e-17)
(1.00982 -0.0055077 3.92794e-18)
(0.97905 -0.00901284 3.17512e-17)
(0.97905 -0.00901284 3.17512e-17)
)
;
    }
    procBoundary16to24
    {
        type            processor;
        value           nonuniform List<vector> 
18
(
(1.00854 -0.000840504 4.18356e-18)
(0.987311 -0.000362704 -3.75104e-17)
(1.00967 -0.00131523 8.85703e-18)
(0.981843 -0.00125523 4.7166e-17)
(1.00972 -0.00219302 1.1658e-17)
(0.973141 -0.0031685 -2.60425e-18)
(1.00693 -0.00393486 -2.08006e-17)
(0.958522 -0.00728956 9.20037e-18)
(0.99732 -0.00764665 -3.36159e-17)
(0.932299 -0.0166202 -2.14851e-17)
(0.97148 -0.016447 -2.77514e-17)
(0.881076 -0.0404619 -5.31485e-17)
(0.904284 -0.042056 8.72203e-18)
(1.00566 -0.0002098 4.62067e-18)
(0.993419 0.000185528 5.2189e-17)
(1.007 -0.000471721 1.24016e-18)
(1.00854 -0.000840504 4.18356e-18)
(0.991001 3.04442e-05 -1.54776e-18)
)
;
    }
    procBoundary16to25
    {
        type            processor;
        value           nonuniform List<vector> 9((0.763521 -0.161725 -6.11995e-17) (0.947229 -0.0752793 3.14409e-19) (0.763993 -0.147493 -1.79431e-17) (0.766063 -0.13297 -5.98092e-18) (0.965448 -0.0935809 -6.10833e-17) (0.965614 -0.0938135 -7.23303e-19) (0.96619 -0.0913964 -9.67717e-18) (0.961629 -0.0851859 -6.88493e-17) (0.947229 -0.0752793 3.14409e-19));
    }
}


// ************************************************************************* //
