/*--------------------------------*- C++ -*----------------------------------*\
  =========                 |
  \\      /  F ield         | OpenFOAM: The Open Source CFD Toolbox
   \\    /   O peration     | Website:  https://openfoam.org
    \\  /    A nd           | Version:  7
     \\/     M anipulation  |
\*---------------------------------------------------------------------------*/
FoamFile
{
    version     2.0;
    format      ascii;
    class       volVectorField;
    location    "12";
    object      U;
}
// * * * * * * * * * * * * * * * * * * * * * * * * * * * * * * * * * * * * * //

dimensions      [0 1 -1 0 0 0 0];

internalField   nonuniform List<vector> 
125
(
(0.753284 0.146496 -4.08503e-19)
(0.746008 0.157742 1.94154e-18)
(0.738831 0.170101 -1.31538e-18)
(0.731798 0.183579 4.37258e-19)
(0.724948 0.19815 -3.39264e-18)
(0.718306 0.213728 9.01077e-19)
(0.711879 0.230137 -1.76509e-18)
(0.705649 0.247083 8.34607e-19)
(0.699567 0.264113 -1.58181e-19)
(0.693548 0.280592 4.82393e-19)
(0.687466 0.29569 1.11201e-18)
(0.681162 0.30839 2.65121e-18)
(0.801629 0.10984 5.92212e-19)
(0.795418 0.116373 4.56278e-19)
(0.789348 0.123647 2.48791e-18)
(0.783456 0.131762 6.27155e-18)
(0.77779 0.140802 1.45408e-17)
(0.772415 0.150829 1.93449e-18)
(0.767408 0.161891 1.37828e-17)
(0.76286 0.174014 -1.15662e-18)
(0.758866 0.187209 6.81868e-18)
(0.755519 0.201452 -1.21835e-17)
(0.752903 0.216669 8.38222e-19)
(0.751085 0.232704 -5.84401e-18)
(0.750105 0.249282 1.19666e-18)
(0.749965 0.265982 -5.06362e-19)
(0.750617 0.282205 -2.42083e-20)
(0.751949 0.297161 5.61605e-19)
(0.753772 0.309877 2.77203e-18)
(0.811326 0.113932 -7.9344e-19)
(0.80601 0.120326 -2.31082e-18)
(0.800971 0.127427 -2.3222e-18)
(0.796273 0.135328 9.76242e-19)
(0.791994 0.144102 -2.79107e-19)
(0.788231 0.1538 -4.9334e-20)
(0.7851 0.164456 -5.09246e-20)
(0.782729 0.176093 1.39832e-19)
(0.781258 0.188716 -2.37728e-19)
(0.780827 0.202306 2.06961e-19)
(0.781571 0.216798 -2.47342e-19)
(0.783611 0.232049 -5.97362e-20)
(0.787047 0.247811 -6.34999e-19)
(0.791937 0.263694 -4.78432e-19)
(0.798287 0.279147 -1.03425e-18)
(0.806023 0.29344 -9.5138e-19)
(0.814975 0.30567 -4.38102e-19)
(0.819695 0.117501 -2.24089e-18)
(0.81508 0.123676 -6.81811e-18)
(0.810851 0.130509 -1.35876e-17)
(0.807094 0.138084 9.50807e-19)
(0.803909 0.146458 -3.95542e-18)
(0.801422 0.155671 -2.10379e-19)
(0.799776 0.165743 -2.74418e-18)
(0.799131 0.176687 1.14661e-18)
(0.79966 0.188505 -5.62368e-19)
(0.801538 0.201177 2.49541e-18)
(0.804944 0.214643 -9.43444e-19)
(0.810043 0.228773 6.80948e-19)
(0.816983 0.24334 -1.06958e-18)
(0.825877 0.257988 -6.68833e-19)
(0.836786 0.272214 -1.80837e-18)
(0.849689 0.285357 -3.23307e-18)
(0.864461 0.296597 -6.12587e-18)
(0.827252 0.120667 -7.63681e-19)
(0.823172 0.126561 -2.46147e-18)
(0.819559 0.133055 -2.91167e-18)
(0.816514 0.140215 -5.17529e-18)
(0.814158 0.148087 -1.25611e-17)
(0.812635 0.156693 -1.14084e-18)
(0.812109 0.166044 -1.15562e-17)
(0.812764 0.176139 1.21019e-18)
(0.814794 0.186973 -5.53549e-18)
(0.818403 0.198525 9.09656e-18)
(0.823795 0.210738 -1.67351e-18)
(0.831172 0.22349 3.04966e-18)
(0.840715 0.236572 -1.57367e-18)
(0.85258 0.249659 -4.87006e-19)
(0.866871 0.262296 -1.29689e-18)
(0.883617 0.273887 -1.95359e-18)
(0.902748 0.283698 -3.52143e-18)
(0.8344 0.123528 -3.19177e-19)
(0.830723 0.1291 -1.75633e-18)
(0.827566 0.135201 -3.32659e-19)
(0.825041 0.141885 -6.57221e-19)
(0.823284 0.14918 -3.26137e-19)
(0.822451 0.157096 -2.30681e-20)
(0.822721 0.165625 -5.11086e-20)
(0.824292 0.17476 3.55404e-19)
(0.827372 0.184486 2.23253e-20)
(0.832184 0.194778 2.55065e-19)
(0.83895 0.205579 -6.48056e-19)
(0.847889 0.216777 -5.36431e-19)
(0.859209 0.228175 -1.24535e-18)
(0.873087 0.239478 -1.28976e-18)
(0.889656 0.250272 -1.50311e-18)
(0.908983 0.260022 -1.49914e-18)
(0.931036 0.268077 -1.72157e-18)
(0.841414 0.126156 -1.51123e-18)
(0.838049 0.131381 -5.61128e-18)
(0.83523 0.137059 -1.54622e-18)
(0.833079 0.143228 -1.0649e-18)
(0.831738 0.149901 1.09908e-18)
(0.831371 0.157073 -2.68555e-19)
(0.832164 0.164722 6.49176e-19)
(0.834321 0.172828 7.92052e-19)
(0.838062 0.181369 9.7479e-19)
(0.843617 0.190315 6.48617e-19)
(0.851218 0.199609 -8.65947e-19)
(0.861098 0.209145 -6.95024e-19)
(0.873473 0.218743 -2.48608e-18)
(0.888532 0.22813 -3.03083e-18)
(0.906421 0.236932 -3.46166e-18)
(0.927224 0.244672 -3.78382e-18)
(0.950934 0.250773 -5.86934e-18)
(0.848427 0.128593 3.74406e-18)
(0.845327 0.133463 -2.13064e-17)
(0.84278 0.138704 -1.08522e-17)
(0.840909 0.144342 -8.02195e-18)
(0.839858 0.150376 2.72048e-18)
(0.839792 0.156781 -1.8054e-19)
(0.840898 0.163524 1.06455e-18)
(0.843381 0.170573 9.97515e-19)
(0.847464 0.177897 2.25718e-18)
(0.853379 0.18546 4.99958e-18)
(0.861366 0.193205 -1.39181e-18)
)
;

boundaryField
{
    inlet
    {
        type            uniformFixedValue;
        uniformValue    constant (1 0 0);
        value           nonuniform 0();
    }
    outlet
    {
        type            pressureInletOutletVelocity;
        value           nonuniform 0();
    }
    polygon
    {
        type            fixedValue;
        value           nonuniform 0();
    }
    top
    {
        type            symmetryPlane;
    }
    bottom
    {
        type            symmetryPlane;
    }
    outside
    {
        type            zeroGradient;
    }
    procBoundary12to4
    {
        type            processor;
        value           nonuniform List<vector> 
18
(
(0.871661 0.201032 7.93678e-19)
(0.884485 0.208776 -3.84893e-18)
(0.900032 0.216191 -6.43847e-18)
(0.918451 0.22294 -7.85801e-18)
(0.939828 0.228598 -6.3116e-18)
(0.964165 0.23266 -1.64585e-17)
(0.855413 0.130853 -1.42963e-18)
(0.852576 0.135368 -3.08131e-18)
(0.850284 0.140175 -1.99841e-18)
(0.848658 0.145286 5.08147e-19)
(0.847836 0.150683 1.44193e-19)
(0.847978 0.156328 1.63881e-19)
(0.849264 0.162175 -5.66949e-20)
(0.851894 0.168175 1.22356e-19)
(0.856086 0.174291 1.39973e-19)
(0.862072 0.180477 1.19029e-19)
(0.871661 0.201032 7.93678e-19)
(0.870091 0.186679 -2.5796e-19)
)
;
    }
    procBoundary12to5
    {
        type            processor;
        value           uniform (0.851978 0.124045 -3.17335e-18);
    }
    procBoundary12to11
    {
        type            processor;
        value           nonuniform List<vector> 7((0.674446 0.317537 5.43035e-18) (0.75582 0.31923 6.9029e-18) (0.824855 0.314784 3.30282e-18) (0.880842 0.304977 -1.12001e-17) (0.924054 0.290877 -7.33259e-18) (0.95566 0.273687 -2.81641e-19) (0.977428 0.254579 -2.82812e-18));
    }
    procBoundary12to13
    {
        type            processor;
        value           nonuniform List<vector> 6((0.80795 0.103937 -1.30944e-18) (0.816869 0.10814 -2.9889e-18) (0.824627 0.111888 -3.73424e-18) (0.831715 0.115283 -2.30185e-18) (0.838502 0.118408 -1.12826e-18) (0.845226 0.121318 -2.40363e-18));
    }
    procBoundary12to20
    {
        type            processor;
        value           nonuniform List<vector> 
18
(
(0.730154 0.140538 -1.8688e-17)
(0.720238 0.151716 -1.72026e-17)
(0.710018 0.164017 -1.47576e-17)
(0.699484 0.177448 -7.99764e-18)
(0.688613 0.191974 5.06837e-18)
(0.677374 0.207495 9.44137e-18)
(0.665717 0.223822 -6.84823e-19)
(0.653571 0.240641 5.34928e-18)
(0.640853 0.25748 -9.55529e-19)
(0.627461 0.273686 9.31319e-19)
(0.613295 0.288415 1.42817e-18)
(0.598264 0.300647 3.31615e-18)
(0.789983 0.10509 2.25309e-19)
(0.782668 0.111664 -3.13172e-20)
(0.775329 0.118994 4.52706e-19)
(0.767974 0.127185 1.10233e-18)
(0.760618 0.136328 1.54277e-18)
(0.760618 0.136328 1.54277e-18)
)
;
    }
}


// ************************************************************************* //
