/*--------------------------------*- C++ -*----------------------------------*\
  =========                 |
  \\      /  F ield         | OpenFOAM: The Open Source CFD Toolbox
   \\    /   O peration     | Website:  https://openfoam.org
    \\  /    A nd           | Version:  7
     \\/     M anipulation  |
\*---------------------------------------------------------------------------*/
FoamFile
{
    version     2.0;
    format      ascii;
    class       volVectorField;
    location    "84";
    object      U;
}
// * * * * * * * * * * * * * * * * * * * * * * * * * * * * * * * * * * * * * //

dimensions      [0 1 -1 0 0 0 0];

internalField   nonuniform List<vector> 
125
(
(-0.231336 0.00557194 1.07763e-18)
(-0.229147 0.00531519 3.47264e-18)
(-0.22705 0.00504422 1.37626e-18)
(-0.225049 0.00476229 4.90266e-19)
(-0.223147 0.00447257 5.16756e-19)
(-0.221345 0.00417813 1.25147e-18)
(-0.219645 0.0038819 -8.11658e-19)
(-0.218046 0.00358665 -6.75798e-19)
(-0.216546 0.00329498 -4.91307e-20)
(-0.215143 0.00300927 -1.14785e-18)
(-0.213832 0.00273172 -1.60584e-19)
(-0.212609 0.0024643 9.79211e-20)
(-0.211469 0.00220872 1.04726e-18)
(-0.245129 0.00546825 9.07162e-19)
(-0.242611 0.00529616 -1.2744e-18)
(-0.24017 0.00510276 -2.07153e-18)
(-0.237815 0.00489091 1.20061e-18)
(-0.235552 0.00466348 4.58899e-19)
(-0.233389 0.00442336 6.02192e-19)
(-0.23133 0.00417339 2.20609e-19)
(-0.229379 0.00391632 7.80126e-19)
(-0.227538 0.00365484 9.70742e-19)
(-0.225809 0.00339149 4.24209e-19)
(-0.22419 0.0031287 -1.39464e-18)
(-0.222681 0.00286873 -3.36561e-19)
(-0.22128 0.00261369 -1.17278e-18)
(-0.219983 0.00236549 1.83214e-19)
(-0.218785 0.00212585 2.84502e-19)
(-0.217683 0.00189633 1.9332e-18)
(-0.250943 0.00468227 2.51668e-19)
(-0.248341 0.00453391 -3.44128e-18)
(-0.245821 0.00436724 -4.34082e-18)
(-0.243392 0.0041847 2.60739e-18)
(-0.241062 0.00398872 -2.4738e-18)
(-0.238839 0.00378175 1.3807e-19)
(-0.236727 0.0035662 -1.16476e-19)
(-0.23473 0.00334443 1.50937e-18)
(-0.232852 0.00311869 1.33319e-18)
(-0.231093 0.00289116 1.80598e-18)
(-0.229454 0.0026639 -3.30925e-18)
(-0.227933 0.00243883 -4.37573e-19)
(-0.226529 0.00221775 -1.87441e-18)
(-0.225239 0.0020023 8.76809e-19)
(-0.224059 0.00179394 4.79258e-19)
(-0.222983 0.00159399 4.32978e-18)
(-0.255815 0.00386957 1.95898e-21)
(-0.25314 0.00374628 -1.52779e-18)
(-0.250551 0.00360782 -2.03293e-18)
(-0.248058 0.00345619 2.39001e-20)
(-0.24567 0.0032934 -8.83969e-19)
(-0.243394 0.00312146 3.08884e-19)
(-0.241235 0.00294235 -3.07479e-19)
(-0.239198 0.00275799 3.38054e-18)
(-0.237285 0.00257024 2.42485e-18)
(-0.235498 0.0023809 3.82632e-18)
(-0.233839 0.00219164 -7.57166e-19)
(-0.232305 0.00200406 -8.61056e-20)
(-0.230896 0.00181962 -3.79184e-18)
(-0.229609 0.00163966 2.66871e-18)
(-0.228439 0.00146541 1.1326e-18)
(-0.227383 0.00129795 1.65133e-18)
(-0.25973 0.003034 -4.74167e-20)
(-0.256995 0.0029368 -6.3853e-19)
(-0.25435 0.00282769 -8.98672e-19)
(-0.251805 0.00270822 -2.00435e-18)
(-0.249369 0.00257998 1.59224e-19)
(-0.247048 0.00244453 7.51096e-19)
(-0.24485 0.00230342 -5.94162e-19)
(-0.242778 0.00215816 8.22293e-19)
(-0.240835 0.0020102 4.4403e-18)
(-0.239025 0.00186093 9.10391e-19)
(-0.237347 0.00171169 2.28811e-19)
(-0.235801 0.0015637 3.44659e-19)
(-0.234386 0.00141811 -8.19741e-18)
(-0.233098 0.001276 -5.58346e-19)
(-0.231935 0.0011383 2.19006e-18)
(-0.230892 0.00100587 -1.82811e-19)
(-0.262678 0.0021799 1.98111e-19)
(-0.259898 0.00210957 -1.93443e-19)
(-0.257209 0.00203069 -3.73567e-19)
(-0.254624 0.00194436 -5.12824e-18)
(-0.25215 0.00185173 -4.94488e-18)
(-0.249795 0.00175392 1.62787e-18)
(-0.247565 0.00165204 -1.42888e-18)
(-0.245466 0.00154717 -9.91803e-19)
(-0.243501 0.00144036 2.33851e-18)
(-0.241671 0.00133259 -2.20424e-18)
(-0.239978 0.00122482 1.26992e-18)
(-0.238421 0.00111792 6.93042e-19)
(-0.237 0.00101272 -3.56166e-18)
(-0.235711 0.000909966 -2.20442e-18)
(-0.234551 0.00081034 -2.99404e-18)
(-0.233517 0.000714447 -2.47653e-18)
(-0.26465 0.00131148 1.44078e-18)
(-0.261838 0.00126859 2.00189e-19)
(-0.25912 0.00122058 -2.89682e-19)
(-0.256507 0.00116815 -5.11968e-18)
(-0.254007 0.00111199 -5.34891e-18)
(-0.251629 0.00105282 4.56257e-18)
(-0.249379 0.000991288 3.36666e-18)
(-0.247261 0.000928067 -3.05913e-18)
(-0.245279 0.000863783 2.08732e-18)
(-0.243436 0.000799035 -2.56831e-19)
(-0.241732 0.000734389 3.74396e-18)
(-0.240168 0.000670374 9.74977e-19)
(-0.238742 0.000607479 -1.89966e-18)
(-0.237451 0.000546147 -4.61602e-18)
(-0.236293 0.000486781 -1.91519e-18)
(-0.235264 0.000429732 2.04968e-18)
(-0.265638 0.000431079 3.4374e-18)
(-0.26281 0.000415571 3.94684e-19)
(-0.260077 0.000398358 -7.3044e-19)
(-0.25745 0.0003797 -2.01768e-18)
(-0.254937 0.000359855 -1.41545e-18)
(-0.252547 0.000339074 5.1738e-18)
(-0.250286 0.000317602 2.33913e-18)
(-0.248158 0.000295672 -1.06732e-18)
(-0.246168 0.000273506 3.94752e-18)
(-0.244318 0.000251312 1.1562e-18)
(-0.242609 0.000229285 1.61374e-18)
(-0.24104 0.000207604 1.02423e-18)
(-0.239611 0.000186431 -1.92181e-18)
(-0.238319 0.000165913 -2.43698e-18)
(-0.237162 0.000146176 -1.23024e-18)
(-0.236135 0.000127333 8.99598e-19)
)
;

boundaryField
{
    inlet
    {
        type            uniformFixedValue;
        uniformValue    constant (1 0 0);
        value           nonuniform 0();
    }
    outlet
    {
        type            pressureInletOutletVelocity;
        value           nonuniform 0();
    }
    polygon
    {
        type            fixedValue;
        value           nonuniform 0();
    }
    top
    {
        type            symmetryPlane;
    }
    bottom
    {
        type            symmetryPlane;
    }
    outside
    {
        type            zeroGradient;
    }
    procBoundary37to29
    {
        type            processor;
        value           nonuniform List<vector> 
16
(
(-0.265638 -0.00044048 1.41482e-18)
(-0.26281 -0.000426994 -2.84746e-21)
(-0.260078 -0.000411596 -1.91547e-18)
(-0.25745 -0.0003945 -3.41656e-19)
(-0.254938 -0.000375928 1.96823e-18)
(-0.252547 -0.000356099 3.13967e-18)
(-0.250286 -0.000335233 1.83609e-18)
(-0.248158 -0.000313545 -3.84847e-19)
(-0.246168 -0.000291247 1.8749e-18)
(-0.244318 -0.000268544 2.46442e-18)
(-0.242608 -0.000245635 4.52888e-19)
(-0.24104 -0.000222713 1.41727e-18)
(-0.239611 -0.000199959 -3.67971e-18)
(-0.238319 -0.000177548 -1.66007e-18)
(-0.237162 -0.000155643 -7.08021e-19)
(-0.236134 -0.000134396 5.42843e-19)
)
;
    }
    procBoundary37to30
    {
        type            processor;
        value           uniform (-0.268549 0.000444625 -3.15794e-19);
    }
    procBoundary37to36
    {
        type            processor;
        value           nonuniform List<vector> 6((-0.222007 0.0014036 9.62324e-19) (-0.226435 0.00113822 9.46109e-19) (-0.229964 0.000879456 1.23858e-18) (-0.232602 0.000622812 2.21225e-18) (-0.234358 0.000375308 5.13162e-18) (-0.235233 0.000109477 3.03127e-18));
    }
    procBoundary37to38
    {
        type            processor;
        value           nonuniform List<vector> 6((-0.247712 0.00561627 -1.07289e-18) (-0.253616 0.00480998 -1.01898e-18) (-0.258564 0.00397577 -1.00162e-18) (-0.262543 0.00311777 -1.52927e-18) (-0.265539 0.00224056 -3.11936e-18) (-0.267544 0.00134857 7.29181e-19));
    }
    procBoundary37to44
    {
        type            processor;
        value           nonuniform List<vector> 2((-0.210406 0.0019665 5.13467e-19) (-0.216669 0.00167823 6.19521e-19));
    }
    procBoundary37to45
    {
        type            processor;
        value           nonuniform List<vector> 
17
(
(-0.223966 0.00622433 1.94769e-18)
(-0.221857 0.00594048 2.12027e-18)
(-0.21983 0.00564106 2.52815e-18)
(-0.217889 0.00532977 8.37286e-19)
(-0.216037 0.00501021 4.79599e-19)
(-0.214274 0.00468583 2.24106e-18)
(-0.212602 0.00435995 -2.95305e-18)
(-0.211018 0.00403568 -3.49498e-19)
(-0.209522 0.00371595 9.46258e-20)
(-0.208109 0.00340343 -1.91395e-18)
(-0.206776 0.00310057 -3.96156e-19)
(-0.205517 0.00280957 4.02295e-20)
(-0.204327 0.00253234 5.64155e-19)
(-0.238385 0.00622371 2.4423e-18)
(-0.235963 0.0060295 -3.19635e-19)
(-0.23361 0.00581115 -9.37138e-19)
(-0.23361 0.00581115 -9.37138e-19)
)
;
    }
}


// ************************************************************************* //
