/*--------------------------------*- C++ -*----------------------------------*\
  =========                 |
  \\      /  F ield         | OpenFOAM: The Open Source CFD Toolbox
   \\    /   O peration     | Website:  https://openfoam.org
    \\  /    A nd           | Version:  7
     \\/     M anipulation  |
\*---------------------------------------------------------------------------*/
FoamFile
{
    version     2.0;
    format      ascii;
    class       surfaceScalarField;
    location    "98";
    object      phi;
}
// * * * * * * * * * * * * * * * * * * * * * * * * * * * * * * * * * * * * * //

dimensions      [0 3 -1 0 0 0 0];

internalField   nonuniform List<scalar> 
319
(
-0.000389017
-0.0106388
0.0107183
-0.000470624
-0.0106369
0.0107185
-0.000552145
-0.010618
0.0106995
-0.000634933
-0.0106092
0.010692
-0.000718132
-0.0106019
0.0106851
-0.000802348
-0.0106033
0.0106875
-0.000887318
-0.010611
0.010696
-0.0106282
0.0107142
-0.000388038
-0.0105592
-0.000469585
-0.0105553
-0.000551186
-0.0105364
-0.000633976
-0.0105264
-0.000717236
-0.0105186
-0.000801495
-0.010519
-0.00088655
-0.0105259
-0.010542
-0.00038699
-0.0104794
-0.000468516
-0.0104738
-0.00055019
-0.0104547
-0.000632996
-0.0104436
-0.000716318
-0.0104353
-0.000800626
-0.0104347
-0.000885768
-0.0104408
-0.0104558
-0.000385875
-0.0103994
-0.000467401
-0.0103923
-0.000549145
-0.010373
-0.000631969
-0.0103608
-0.000715347
-0.0103519
-0.000799702
-0.0103504
-0.000884923
-0.0103556
-0.0103695
-0.000384696
-0.0103193
-0.000466241
-0.0103107
-0.000548049
-0.0102912
-0.000630894
-0.010278
-0.000714323
-0.0102685
-0.000798721
-0.010266
-0.000884014
-0.0102703
-0.010283
-0.000383454
-0.0102391
-0.000465033
-0.0102292
-0.000546903
-0.0102093
-0.00062977
-0.0101951
-0.000713245
-0.010185
-0.000797682
-0.0101815
-0.000883038
-0.0101849
-0.0101965
-0.000382152
-0.0101587
-0.000463775
-0.0101475
-0.000545707
-0.0101274
-0.000628596
-0.0101122
-0.000712111
-0.0101015
-0.000796582
-0.0100971
-0.000881993
-0.0100995
-0.0101099
-0.000380791
-0.0100781
-0.000462468
-0.0100659
-0.00054446
-0.0100454
-0.000627369
-0.0100293
-0.00071092
-0.010018
-0.000795418
-0.0100126
-0.000880875
-0.010014
-0.0100232
-0.000379369
-0.00999742
-0.000461113
-0.00998411
-0.000543158
-0.00996333
-0.000626087
-0.00994637
-0.000709668
-0.00993439
-0.000794188
-0.00992803
-0.000879684
-0.00992855
-0.00993652
-0.000377933
-0.000459665
-0.000541795
-0.000624707
-0.000708318
-0.000792844
-0.000878377
-0.0109447
0.00269879
-0.0108826
0.00273435
-0.0108067
0.00277303
0.00281438
-0.0111214
0.00246832
-0.0111298
0.00248621
-0.0111306
0.00250393
-0.0111239
0.00252177
-0.01111
0.00254004
-0.0110891
0.00255901
-0.0110608
0.00257891
-0.011025
0.0025999
-0.0109811
0.0026221
-0.0109279
0.00264565
-0.0108641
0.00267053
-0.0107877
0.00269664
0.00272262
-0.0111538
0.00247092
-0.0111508
0.00248323
-0.0111424
0.00249553
-0.0111286
0.00250799
-0.0111093
0.00252078
-0.0110844
0.00253404
-0.0110533
0.00254782
-0.0110155
0.00256211
-0.0109702
0.00257682
-0.0109164
0.0025918
-0.0108526
0.00260675
-0.010777
0.00262111
0.00263306
-0.0111637
0.00246689
-0.0111555
0.0024751
-0.0111432
0.00248322
-0.0111266
0.00249132
-0.0111052
0.00249945
-0.0110788
0.00250761
-0.0110467
0.00251574
-0.0110083
0.00252369
-0.0109627
0.0025312
-0.0109088
0.00253794
-0.0108456
0.00254356
-0.0107718
0.00254731
0.00254634
-0.0111653
0.00246012
-0.0111552
0.00246499
-0.0111415
0.00246954
-0.0111239
0.00247375
-0.0111021
0.00247759
-0.0110754
0.00248095
-0.0110434
0.0024837
-0.0110052
0.00248558
-0.0109603
0.00248622
-0.0109075
0.00248519
-0.010846
0.00248204
-0.0107744
0.00247575
0.00246391
-0.0111645
0.00245239
-0.0111538
0.00245426
-0.0111397
0.0024555
-0.011122
0.00245602
-0.0111001
0.0024557
-0.0110735
0.00245438
-0.0110417
0.00245184
-0.0110039
0.00244775
-0.0109593
0.00244169
-0.0109073
0.00243311
-0.0108469
0.00242169
-0.0107781
0.00240692
0.00238536
-0.0111636
0.00244453
-0.0111529
0.00244356
-0.011139
0.00244162
-0.0111216
0.00243857
-0.0111001
0.00243424
-0.0110742
0.0024284
-0.0110431
0.00242079
-0.0110064
0.00241107
-0.0109635
0.00239879
-0.0109139
0.00238342
-0.0108565
0.00236433
-0.0107907
0.00234117
0.00231311
-0.0111616
-0.0111508
-0.0111369
-0.0111194
-0.0110979
-0.0110719
-0.0110408
-0.011004
-0.0109608
-0.0109107
-0.0108535
-0.0107892
)
;

boundaryField
{
    inlet
    {
        type            calculated;
        value           nonuniform 0();
    }
    outlet
    {
        type            calculated;
        value           nonuniform 0();
    }
    polygon
    {
        type            calculated;
        value           nonuniform 0();
    }
    top
    {
        type            symmetryPlane;
        value           uniform 0;
    }
    bottom
    {
        type            symmetryPlane;
        value           uniform 0;
    }
    outside
    {
        type            calculated;
        value           nonuniform List<scalar> 
23
(
0.000309537
0.000308387
0.000307185
0.000305918
0.000304589
0.0003032
0.00030175
0.000300241
0.000298673
0.000296992
0.00243659
0.0024328
0.00242769
0.00242109
0.00241274
0.00240239
0.00238969
0.00237425
0.00235561
0.00233334
0.00230714
0.00227682
0.00224226
)
;
    }
    procBoundary2to1
    {
        type            processor;
        value           nonuniform List<scalar> 5(-0.00991647 -0.00990238 -0.0098812 -0.00986346 -0.00985078);
    }
    procBoundary2to3
    {
        type            processor;
        value           nonuniform List<scalar> 7(0.0111048 0.0111512 0.0111677 0.0111721 0.0111722 0.0111715 0.0111695);
    }
    procBoundary2to9
    {
        type            processor;
        value           nonuniform List<scalar> 3(-0.00984351 -0.00984302 -0.00984975);
    }
    procBoundary2to10
    {
        type            processor;
        value           nonuniform List<scalar> 
24
(
-0.000973317
-0.000972667
-0.000972002
-0.000971265
-0.000970454
-0.000969565
-0.000968595
-0.000967537
-0.000966401
-0.000965147
-0.00274891
-0.00279638
-0.002849
-0.00290687
-0.00245175
-0.00247777
-0.00250321
-0.00252844
-0.00255389
-0.00257999
-0.00260715
-0.00263571
0.0109948
-0.00266606
)
;
    }
}


// ************************************************************************* //
