/*--------------------------------*- C++ -*----------------------------------*\
  =========                 |
  \\      /  F ield         | OpenFOAM: The Open Source CFD Toolbox
   \\    /   O peration     | Website:  https://openfoam.org
    \\  /    A nd           | Version:  7
     \\/     M anipulation  |
\*---------------------------------------------------------------------------*/
FoamFile
{
    version     2.0;
    format      ascii;
    class       volVectorField;
    location    "70";
    object      U;
}
// * * * * * * * * * * * * * * * * * * * * * * * * * * * * * * * * * * * * * //

dimensions      [0 1 -1 0 0 0 0];

internalField   nonuniform List<vector> 
115
(
(-0.245356 0.000438069 1.68933e-18)
(-0.24336 0.000399075 -9.17593e-19)
(-0.241541 0.000360883 -5.74317e-19)
(-0.239896 0.000323686 1.13766e-18)
(-0.246818 -0.00955318 -9.07323e-19)
(-0.243639 -0.00939766 -4.65854e-20)
(-0.240512 -0.00918891 1.20687e-18)
(-0.237454 -0.00893185 3.37027e-19)
(-0.234478 -0.00863188 -4.93227e-19)
(-0.231597 -0.00829471 6.94536e-19)
(-0.228822 -0.00792615 -1.46408e-18)
(-0.226161 -0.00753209 -2.09805e-18)
(-0.22362 -0.00711961 -2.27852e-18)
(-0.266086 -0.0071128 -4.46139e-20)
(-0.262552 -0.00700095 3.7805e-19)
(-0.259081 -0.00684929 3.69493e-19)
(-0.25569 -0.00666133 1.86116e-18)
(-0.252397 -0.00644094 1.06494e-18)
(-0.249216 -0.0061923 9.84009e-19)
(-0.246161 -0.00591973 7.18283e-19)
(-0.24324 -0.00562756 -1.50788e-18)
(-0.240462 -0.0053199 -1.62247e-18)
(-0.237832 -0.00500171 -4.29859e-19)
(-0.235356 -0.00467734 -9.46061e-19)
(-0.233034 -0.00435033 -6.79679e-19)
(-0.230866 -0.00402391 -9.13561e-20)
(-0.228852 -0.00370092 -1.73918e-20)
(-0.226988 -0.00338379 1.44494e-18)
(-0.225271 -0.00307455 -3.72697e-19)
(-0.223696 -0.00277489 5.94286e-19)
(-0.256936 -0.00840345 -1.64478e-18)
(-0.253575 -0.00826965 -1.38765e-18)
(-0.250271 -0.008089 -9.5286e-19)
(-0.247043 -0.00786573 5.71422e-19)
(-0.243906 -0.00760448 2.75305e-19)
(-0.240873 -0.0073102 5.72665e-19)
(-0.237956 -0.00698797 -2.13245e-19)
(-0.235164 -0.00664314 -1.09152e-18)
(-0.232504 -0.00628172 -2.63382e-18)
(-0.229982 -0.00590883 -1.80889e-18)
(-0.2276 -0.00552927 -2.62672e-19)
(-0.22536 -0.00514707 -1.99411e-18)
(-0.223261 -0.00476604 -3.56324e-19)
(-0.221302 -0.00438952 -1.61972e-18)
(-0.219479 -0.00402037 -1.08361e-18)
(-0.217788 -0.00366101 -1.84618e-18)
(-0.216224 -0.0033134 1.62192e-18)
(-0.280105 -0.00415084 2.71357e-19)
(-0.276293 -0.00408706 3.34382e-18)
(-0.27255 -0.00399996 1.59557e-18)
(-0.268896 -0.00389153 6.7343e-19)
(-0.26535 -0.00376396 2.46332e-18)
(-0.261927 -0.0036196 1.11401e-18)
(-0.258643 -0.00346093 7.60843e-19)
(-0.255507 -0.00329047 9.21031e-19)
(-0.25253 -0.0031106 -4.40607e-19)
(-0.249719 -0.00292416 5.0058e-19)
(-0.247078 -0.0027337 1.86566e-18)
(-0.24461 -0.0025413 2.44484e-19)
(-0.242316 -0.00234885 1.01085e-18)
(-0.240197 -0.00215798 9.06342e-19)
(-0.238248 -0.00197011 9.65775e-19)
(-0.236468 -0.00178641 1.4796e-18)
(-0.234851 -0.00160787 3.24591e-19)
(-0.273917 -0.00568764 1.40391e-18)
(-0.270229 -0.00559958 2.62287e-18)
(-0.266608 -0.00547972 2.26532e-18)
(-0.263072 -0.0053308 1.00301e-18)
(-0.25964 -0.00515587 2.49856e-18)
(-0.256326 -0.00495819 2.21322e-18)
(-0.253145 -0.00474119 2.04179e-18)
(-0.250107 -0.00450828 1.01717e-19)
(-0.24722 -0.00426271 -1.96611e-18)
(-0.244492 -0.00400853 1.04401e-18)
(-0.241926 -0.00374921 1.77342e-18)
(-0.239525 -0.0034876 8.29243e-20)
(-0.23729 -0.00322623 2.52842e-19)
(-0.23522 -0.00296736 1.65759e-18)
(-0.233312 -0.0027129 9.04891e-19)
(-0.231563 -0.00246447 4.20319e-19)
(-0.229968 -0.00222338 3.44192e-19)
(-0.286581 -0.000849015 2.43437e-19)
(-0.282636 -0.000836058 4.89969e-18)
(-0.278763 -0.000818284 2.48055e-18)
(-0.274982 -0.000796091 6.64113e-19)
(-0.271314 -0.000769925 1.57831e-18)
(-0.267774 -0.000740268 1.14028e-19)
(-0.264377 -0.000707624 -7.98351e-22)
(-0.261136 -0.000672513 3.83994e-18)
(-0.258061 -0.000635405 -9.83883e-20)
(-0.255158 -0.000596842 2.45656e-18)
(-0.252434 -0.000557374 -2.45468e-18)
(-0.249892 -0.000517445 -3.3545e-19)
(-0.247532 -0.000477446 -1.16149e-18)
(-0.245356 -0.000437719 3.43846e-18)
(-0.24336 -0.000398557 7.34494e-19)
(-0.241541 -0.000360202 -3.72105e-19)
(-0.239896 -0.000322853 3.29689e-19)
(-0.28439 -0.00252653 -7.47297e-20)
(-0.280491 -0.00248821 3.80328e-18)
(-0.276662 -0.00243575 1.69729e-18)
(-0.272924 -0.00237035 5.83233e-19)
(-0.269297 -0.00229332 1.29184e-18)
(-0.265797 -0.00220609 5.75908e-19)
(-0.262439 -0.00211013 2.49872e-19)
(-0.259235 -0.00200698 2.74232e-18)
(-0.256193 -0.00189814 1.66801e-19)
(-0.253321 -0.00178532 8.94048e-19)
(-0.250626 -0.00167 -6.87339e-20)
(-0.248109 -0.00155347 -7.28362e-21)
(-0.245772 -0.00143687 -1.41059e-18)
(-0.243615 -0.00132121 9.79121e-19)
(-0.241636 -0.00120734 2.07574e-18)
(-0.239831 -0.001096 -8.59079e-19)
(-0.238196 -0.00098775 5.74413e-20)
)
;

boundaryField
{
    inlet
    {
        type            uniformFixedValue;
        uniformValue    constant (1 0 0);
        value           nonuniform 0();
    }
    outlet
    {
        type            pressureInletOutletVelocity;
        value           nonuniform 0();
    }
    polygon
    {
        type            fixedValue;
        value           nonuniform 0();
    }
    top
    {
        type            symmetryPlane;
    }
    bottom
    {
        type            symmetryPlane;
    }
    outside
    {
        type            zeroGradient;
    }
    procBoundary29to21
    {
        type            processor;
        value           nonuniform List<vector> 
18
(
(-0.236099 -0.0105685 -7.05642e-19)
(-0.2331 -0.0103937 1.44778e-18)
(-0.230147 -0.0101604 5.4476e-19)
(-0.227255 -0.00987401 6.07248e-20)
(-0.224436 -0.0095409 -1.74408e-18)
(-0.221703 -0.00916755 1.44473e-18)
(-0.219063 -0.00876067 -4.97197e-19)
(-0.216526 -0.00832678 -1.03162e-18)
(-0.221203 -0.00669557 -3.61123e-19)
(-0.214095 -0.00787243 2.93601e-19)
(-0.221203 -0.00669557 -3.61123e-19)
(-0.218913 -0.00626532 5.10843e-19)
(-0.21675 -0.00583326 -1.26353e-18)
(-0.214713 -0.00540362 -4.12123e-19)
(-0.2128 -0.00498016 -7.74718e-19)
(-0.211007 -0.00456611 7.33506e-20)
(-0.209329 -0.00416417 -6.61602e-19)
(-0.207761 -0.00377659 5.12901e-19)
)
;
    }
    procBoundary29to28
    {
        type            processor;
        value           nonuniform List<vector> 5((-0.222257 -0.00248619 -1.52361e-19) (-0.214781 -0.0029792 -8.60344e-19) (-0.233393 -0.00143527 4.94959e-19) (-0.228522 -0.0019907 2.30376e-19) (-0.236727 -0.000883086 1.40673e-18));
    }
    procBoundary29to30
    {
        type            processor;
        value           nonuniform List<vector> 7((-0.250031 -0.00965115 -4.06979e-19) (-0.269662 -0.00718182 2.01265e-19) (-0.260335 -0.00848674 3.79278e-20) (-0.283963 -0.00418962 -1.98501e-19) (-0.277649 -0.00574154 1.59613e-19) (-0.290574 -0.000856817 -9.06023e-19) (-0.288337 -0.00254972 -7.24531e-19));
    }
    procBoundary29to36
    {
        type            processor;
        value           nonuniform List<vector> 2((-0.238419 0.000287644 2.93324e-19) (-0.238419 -0.000286673 -1.04974e-18));
    }
    procBoundary29to37
    {
        type            processor;
        value           nonuniform List<vector> 
18
(
(-0.243616 0.00132156 3.20038e-18)
(-0.241636 0.00120786 1.03968e-19)
(-0.239831 0.00109668 -1.13126e-18)
(-0.238196 0.000988585 4.02319e-18)
(-0.286581 0.000848264 1.88652e-18)
(-0.282636 0.000835251 3.31925e-18)
(-0.278763 0.00081745 -1.94116e-19)
(-0.274982 0.000795258 6.12004e-19)
(-0.271314 0.000769121 -6.24702e-19)
(-0.267774 0.000739519 -9.03466e-19)
(-0.264377 0.000706955 7.13875e-21)
(-0.261136 0.000671947 1.31551e-18)
(-0.258061 0.000634961 2.56912e-18)
(-0.255158 0.000596537 2.85963e-18)
(-0.252434 0.000557222 -2.48362e-19)
(-0.249892 0.000517455 -7.96746e-20)
(-0.247532 0.000477625 -2.2303e-18)
(-0.247532 0.000477625 -2.2303e-18)
)
;
    }
}


// ************************************************************************* //
