/*--------------------------------*- C++ -*----------------------------------*\
  =========                 |
  \\      /  F ield         | OpenFOAM: The Open Source CFD Toolbox
   \\    /   O peration     | Website:  https://openfoam.org
    \\  /    A nd           | Version:  7
     \\/     M anipulation  |
\*---------------------------------------------------------------------------*/
FoamFile
{
    version     2.0;
    format      ascii;
    class       surfaceScalarField;
    location    "106";
    object      phi;
}
// * * * * * * * * * * * * * * * * * * * * * * * * * * * * * * * * * * * * * //

dimensions      [0 3 -1 0 0 0 0];

internalField   nonuniform List<scalar> 
463
(
-0.00147437
0.00976862
-0.00939943
-0.00183919
0.00973246
-0.00936764
-0.00220384
0.00967598
-0.00931133
-0.00256802
0.00963176
-0.00926758
-0.0029334
0.00958256
-0.00921718
-0.00329993
0.00954112
-0.0091746
-0.00366953
0.00949738
-0.00912778
-0.00404315
0.00945871
-0.00908509
-0.00442269
0.00941976
-0.00904022
-0.0048093
0.00938726
-0.00900065
-0.00520852
0.00935336
-0.00895414
0.00933479
-0.00892241
-0.00150058
0.0101388
-0.0018679
0.0100998
-0.00223552
0.0100436
-0.0026033
0.00999955
-0.00297262
0.00995187
-0.00334404
0.00991255
-0.00371928
0.00987262
-0.00409996
0.00983939
-0.00448868
0.00980848
-0.00488796
0.00978654
-0.0053043
0.0097697
-0.0015257
0.0105102
-0.00189503
0.0104691
-0.00226532
0.0104139
-0.00263632
0.0103706
-0.00300981
0.0103254
-0.00338653
0.0102893
-0.00376844
0.0102545
-0.00415714
0.0102281
-0.00455547
0.0102068
-0.00496672
0.0101978
0.0102
-0.00154964
0.0108828
-0.00192079
0.0108402
-0.00229327
0.0107864
-0.00266694
0.0107442
-0.00304346
0.0107019
-0.00342353
0.0106693
-0.00380921
0.0106402
-0.00420284
0.0106217
-0.00460849
0.0106125
-0.0050303
0.0106196
0.0106375
-0.00157219
0.0112563
-0.00194499
0.011213
-0.00231949
0.0111609
-0.00269591
0.0111206
-0.00307605
0.011082
-0.00346127
0.0110545
-0.00385414
0.0110331
-0.00425684
0.0110244
-0.0046712
0.0110268
-0.00509547
0.0110439
-0.00159342
0.0116308
-0.00196776
0.0115874
-0.00234407
0.0115372
-0.00272273
0.0114993
-0.00310515
0.0114644
-0.00349235
0.0114417
-0.00388588
0.0114266
-0.00428759
0.0114261
-0.00469885
0.0114381
0.0114563
-0.00161313
0.012006
-0.00198868
0.0119629
-0.00236647
0.011915
-0.00274732
0.0118802
-0.00313275
0.0118499
-0.00352466
0.0118337
-0.00392525
0.0118272
-0.00433598
0.0118369
-0.00475094
0.011853
0.011845
-0.00163167
0.0123818
-0.00200847
0.0123398
-0.00238771
0.0122942
-0.00277043
0.0122629
-0.00315735
0.0122368
-0.00354937
0.0122257
-0.00394608
0.0122239
-0.00434393
0.0122347
-0.00472753
0.0122366
-0.00164851
0.0127579
-0.00202595
0.0127172
-0.00240585
0.0126741
-0.00279004
0.0126471
-0.00317871
0.0126255
-0.0035738
0.0126208
-0.0039753
0.0126254
-0.00437802
0.0126374
0.0126135
-0.00166413
0.0131337
-0.00204358
0.0130966
-0.00242481
0.0130553
-0.00281104
0.0130333
-0.00320056
0.013015
-0.00359424
0.0130144
-0.00398598
0.0130172
-0.0043575
0.013009
0.0129137
-0.000738134
0.0103933
-0.000506705
0.0103394
-0.000280511
0.0102651
-6.37433e-05
0.0101907
0.000145166
0.0101145
0.000341981
0.0100327
0.000526816
0.00995017
0.000695592
0.00985798
0.00084616
0.00976036
0.00964729
-0.000760976
0.0101512
-0.000525357
0.0101038
-0.000294952
0.0100347
-7.33239e-05
0.00996904
0.000140873
0.00990027
0.000343745
0.00982986
0.000535596
0.00975832
0.00071276
0.00968082
0.000873448
0.00959967
0.00101189
0.00950885
0.00940883
-0.00078212
0.00990484
-0.000541457
0.00986313
-0.000305624
0.0097989
-7.77603e-05
0.00974118
0.000143327
0.00967918
0.000354253
0.00961893
0.00055572
0.00955685
0.000744337
0.0094922
0.000918724
0.00942529
0.0010733
0.00935427
0.0092762
-0.000804551
0.00965464
-0.000560036
0.00961862
-0.000320182
0.00955904
-8.77677e-05
0.00950876
0.000138383
0.00945303
0.000354929
0.00940238
0.000562884
0.0093489
0.000758787
0.0092963
0.000941651
0.00924242
0.00110664
0.00918928
0.00913093
-0.000822686
-0.000571705
-0.000323993
-8.28095e-05
0.000153041
0.000380827
0.000601943
0.00081315
0.00101535
0.00120398
0.00138077
-0.00524559
0.0133123
-0.0054405
0.0132915
-0.005651
0.0132658
-0.00587651
0.0132588
-0.00611669
0.0132552
-0.00636491
0.0132627
-0.00660326
0.0132555
-0.00678137
0.0131871
0.0129296
-0.00534221
0.0134547
-0.00549099
0.0134403
-0.00564686
0.0134217
-0.00580692
0.0134189
-0.00596711
0.0134154
-0.00611251
0.0134081
-0.00621
0.013353
-0.00618952
0.0131666
0.0126824
-0.00541868
0.0135701
-0.00554001
0.0135617
-0.00566835
0.01355
-0.00579992
0.0135504
-0.00592703
0.0135425
-0.00602632
0.0135073
-0.00605163
0.0133783
-0.0059222
0.0130371
0.0122959
-0.0054658
0.0136591
-0.00555707
0.0136529
-0.00565005
0.013643
-0.00573642
0.0136368
-0.00580175
0.0136078
-0.00581292
0.0135185
-0.00571287
0.0132782
-0.00541977
0.012744
0.0117301
-0.00549711
0.0137257
-0.00556448
0.0137203
-0.00563067
0.0137092
-0.00568485
0.013691
-0.00570648
0.0136294
-0.00565507
0.0134671
-0.00546817
0.0130914
-0.00507157
0.0123474
0.0110738
-0.00551357
0.0137724
-0.0055587
0.0137654
-0.00559733
0.0137479
-0.00561361
0.0137073
-0.00557892
0.0135947
-0.00544435
0.0133325
-0.00514659
0.0127936
-0.00462706
0.0118279
0.0103191
-0.00552192
0.0138026
-0.00554798
0.0137915
-0.00556132
0.0137612
-0.00554098
0.0136869
-0.00545225
0.013506
-0.00524394
0.0131242
-0.00485958
0.0124092
-0.00426286
0.0112312
0.00953254
-0.00552079
0.0138185
-0.00552792
0.0137986
-0.00551359
0.0137468
-0.00545133
0.0136247
-0.00530127
0.013356
-0.00501209
0.0128351
-0.00453787
0.011935
-0.00386693
0.0105602
0.00871964
-0.00551116
0.013821
-0.00549919
0.0137867
-0.00545553
0.0137032
-0.00534905
0.0135182
-0.00513751
0.0131444
-0.00477464
0.0124722
-0.00423088
0.0113912
-0.00352115
0.00985051
0.00792337
-0.005492
-0.00545878
-0.00538194
-0.00522668
-0.00495096
-0.00451676
-0.00391255
-0.00317669
)
;

boundaryField
{
    inlet
    {
        type            calculated;
        value           nonuniform 0();
    }
    outlet
    {
        type            calculated;
        value           nonuniform 0();
    }
    polygon
    {
        type            calculated;
        value           nonuniform 0();
    }
    top
    {
        type            symmetryPlane;
        value           uniform 0;
    }
    bottom
    {
        type            symmetryPlane;
        value           uniform 0;
    }
    outside
    {
        type            calculated;
        value           nonuniform List<scalar> 
25
(
0.00110519
0.0011304
0.00115431
0.00117708
0.0011986
0.00121892
0.00123794
0.00125586
0.00127242
0.00128832
0.000976493
0.0010031
0.00102848
0.00105475
0.0010779
0.00506705
0.00519975
0.00530326
0.00537686
0.0054305
0.00546684
0.0054917
0.00550496
0.00550865
0.0055036
)
;
    }
    procBoundary13to9
    {
        type            processor;
        value           nonuniform List<scalar> 
30
(
-0.0056209
-0.00574241
0.0097729
-0.00539698
-0.00546787
-0.00551216
0.0110542
-0.00511126
-0.00513968
-0.00505065
0.0121681
-0.00475484
-0.00465771
0.000972946
-0.00952109
0.00112415
0.00120594
0.00125191
-0.00907608
0.00153445
-0.00679734
-0.00594229
-0.00553565
-0.00485399
-0.00441522
-0.0038724
-0.0034763
-0.00305403
-0.00272488
-0.00240343
)
;
    }
    procBoundary13to12
    {
        type            processor;
        value           nonuniform List<scalar> 10(-0.0106317 -0.0105708 -0.0104913 -0.0104074 -0.0103234 -0.0102295 -0.010135 -0.0100268 -0.00991093 -0.00977408);
    }
    procBoundary13to14
    {
        type            processor;
        value           nonuniform List<scalar> 9(0.0138094 0.0137535 0.0136263 0.0133629 0.0128687 0.012038 0.010787 0.00911465 0.00715011);
    }
}


// ************************************************************************* //
