/*--------------------------------*- C++ -*----------------------------------*\
  =========                 |
  \\      /  F ield         | OpenFOAM: The Open Source CFD Toolbox
   \\    /   O peration     | Website:  https://openfoam.org
    \\  /    A nd           | Version:  7
     \\/     M anipulation  |
\*---------------------------------------------------------------------------*/
FoamFile
{
    version     2.0;
    format      ascii;
    class       volVectorField;
    location    "98";
    object      U;
}
// * * * * * * * * * * * * * * * * * * * * * * * * * * * * * * * * * * * * * //

dimensions      [0 1 -1 0 0 0 0];

internalField   nonuniform List<vector> 
125
(
(1.00332 0.0280363 -2.26834e-17)
(1.00859 0.0181619 9.2435e-17)
(1.00837 0.0524261 -2.51766e-17)
(1.01827 0.0393915 -8.84704e-17)
(1.02053 0.0952761 -2.37936e-17)
(1.04269 0.0807143 -2.65428e-17)
(1.00068 -0.00042661 1.77089e-17)
(0.999675 0.0011604 -1.31929e-17)
(1.0009 -0.000412436 9.08479e-18)
(0.999691 0.00230124 4.80659e-18)
(1.00128 -0.000167301 9.9824e-18)
(1.00008 0.00430381 -1.90469e-17)
(1.00199 0.000601963 1.4229e-17)
(1.00087 0.00801729 -8.87096e-17)
(1.00327 0.00261602 2.04487e-17)
(1.00242 0.0149283 -5.61098e-17)
(1.00573 0.00722457 -1.27622e-17)
(1.00555 0.027636 -8.14075e-18)
(1.01109 0.0171735 3.48879e-17)
(1.01237 0.0507384 1.65462e-17)
(1.02314 0.0378981 -2.30224e-17)
(1.02744 0.0904857 -1.07225e-17)
(1.0507 0.0777526 -1.55912e-17)
(1.00052 -0.00053389 6.82279e-17)
(0.999826 0.00126656 -2.98343e-18)
(1.00075 -0.000584533 8.08457e-17)
(0.999936 0.0024086 2.10672e-17)
(1.00119 -0.000420322 8.32488e-18)
(1.00048 0.00439695 -1.4772e-18)
(1.00206 0.000240894 -1.55496e-20)
(1.00154 0.0080497 2.58121e-17)
(1.00369 0.00210372 7.4294e-17)
(1.00359 0.0147722 7.51139e-17)
(1.00684 0.0064828 3.03268e-18)
(1.00765 0.0269136 5.41229e-17)
(1.01348 0.0160903 9.62737e-17)
(1.01617 0.0485442 4.29412e-17)
(1.02768 0.0361257 -5.46867e-17)
(1.03396 0.0851884 -1.37735e-17)
(1.05805 0.0742981 -7.97443e-18)
(1.0004 -0.000632386 1.35907e-17)
(0.999935 0.00135301 -3.74426e-18)
(1.00064 -0.000746533 1.41967e-17)
(1.00013 0.0024814 6.63648e-18)
(1.00115 -0.000664671 5.51934e-18)
(1.00081 0.00443114 -5.77453e-18)
(1.00218 -0.000118093 2.31504e-17)
(1.00214 0.00798171 -8.3802e-17)
(1.00415 0.00158015 2.28293e-17)
(1.00466 0.014443 -5.59354e-17)
(1.00793 0.00570721 -1.23105e-17)
(1.00961 0.0258992 -2.53971e-18)
(1.01573 0.0148813 3.32844e-17)
(1.01973 0.0459488 6.69455e-18)
(1.03189 0.0340465 6.4116e-17)
(1.04004 0.0794778 1.22899e-17)
(1.06477 0.070355 6.36677e-18)
(1.0003 -0.00072159 3.10182e-18)
(1.00001 0.00141926 -3.92507e-18)
(1.00056 -0.000897755 2.04506e-20)
(1.00028 0.00251993 4.72813e-19)
(1.00113 -0.000899846 1.88539e-18)
(1.00109 0.00440529 -9.33933e-18)
(1.00233 -0.00046849 1.84983e-17)
(1.00266 0.00780394 -4.95261e-17)
(1.00462 0.00108463 7.75246e-17)
(1.00563 0.0139593 -8.14073e-18)
(1.00897 0.0048976 -8.40967e-19)
(1.01141 0.0246211 -2.06712e-17)
(1.01783 0.0135131 7.99968e-17)
(1.02301 0.043004 1.53693e-17)
(1.03576 0.0316106 3.01162e-17)
(1.04567 0.0733929 -1.5362e-18)
(1.07085 0.0658682 6.04795e-17)
(1.00022 -0.000800174 3.5975e-18)
(1.00007 0.00146457 -1.2985e-17)
(1.00051 -0.00103646 -6.3015e-18)
(1.0004 0.00252729 -6.35611e-18)
(1.00115 -0.00112783 8.985e-18)
(1.00133 0.00433377 -2.02127e-17)
(1.00249 -0.000838369 2.18395e-17)
(1.00313 0.00755677 -1.00904e-16)
(1.00508 0.000460512 2.13125e-17)
(1.00647 0.0133245 -7.38615e-17)
(1.00995 0.00393358 -1.73848e-17)
(1.01299 0.0231248 -2.13739e-17)
(1.01974 0.0118926 3.15159e-17)
(1.02595 0.0397527 -9.01647e-18)
(1.03922 0.0287656 5.96128e-17)
(1.05076 0.0668946 1.2494e-17)
(1.07622 0.0608067 1.00497e-17)
(1.00017 -0.000864471 1.41731e-17)
(1.0001 0.00148577 -7.74806e-17)
(1.00048 -0.0011499 -1.9418e-17)
(1.0005 0.00249644 -1.34617e-17)
(1.00118 -0.00131348 2.17075e-17)
(1.00151 0.00421099 -8.27491e-17)
(1.00265 -0.00111608 -3.72867e-20)
(1.00348 0.00726318 -6.01934e-17)
(1.00551 0.000100898 7.19721e-17)
(1.00717 0.0127085 -1.14983e-17)
(1.0108 0.0032725 -6.57248e-18)
(1.0143 0.0217622 -2.96944e-17)
(1.02138 0.0106006 8.563e-17)
(1.02841 0.0369487 -3.83447e-17)
(1.04213 0.0263254 -6.74074e-17)
(1.05511 0.0615767 -1.19702e-17)
(1.08068 0.0564202 -1.88636e-17)
(1.00013 -0.000948443 5.85593e-18)
(1.00012 0.00150039 -1.57209e-17)
(1.00047 -0.00131186 -7.68407e-18)
(1.00056 0.00241813 -7.10802e-18)
(1.00122 -0.00160344 1.04248e-17)
(1.00166 0.00395536 -2.4812e-17)
(1.0028 -0.00161617 2.14349e-17)
(1.00379 0.0066302 -1.09385e-16)
(1.00586 -0.000730417 7.77872e-18)
(1.00767 0.0114297 -8.92722e-17)
(1.01147 0.00171241 -2.73406e-17)
(1.01522 0.0191104 -1.87288e-17)
(1.02265 0.00769947 1.50162e-17)
(1.03017 0.0316301 5.77473e-19)
(1.04438 0.0210704 -1.59978e-17)
(1.05827 0.051606 -6.43526e-18)
(1.08404 0.0474329 -1.19511e-17)
)
;

boundaryField
{
    inlet
    {
        type            uniformFixedValue;
        uniformValue    constant (1 0 0);
        value           uniform (1 0 0);
    }
    outlet
    {
        type            pressureInletOutletVelocity;
        value           nonuniform 0();
    }
    polygon
    {
        type            fixedValue;
        value           nonuniform 0();
    }
    top
    {
        type            symmetryPlane;
    }
    bottom
    {
        type            symmetryPlane;
    }
    outside
    {
        type            zeroGradient;
    }
    procBoundary56to48
    {
        type            processor;
        value           nonuniform List<vector> 
18
(
(1.00092 0.028088 -2.85322e-18)
(1.00602 0.0190802 3.20371e-17)
(1.00419 0.0535031 2.26001e-17)
(1.01305 0.0406431 -2.21603e-17)
(1.0133 0.0994502 -1.19386e-17)
(1.03387 0.0831709 -1.20154e-17)
(1.00088 -0.000311822 1.93174e-17)
(0.999471 0.00103585 -7.67377e-17)
(1.00111 -0.000231979 -1.36538e-17)
(0.999379 0.00216053 -6.88586e-18)
(1.00144 9.18268e-05 2.16711e-17)
(0.999599 0.00415145 -8.08896e-17)
(1.00198 0.00096532 -5.66962e-18)
(1.0001 0.00788175 -5.39356e-17)
(1.0029 0.00311803 7.48907e-17)
(1.00113 0.0149034 -7.45413e-19)
(1.00463 0.00792895 -2.37354e-18)
(1.00463 0.00792895 -2.37354e-18)
)
;
    }
    procBoundary56to49
    {
        type            processor;
        value           nonuniform List<vector> 3((1.04983 0.161525 6.16316e-17) (1.06043 0.150506 1.64093e-17) (1.07027 0.13945 6.19474e-18));
    }
    procBoundary56to57
    {
        type            processor;
        value           nonuniform List<vector> 5((1.07938 0.128424 1.7386e-17) (1.08779 0.117377 2.65435e-17) (1.09548 0.106045 2.9686e-17) (1.10216 0.097157 6.34239e-17) (1.10719 0.080836 1.73201e-17));
    }
}


// ************************************************************************* //
