/*--------------------------------*- C++ -*----------------------------------*\
  =========                 |
  \\      /  F ield         | OpenFOAM: The Open Source CFD Toolbox
   \\    /   O peration     | Website:  https://openfoam.org
    \\  /    A nd           | Version:  7
     \\/     M anipulation  |
\*---------------------------------------------------------------------------*/
FoamFile
{
    version     2.0;
    format      ascii;
    class       volVectorField;
    location    "46";
    object      U;
}
// * * * * * * * * * * * * * * * * * * * * * * * * * * * * * * * * * * * * * //

dimensions      [0 1 -1 0 0 0 0];

internalField   nonuniform List<vector> 
115
(
(-0.249329 -0.0259482 -4.53283e-18)
(-0.241229 -0.023014 4.38152e-18)
(-0.234114 -0.0201721 -1.10082e-17)
(-0.227937 -0.0174674 -4.08367e-18)
(-0.222634 -0.0149372 -6.76514e-18)
(-0.218131 -0.0126095 1.84873e-20)
(-0.214344 -0.0105028 -5.25551e-18)
(-0.211183 -0.00862659 3.55236e-18)
(-0.34459 -0.0521449 -9.48345e-18)
(-0.329725 -0.0507828 1.47535e-17)
(-0.315323 -0.0489626 6.70373e-18)
(-0.30152 -0.0467335 1.89631e-18)
(-0.288431 -0.0441527 -1.69514e-17)
(-0.276157 -0.0412841 1.47358e-17)
(-0.264773 -0.0381965 -4.31315e-18)
(-0.254333 -0.0349609 -9.9731e-18)
(-0.244867 -0.0316483 4.60803e-19)
(-0.236385 -0.0283276 1.11875e-17)
(-0.228872 -0.0250629 1.52067e-17)
(-0.222294 -0.0219124 -1.65947e-17)
(-0.2166 -0.0189259 -4.31831e-18)
(-0.211724 -0.0161444 -4.78343e-18)
(-0.207588 -0.0135986 1.12204e-17)
(-0.204105 -0.0113092 -1.50841e-18)
(-0.201188 -0.00928352 4.48158e-19)
(-0.311739 -0.0585858 -9.1309e-18)
(-0.298295 -0.057024 3.2113e-19)
(-0.285298 -0.054944 -1.66735e-18)
(-0.272872 -0.0524024 -3.77392e-18)
(-0.261128 -0.0494647 -7.01518e-18)
(-0.250155 -0.0462047 -1.34025e-18)
(-0.240021 -0.042701 -1.89796e-18)
(-0.230775 -0.0390355 -6.42918e-18)
(-0.222439 -0.0352896 -5.1705e-18)
(-0.215015 -0.0315426 7.49026e-19)
(-0.208483 -0.0278684 6.04288e-19)
(-0.202801 -0.0243335 -4.86674e-18)
(-0.197913 -0.0209955 -5.77278e-18)
(-0.193746 -0.017901 -6.3472e-18)
(-0.190217 -0.0150855 9.2421e-19)
(-0.187238 -0.012573 -3.92329e-18)
(-0.259372 -0.0678495 -3.73344e-17)
(-0.248078 -0.0660442 -7.63848e-18)
(-0.237223 -0.0636275 -3.05456e-17)
(-0.226919 -0.0606662 -3.55026e-17)
(-0.217256 -0.0572384 -8.63404e-18)
(-0.20831 -0.0534314 -2.84679e-17)
(-0.200132 -0.0493393 -5.90293e-18)
(-0.192755 -0.0450595 -2.69323e-17)
(-0.186185 -0.0406899 -3.0045e-17)
(-0.180408 -0.0363254 -5.94753e-18)
(-0.17539 -0.0320548 -2.36255e-17)
(-0.171073 -0.0279583 -5.78711e-18)
(-0.167389 -0.0241048 -2.49476e-17)
(-0.164252 -0.02055 -2.77916e-17)
(-0.161574 -0.0173344 -5.18501e-18)
(-0.159261 -0.0144843 -2.35508e-17)
(-0.201045 -0.075188 -1.0007e-17)
(-0.192042 -0.0731059 -3.69552e-18)
(-0.18349 -0.0703363 -7.6009e-18)
(-0.175476 -0.0669571 -9.42754e-18)
(-0.168072 -0.0630589 -3.93213e-18)
(-0.161328 -0.0587433 -8.18167e-18)
(-0.155275 -0.0541199 -3.03674e-18)
(-0.14992 -0.0493023 -6.788e-18)
(-0.145247 -0.0444044 -8.03259e-18)
(-0.141218 -0.039537 -2.9549e-18)
(-0.137775 -0.034803 -5.36536e-18)
(-0.134843 -0.0302948 -2.10247e-18)
(-0.132335 -0.0260902 -5.55988e-18)
(-0.130154 -0.0222507 -6.63085e-18)
(-0.128206 -0.0188184 -2.21856e-18)
(-0.126397 -0.0158178 -5.10531e-18)
(-0.138313 -0.0808178 -2.75868e-18)
(-0.131704 -0.0784407 -1.0692e-18)
(-0.125565 -0.075318 -1.99375e-18)
(-0.119955 -0.0715393 -2.81868e-18)
(-0.114917 -0.0672084 -1.37431e-18)
(-0.110472 -0.0624415 -2.21845e-18)
(-0.106617 -0.0573642 -9.89126e-19)
(-0.103328 -0.052106 -1.58407e-18)
(-0.100555 -0.0467969 -2.30058e-18)
(-0.0982299 -0.0415618 -1.81794e-18)
(-0.0962669 -0.0365161 -1.59481e-18)
(-0.0945691 -0.0317605 -8.71936e-19)
(-0.0930341 -0.0273778 -1.36929e-18)
(-0.0915595 -0.0234307 -1.4767e-18)
(-0.0900506 -0.0199567 -5.43776e-19)
(-0.088425 -0.0169741 -8.69249e-19)
(-0.0726917 -0.0847726 -1.08494e-18)
(-0.0685379 -0.0820785 8.92333e-20)
(-0.0648649 -0.0786007 -8.26834e-19)
(-0.0616982 -0.0744422 -8.43265e-19)
(-0.0590413 -0.0697215 -6.21397e-19)
(-0.0568751 -0.0645714 -3.70538e-19)
(-0.0551555 -0.0591339 3.27221e-19)
(-0.0538148 -0.0535549 -9.43095e-19)
(-0.0527661 -0.0479788 -2.083e-19)
(-0.0519067 -0.0425423 -6.19053e-19)
(-0.0511249 -0.0373685 -2.62235e-19)
(-0.0503073 -0.0325612 -1.54905e-19)
(-0.0493464 -0.0282014 -7.36349e-19)
(-0.048144 -0.0243469 -1.64334e-19)
(-0.0466199 -0.0210232 -1.29799e-19)
(-0.0447152 -0.0182378 -4.06021e-19)
(-0.0055923 -0.0870006 -6.33372e-19)
(-0.00388847 -0.0839738 2.47911e-19)
(-0.00264636 -0.0801515 -6.96165e-19)
(-0.0018453 -0.0756529 -6.00349e-19)
(-0.00144008 -0.0706143 -3.15285e-19)
(-0.00136129 -0.0651853 -9.41592e-19)
(-0.00151534 -0.0595245 -2.96164e-19)
(-0.00178972 -0.0537921 -3.12285e-19)
(-0.00205988 -0.0481429 4.20331e-19)
(-0.00219628 -0.0427192 -6.77858e-19)
)
;

boundaryField
{
    inlet
    {
        type            uniformFixedValue;
        uniformValue    constant (1 0 0);
        value           nonuniform 0();
    }
    outlet
    {
        type            pressureInletOutletVelocity;
        value           nonuniform 0();
    }
    polygon
    {
        type            fixedValue;
        value           nonuniform 0();
    }
    top
    {
        type            symmetryPlane;
    }
    bottom
    {
        type            symmetryPlane;
    }
    outside
    {
        type            zeroGradient;
    }
    procBoundary21to13
    {
        type            processor;
        value           nonuniform List<vector> 
17
(
(-0.0020728 -0.0376439 -3.28878e-19)
(-0.00157475 -0.0330153 1.87237e-19)
(-0.000606996 -0.0289044 -1.11254e-19)
(0.000908286 -0.0253532 -2.5878e-19)
(0.0030206 -0.0223756 9.04701e-19)
(0.00575278 -0.0199611 6.23392e-20)
(0.0617999 -0.0875113 1.61385e-19)
(0.0611815 -0.0841642 -1.39338e-19)
(0.0601838 -0.0800453 -7.69514e-19)
(0.0588838 -0.075292 -7.94771e-19)
(0.0573834 -0.0700593 2.10738e-19)
(0.0558065 -0.0645133 -6.69389e-19)
(0.0542937 -0.0588249 1.04293e-19)
(0.0529942 -0.0531626 5.49947e-19)
(0.0520562 -0.0476831 1.51581e-19)
(-0.0020728 -0.0376439 -3.28878e-19)
(0.0516172 -0.0425244 -1.21483e-19)
)
;
    }
    procBoundary21to20
    {
        type            processor;
        value           nonuniform List<vector> 6((-0.184715 -0.0103751 -1.72551e-18) (-0.184715 -0.0103751 -1.72551e-18) (-0.157223 -0.0120109 -4.89501e-18) (-0.124644 -0.0132546 -1.71347e-18) (-0.0866144 -0.0144794 -8.20902e-19) (-0.0423882 -0.0159744 -1.8107e-19));
    }
    procBoundary21to22
    {
        type            processor;
        value           nonuniform List<vector> 7((-0.35977 -0.0530093 -1.90283e-17) (-0.32549 -0.0595838 -6.9135e-18) (-0.270985 -0.0689894 -1.16186e-17) (-0.210396 -0.0765198 -5.88713e-18) (-0.145313 -0.0823767 -2.23798e-18) (-0.0772808 -0.0865986 -7.89136e-19) (-0.00775399 -0.0891332 7.91312e-19));
    }
    procBoundary21to28
    {
        type            processor;
        value           nonuniform List<vector> 2((-0.208562 -0.00699981 1.04269e-17) (-0.198748 -0.00753093 3.18531e-18));
    }
    procBoundary21to29
    {
        type            processor;
        value           nonuniform List<vector> 
18
(
(-0.364348 -0.0470216 -9.68543e-18)
(-0.348648 -0.0458465 -2.59529e-18)
(-0.333418 -0.044261 1.24534e-17)
(-0.318799 -0.0423072 4.38817e-18)
(-0.304914 -0.0400345 -3.42964e-18)
(-0.291866 -0.0374988 7.23943e-18)
(-0.279737 -0.0347599 -1.28599e-17)
(-0.268585 -0.0318803 -1.918e-17)
(-0.258445 -0.0289227 -2.23723e-17)
(-0.258445 -0.0289227 -2.23723e-17)
(-0.261549 -0.0230519 -1.69806e-17)
(-0.252866 -0.0204897 -2.93308e-18)
(-0.245218 -0.0180009 -1.68999e-17)
(-0.238558 -0.0156252 -2.87569e-18)
(-0.232827 -0.0133956 -1.295e-17)
(-0.227953 -0.0113376 -7.88168e-18)
(-0.223852 -0.00946896 -1.38396e-17)
(-0.220435 -0.00780065 1.1443e-17)
)
;
    }
}


// ************************************************************************* //
