/*--------------------------------*- C++ -*----------------------------------*\
  =========                 |
  \\      /  F ield         | OpenFOAM: The Open Source CFD Toolbox
   \\    /   O peration     | Website:  https://openfoam.org
    \\  /    A nd           | Version:  7
     \\/     M anipulation  |
\*---------------------------------------------------------------------------*/
FoamFile
{
    version     2.0;
    format      ascii;
    class       volVectorField;
    location    "92";
    object      U;
}
// * * * * * * * * * * * * * * * * * * * * * * * * * * * * * * * * * * * * * //

dimensions      [0 1 -1 0 0 0 0];

internalField   nonuniform List<vector> 
115
(
(-0.257339 0.00438587 -2.84443e-18)
(-0.256339 0.0049665 2.22672e-18)
(-0.255153 0.00550809 1.0518e-18)
(-0.253793 0.00600746 3.9366e-19)
(-0.252271 0.00646197 -1.69313e-19)
(-0.250602 0.00686937 -3.80114e-18)
(-0.248797 0.00722775 2.62787e-18)
(-0.246873 0.00753548 -3.26478e-18)
(-0.244844 0.00779129 -8.84954e-19)
(-0.242725 0.00799429 1.88437e-18)
(-0.240533 0.00814407 1.473e-18)
(-0.238282 0.00824078 -3.04324e-18)
(-0.235989 0.0082852 2.43253e-18)
(-0.0119628 0.000250432 -6.37808e-19)
(-0.0146056 0.00160605 -6.12477e-18)
(-0.0170741 0.00290625 -1.18758e-18)
(-0.019364 0.00414756 -3.04621e-18)
(-0.0214713 0.00532447 -7.24572e-18)
(-0.0233922 0.00643297 -3.98636e-18)
(-0.0251224 0.00746895 -7.16669e-18)
(-0.0266579 0.00842834 -9.68255e-19)
(-0.0279955 0.00930719 -1.2721e-19)
(-0.0291323 0.0101018 -4.06658e-20)
(-0.0300668 0.010809 3.69934e-19)
(-0.0307981 0.0114269 6.47568e-20)
(-0.0313264 0.0119549 -5.06387e-20)
(-0.031652 0.0123942 -7.40632e-20)
(-0.0317753 0.0127477 1.44563e-19)
(-0.0316965 0.0130199 5.74104e-20)
(-0.0314154 0.0132166 4.01364e-20)
(-0.0657497 0.0019442 -3.24624e-19)
(-0.0677237 0.00317821 -2.26453e-18)
(-0.0695249 0.00435654 -1.03988e-18)
(-0.0711527 0.00547379 -6.42895e-18)
(-0.0726069 0.00652511 -3.53462e-18)
(-0.0738873 0.00750652 -7.17982e-18)
(-0.0749938 0.00841416 -3.12822e-18)
(-0.0759267 0.00924428 -5.77575e-19)
(-0.0766871 0.00999336 -3.96428e-20)
(-0.0772767 0.0106583 -4.69782e-20)
(-0.0776978 0.0112365 3.08915e-19)
(-0.0779539 0.0117265 3.01777e-19)
(-0.0780485 0.0121281 5.17175e-20)
(-0.0779856 0.0124426 2.06911e-20)
(-0.0777693 0.0126728 -7.97222e-20)
(-0.0774029 0.0128227 1.62765e-19)
(-0.0768894 0.0128979 1.92506e-19)
(-0.115463 0.00316113 -3.80398e-19)
(-0.116767 0.00427309 -5.8368e-18)
(-0.117896 0.00532985 -9.2969e-19)
(-0.118853 0.00632625 -1.29376e-18)
(-0.119641 0.00725782 -5.45609e-18)
(-0.120264 0.00812074 -2.21857e-18)
(-0.120725 0.0089114 -5.76226e-18)
(-0.121028 0.00962646 -6.15174e-19)
(-0.121177 0.0102628 1.24467e-19)
(-0.121179 0.0108179 3.89681e-19)
(-0.121039 0.0112897 4.23413e-19)
(-0.120764 0.011677 6.09651e-19)
(-0.120361 0.0119799 4.05567e-19)
(-0.119838 0.0121996 5.05177e-19)
(-0.119201 0.0123388 3.82729e-19)
(-0.118456 0.0124011 4.52686e-19)
(-0.117611 0.0123915 4.14114e-19)
(-0.160808 0.00390974 3.50061e-19)
(-0.161465 0.00489576 -9.74705e-19)
(-0.161944 0.00582954 6.79384e-19)
(-0.162249 0.00670612 1.19761e-19)
(-0.162387 0.00752128 4.55235e-18)
(-0.162363 0.0082714 2.34269e-19)
(-0.162185 0.00895322 4.73625e-18)
(-0.16186 0.0095638 1.78299e-18)
(-0.161396 0.0101005 1.718e-18)
(-0.160802 0.0105612 1.84529e-18)
(-0.160086 0.0109442 1.8112e-18)
(-0.159259 0.0112488 1.83836e-18)
(-0.15833 0.0114751 1.74443e-18)
(-0.157309 0.0116243 1.97636e-18)
(-0.156207 0.0116988 1.93787e-18)
(-0.155032 0.0117019 1.8837e-18)
(-0.153794 0.0116379 1.81906e-18)
(-0.201363 0.00421999 6.2114e-18)
(-0.201421 0.00507623 -2.7935e-20)
(-0.201294 0.00588467 5.27736e-18)
(-0.20099 0.00664067 1.07169e-18)
(-0.200517 0.00734038 1.19986e-19)
(-0.199884 0.00798054 -9.41514e-20)
(-0.199101 0.00855828 -3.10387e-19)
(-0.198179 0.00907111 5.60465e-18)
(-0.197127 0.00951684 6.8753e-18)
(-0.195957 0.00989375 7.36191e-18)
(-0.194682 0.0102006 7.75659e-18)
(-0.193312 0.010437 7.66646e-18)
(-0.191862 0.0106032 7.41227e-18)
(-0.190342 0.0107003 7.76855e-18)
(-0.188766 0.0107305 7.66638e-18)
(-0.187145 0.0106965 7.87518e-18)
(-0.185489 0.0106023 7.97999e-18)
(-0.236625 0.00415797 8.73514e-19)
(-0.23615 0.00487561 -5.29586e-18)
(-0.235483 0.00555148 3.71521e-19)
(-0.234634 0.00618144 6.11715e-19)
(-0.233613 0.0067621 -4.8039e-18)
(-0.232431 0.00729063 -7.68964e-19)
(-0.231102 0.00776463 -6.24046e-18)
(-0.229637 0.00818203 2.76357e-19)
(-0.228049 0.0085411 4.2454e-19)
(-0.226351 0.0088405 1.02284e-18)
(-0.224559 0.00907937 1.75604e-18)
(-0.222686 0.0092574 1.93297e-18)
(-0.220747 0.00937494 8.03964e-19)
(-0.218756 0.00943303 1.79444e-18)
(-0.216728 0.00943345 1.6404e-18)
(-0.214676 0.00937867 2.71292e-18)
(-0.212613 0.00927183 2.41006e-18)
)
;

boundaryField
{
    inlet
    {
        type            uniformFixedValue;
        uniformValue    constant (1 0 0);
        value           nonuniform 0();
    }
    outlet
    {
        type            pressureInletOutletVelocity;
        value           nonuniform 0();
    }
    polygon
    {
        type            fixedValue;
        value           nonuniform 0();
    }
    top
    {
        type            symmetryPlane;
    }
    bottom
    {
        type            symmetryPlane;
    }
    outside
    {
        type            zeroGradient;
    }
    procBoundary46to38
    {
        type            processor;
        value           nonuniform List<vector> 
17
(
(-0.269551 0.00403665 -2.75627e-18)
(-0.268371 0.004554 -8.34264e-19)
(-0.267003 0.00503648 1.52479e-18)
(-0.26546 0.00548119 3.70581e-18)
(-0.263754 0.00588571 -3.07625e-19)
(-0.2619 0.00624802 -5.28181e-18)
(-0.259912 0.00656639 -2.96901e-19)
(-0.257806 0.00683939 -1.36968e-18)
(-0.255597 0.00706587 -1.881e-18)
(-0.253301 0.00724506 3.8255e-18)
(-0.250935 0.00737658 1.76136e-18)
(-0.248515 0.00746055 -7.56521e-19)
(-0.233668 0.00827873 1.21083e-18)
(-0.246058 0.00749766 5.72337e-18)
(-0.233668 0.00827873 1.21083e-18)
(-0.231336 0.00822343 4.85081e-18)
(-0.229005 0.00812197 3.12429e-18)
)
;
    }
    procBoundary46to45
    {
        type            processor;
        value           nonuniform List<vector> 6((-0.0309309 0.013345 1.59772e-19) (-0.0762308 0.0129048 2.00546e-19) (-0.116669 0.0123158 4.34339e-19) (-0.1525 0.011512 1.69161e-18) (-0.18381 0.0104522 7.70489e-18) (-0.210551 0.00911665 7.84028e-19));
    }
    procBoundary46to47
    {
        type            processor;
        value           nonuniform List<vector> 8((-0.258142 0.00377009 -2.74308e-18) (-0.258142 0.00377009 -2.74308e-18) (-0.00914987 -0.00115421 -9.36008e-20) (-0.0636026 0.000660681 -2.66235e-19) (-0.113982 0.00200038 -8.27894e-19) (-0.159966 0.00287753 -4.02087e-18) (-0.201112 0.00332164 5.29938e-18) (-0.236898 0.00340374 1.6662e-18));
    }
    procBoundary46to54
    {
        type            processor;
        value           nonuniform List<vector> 
17
(
(0.0457574 -0.00191208 -2.51001e-19)
(0.0424776 -0.000432591 -2.2588e-18)
(0.0393765 0.000995555 -9.85634e-19)
(0.036462 0.00236627 -6.70567e-18)
(0.0337438 0.00367708 -3.66599e-18)
(0.0312294 0.00492465 -7.31281e-18)
(0.0289282 0.00610432 -2.87334e-18)
(0.0268488 0.00721161 -2.49167e-19)
(0.0249999 0.00824215 3.04616e-19)
(0.023389 0.00919159 3.20871e-19)
(0.0220227 0.0100561 4.16605e-19)
(0.020906 0.0108329 4.52757e-19)
(0.020043 0.0115211 3.08935e-19)
(0.0194372 0.0121216 3.93192e-19)
(0.0190916 0.0126373 2.94088e-19)
(0.0190094 0.0130729 3.62027e-19)
(0.0191942 0.0134347 1.29387e-19)
)
;
    }
}


// ************************************************************************* //
