/*--------------------------------*- C++ -*----------------------------------*\
  =========                 |
  \\      /  F ield         | OpenFOAM: The Open Source CFD Toolbox
   \\    /   O peration     | Website:  https://openfoam.org
    \\  /    A nd           | Version:  7
     \\/     M anipulation  |
\*---------------------------------------------------------------------------*/
FoamFile
{
    version     2.0;
    format      ascii;
    class       volVectorField;
    location    "116";
    object      U;
}
// * * * * * * * * * * * * * * * * * * * * * * * * * * * * * * * * * * * * * //

dimensions      [0 1 -1 0 0 0 0];

internalField   nonuniform List<vector> 
175
(
(-0.30507 0.00396645 -5.61607e-19)
(-0.306483 0.00508979 -9.14987e-21)
(-0.30768 0.00625066 9.58424e-19)
(-0.308607 0.00739958 -1.45059e-18)
(-0.30922 0.00848055 -1.30706e-19)
(-0.309502 0.00943052 2.44448e-18)
(-0.30945 0.0101841 2.30982e-19)
(-0.309072 0.0106778 1.43648e-18)
(-0.308381 0.0108552 -2.70545e-18)
(-0.307398 0.0106716 1.03884e-18)
(-0.306143 0.0100978 8.15215e-19)
(-0.304639 0.00912299 -1.72086e-18)
(-0.303378 -7.58072e-05 -3.01004e-20)
(-0.303724 0.000380834 2.53992e-19)
(-0.304248 0.00076208 1.04506e-19)
(-0.305338 0.00142436 3.7993e-19)
(-0.30658 0.00222721 -2.47184e-20)
(-0.308008 0.00316418 2.66677e-19)
(-0.309413 0.00419915 1.50502e-19)
(-0.310721 0.00529583 2.22744e-19)
(-0.311827 0.00641736 1.02552e-18)
(-0.312675 0.00751863 4.21857e-20)
(-0.313224 0.0085472 -1.04974e-18)
(-0.313454 0.00944307 2.60813e-18)
(-0.313359 0.0101431 8.43628e-19)
(-0.312946 0.0105853 2.22459e-18)
(-0.312226 0.0107141 -1.98452e-18)
(-0.311216 0.0104856 1.86734e-18)
(-0.309937 0.0098707 1.17541e-18)
(-0.308408 0.00885863 -2.07929e-18)
(-0.307814 -4.70962e-05 -4.19561e-20)
(-0.308103 0.000442277 1.34244e-19)
(-0.308562 0.0008918 -1.2837e-20)
(-0.309544 0.00160478 4.32352e-19)
(-0.310675 0.0024387 4.83487e-19)
(-0.311988 0.00338709 2.57295e-19)
(-0.313286 0.00441325 9.10582e-19)
(-0.314496 0.00548521 4.72574e-19)
(-0.315516 0.00656961 1.27625e-18)
(-0.316293 0.00762547 1.46426e-19)
(-0.316783 0.00860376 -7.46187e-19)
(-0.316966 0.00944737 1.89699e-18)
(-0.316835 0.0100953 1.43917e-18)
(-0.316392 0.0104871 1.76919e-18)
(-0.315649 0.0105682 -1.57307e-19)
(-0.31462 0.0102951 1.57633e-18)
(-0.313323 0.00963912 1.63406e-18)
(-0.311776 0.0085895 -1.19662e-18)
(-0.311705 -2.28611e-05 -6.0379e-20)
(-0.311948 0.000495132 5.40949e-20)
(-0.312352 0.00100798 -1.26567e-19)
(-0.31324 0.00176848 5.67975e-19)
(-0.314272 0.00263257 4.27795e-19)
(-0.315482 0.00359259 -4.94165e-19)
(-0.316681 0.00461114 9.12294e-19)
(-0.317801 0.00566016 7.90772e-19)
(-0.318743 0.00670951 1.76571e-18)
(-0.319454 0.0077221 2.37693e-19)
(-0.319891 0.00865215 -5.62906e-19)
(-0.320033 0.00944532 1.71539e-18)
(-0.319871 0.0100427 2.19129e-18)
(-0.319406 0.0103853 1.62498e-18)
(-0.318646 0.0104196 1.5691e-18)
(-0.317604 0.0101026 1.64224e-18)
(-0.316296 0.0094059 2.29494e-18)
(-0.314738 0.00831886 -7.5375e-19)
(-0.315048 -2.23621e-06 -3.73742e-20)
(-0.315255 0.000540908 -1.99225e-20)
(-0.315614 0.00111255 -2.69223e-19)
(-0.31642 0.00191745 3.53751e-19)
(-0.317366 0.00281067 3.80748e-19)
(-0.318482 0.00378228 -5.95905e-19)
(-0.319592 0.00479427 1.16416e-18)
(-0.320629 0.00582197 1.24335e-18)
(-0.3215 0.00683827 2.56948e-18)
(-0.322153 0.0078097 1.96394e-19)
(-0.322543 0.00869354 -5.5765e-19)
(-0.32265 0.0094381 2.00532e-18)
(-0.322463 0.00998648 1.80224e-18)
(-0.321982 0.0102811 1.69509e-18)
(-0.321212 0.0102695 3.46192e-18)
(-0.320164 0.00990904 2.00306e-18)
(-0.318852 0.00917177 1.53918e-18)
(-0.31729 0.00804722 -7.70155e-19)
(-0.317841 1.54313e-05 -2.32696e-20)
(-0.31802 0.000580935 1.08834e-19)
(-0.318342 0.00120727 -1.11806e-19)
(-0.319079 0.0020536 2.38662e-19)
(-0.319949 0.00297474 4.16993e-19)
(-0.320983 0.00395774 -8.04488e-19)
(-0.322012 0.00496397 8.38902e-19)
(-0.322976 0.00597185 8.64165e-19)
(-0.323783 0.00695699 2.66378e-18)
(-0.324383 0.00788931 -6.29723e-20)
(-0.324734 0.00872894 -6.28949e-19)
(-0.324813 0.00942672 1.40295e-18)
(-0.324608 0.00992763 1.64998e-18)
(-0.324117 0.0101755 2.05993e-18)
(-0.323343 0.0101187 4.30809e-18)
(-0.322296 0.00971532 8.43656e-19)
(-0.320987 0.00893765 9.11411e-19)
(-0.319428 0.00777546 -1.07678e-18)
(-0.320084 3.08038e-05 -1.37044e-20)
(-0.32024 0.000616413 2.5424e-19)
(-0.320533 0.00129377 2.32663e-20)
(-0.321212 0.00217877 2.02674e-19)
(-0.322017 0.00312655 4.83699e-19)
(-0.322979 0.00412055 -4.19588e-19)
(-0.323937 0.00512169 7.79339e-19)
(-0.324836 0.00611106 6.27324e-19)
(-0.325586 0.00706682 2.15258e-18)
(-0.326142 0.00796201 -4.5423e-19)
(-0.32646 0.00875942 -8.03684e-19)
(-0.326517 0.00941223 1.18285e-18)
(-0.326301 0.0098672 1.81163e-18)
(-0.325807 0.0100695 2.86563e-18)
(-0.325037 0.00996837 4.26749e-18)
(-0.323998 0.00952259 1.35056e-18)
(-0.322698 0.00870471 2.24911e-18)
(-0.32115 0.00750474 -1.64927e-18)
(-0.321775 4.44836e-05 -2.0045e-21)
(-0.321915 0.000648349 2.60206e-19)
(-0.322185 0.00137347 1.33786e-19)
(-0.322817 0.00229459 2.24681e-19)
(-0.323567 0.00326764 6.36538e-19)
(-0.324467 0.00427214 -1.54285e-19)
(-0.325363 0.00526864 9.64991e-19)
(-0.326205 0.00624067 5.51554e-19)
(-0.326907 0.0071687 1.97199e-18)
(-0.327425 0.00802865 7.54592e-20)
(-0.327717 0.00878578 2.80218e-19)
(-0.32776 0.00939543 1.3466e-18)
(-0.327539 0.00980603 2.33526e-18)
(-0.327049 0.009964 2.65287e-18)
(-0.32629 0.00981952 3.23677e-18)
(-0.325266 0.0093319 1.89138e-18)
(-0.323983 0.00847408 2.13499e-18)
(-0.322453 0.00723631 -9.02891e-19)
(-0.322914 5.68872e-05 1.35571e-20)
(-0.323042 0.000677619 1.24103e-19)
(-0.323295 0.00144767 2.68744e-19)
(-0.323889 0.00240257 3.06092e-19)
(-0.324595 0.0033995 9.08467e-19)
(-0.325443 0.0044139 4.61693e-20)
(-0.326287 0.0054061 1.41518e-18)
(-0.32708 0.00636181 5.77635e-19)
(-0.327742 0.00726365 2.21571e-18)
(-0.32823 0.00809019 4.73806e-19)
(-0.328503 0.00880892 1.40621e-18)
(-0.328539 0.00937722 1.87439e-18)
(-0.328321 0.00974507 1.77938e-18)
(-0.327842 0.00986008 2.93894e-18)
(-0.3271 0.00967327 2.69216e-18)
(-0.326098 0.00914456 2.60006e-18)
(-0.32484 0.00824725 2.30177e-18)
(-0.323335 0.00697188 -5.24967e-19)
(-0.3235 6.85344e-05 3.68673e-20)
(-0.323622 0.000705468 3.17994e-20)
(-0.323863 0.0015184 4.50917e-19)
(-0.324429 0.00250539 4.57539e-19)
(-0.325099 0.00352518 1.36658e-18)
(-0.325904 0.00454916 2.41661e-19)
(-0.326705 0.00553756 2.14969e-18)
(-0.327459 0.00647814 6.74228e-19)
(-0.328089 0.00735545 2.87513e-18)
(-0.328555 0.00815048 7.52611e-19)
(-0.328817 0.00883278 1.49191e-18)
(-0.328852 0.00936153 2.70972e-18)
(-0.328644 0.00968814 1.54631e-18)
(-0.328184 0.00976135 3.76e-18)
(-0.327467 0.00953298 2.64914e-18)
(-0.326494 0.00896355 3.75754e-18)
(-0.325268 0.00802677 2.74254e-18)
(-0.323795 0.00671347 -4.30622e-19)
(-0.323534 8.01677e-05 1.28939e-20)
)
;

boundaryField
{
    inlet
    {
        type            uniformFixedValue;
        uniformValue    constant (1 0 0);
        value           nonuniform 0();
    }
    outlet
    {
        type            pressureInletOutletVelocity;
        value           nonuniform List<vector> 10((-0.303378 0 0) (-0.307814 0 0) (-0.311705 0 0) (-0.315048 0 0) (-0.317841 0 0) (-0.320084 0 0) (-0.321775 0 0) (-0.322914 0 0) (-0.3235 0 0) (-0.323534 0 0));
    }
    polygon
    {
        type            fixedValue;
        value           nonuniform 0();
    }
    top
    {
        type            symmetryPlane;
    }
    bottom
    {
        type            symmetryPlane;
    }
    outside
    {
        type            zeroGradient;
    }
    procBoundary39to31
    {
        type            processor;
        value           nonuniform List<vector> 
19
(
(-0.323652 0.000733827 -4.56956e-20)
(-0.323888 0.00158901 4.25496e-19)
(-0.324434 0.00260769 6.86221e-19)
(-0.325077 0.00365034 1.52544e-18)
(-0.32585 0.00468445 4.15455e-19)
(-0.326617 0.00567025 2.51705e-18)
(-0.32734 0.00659743 8.17678e-19)
(-0.327947 0.00745228 3.07315e-18)
(-0.328398 0.00821797 9.8385e-19)
(-0.328657 0.00886578 1.92514e-18)
(-0.328699 0.00935649 2.58437e-18)
(-0.328508 0.00964274 1.50874e-18)
(-0.328073 0.00967426 3.74883e-18)
(-0.327389 0.00940362 2.95017e-18)
(-0.326453 0.00879192 3.78692e-18)
(-0.325266 0.00781333 1.60668e-18)
(-0.323833 0.00645911 -7.06363e-19)
(-0.323652 0.000733827 -4.56956e-20)
(-0.323016 9.13938e-05 -7.59379e-21)
)
;
    }
    procBoundary39to38
    {
        type            processor;
        value           nonuniform List<vector> 10((-0.302908 0.00775544 -2.15798e-18) (-0.306651 0.00745762 -1.82521e-18) (-0.309999 0.00715444 -1.7486e-18) (-0.312948 0.00684965 -2.01306e-18) (-0.315494 0.00654354 -8.38325e-19) (-0.317634 0.00623688 -1.60819e-18) (-0.319365 0.00593089 -7.84937e-19) (-0.320685 0.00562693 -8.18062e-20) (-0.321591 0.0053269 -1.263e-18) (-0.322083 0.0050323 -8.70883e-19));
    }
    procBoundary39to47
    {
        type            processor;
        value           nonuniform List<vector> 
19
(
(-0.2984 -0.000110062 -2.22376e-20)
(-0.298816 0.000308518 2.20275e-19)
(-0.299417 0.000616311 -1.33823e-19)
(-0.300629 0.00122427 -8.67798e-20)
(-0.301995 0.0019954 1.21618e-19)
(-0.303547 0.00292124 -4.6665e-19)
(-0.303547 0.00292124 -4.6665e-19)
(-0.300628 0.00373197 -4.47845e-19)
(-0.302145 0.00488227 -1.05781e-19)
(-0.303432 0.0060821 1.09876e-18)
(-0.304435 0.00727754 -1.98783e-18)
(-0.305112 0.00840913 -4.46721e-19)
(-0.305448 0.00941075 1.3957e-18)
(-0.30544 0.0102149 -3.809e-19)
(-0.305098 0.0107564 9.02946e-19)
(-0.30444 0.010978 -2.40474e-18)
(-0.303485 0.0108344 6.66414e-19)
(-0.302258 0.0102962 5.93156e-19)
(-0.300782 0.00935282 -1.81712e-18)
)
;
    }
}


// ************************************************************************* //
