/*--------------------------------*- C++ -*----------------------------------*\
  =========                 |
  \\      /  F ield         | OpenFOAM: The Open Source CFD Toolbox
   \\    /   O peration     | Website:  https://openfoam.org
    \\  /    A nd           | Version:  7
     \\/     M anipulation  |
\*---------------------------------------------------------------------------*/
FoamFile
{
    version     2.0;
    format      ascii;
    class       volVectorField;
    location    "44";
    object      U;
}
// * * * * * * * * * * * * * * * * * * * * * * * * * * * * * * * * * * * * * //

dimensions      [0 1 -1 0 0 0 0];

internalField   nonuniform List<vector> 
125
(
(-0.58872 0.00443135 5.80643e-19)
(-0.0445193 0.131203 3.329e-18)
(-0.153877 0.200276 -5.27737e-19)
(-0.183652 0.215471 -6.58686e-18)
(-0.252639 0.192528 4.41191e-18)
(-0.290484 0.16563 -5.98034e-18)
(-0.336933 0.140694 -2.1442e-17)
(-0.374919 0.118787 1.39582e-17)
(-0.409882 0.100321 -1.63616e-20)
(-0.440762 0.0844995 4.00662e-17)
(-0.467635 0.0707867 -1.45644e-17)
(-0.49077 0.0587316 -1.22637e-17)
(-0.510372 0.0479479 -1.1088e-17)
(-0.526645 0.038146 3.62095e-18)
(-0.53978 0.0291112 -4.17329e-17)
(-0.549941 0.0206878 -5.45341e-17)
(-0.557272 0.0127649 -2.78281e-17)
(-0.561898 0.00527029 -3.94895e-17)
(-0.0400917 0.149573 3.4496e-18)
(-0.156099 0.219562 -7.70067e-19)
(-0.176296 0.230992 -6.2423e-18)
(-0.240482 0.206645 -1.90682e-18)
(-0.273029 0.178424 -1.28547e-17)
(-0.316219 0.152566 -1.11929e-17)
(-0.351667 0.129524 3.24211e-18)
(-0.384768 0.109933 -4.65054e-19)
(-0.41433 0.0929735 1.67277e-17)
(-0.440245 0.0781445 8.44231e-19)
(-0.4627 0.065023 -2.02246e-17)
(-0.481842 0.0532265 -1.32058e-17)
(-0.497829 0.0424629 -2.16976e-17)
(-0.510818 0.032513 -2.75343e-17)
(-0.520949 0.0232154 -3.08279e-17)
(-0.528348 0.0144544 -1.82612e-17)
(-0.533131 0.00615518 -1.74327e-17)
(-0.0289467 0.182939 6.79569e-18)
(-0.154603 0.250719 -2.02275e-18)
(-0.159169 0.253161 -1.07595e-17)
(-0.216349 0.227126 -7.36477e-18)
(-0.241003 0.197621 -2.97406e-17)
(-0.279387 0.170461 -6.85093e-18)
(-0.310891 0.146095 -4.68961e-19)
(-0.340989 0.124826 1.31903e-18)
(-0.368361 0.106166 2.95946e-18)
(-0.39262 0.0896487 9.59097e-18)
(-0.413854 0.0748886 -5.51978e-17)
(-0.432132 0.06153 -2.01091e-17)
(-0.447543 0.0492845 -7.6581e-17)
(-0.460194 0.0379291 -3.11327e-17)
(-0.470189 0.0272961 -1.43732e-17)
(-0.477626 0.0172639 -8.83675e-18)
(-0.482602 0.0077543 4.40622e-18)
(-0.00586204 0.224483 7.36659e-18)
(-0.136231 0.289129 -7.51404e-18)
(-0.121616 0.274128 -9.69893e-18)
(-0.171125 0.249116 -1.87122e-17)
(-0.187969 0.21968 -2.56269e-17)
(-0.221314 0.192043 -5.52917e-19)
(-0.247992 0.166969 2.43663e-18)
(-0.274401 0.144097 6.96318e-18)
(-0.298738 0.123646 4.86866e-18)
(-0.320584 0.105244 1.19342e-17)
(-0.339935 0.0885554 -4.42742e-17)
(-0.356777 0.0732864 -6.21795e-17)
(-0.371131 0.0591734 -8.2202e-17)
(-0.383047 0.0460007 -2.3718e-17)
(-0.392585 0.0336028 -5.50927e-18)
(-0.399809 0.0218595 -6.14519e-20)
(-0.404783 0.0106935 1.08633e-17)
(0.00805772 0.288997 -2.72104e-19)
(-0.0907804 0.32091 1.97383e-19)
(-0.0737125 0.288629 -6.72226e-19)
(-0.117247 0.26726 -9.97484e-21)
(-0.129768 0.237763 6.74534e-19)
(-0.159001 0.210448 1.60069e-17)
(-0.181438 0.184757 1.0662e-17)
(-0.204477 0.16074 2.18039e-17)
(-0.225809 0.138907 1.18673e-17)
(-0.245176 0.118975 2.45271e-17)
(-0.262505 0.100685 1.95243e-17)
(-0.277719 0.0837959 -6.67566e-21)
(-0.29079 0.0680689 2.96387e-18)
(-0.301727 0.0533021 1.79397e-17)
(-0.310555 0.0393382 1.06559e-17)
(-0.317311 0.0260631 2.08499e-17)
(-0.322048 0.0134047 1.22865e-17)
(0.0283657 0.302013 -1.15735e-19)
(-0.0324519 0.338443 -4.33959e-19)
(-0.0217814 0.300253 -2.28648e-18)
(-0.0582822 0.283147 -2.60799e-19)
(-0.0685161 0.252909 1.36329e-19)
(-0.0937629 0.226291 4.73124e-17)
(-0.112478 0.199993 2.40081e-17)
(-0.132386 0.175189 6.67204e-17)
(-0.150809 0.152286 2.99481e-17)
(-0.167701 0.131112 7.84838e-17)
(-0.18293 0.111492 7.46488e-17)
(-0.196377 0.0932233 1.57201e-17)
(-0.207985 0.0760966 6.41704e-17)
(-0.217732 0.059929 9.60831e-17)
(-0.225619 0.0445774 3.69737e-17)
(-0.231664 0.0299407 9.50687e-17)
(-0.235905 0.0159592 3.69899e-17)
(0.0662068 0.325866 -1.82042e-19)
(0.0252804 0.351459 -6.47186e-19)
(0.0316129 0.310531 -5.21094e-18)
(0.00373496 0.296733 -8.51659e-20)
(-0.0054332 0.265216 -3.67321e-18)
(-0.0264067 0.239787 4.40057e-17)
(-0.0420292 0.212859 4.69828e-17)
(-0.058954 0.187553 6.52852e-17)
(-0.0746138 0.163814 6.01123e-17)
(-0.0890747 0.141635 7.8453e-17)
(-0.102165 0.120908 2.00523e-17)
(-0.113746 0.101468 8.49179e-18)
(-0.123749 0.0831309 1.15598e-17)
(-0.132133 0.0657371 9.45888e-17)
(-0.138888 0.0491601 8.8007e-17)
(-0.144023 0.0333143 1.09718e-16)
(-0.147573 0.0181523 9.24724e-17)
(0.111072 0.338026 -1.91672e-19)
(0.0852965 0.357527 -5.56846e-19)
(0.0879666 0.319606 -1.21821e-17)
(0.067659 0.307025 1.0416e-18)
(0.0588707 0.275626 -1.97679e-17)
)
;

boundaryField
{
    inlet
    {
        type            uniformFixedValue;
        uniformValue    constant (1 0 0);
        value           nonuniform 0();
    }
    outlet
    {
        type            pressureInletOutletVelocity;
        value           nonuniform List<vector> 8((-0.0445193 0 0) (-0.0400917 0 0) (-0.0289467 0 0) (-0.00586204 0 0) (0.00805772 0.288997 -2.72104e-19) (0.0283657 0.302013 -1.15735e-19) (0.0662068 0.325866 -1.82042e-19) (0.111072 0.338026 -1.91672e-19));
    }
    polygon
    {
        type            fixedValue;
        value           nonuniform 0();
    }
    top
    {
        type            symmetryPlane;
    }
    bottom
    {
        type            symmetryPlane;
    }
    outside
    {
        type            zeroGradient;
    }
    procBoundary23to15
    {
        type            processor;
        value           nonuniform List<vector> 
18
(
(0.04247 0.250935 2.29124e-17)
(0.0291674 0.223621 -1.2401e-19)
(0.0151688 0.197966 3.49201e-17)
(0.00208415 0.173551 4.4975e-18)
(-0.0100028 0.150549 4.62541e-17)
(-0.0209418 0.12889 6.56325e-18)
(-0.0305903 0.108448 1.19521e-17)
(-0.0388808 0.0890641 6.84729e-18)
(-0.0457684 0.0706021 6.39673e-17)
(-0.0512417 0.0529549 7.81388e-18)
(-0.0553126 0.0360543 7.25907e-17)
(-0.0580177 0.0198693 1.24715e-17)
(0.161074 0.347554 -2.44221e-18)
(0.14611 0.360354 2.27946e-18)
(0.146221 0.327844 4.50738e-18)
(0.132472 0.314182 1.01093e-17)
(0.04247 0.250935 2.29124e-17)
(0.124251 0.284733 1.22703e-17)
)
;
    }
    procBoundary23to22
    {
        type            processor;
        value           nonuniform List<vector> 8((-0.590496 -0.00189154 -7.73659e-18) (-0.563947 -0.0018361 1.41176e-17) (-0.535416 -0.00172588 -1.408e-17) (-0.4852 -0.00128885 -6.68678e-17) (-0.407607 5.27497e-05 -6.09858e-17) (-0.324813 0.00131741 8.90977e-18) (-0.238394 0.00260631 8.03299e-17) (-0.149586 0.0036611 3.15716e-17));
    }
    procBoundary23to31
    {
        type            processor;
        value           nonuniform List<vector> 
18
(
(-0.613286 0.00365114 -1.6619e-17)
(-0.0460122 0.114255 1.65705e-18)
(-0.148617 0.180448 -8.36298e-19)
(-0.18789 0.197802 -4.04897e-18)
(-0.262309 0.176654 -3.8926e-19)
(-0.305943 0.151525 -3.04052e-18)
(-0.355994 0.127849 -1.44063e-17)
(-0.396693 0.107368 3.78092e-18)
(-0.43355 0.0902131 1.21566e-18)
(-0.465735 0.0756724 4.25776e-17)
(-0.493515 0.0631808 -1.18615e-18)
(-0.517261 0.0522711 -7.85093e-18)
(-0.537251 0.0425616 -1.22678e-17)
(-0.553741 0.0337695 2.93403e-17)
(-0.566957 0.0256878 -2.66671e-17)
(-0.577087 0.0181682 -3.14944e-17)
(-0.584295 0.0111063 -4.39286e-17)
(-0.584295 0.0111063 -4.39286e-17)
)
;
    }
}


// ************************************************************************* //
