/*--------------------------------*- C++ -*----------------------------------*\
  =========                 |
  \\      /  F ield         | OpenFOAM: The Open Source CFD Toolbox
   \\    /   O peration     | Website:  https://openfoam.org
    \\  /    A nd           | Version:  7
     \\/     M anipulation  |
\*---------------------------------------------------------------------------*/
FoamFile
{
    version     2.0;
    format      ascii;
    class       volVectorField;
    location    "70";
    object      U;
}
// * * * * * * * * * * * * * * * * * * * * * * * * * * * * * * * * * * * * * //

dimensions      [0 1 -1 0 0 0 0];

internalField   nonuniform List<vector> 
175
(
(1.22086 -0.216891 1.0454e-17)
(1.21726 -0.230527 1.00201e-17)
(1.21414 -0.245498 2.86992e-17)
(1.21168 -0.261508 5.71843e-18)
(1.20999 -0.278999 -6.43896e-19)
(1.2178 -0.216577 1.07907e-17)
(1.21403 -0.230467 1.46373e-17)
(1.21066 -0.245727 3.11577e-17)
(1.20796 -0.262075 9.61781e-18)
(1.20596 -0.279967 -3.95091e-19)
(1.21472 -0.216234 1.11632e-17)
(1.21076 -0.230376 1.53085e-17)
(1.20715 -0.245918 3.33207e-17)
(1.20418 -0.262594 9.70622e-18)
(1.20186 -0.280871 -5.44214e-20)
(1.2116 -0.215857 1.12059e-17)
(1.20744 -0.230253 1.54834e-17)
(1.20358 -0.246068 3.62831e-17)
(1.20031 -0.263067 1.43076e-17)
(1.19765 -0.281722 -4.06062e-18)
(1.20844 -0.215447 1.16244e-17)
(1.20406 -0.230094 1.64183e-17)
(1.19993 -0.246176 4.38076e-17)
(1.19637 -0.263491 1.9161e-17)
(1.19333 -0.282515 -4.46025e-18)
(1.20526 -0.215002 1.19759e-17)
(1.20066 -0.229898 1.21866e-17)
(1.19625 -0.246238 4.77778e-17)
(1.19236 -0.263861 1.97066e-17)
(1.18894 -0.283243 -9.12541e-18)
(1.2021 -0.214522 1.22357e-17)
(1.19729 -0.229663 1.26537e-17)
(1.19262 -0.246252 5.16396e-17)
(1.18841 -0.264174 2.08054e-17)
(1.1846 -0.283902 -1.51969e-17)
(1.19897 -0.21401 1.26214e-17)
(1.19396 -0.229393 7.90477e-18)
(1.18904 -0.246224 5.14958e-17)
(1.18455 -0.264436 2.16601e-17)
(1.1804 -0.284497 -1.6808e-17)
(1.1956 -0.213469 1.36659e-17)
(1.19036 -0.229093 1.22563e-17)
(1.18517 -0.246159 5.54313e-17)
(1.18037 -0.264657 2.77857e-17)
(1.17587 -0.285041 -1.33416e-17)
(1.19158 -0.212885 9.52127e-18)
(1.18595 -0.228748 1.68049e-17)
(1.1803 -0.246043 5.47365e-17)
(1.17495 -0.264819 2.38799e-17)
(1.16981 -0.285519 -1.97018e-17)
(1.25087 -0.233915 1.23197e-17)
(1.24998 -0.246415 6.39172e-18)
(1.25007 -0.259572 7.03358e-19)
(1.25134 -0.27372 -7.5982e-18)
(1.25414 -0.289002 -2.01117e-17)
(1.24773 -0.233817 1.37188e-17)
(1.24666 -0.246602 1.06886e-17)
(1.24654 -0.260088 1.23592e-18)
(1.2476 -0.274623 -7.56483e-18)
(1.25016 -0.290374 -2.49122e-17)
(1.24454 -0.233638 1.465e-17)
(1.24327 -0.246694 1.14149e-17)
(1.24293 -0.260493 5.23855e-18)
(1.24373 -0.275397 -7.41431e-18)
(1.24601 -0.291594 -2.32018e-17)
(1.24129 -0.233418 1.58564e-17)
(1.23981 -0.246742 1.24238e-17)
(1.23924 -0.260849 2.13213e-18)
(1.23977 -0.276117 -7.44847e-18)
(1.24173 -0.292753 -2.27366e-17)
(1.23798 -0.233152 1.6813e-17)
(1.23628 -0.246737 1.35549e-17)
(1.23546 -0.261146 3.01392e-18)
(1.2357 -0.276769 -7.05851e-18)
(1.23733 -0.293834 -2.51761e-17)
(1.2372 -0.220204 6.41187e-18)
(1.23461 -0.232838 1.8016e-17)
(1.23268 -0.246677 1.09466e-17)
(1.2316 -0.261381 -4.66159e-19)
(1.23154 -0.27735 -6.89693e-18)
(1.23281 -0.294832 -2.38949e-17)
(1.23398 -0.219619 5.95027e-18)
(1.23118 -0.232474 1.53451e-17)
(1.22902 -0.246561 1.62751e-17)
(1.22766 -0.26155 6.28627e-21)
(1.22727 -0.277855 -6.59467e-18)
(1.22815 -0.295739 -2.25476e-17)
(1.23072 -0.21899 5.9533e-18)
(1.2277 -0.232057 1.70865e-17)
(1.22529 -0.246383 1.79696e-17)
(1.22364 -0.261648 3.95142e-18)
(1.2229 -0.278275 -6.48979e-18)
(1.22336 -0.296546 -2.50229e-17)
(1.22741 -0.218315 5.89744e-18)
(1.22418 -0.231586 1.36585e-17)
(1.22151 -0.24614 1.98705e-17)
(1.21956 -0.261669 4.32272e-18)
(1.21846 -0.278605 -6.25906e-18)
(1.21848 -0.297243 -2.75235e-17)
(1.22406 -0.217596 6.02355e-18)
(1.22063 -0.231059 5.9248e-18)
(1.21771 -0.245834 2.63105e-17)
(1.21548 -0.261616 5.20482e-18)
(1.21405 -0.278844 -1.673e-18)
(1.21367 -0.297829 -2.59314e-17)
(1.27876 -0.227106 8.39347e-18)
(1.27862 -0.236667 5.01345e-18)
(1.2794 -0.247077 6.23237e-19)
(1.28137 -0.25776 -2.13182e-18)
(1.28475 -0.26898 -5.12386e-18)
(1.28985 -0.280585 -8.80477e-18)
(1.27636 -0.226855 9.00619e-18)
(1.27608 -0.236625 5.67501e-18)
(1.27674 -0.247268 8.7981e-19)
(1.27856 -0.258226 -1.87569e-18)
(1.2818 -0.269772 -5.12152e-18)
(1.28678 -0.281782 -9.72557e-18)
(1.27392 -0.226531 9.46544e-18)
(1.2735 -0.236499 6.21142e-18)
(1.274 -0.247364 3.79795e-18)
(1.27566 -0.258586 -1.5637e-18)
(1.27873 -0.270445 -4.85788e-18)
(1.28353 -0.282849 -1.27666e-17)
(1.27142 -0.226172 1.04428e-17)
(1.27085 -0.236338 6.70266e-18)
(1.2712 -0.247423 3.85272e-18)
(1.27269 -0.258906 -1.29136e-18)
(1.27557 -0.271076 -4.67794e-18)
(1.28018 -0.283871 -1.19867e-17)
(1.26887 -0.225772 1.13683e-17)
(1.26816 -0.236133 7.21911e-18)
(1.26834 -0.247435 4.55447e-18)
(1.26965 -0.259175 -1.1048e-18)
(1.27232 -0.271651 -4.22127e-18)
(1.27671 -0.284832 -1.33639e-17)
(1.2654 -0.235884 1.09165e-17)
(1.26542 -0.247399 2.3844e-18)
(1.26653 -0.259392 -1.01595e-18)
(1.26898 -0.272169 -6.44859e-18)
(1.27313 -0.285727 -1.49889e-17)
(1.2626 -0.235589 8.56096e-18)
(1.26243 -0.247313 3.58948e-18)
(1.26333 -0.259553 -7.6251e-19)
(1.26555 -0.272623 -6.14732e-18)
(1.26943 -0.28655 -1.62326e-17)
(1.25974 -0.235245 9.94635e-18)
(1.25938 -0.247172 6.92585e-18)
(1.26006 -0.259653 -5.09254e-19)
(1.26202 -0.273007 -5.82137e-18)
(1.2656 -0.287292 -1.78397e-17)
(1.25682 -0.234851 1.06165e-17)
(1.25627 -0.246974 7.6057e-18)
(1.25673 -0.259687 -3.37464e-18)
(1.25842 -0.273314 -5.12086e-18)
(1.26169 -0.287943 -1.66799e-17)
(1.25387 -0.234405 1.14922e-17)
(1.25313 -0.246719 8.89865e-18)
(1.25339 -0.259656 2.60197e-19)
(1.25484 -0.273546 -7.88654e-18)
(1.25784 -0.288505 -1.55212e-17)
(1.0761 -0.146092 -2.31438e-17)
(1.12312 -0.144497 1.152e-16)
(1.15061 -0.206799 5.14535e-17)
(1.06642 -0.157446 1.02437e-17)
(1.1139 -0.152521 1.56993e-17)
(1.14006 -0.224705 2.169e-17)
(1.05614 -0.168669 5.52904e-17)
(1.1036 -0.16029 2.6819e-17)
(1.12861 -0.243892 4.71457e-17)
(1.04517 -0.179676 -3.78729e-17)
(1.09188 -0.167705 6.22477e-17)
(1.11621 -0.264962 -1.34283e-17)
(1.03328 -0.190281 -2.42099e-17)
(1.07839 -0.174805 -7.38668e-18)
(1.1027 -0.288235 -3.49025e-17)
)
;

boundaryField
{
    inlet
    {
        type            uniformFixedValue;
        uniformValue    constant (1 0 0);
        value           nonuniform 0();
    }
    outlet
    {
        type            pressureInletOutletVelocity;
        value           nonuniform 0();
    }
    polygon
    {
        type            fixedValue;
        value           nonuniform 0();
    }
    top
    {
        type            symmetryPlane;
    }
    bottom
    {
        type            symmetryPlane;
    }
    outside
    {
        type            zeroGradient;
    }
    procBoundary9to0
    {
        type            processor;
        value           nonuniform List<vector> 5((1.05918 -0.0799235 1.75427e-17) (1.05086 -0.0839434 4.12792e-18) (1.04171 -0.0875685 -1.94086e-17) (1.03178 -0.0908571 -6.43065e-17) (1.02131 -0.0939505 3.96992e-19));
    }
    procBoundary9to1
    {
        type            processor;
        value           nonuniform List<vector> 
35
(
(1.22502 -0.203405 1.64454e-17)
(1.22219 -0.202865 1.74519e-17)
(1.21934 -0.202304 2.33461e-17)
(1.21645 -0.201719 2.51294e-17)
(1.21352 -0.201109 2.72014e-17)
(1.21057 -0.200474 2.49163e-17)
(1.20764 -0.199814 2.18757e-17)
(1.20471 -0.199132 2.82395e-17)
(1.20159 -0.19843 3.06623e-17)
(1.19792 -0.197693 3.31043e-17)
(1.25255 -0.222471 5.87296e-18)
(1.24957 -0.222121 5.84833e-18)
(1.24656 -0.221701 6.16106e-18)
(1.24349 -0.221244 6.44398e-18)
(1.24037 -0.220745 6.65428e-18)
(1.24037 -0.220745 6.65428e-18)
(1.24045 -0.207653 5.90907e-18)
(1.23741 -0.206866 5.87949e-18)
(1.23432 -0.206041 6.15028e-18)
(1.23119 -0.205176 7.02603e-18)
(1.22801 -0.204274 1.15153e-17)
(1.27977 -0.217319 1.60038e-18)
(1.27749 -0.216884 1.39784e-18)
(1.27517 -0.216385 3.74486e-18)
(1.27281 -0.215851 6.27942e-18)
(1.2704 -0.215279 6.29765e-18)
(1.26628 -0.225332 1.19105e-17)
(1.26628 -0.225332 1.19105e-17)
(1.26363 -0.22485 9.65595e-18)
(1.26094 -0.224323 1.07978e-17)
(1.2582 -0.22375 8.11806e-18)
(1.25541 -0.223131 5.51503e-18)
(1.08524 -0.134729 -7.97399e-18)
(1.13134 -0.136085 3.10731e-17)
(1.16074 -0.190349 1.52892e-17)
)
;
    }
    procBoundary9to2
    {
        type            processor;
        value           nonuniform List<vector> 3((1.2809 -0.227622 7.59198e-18) (1.28086 -0.237061 4.41022e-18) (1.28177 -0.247339 4.60171e-19));
    }
    procBoundary9to10
    {
        type            processor;
        value           nonuniform List<vector> 3((1.28385 -0.257852 -4.41012e-20) (1.28736 -0.268863 -3.42036e-18) (1.29256 -0.280173 -7.91734e-18));
    }
    procBoundary9to17
    {
        type            processor;
        value           nonuniform List<vector> 
34
(
(1.20931 -0.298296 -3.26176e-17)
(1.20931 -0.298296 -3.26176e-17)
(1.20493 -0.299742 -3.54265e-17)
(1.20046 -0.301102 -3.87911e-17)
(1.19585 -0.3024 -4.26471e-17)
(1.1911 -0.303629 -4.66635e-17)
(1.18623 -0.304779 -5.11549e-17)
(1.18142 -0.305842 -5.62538e-17)
(1.17681 -0.306825 -6.13299e-17)
(1.17186 -0.307745 -6.15338e-17)
(1.16505 -0.308587 -6.72112e-17)
(1.25889 -0.305366 -9.6281e-18)
(1.25464 -0.307317 -1.03866e-17)
(1.25016 -0.309089 -7.94869e-18)
(1.24552 -0.310793 -8.73078e-18)
(1.24072 -0.312407 -9.22525e-18)
(1.23577 -0.313924 -9.86023e-18)
(1.23065 -0.315332 -1.02206e-17)
(1.22534 -0.316618 -1.12113e-17)
(1.21993 -0.317768 -1.20644e-17)
(1.21465 -0.318781 -9.46427e-18)
(1.29683 -0.292316 -8.74728e-19)
(1.2937 -0.294026 -1.24962e-18)
(1.29034 -0.2956 -1.51804e-18)
(1.28682 -0.297121 -2.04902e-18)
(1.28316 -0.298571 -2.71491e-18)
(1.27934 -0.299945 -5.40388e-18)
(1.27536 -0.301233 -6.16743e-18)
(1.2712 -0.302423 -7.64152e-18)
(1.26694 -0.303502 -9.04295e-18)
(1.26279 -0.304473 -8.00059e-18)
(1.01999 -0.200178 -7.05367e-17)
(1.06283 -0.181629 -3.58445e-17)
(1.08804 -0.314244 -7.49758e-17)
)
;
    }
}


// ************************************************************************* //
