/*--------------------------------*- C++ -*----------------------------------*\
  =========                 |
  \\      /  F ield         | OpenFOAM: The Open Source CFD Toolbox
   \\    /   O peration     | Website:  https://openfoam.org
    \\  /    A nd           | Version:  7
     \\/     M anipulation  |
\*---------------------------------------------------------------------------*/
FoamFile
{
    version     2.0;
    format      ascii;
    class       faceList;
    location    "constant/polyMesh";
    object      faces;
}
// * * * * * * * * * * * * * * * * * * * * * * * * * * * * * * * * * * * * * //


734
(
4(1 15 100 86)
4(0 1 86 85)
4(2 16 101 87)
4(15 100 101 16)
4(1 2 87 86)
4(3 17 102 88)
4(16 101 102 17)
4(2 3 88 87)
4(4 18 103 89)
4(17 102 103 18)
4(3 4 89 88)
4(5 19 104 90)
4(18 103 104 19)
4(4 5 90 89)
4(6 20 105 91)
4(19 104 105 20)
4(5 6 91 90)
4(7 21 106 92)
4(20 105 106 21)
4(6 7 92 91)
4(8 22 107 93)
4(21 106 107 22)
4(7 8 93 92)
4(9 23 108 94)
4(22 107 108 23)
4(8 9 94 93)
4(10 24 109 95)
4(23 108 109 24)
4(9 10 95 94)
4(11 25 110 96)
4(24 109 110 25)
4(10 11 96 95)
4(12 26 111 97)
4(25 110 111 26)
4(11 12 97 96)
4(26 111 112 27)
4(12 13 98 97)
4(16 29 114 101)
4(28 113 114 29)
4(17 30 115 102)
4(29 114 115 30)
4(18 31 116 103)
4(30 115 116 31)
4(19 32 117 104)
4(31 116 117 32)
4(20 33 118 105)
4(32 117 118 33)
4(21 34 119 106)
4(33 118 119 34)
4(22 35 120 107)
4(34 119 120 35)
4(23 36 121 108)
4(35 120 121 36)
4(24 37 122 109)
4(36 121 122 37)
4(25 38 123 110)
4(37 122 123 38)
4(26 39 124 111)
4(38 123 124 39)
4(39 124 125 40)
4(29 42 127 114)
4(41 126 127 42)
4(30 43 128 115)
4(42 127 128 43)
4(31 44 129 116)
4(43 128 129 44)
4(32 45 130 117)
4(44 129 130 45)
4(33 46 131 118)
4(45 130 131 46)
4(34 47 132 119)
4(46 131 132 47)
4(35 48 133 120)
4(47 132 133 48)
4(36 49 134 121)
4(48 133 134 49)
4(37 50 135 122)
4(49 134 135 50)
4(38 51 136 123)
4(50 135 136 51)
4(39 52 137 124)
4(51 136 137 52)
4(52 137 138 53)
4(42 55 140 127)
4(54 139 140 55)
4(43 56 141 128)
4(55 140 141 56)
4(44 57 142 129)
4(56 141 142 57)
4(45 58 143 130)
4(57 142 143 58)
4(46 59 144 131)
4(58 143 144 59)
4(47 60 145 132)
4(59 144 145 60)
4(48 61 146 133)
4(60 145 146 61)
4(49 62 147 134)
4(61 146 147 62)
4(50 63 148 135)
4(62 147 148 63)
4(51 64 149 136)
4(63 148 149 64)
4(52 65 150 137)
4(64 149 150 65)
4(65 150 151 66)
4(55 68 153 140)
4(67 152 153 68)
4(56 69 154 141)
4(68 153 154 69)
4(57 70 155 142)
4(69 154 155 70)
4(58 71 156 143)
4(70 155 156 71)
4(59 72 157 144)
4(60 73 158 145)
4(61 74 159 146)
4(62 75 160 147)
4(63 76 161 148)
4(64 77 162 149)
4(65 78 163 150)
4(68 81 166 153)
4(69 82 167 154)
4(70 83 168 155)
4(171 176 236 231)
4(175 235 236 176)
4(172 177 237 232)
4(176 236 237 177)
4(173 178 238 233)
4(177 237 238 178)
4(178 238 239 179)
4(176 181 241 236)
4(180 240 241 181)
4(177 182 242 237)
4(181 241 242 182)
4(178 183 243 238)
4(182 242 243 183)
4(183 243 244 184)
4(181 186 246 241)
4(185 245 246 186)
4(182 187 247 242)
4(186 246 247 187)
4(183 188 248 243)
4(187 247 248 188)
4(188 248 249 189)
4(186 191 251 246)
4(190 250 251 191)
4(187 192 252 247)
4(191 251 252 192)
4(188 193 253 248)
4(192 252 253 193)
4(193 253 254 194)
4(191 197 257 251)
4(196 256 257 197)
4(192 198 258 252)
4(197 257 258 198)
4(193 199 259 253)
4(198 258 259 199)
4(199 259 260 200)
4(196 202 262 256)
4(201 261 262 202)
4(197 203 263 257)
4(202 262 263 203)
4(198 204 264 258)
4(203 263 264 204)
4(199 205 265 259)
4(204 264 265 205)
4(205 265 266 206)
4(202 208 268 262)
4(207 267 268 208)
4(203 209 269 263)
4(208 268 269 209)
4(204 210 270 264)
4(209 269 270 210)
4(205 211 271 265)
4(210 270 271 211)
4(211 271 272 212)
4(208 214 274 268)
4(213 273 274 214)
4(209 215 275 269)
4(214 274 275 215)
4(210 216 276 270)
4(215 275 276 216)
4(211 217 277 271)
4(216 276 277 217)
4(217 277 278 218)
4(214 220 280 274)
4(219 279 280 220)
4(215 221 281 275)
4(220 280 281 221)
4(216 222 282 276)
4(221 281 282 222)
4(217 223 283 277)
4(222 282 283 223)
4(223 283 284 224)
4(220 226 286 280)
4(225 285 286 226)
4(221 227 287 281)
4(226 286 287 227)
4(222 228 288 282)
4(227 287 288 228)
4(223 229 289 283)
4(228 288 289 229)
4(229 289 98 13)
4(291 304 369 356)
4(303 368 369 304)
4(292 305 370 357)
4(304 369 370 305)
4(293 306 371 358)
4(305 370 371 306)
4(294 307 372 359)
4(306 371 372 307)
4(295 308 373 360)
4(307 372 373 308)
4(296 309 374 361)
4(308 373 374 309)
4(297 310 375 362)
4(309 374 375 310)
4(298 311 376 363)
4(310 375 376 311)
4(299 312 377 364)
4(311 376 377 312)
4(300 313 378 365)
4(312 377 378 313)
4(301 314 379 366)
4(313 378 379 314)
4(302 315 380 367)
4(314 379 380 315)
4(315 380 286 226)
4(304 317 382 369)
4(316 381 382 317)
4(305 318 383 370)
4(317 382 383 318)
4(306 319 384 371)
4(318 383 384 319)
4(307 320 385 372)
4(319 384 385 320)
4(308 321 386 373)
4(320 385 386 321)
4(309 322 387 374)
4(321 386 387 322)
4(310 323 388 375)
4(322 387 388 323)
4(311 324 389 376)
4(323 388 389 324)
4(312 325 390 377)
4(324 389 390 325)
4(313 326 391 378)
4(325 390 391 326)
4(314 327 392 379)
4(326 391 392 327)
4(315 328 393 380)
4(327 392 393 328)
4(328 393 287 227)
4(317 330 395 382)
4(329 394 395 330)
4(318 331 396 383)
4(330 395 396 331)
4(319 332 397 384)
4(331 396 397 332)
4(320 333 398 385)
4(332 397 398 333)
4(321 334 399 386)
4(333 398 399 334)
4(322 335 400 387)
4(334 399 400 335)
4(323 336 401 388)
4(335 400 401 336)
4(324 337 402 389)
4(336 401 402 337)
4(325 338 403 390)
4(337 402 403 338)
4(326 339 404 391)
4(338 403 404 339)
4(327 340 405 392)
4(339 404 405 340)
4(328 341 406 393)
4(340 405 406 341)
4(341 406 288 228)
4(330 343 408 395)
4(342 407 408 343)
4(331 344 409 396)
4(343 408 409 344)
4(332 345 410 397)
4(344 409 410 345)
4(333 346 411 398)
4(345 410 411 346)
4(334 347 412 399)
4(346 411 412 347)
4(335 348 413 400)
4(347 412 413 348)
4(336 349 414 401)
4(348 413 414 349)
4(337 350 415 402)
4(349 414 415 350)
4(338 351 416 403)
4(350 415 416 351)
4(339 352 417 404)
4(351 416 417 352)
4(340 353 418 405)
4(352 417 418 353)
4(341 354 419 406)
4(353 418 419 354)
4(354 419 289 229)
4(343 1 86 408)
4(344 2 87 409)
4(345 3 88 410)
4(346 4 89 411)
4(347 5 90 412)
4(348 6 91 413)
4(349 7 92 414)
4(350 8 93 415)
4(351 9 94 416)
4(352 10 95 417)
4(353 11 96 418)
4(354 12 97 419)
4(13 27 112 98)
4(27 40 125 112)
4(40 53 138 125)
4(53 66 151 138)
4(66 79 164 151)
4(174 179 239 234)
4(179 184 244 239)
4(184 189 249 244)
4(189 194 254 249)
4(194 200 260 254)
4(200 206 266 260)
4(206 212 272 266)
4(212 218 278 272)
4(218 224 284 278)
4(224 13 98 284)
4(85 86 100 99)
4(86 87 101 100)
4(100 101 114 113)
4(113 114 127 126)
4(126 127 140 139)
4(139 140 153 152)
4(152 153 166 165)
4(87 88 102 101)
4(101 102 115 114)
4(114 115 128 127)
4(127 128 141 140)
4(140 141 154 153)
4(153 154 167 166)
4(88 89 103 102)
4(102 103 116 115)
4(115 116 129 128)
4(128 129 142 141)
4(141 142 155 154)
4(154 155 168 167)
4(89 90 104 103)
4(103 104 117 116)
4(116 117 130 129)
4(129 130 143 142)
4(142 143 156 155)
4(155 156 169 168)
4(90 91 105 104)
4(104 105 118 117)
4(117 118 131 130)
4(130 131 144 143)
4(143 144 157 156)
4(91 92 106 105)
4(105 106 119 118)
4(118 119 132 131)
4(131 132 145 144)
4(144 145 158 157)
4(92 93 107 106)
4(106 107 120 119)
4(119 120 133 132)
4(132 133 146 145)
4(145 146 159 158)
4(93 94 108 107)
4(107 108 121 120)
4(120 121 134 133)
4(133 134 147 146)
4(146 147 160 159)
4(94 95 109 108)
4(108 109 122 121)
4(121 122 135 134)
4(134 135 148 147)
4(147 148 161 160)
4(95 96 110 109)
4(109 110 123 122)
4(122 123 136 135)
4(135 136 149 148)
4(148 149 162 161)
4(96 97 111 110)
4(110 111 124 123)
4(123 124 137 136)
4(136 137 150 149)
4(149 150 163 162)
4(97 98 112 111)
4(111 112 125 124)
4(124 125 138 137)
4(137 138 151 150)
4(150 151 164 163)
4(255 256 262 261)
4(261 262 268 267)
4(267 268 274 273)
4(273 274 280 279)
4(279 280 286 285)
4(230 231 236 235)
4(235 236 241 240)
4(240 241 246 245)
4(245 246 251 250)
4(250 251 257 256)
4(256 257 263 262)
4(262 263 269 268)
4(268 269 275 274)
4(274 275 281 280)
4(280 281 287 286)
4(231 232 237 236)
4(236 237 242 241)
4(241 242 247 246)
4(246 247 252 251)
4(251 252 258 257)
4(257 258 264 263)
4(263 264 270 269)
4(269 270 276 275)
4(275 276 282 281)
4(281 282 288 287)
4(232 233 238 237)
4(237 238 243 242)
4(242 243 248 247)
4(247 248 253 252)
4(252 253 259 258)
4(258 259 265 264)
4(264 265 271 270)
4(270 271 277 276)
4(276 277 283 282)
4(282 283 289 288)
4(233 234 239 238)
4(238 239 244 243)
4(243 244 249 248)
4(248 249 254 253)
4(253 254 260 259)
4(259 260 266 265)
4(265 266 272 271)
4(271 272 278 277)
4(277 278 284 283)
4(283 284 98 289)
4(355 356 369 368)
4(368 369 382 381)
4(381 382 395 394)
4(394 395 408 407)
4(407 408 86 85)
4(356 357 370 369)
4(369 370 383 382)
4(382 383 396 395)
4(395 396 409 408)
4(408 409 87 86)
4(357 358 371 370)
4(370 371 384 383)
4(383 384 397 396)
4(396 397 410 409)
4(409 410 88 87)
4(358 359 372 371)
4(371 372 385 384)
4(384 385 398 397)
4(397 398 411 410)
4(410 411 89 88)
4(359 360 373 372)
4(372 373 386 385)
4(385 386 399 398)
4(398 399 412 411)
4(411 412 90 89)
4(360 361 374 373)
4(373 374 387 386)
4(386 387 400 399)
4(399 400 413 412)
4(412 413 91 90)
4(361 362 375 374)
4(374 375 388 387)
4(387 388 401 400)
4(400 401 414 413)
4(413 414 92 91)
4(362 363 376 375)
4(375 376 389 388)
4(388 389 402 401)
4(401 402 415 414)
4(414 415 93 92)
4(363 364 377 376)
4(376 377 390 389)
4(389 390 403 402)
4(402 403 416 415)
4(415 416 94 93)
4(364 365 378 377)
4(377 378 391 390)
4(390 391 404 403)
4(403 404 417 416)
4(416 417 95 94)
4(365 366 379 378)
4(378 379 392 391)
4(391 392 405 404)
4(404 405 418 417)
4(417 418 96 95)
4(366 367 380 379)
4(379 380 393 392)
4(392 393 406 405)
4(405 406 419 418)
4(418 419 97 96)
4(367 285 286 380)
4(380 286 287 393)
4(393 287 288 406)
4(406 288 289 419)
4(419 289 98 97)
4(0 14 15 1)
4(1 15 16 2)
4(15 28 29 16)
4(28 41 42 29)
4(41 54 55 42)
4(54 67 68 55)
4(67 80 81 68)
4(2 16 17 3)
4(16 29 30 17)
4(29 42 43 30)
4(42 55 56 43)
4(55 68 69 56)
4(68 81 82 69)
4(3 17 18 4)
4(17 30 31 18)
4(30 43 44 31)
4(43 56 57 44)
4(56 69 70 57)
4(69 82 83 70)
4(4 18 19 5)
4(18 31 32 19)
4(31 44 45 32)
4(44 57 58 45)
4(57 70 71 58)
4(70 83 84 71)
4(5 19 20 6)
4(19 32 33 20)
4(32 45 46 33)
4(45 58 59 46)
4(58 71 72 59)
4(6 20 21 7)
4(20 33 34 21)
4(33 46 47 34)
4(46 59 60 47)
4(59 72 73 60)
4(7 21 22 8)
4(21 34 35 22)
4(34 47 48 35)
4(47 60 61 48)
4(60 73 74 61)
4(8 22 23 9)
4(22 35 36 23)
4(35 48 49 36)
4(48 61 62 49)
4(61 74 75 62)
4(9 23 24 10)
4(23 36 37 24)
4(36 49 50 37)
4(49 62 63 50)
4(62 75 76 63)
4(10 24 25 11)
4(24 37 38 25)
4(37 50 51 38)
4(50 63 64 51)
4(63 76 77 64)
4(11 25 26 12)
4(25 38 39 26)
4(38 51 52 39)
4(51 64 65 52)
4(64 77 78 65)
4(12 26 27 13)
4(26 39 40 27)
4(39 52 53 40)
4(52 65 66 53)
4(65 78 79 66)
4(195 201 202 196)
4(201 207 208 202)
4(207 213 214 208)
4(213 219 220 214)
4(219 225 226 220)
4(170 175 176 171)
4(175 180 181 176)
4(180 185 186 181)
4(185 190 191 186)
4(190 196 197 191)
4(196 202 203 197)
4(202 208 209 203)
4(208 214 215 209)
4(214 220 221 215)
4(220 226 227 221)
4(171 176 177 172)
4(176 181 182 177)
4(181 186 187 182)
4(186 191 192 187)
4(191 197 198 192)
4(197 203 204 198)
4(203 209 210 204)
4(209 215 216 210)
4(215 221 222 216)
4(221 227 228 222)
4(172 177 178 173)
4(177 182 183 178)
4(182 187 188 183)
4(187 192 193 188)
4(192 198 199 193)
4(198 204 205 199)
4(204 210 211 205)
4(210 216 217 211)
4(216 222 223 217)
4(222 228 229 223)
4(173 178 179 174)
4(178 183 184 179)
4(183 188 189 184)
4(188 193 194 189)
4(193 199 200 194)
4(199 205 206 200)
4(205 211 212 206)
4(211 217 218 212)
4(217 223 224 218)
4(223 229 13 224)
4(290 303 304 291)
4(303 316 317 304)
4(316 329 330 317)
4(329 342 343 330)
4(342 0 1 343)
4(291 304 305 292)
4(304 317 318 305)
4(317 330 331 318)
4(330 343 344 331)
4(343 1 2 344)
4(292 305 306 293)
4(305 318 319 306)
4(318 331 332 319)
4(331 344 345 332)
4(344 2 3 345)
4(293 306 307 294)
4(306 319 320 307)
4(319 332 333 320)
4(332 345 346 333)
4(345 3 4 346)
4(294 307 308 295)
4(307 320 321 308)
4(320 333 334 321)
4(333 346 347 334)
4(346 4 5 347)
4(295 308 309 296)
4(308 321 322 309)
4(321 334 335 322)
4(334 347 348 335)
4(347 5 6 348)
4(296 309 310 297)
4(309 322 323 310)
4(322 335 336 323)
4(335 348 349 336)
4(348 6 7 349)
4(297 310 311 298)
4(310 323 324 311)
4(323 336 337 324)
4(336 349 350 337)
4(349 7 8 350)
4(298 311 312 299)
4(311 324 325 312)
4(324 337 338 325)
4(337 350 351 338)
4(350 8 9 351)
4(299 312 313 300)
4(312 325 326 313)
4(325 338 339 326)
4(338 351 352 339)
4(351 9 10 352)
4(300 313 314 301)
4(313 326 327 314)
4(326 339 340 327)
4(339 352 353 340)
4(352 10 11 353)
4(301 314 315 302)
4(314 327 328 315)
4(327 340 341 328)
4(340 353 354 341)
4(353 11 12 354)
4(302 315 226 225)
4(315 328 227 226)
4(328 341 228 227)
4(341 354 229 228)
4(354 12 13 229)
4(170 171 231 230)
4(171 172 232 231)
4(172 173 233 232)
4(173 174 234 233)
4(71 156 157 72)
4(72 157 158 73)
4(73 158 159 74)
4(74 159 160 75)
4(75 160 161 76)
4(76 161 162 77)
4(77 162 163 78)
4(78 163 164 79)
4(80 165 166 81)
4(81 166 167 82)
4(82 167 168 83)
4(71 84 169 156)
4(83 168 169 84)
4(0 85 99 14)
4(14 99 100 15)
4(15 100 113 28)
4(28 113 126 41)
4(41 126 139 54)
4(54 139 152 67)
4(67 152 165 80)
4(170 230 235 175)
4(175 235 240 180)
4(180 240 245 185)
4(185 245 250 190)
4(190 250 256 196)
4(195 196 256 255)
4(195 255 261 201)
4(201 261 267 207)
4(207 267 273 213)
4(213 273 279 219)
4(219 279 285 225)
4(290 291 356 355)
4(291 292 357 356)
4(292 293 358 357)
4(293 294 359 358)
4(294 295 360 359)
4(295 296 361 360)
4(296 297 362 361)
4(297 298 363 362)
4(298 299 364 363)
4(299 300 365 364)
4(300 301 366 365)
4(301 302 367 366)
4(302 225 285 367)
4(290 355 368 303)
4(303 368 381 316)
4(316 381 394 329)
4(329 394 407 342)
4(342 407 85 0)
)


// ************************************************************************* //
