/*--------------------------------*- C++ -*----------------------------------*\
  =========                 |
  \\      /  F ield         | OpenFOAM: The Open Source CFD Toolbox
   \\    /   O peration     | Website:  https://openfoam.org
    \\  /    A nd           | Version:  7
     \\/     M anipulation  |
\*---------------------------------------------------------------------------*/
FoamFile
{
    version     2.0;
    format      ascii;
    class       volVectorField;
    location    "26";
    object      U;
}
// * * * * * * * * * * * * * * * * * * * * * * * * * * * * * * * * * * * * * //

dimensions      [0 1 -1 0 0 0 0];

internalField   nonuniform List<vector> 
175
(
(-0.471873 -0.00473705 -4.54193e-18)
(0.420099 0.0671942 2.01601e-19)
(0.380454 0.0714245 -6.66884e-19)
(0.338374 0.0757976 1.69641e-17)
(0.293749 0.0802923 -6.36826e-18)
(0.406061 0.00321275 8.71114e-18)
(0.365923 0.00342041 1.57003e-17)
(0.323337 0.00363695 -1.62848e-17)
(0.27819 0.00386206 -4.14771e-18)
(0.23046 0.00409244 -1.96553e-17)
(0.180124 0.00432398 -1.78519e-17)
(0.12722 0.00455229 2.42003e-17)
(0.0718597 0.0047709 -2.91098e-17)
(0.0141886 0.00497455 -1.03682e-19)
(-0.0455014 0.00515024 -5.9163e-18)
(-0.106824 0.00529248 -9.44956e-18)
(-0.169308 0.00538576 -2.90756e-18)
(-0.232279 0.00541874 4.96636e-19)
(-0.29497 0.00537854 5.1676e-18)
(-0.356466 0.00525491 1.48606e-18)
(-0.415775 0.00504143 2.79972e-18)
(-0.471873 0.00473728 -2.70987e-18)
(0.406361 0.00968358 8.9481e-18)
(0.366233 0.0102972 2.02536e-17)
(0.323657 0.0109333 -1.55209e-17)
(0.278521 0.0115899 -8.50458e-18)
(0.2308 0.0122571 -2.80965e-17)
(0.180474 0.0129236 -1.98054e-17)
(0.127578 0.0135759 2.15805e-17)
(0.0722256 0.0141948 -2.84968e-17)
(0.014561 0.0147646 2.88378e-18)
(-0.0451236 0.0152469 -4.65248e-18)
(-0.106442 0.0156262 -1.22885e-17)
(-0.168923 0.0158576 -1.01268e-18)
(-0.231892 0.0159093 2.5478e-18)
(-0.294581 0.0157451 4.48397e-18)
(-0.356075 0.0153375 1.72773e-18)
(-0.415378 0.0146703 1.13376e-18)
(-0.471466 0.013744 -1.9127e-18)
(0.406954 0.0161611 9.5565e-18)
(0.366846 0.0171788 1.52057e-17)
(0.32429 0.0182314 -1.62521e-17)
(0.279173 0.0193145 -1.26133e-17)
(0.231472 0.0204121 -2.47715e-17)
(0.181164 0.0215072 -2.73355e-17)
(0.128286 0.0225775 2.43248e-17)
(0.0729504 0.0235914 -1.95169e-17)
(0.0152994 0.0245229 7.45018e-18)
(-0.0443736 0.0253083 -4.33063e-18)
(-0.105683 0.0259223 -7.25666e-18)
(-0.168158 0.0262908 1.13437e-18)
(-0.231123 0.0263612 4.74649e-18)
(-0.293808 0.0260744 1.2168e-18)
(-0.355296 0.025385 1.90993e-18)
(-0.41459 0.024267 -4.59816e-19)
(-0.470661 0.0227216 -1.76443e-18)
(0.407829 0.0226331 1.14539e-17)
(0.367751 0.0240552 1.52966e-17)
(0.325224 0.025525 -1.83962e-17)
(0.280137 0.0270357 -1.87776e-17)
(0.232465 0.028565 -2.54633e-17)
(0.182186 0.0300902 -2.57898e-17)
(0.129335 0.03158 3.24056e-17)
(0.0740243 0.0329905 -1.50171e-17)
(0.0163946 0.0342849 1.32877e-17)
(-0.0432603 0.0353746 -4.81568e-18)
(-0.104555 0.0362239 6.30071e-18)
(-0.16702 0.0367296 3.58559e-18)
(-0.229979 0.0368183 1.74782e-18)
(-0.292659 0.036407 1.30736e-18)
(-0.35414 0.0354332 1.5624e-18)
(-0.413421 0.0338604 -2.52542e-19)
(-0.469469 0.0316911 -1.09747e-18)
(0.408972 0.0290989 1.46751e-17)
(0.368932 0.0309256 2.02915e-17)
(0.326444 0.0328129 -2.22671e-17)
(0.281397 0.0347518 -2.57245e-17)
(0.233764 0.0367138 -1.43006e-17)
(0.183523 0.0386698 -3.13335e-17)
(0.130709 0.0405796 1.85203e-17)
(0.0754324 0.0423869 -1.3981e-17)
(0.0178318 0.044044 9.12901e-18)
(-0.0417979 0.0454377 -6.69473e-18)
(-0.103072 0.0465214 1.01256e-17)
(-0.165524 0.0471631 6.083e-18)
(-0.228473 0.0472677 4.84343e-18)
(-0.291146 0.0467292 1.55461e-18)
(-0.352619 0.0454669 1.87976e-18)
(-0.411884 0.0434348 -3.59029e-19)
(-0.467901 0.0406363 2.94283e-20)
(0.410364 0.0355581 1.8934e-17)
(0.370371 0.0377892 1.62062e-17)
(0.327932 0.040094 -1.27182e-17)
(0.282933 0.0424613 -2.15582e-17)
(0.235349 0.044856 -2.05793e-17)
(0.185157 0.0472431 -2.92935e-17)
(0.132388 0.0495728 9.56614e-18)
(0.0771556 0.0517773 -1.62234e-17)
(0.0195926 0.0537972 7.42181e-18)
(-0.0400045 0.0554948 1.1198e-18)
(-0.101251 0.0568126 1.59484e-17)
(-0.163685 0.0575897 9.352e-18)
(-0.226621 0.0577092 7.97529e-18)
(-0.289285 0.0570414 1.8273e-18)
(-0.350747 0.0554876 1.73872e-18)
(-0.409991 0.0529919 -8.22745e-19)
(-0.465972 0.0495594 7.11063e-18)
(0.411985 0.0420096 1.06993e-17)
(0.372047 0.044645 1.73553e-17)
(0.329664 0.0473671 -4.44646e-18)
(0.284724 0.0501626 -2.08206e-17)
(0.237199 0.0529902 -1.32569e-17)
(0.187064 0.0558084 -1.91303e-17)
(0.134351 0.0585584 4.51391e-18)
(0.0791721 0.0611605 -8.59221e-18)
(0.0216555 0.0635434 7.32967e-18)
(-0.0379005 0.0655456 7.79815e-18)
(-0.0991125 0.0670979 1.41994e-17)
(-0.161522 0.0680107 5.7007e-18)
(-0.224441 0.0681446 6.52127e-18)
(-0.287092 0.067346 1.87948e-18)
(-0.348538 0.065498 1.70888e-18)
(-0.407757 0.0625344 -1.52187e-18)
(-0.463692 0.0584623 1.01093e-17)
(0.41381 0.0484532 3.58903e-18)
(0.373936 0.0514923 7.99179e-18)
(0.331618 0.0546311 4.15268e-18)
(0.286745 0.0578541 -2.34392e-17)
(0.239288 0.0611136 -8.26125e-18)
(0.189221 0.064362 -1.39723e-17)
(0.136574 0.0675313 8.71707e-19)
(0.0814583 0.0705304 -3.72557e-18)
(0.0239976 0.0732753 2.05512e-17)
(-0.0355082 0.0755817 1.41474e-17)
(-0.0966771 0.0773674 1.51298e-17)
(-0.159056 0.0784153 2.4192e-18)
(-0.221951 0.0785622 5.64537e-18)
(-0.284583 0.0776307 1.81819e-18)
(-0.346008 0.075485 1.70857e-18)
(-0.405194 0.072049 -2.35287e-18)
(-0.461073 0.0673318 9.52511e-18)
(0.415815 0.0548873 1.08407e-17)
(0.376013 0.0583287 8.64387e-19)
(0.333768 0.0618828 1.5244e-17)
(0.288971 0.0655316 -1.49078e-17)
(0.241591 0.0692213 -4.8278e-18)
(0.191602 0.0728979 -1.19121e-17)
(0.139031 0.0764842 -1.99268e-18)
(0.0839895 0.0798781 -3.4944e-19)
(0.026595 0.0829821 2.33121e-17)
(-0.0328503 0.0855904 2.11977e-17)
(-0.0939663 0.0876063 8.76351e-18)
(-0.156305 0.0887863 -3.44568e-19)
(-0.219169 0.0889425 5.95116e-18)
(-0.281776 0.087874 1.91768e-18)
(-0.343172 0.0854258 1.72852e-18)
(-0.402314 0.0815118 -9.35204e-19)
(-0.458124 0.0761437 5.7784e-18)
(0.417976 0.061297 4.45708e-18)
(0.378252 0.0651422 -6.09684e-18)
(0.336089 0.069114 1.45488e-17)
(0.291376 0.0731923 -9.26896e-18)
(0.244082 0.077317 -2.17695e-18)
(0.194181 0.0814278 -1.25516e-17)
(0.141698 0.0854382 -5.15008e-18)
(0.0867415 0.0892353 1.13262e-18)
(0.0294241 0.0927067 2.91862e-17)
(-0.0299493 0.0956272 1.98967e-17)
(-0.0910012 0.0978825 4.20424e-18)
(-0.15329 0.0992036 -3.03245e-18)
(-0.216113 0.0993763 7.05396e-18)
(-0.278684 0.0981749 1.8393e-18)
(-0.34004 0.0954245 1.69497e-18)
(-0.399126 0.0910283 1.14121e-19)
(-0.454852 0.0850006 4.15111e-18)
)
;

boundaryField
{
    inlet
    {
        type            uniformFixedValue;
        uniformValue    constant (1 0 0);
        value           nonuniform 0();
    }
    outlet
    {
        type            pressureInletOutletVelocity;
        value           nonuniform 0();
    }
    polygon
    {
        type            fixedValue;
        value           nonuniform 0();
    }
    top
    {
        type            symmetryPlane;
    }
    bottom
    {
        type            symmetryPlane;
    }
    outside
    {
        type            zeroGradient;
    }
    procBoundary30to22
    {
        type            processor;
        value           nonuniform List<vector> 
18
(
(0.422085 0.0726695 -3.60963e-18)
(0.382511 0.077247 2.22875e-18)
(0.340505 0.0819787 1.53947e-17)
(0.246545 0.0848432 -9.2985e-20)
(0.295957 0.0868415 -4.51844e-18)
(0.246545 0.0848432 -9.2985e-20)
(0.196737 0.0893841 -1.49345e-17)
(0.144345 0.0938196 -8.25916e-18)
(0.0894807 0.0980278 1.51887e-18)
(0.0322475 0.10188 2.71216e-17)
(-0.0270463 0.105135 1.18811e-17)
(-0.0880263 0.107658 7.75821e-19)
(-0.150257 0.109154 7.42469e-19)
(-0.21303 0.109381 8.95993e-18)
(-0.275556 0.108087 1.85248e-18)
(-0.336863 0.105074 1.79096e-18)
(-0.395882 0.100233 -1.77664e-18)
(-0.45151 0.0935773 3.89286e-18)
)
;
    }
    procBoundary30to23
    {
        type            processor;
        value           nonuniform List<vector> 2((0.457353 0.0631644 -1.22791e-17) (0.455305 0.0576314 -1.7482e-17));
    }
    procBoundary30to29
    {
        type            processor;
        value           nonuniform List<vector> 10((-0.523773 0.00434794 -5.82201e-19) (-0.523352 0.0125768 4.97185e-18) (-0.52252 0.0207798 1.2401e-17) (-0.52129 0.0289694 1.50524e-17) (-0.519675 0.0371297 1.37005e-17) (-0.517686 0.0452623 7.88489e-18) (-0.515334 0.0533686 5.29686e-18) (-0.512628 0.0614355 5.0009e-18) (-0.509575 0.0694396 6.43286e-18) (-0.506178 0.0774765 9.06897e-18));
    }
    procBoundary30to31
    {
        type            processor;
        value           nonuniform List<vector> 9((0.443782 0.00301636 1.13765e-17) (0.444072 0.00910054 1.32092e-17) (0.444646 0.0151925 1.6774e-17) (0.445494 0.0212785 9.51431e-18) (0.4466 0.0273585 4.3169e-18) (0.447947 0.0334319 4.603e-19) (0.449514 0.0394978 -3.77829e-18) (0.451279 0.0455564 -8.16664e-18) (0.453217 0.0516064 -1.18308e-17));
    }
    procBoundary30to37
    {
        type            processor;
        value           uniform (-0.523773 -0.00434769 -6.31591e-18);
    }
    procBoundary30to38
    {
        type            processor;
        value           nonuniform List<vector> 
18
(
(-0.471466 -0.0137437 -7.98022e-18)
(0.406061 -0.00321282 9.15115e-18)
(0.365923 -0.00342047 1.61419e-17)
(0.323337 -0.003637 -1.94289e-17)
(0.27819 -0.0038621 3.91225e-19)
(0.23046 -0.00409246 -1.46364e-17)
(0.180124 -0.00432397 -5.41847e-18)
(0.12722 -0.00455225 3.32627e-17)
(0.0718597 -0.00477085 -2.22561e-17)
(0.0141886 -0.0049745 -2.34207e-18)
(-0.0455014 -0.00515017 3.9356e-18)
(-0.106824 -0.0052924 -7.64882e-18)
(-0.169308 -0.00538567 -4.38475e-18)
(-0.232279 -0.00541861 4.61898e-18)
(-0.29497 -0.00537837 3.17089e-18)
(-0.356466 -0.00525472 1.13151e-18)
(-0.415775 -0.00504122 2.60426e-18)
(-0.415775 -0.00504122 2.60426e-18)
)
;
    }
}


// ************************************************************************* //
