/*--------------------------------*- C++ -*----------------------------------*\
  =========                 |
  \\      /  F ield         | OpenFOAM: The Open Source CFD Toolbox
   \\    /   O peration     | Website:  https://openfoam.org
    \\  /    A nd           | Version:  7
     \\/     M anipulation  |
\*---------------------------------------------------------------------------*/
FoamFile
{
    version     2.0;
    format      ascii;
    class       volVectorField;
    location    "86";
    object      U;
}
// * * * * * * * * * * * * * * * * * * * * * * * * * * * * * * * * * * * * * //

dimensions      [0 1 -1 0 0 0 0];

internalField   nonuniform List<vector> 
115
(
(-0.0137461 -0.0130065 -1.10388e-19)
(-0.0107444 -0.0129228 -4.24508e-20)
(-0.00746704 -0.0128658 -5.07903e-20)
(-0.00390447 -0.012841 -1.14218e-19)
(-4.71857e-05 -0.0128534 1.60842e-19)
(0.00411424 -0.0129072 9.87985e-21)
(0.020181 -0.0140523 1.43974e-19)
(0.0209066 -0.014295 -1.30382e-19)
(0.0219086 -0.0144857 -6.82294e-20)
(0.0231938 -0.014634 -6.51464e-20)
(0.0247697 -0.0147494 9.41473e-20)
(0.0266445 -0.0148417 -2.97658e-20)
(0.0288271 -0.0149204 1.0651e-19)
(0.0313268 -0.0149949 3.25138e-20)
(0.0341534 -0.0150738 -7.61265e-21)
(0.0373169 -0.0151653 7.16595e-20)
(0.0408275 -0.0152772 1.738e-20)
(0.0446953 -0.0154164 -1.94581e-20)
(0.0489307 -0.0155892 -1.77346e-19)
(0.0535435 -0.0158012 -7.04994e-19)
(0.0585438 -0.0160572 1.26703e-18)
(0.0639413 -0.0163614 3.64331e-20)
(0.0766119 -0.0144944 -7.28199e-21)
(0.0775538 -0.0149575 -2.99331e-20)
(0.0788539 -0.015374 -1.14882e-19)
(0.0805213 -0.0157539 -1.95807e-20)
(0.0825659 -0.0161075 1.53434e-19)
(0.0849979 -0.0164448 3.55451e-20)
(0.087828 -0.0167756 -5.10544e-20)
(0.0910671 -0.0171095 -7.8466e-20)
(0.0947262 -0.0174553 1.25113e-19)
(0.0988163 -0.0178214 -1.10061e-19)
(0.103348 -0.0182154 -1.09069e-19)
(0.108333 -0.0186441 -2.06148e-19)
(0.113782 -0.0191137 -6.25199e-19)
(0.119704 -0.0196297 -4.83062e-18)
(0.126109 -0.0201968 7.70089e-18)
(0.133008 -0.0208189 1.95979e-19)
(0.139416 -0.0151298 8.52999e-20)
(0.140778 -0.0158726 5.9561e-21)
(0.142585 -0.016576 6.40951e-20)
(0.144849 -0.0172504 -1.05084e-20)
(0.147582 -0.0179061 1.2025e-19)
(0.150794 -0.0185535 7.63089e-20)
(0.154499 -0.0192027 -5.69596e-21)
(0.158707 -0.019863 1.08387e-19)
(0.163431 -0.0205435 1.07854e-20)
(0.168682 -0.0212522 -9.4505e-20)
(0.174472 -0.0219966 1.23808e-19)
(0.18081 -0.0227834 3.9903e-20)
(0.187708 -0.0236185 2.63663e-19)
(0.195175 -0.0245071 9.57456e-19)
(0.203221 -0.0254537 8.80792e-18)
(0.211855 -0.0264621 -6.97256e-20)
(0.209144 -0.0161039 -1.03784e-19)
(0.211128 -0.0171893 -7.26349e-20)
(0.213648 -0.0182435 -1.89407e-20)
(0.216716 -0.0192772 -1.15464e-19)
(0.220344 -0.020301 -1.64767e-19)
(0.224545 -0.0213253 -2.41116e-20)
(0.229331 -0.02236 2.02527e-20)
(0.234715 -0.0234144 7.36362e-20)
(0.240708 -0.0244972 -1.35173e-19)
(0.247321 -0.0256163 -7.32883e-20)
(0.254565 -0.0267789 1.65301e-19)
(0.26245 -0.0279912 9.71786e-20)
(0.270986 -0.0292589 4.41196e-19)
(0.280181 -0.0305866 2.06966e-18)
(0.290043 -0.0319787 7.66096e-18)
(0.30058 -0.0334384 -5.71833e-19)
(0.286116 -0.017557 -3.40876e-19)
(0.288906 -0.0190479 -2.5773e-19)
(0.292319 -0.0205167 -2.71688e-19)
(0.296368 -0.0219741 -2.66274e-19)
(0.301064 -0.0234307 -1.56163e-19)
(0.306421 -0.0248967 -6.23125e-20)
(0.312451 -0.0263818 -1.91114e-19)
(0.319166 -0.027895 -1.97519e-19)
(0.326575 -0.0294445 -2.82337e-20)
(0.334689 -0.0310378 6.64297e-20)
(0.343516 -0.0326814 7.37154e-20)
(0.353066 -0.0343813 5.53345e-20)
(0.363345 -0.0361423 3.7709e-19)
(0.374358 -0.0379688 7.85079e-19)
(0.386112 -0.0398642 1.11663e-18)
(0.39861 -0.0418316 -3.98741e-19)
(0.370253 -0.0196089 -1.10634e-18)
(0.373989 -0.0215651 -5.07871e-19)
(0.378427 -0.0235084 -1.4359e-18)
(0.383579 -0.0254494 -8.17465e-19)
(0.389456 -0.0273983 -4.01078e-19)
(0.396071 -0.0293651 -1.0495e-18)
(0.403434 -0.0313589 -5.99105e-19)
(0.411554 -0.0333881 -1.25239e-18)
(0.420439 -0.0354605 -7.56117e-19)
(0.430097 -0.0375825 -2.85065e-19)
(0.440533 -0.0397602 -7.64565e-19)
(0.451753 -0.0419984 1.60908e-19)
(0.463757 -0.0443013 -6.25069e-20)
(0.476548 -0.0466722 1.2726e-18)
(0.490126 -0.0491138 4.55588e-20)
(0.504487 -0.0516281 -6.85935e-19)
(0.460903 -0.0223438 -6.08536e-18)
(0.465661 -0.0248176 -1.69991e-18)
(0.471186 -0.027287 -7.20877e-18)
(0.477486 -0.0297622 -4.96607e-18)
(0.484572 -0.0322531 -1.44348e-18)
(0.492454 -0.0347688 -6.13426e-18)
(0.501138 -0.0373178 -1.65738e-18)
(0.510629 -0.0399076 -7.24538e-18)
(0.520934 -0.0425448 -4.87093e-18)
(0.532052 -0.0452349 -1.25165e-18)
(0.543986 -0.0479825 -5.38465e-18)
(0.556733 -0.0507913 2.41298e-20)
(0.570287 -0.0536641 -2.80865e-18)
)
;

boundaryField
{
    inlet
    {
        type            uniformFixedValue;
        uniformValue    constant (1 0 0);
        value           nonuniform 0();
    }
    outlet
    {
        type            pressureInletOutletVelocity;
        value           nonuniform 0();
    }
    polygon
    {
        type            fixedValue;
        value           nonuniform 0();
    }
    top
    {
        type            symmetryPlane;
    }
    bottom
    {
        type            symmetryPlane;
    }
    outside
    {
        type            zeroGradient;
    }
    procBoundary13to5
    {
        type            processor;
        value           nonuniform List<vector> 
17
(
(0.584644 -0.0566028 7.44926e-18)
(0.599793 -0.0596086 1.64422e-18)
(0.615722 -0.062682 -6.10672e-18)
(0.556719 -0.0257984 -1.33175e-18)
(0.562496 -0.0288291 -7.40124e-19)
(0.569079 -0.0318624 -1.79866e-18)
(0.576477 -0.0349079 -9.0917e-19)
(0.584695 -0.0379746 -6.96366e-19)
(0.593738 -0.0410706 -1.38413e-18)
(0.603609 -0.0442031 -6.91572e-19)
(0.614308 -0.0473783 -1.75017e-18)
(0.625833 -0.0506012 -7.82153e-19)
(0.638178 -0.0538757 -3.45556e-19)
(0.651337 -0.0572045 -7.79115e-19)
(0.665297 -0.0605893 7.01976e-19)
(0.584644 -0.0566028 7.44926e-18)
(0.680044 -0.064031 5.05239e-19)
)
;
    }
    procBoundary13to6
    {
        type            processor;
        value           uniform (0.456899 -0.0198556 -1.30285e-18);
    }
    procBoundary13to12
    {
        type            processor;
        value           nonuniform List<vector> 5((0.140409 -0.0214995 8.22408e-20) (0.221086 -0.0275354 3.31932e-19) (0.311798 -0.0349688 1.93571e-19) (0.411855 -0.0438734 3.35856e-19) (0.519627 -0.0542165 2.40658e-19));
    }
    procBoundary13to14
    {
        type            processor;
        value           nonuniform List<vector> 6((0.0197262 -0.0137485 -6.10674e-20) (0.0760196 -0.0139751 1.15814e-19) (0.13849 -0.0143374 8.2578e-20) (0.207682 -0.0149772 -3.17661e-20) (0.283936 -0.0160338 -2.26124e-19) (0.367207 -0.0176295 -4.53543e-19));
    }
    procBoundary13to20
    {
        type            processor;
        value           nonuniform List<vector> 2((0.00858913 -0.0130062 8.1017e-20) (0.0697454 -0.0167174 -9.40488e-20));
    }
    procBoundary13to21
    {
        type            processor;
        value           nonuniform List<vector> 
17
(
(-0.0611406 -0.0112272 8.17463e-20)
(-0.0587628 -0.0109833 -2.33307e-20)
(-0.056194 -0.0107596 -1.35251e-19)
(-0.0534256 -0.0105616 -3.90894e-20)
(-0.0504489 -0.0103942 -1.33512e-20)
(-0.0472549 -0.0102618 -5.57325e-20)
(-0.0304896 -0.0136658 -1.78739e-20)
(-0.0297944 -0.0137423 -1.13006e-19)
(-0.0288961 -0.0137633 1.29806e-19)
(-0.0277908 -0.0137378 2.75865e-20)
(-0.0264737 -0.0136747 1.31059e-19)
(-0.0249391 -0.0135832 -5.66614e-20)
(-0.0231802 -0.0134724 1.40681e-19)
(-0.0211897 -0.0133511 4.00646e-20)
(-0.0189596 -0.0132278 3.1807e-20)
(-0.0164814 -0.0131104 3.66309e-20)
(-0.0164814 -0.0131104 3.66309e-20)
)
;
    }
}


// ************************************************************************* //
