/*--------------------------------*- C++ -*----------------------------------*\
  =========                 |
  \\      /  F ield         | OpenFOAM: The Open Source CFD Toolbox
   \\    /   O peration     | Website:  https://openfoam.org
    \\  /    A nd           | Version:  7
     \\/     M anipulation  |
\*---------------------------------------------------------------------------*/
FoamFile
{
    version     2.0;
    format      ascii;
    class       surfaceScalarField;
    location    "76";
    object      phi;
}
// * * * * * * * * * * * * * * * * * * * * * * * * * * * * * * * * * * * * * //

dimensions      [0 3 -1 0 0 0 0];

internalField   nonuniform List<scalar> 
322
(
0.000467669
-1.62988e-05
0.000468823
-9.47212e-06
0.000469616
-1.70558e-06
0.000470026
6.81167e-06
0.000470033
1.58765e-05
0.000469624
2.53319e-05
0.000468793
3.50401e-05
4.4874e-05
0.00208784
-7.41086e-06
0.00209487
-1.67484e-05
0.00210557
-2.80184e-05
0.00211792
-3.60346e-05
0.00213103
-4.07473e-05
0.00214419
-4.24415e-05
0.00215688
-4.14117e-05
0.00216873
-3.80359e-05
0.00217945
-3.26756e-05
0.00218882
-2.56639e-05
0.00219665
-1.73025e-05
0.00220279
-7.85218e-06
0.00220715
2.45361e-06
0.00220967
1.33587e-05
0.00221027
2.47299e-05
0.00220892
3.63904e-05
4.81945e-05
0.00168753
-1.59337e-05
0.00169932
-2.85382e-05
0.00171556
-4.42644e-05
0.00173275
-5.32233e-05
0.00175014
-5.81403e-05
0.00176713
-5.94301e-05
0.00178334
-5.76173e-05
0.00179851
-5.32076e-05
0.00181246
-4.66285e-05
0.00182505
-3.82502e-05
0.00183615
-2.84047e-05
0.00184568
-1.73825e-05
0.00185359
-5.453e-06
0.00185977
7.17687e-06
0.0018642
2.02994e-05
0.00186686
3.37338e-05
4.73262e-05
0.00123406
-3.17109e-05
0.00125278
-4.72582e-05
0.00127564
-6.71272e-05
0.00129804
-7.56199e-05
0.00131993
-8.00294e-05
0.00134091
-8.04126e-05
0.00136083
-7.75392e-05
0.00137959
-7.19645e-05
0.0013971
-6.41389e-05
0.00141329
-5.44413e-05
0.0014281
-4.32138e-05
0.00144147
-3.0751e-05
0.00145334
-1.73254e-05
0.0014637
-3.18396e-06
0.0014725
1.15002e-05
0.00147972
2.6517e-05
4.17056e-05
0.000738956
-5.7056e-05
0.000766685
-7.49879e-05
0.00079585
-9.62921e-05
0.000823046
-0.000102816
0.000849207
-0.000106191
0.000874086
-0.000105291
0.00089778
-0.000101233
0.000920289
-9.44735e-05
0.000941607
-8.54568e-05
0.000961711
-7.45451e-05
0.000980573
-6.20761e-05
0.00099816
-4.83382e-05
0.00101444
-3.36084e-05
0.00102938
-1.81208e-05
0.00104298
-2.09683e-06
0.00105518
1.43145e-05
3.09047e-05
0.000212745
-9.32164e-05
0.000251649
-0.000113892
0.000284213
-0.000128856
0.000315682
-0.000134285
0.000345692
-0.000136201
0.000374332
-0.000133931
0.00040184
-0.000128741
0.000428246
-0.00012088
0.000453587
-0.000110797
0.000477862
-9.88207e-05
0.000501066
-8.52795e-05
0.000523173
-7.04458e-05
0.000544164
-5.45994e-05
0.000564011
-3.79677e-05
0.000582675
-2.07606e-05
0.000600165
-3.17526e-06
1.46445e-05
-0.000333425
-0.000136896
-0.000288975
-0.000158343
-0.000253141
-0.00016469
-0.000217803
-0.000169623
-0.000184232
-0.000169772
-0.00015184
-0.000166323
-0.000120458
-0.000160123
-9.00358e-05
-0.000151302
-6.05201e-05
-0.000140313
-3.19014e-05
-0.000127439
-4.18399e-06
-0.000112997
2.26307e-05
-9.72604e-05
4.85037e-05
-8.04724e-05
7.34093e-05
-6.28733e-05
9.73186e-05
-4.46699e-05
0.000120192
-2.60489e-05
-7.18424e-06
-0.000896169
-0.000183718
-0.000851202
-0.00020331
-0.000810972
-0.000204919
-0.000772491
-0.000208104
-0.00073533
-0.000206932
-0.000699243
-0.000202411
-0.000663997
-0.000195369
-0.000629551
-0.000185747
-0.000595839
-0.000174026
-0.000562854
-0.000160424
-0.000530596
-0.000145255
-0.000499087
-0.00012877
-0.000468347
-0.000111212
-0.000438411
-9.28091e-05
-0.000409316
-7.37645e-05
-0.000381103
-5.42623e-05
-3.44701e-05
-0.00147445
-0.00023216
-0.00142872
-0.000249045
-0.00138578
-0.000247855
-0.00134423
-0.000249659
-0.00130384
-0.00024732
-0.00126427
-0.000241981
-0.00122537
-0.000234265
-0.0011871
-0.000224021
-0.00114939
-0.000211737
-0.00111224
-0.000197571
-0.00107566
-0.000181837
-0.00103967
-0.000164761
-0.0010043
-0.000146583
-0.000969588
-0.000127518
-0.000935586
-0.000107767
-0.000902342
-8.75063e-05
-6.68994e-05
-0.00206573
-0.000281162
-0.00201933
-0.000295446
-0.0019745
-0.000292682
-0.00193043
-0.000293724
-0.00188737
-0.000290389
-0.00184481
-0.000284532
-0.00180277
-0.000276308
-0.00176116
-0.000265633
-0.00171994
-0.000252953
-0.00167913
-0.000238388
-0.00163872
-0.000222243
-0.00159876
-0.000204724
-0.00155928
-0.000186064
-0.00152033
-0.000166467
-0.00148197
-0.00144427
-0.00266754
-0.00262089
-0.002575
-0.00252933
-0.00248447
-0.0024398
-0.00239549
-0.00235139
-0.00230753
-0.00226389
-0.00222051
-0.00217743
-0.00213469
)
;

boundaryField
{
    inlet
    {
        type            calculated;
        value           nonuniform 0();
    }
    outlet
    {
        type            calculated;
        value           nonuniform List<scalar> 10(-0.00208372 -0.001679 -0.00121828 -0.000713611 -0.000176584 0.000377105 0.000942991 0.00152289 0.00211473 0.00271618);
    }
    polygon
    {
        type            calculated;
        value           nonuniform 0();
    }
    top
    {
        type            symmetryPlane;
        value           uniform 0;
    }
    bottom
    {
        type            symmetryPlane;
        value           uniform 0;
    }
    outside
    {
        type            calculated;
        value           nonuniform 0();
    }
    procBoundary15to7
    {
        type            processor;
        value           nonuniform List<scalar> 
18
(
-0.000146125
-0.000125209
-0.000103872
-0.000329802
-0.000342098
-0.000338569
-0.000339392
-0.000335246
-0.000329202
-0.000320621
-0.000309733
-0.000296817
-0.000282024
-0.000265621
-0.000247807
-0.0002288
-0.00209237
-0.000208793
)
;
    }
    procBoundary15to14
    {
        type            processor;
        value           nonuniform List<scalar> 8(0.00186773 0.00148534 0.00106598 0.000616425 0.000142021 -0.000353817 -0.000869912 -0.00140729);
    }
    procBoundary15to22
    {
        type            processor;
        value           nonuniform List<scalar> 2(0.000467536 0.0022056);
    }
    procBoundary15to23
    {
        type            processor;
        value           nonuniform List<scalar> 
18
(
1.48175e-05
8.31797e-06
9.1219e-07
-7.22107e-06
-1.58832e-05
-2.49235e-05
-3.42087e-05
-4.36169e-05
3.29438e-06
9.71179e-06
1.73182e-05
2.36929e-05
2.76349e-05
2.92838e-05
2.87172e-05
2.6186e-05
-0.000466188
2.19555e-05
)
;
    }
}


// ************************************************************************* //
