/*--------------------------------*- C++ -*----------------------------------*\
  =========                 |
  \\      /  F ield         | OpenFOAM: The Open Source CFD Toolbox
   \\    /   O peration     | Website:  https://openfoam.org
    \\  /    A nd           | Version:  7
     \\/     M anipulation  |
\*---------------------------------------------------------------------------*/
FoamFile
{
    version     2.0;
    format      ascii;
    class       volVectorField;
    location    "100";
    object      U;
}
// * * * * * * * * * * * * * * * * * * * * * * * * * * * * * * * * * * * * * //

dimensions      [0 1 -1 0 0 0 0];

internalField   nonuniform List<vector> 
175
(
(0.856018 -0.0638648 1.59975e-20)
(0.858689 -0.0635793 -2.36119e-20)
(0.860375 -0.0628215 4.3132e-20)
(0.863343 -0.0619585 -5.03581e-19)
(0.866011 -0.0606997 -3.99972e-20)
(0.869348 -0.0593058 -1.69094e-18)
(0.872658 -0.0575936 -6.67271e-19)
(0.876348 -0.0557208 -2.05198e-18)
(0.880098 -0.0535989 -6.68234e-19)
(0.88407 -0.0513198 -2.43437e-18)
(0.888109 -0.048853 -5.33508e-19)
(0.892273 -0.0462553 -3.14061e-18)
(0.896481 -0.0435261 -7.26253e-19)
(0.900751 -0.0407035 -3.64913e-18)
(0.90504 -0.0377985 -1.42162e-19)
(0.909351 -0.034837 -2.70435e-18)
(0.913664 -0.0318306 1.84919e-18)
(0.846919 -0.0652054 1.84565e-19)
(0.849223 -0.0655771 3.7115e-19)
(0.850514 -0.0650473 4.81062e-19)
(0.852918 -0.0645793 4.91968e-19)
(0.855034 -0.0635631 3.3081e-19)
(0.857707 -0.062455 -5.37024e-19)
(0.860331 -0.0609575 -9.63258e-20)
(0.86325 -0.0592987 -2.56957e-19)
(0.866182 -0.0573472 3.20102e-19)
(0.869265 -0.0552219 8.44325e-19)
(0.872357 -0.0528776 2.95625e-18)
(0.875508 -0.0503825 1.88202e-18)
(0.878643 -0.047733 1.38739e-18)
(0.881778 -0.0449741 -1.19376e-18)
(0.884873 -0.0421188 2.20003e-19)
(0.887935 -0.0391987 -2.11664e-19)
(0.890944 -0.0362297 9.72734e-19)
(0.826985 -0.0658778 -1.05935e-19)
(0.828001 -0.0665551 -1.69008e-19)
(0.828624 -0.0660778 -5.23854e-19)
(0.829806 -0.0658222 -2.4637e-19)
(0.830872 -0.0648584 -9.5813e-19)
(0.832235 -0.0638631 7.10527e-20)
(0.833561 -0.0623973 -2.33904e-19)
(0.83503 -0.0607802 -2.78812e-19)
(0.836468 -0.0588262 -4.56963e-19)
(0.83795 -0.0566893 -1.02659e-18)
(0.83938 -0.0543061 -2.41603e-18)
(0.840789 -0.0517589 -4.34608e-19)
(0.842124 -0.0490396 -3.06229e-18)
(0.8434 -0.0461999 3.95277e-19)
(0.844591 -0.0432531 -7.27483e-19)
(0.845709 -0.0402346 -8.75964e-19)
(0.846749 -0.0371616 -1.72093e-18)
(0.795144 -0.0658679 -1.18841e-19)
(0.794119 -0.0666906 -2.06813e-19)
(0.793887 -0.0662191 -3.06514e-19)
(0.793327 -0.0660934 -2.64392e-19)
(0.793018 -0.0651425 -3.92852e-19)
(0.792631 -0.0642104 -3.96798e-20)
(0.792289 -0.0627462 -3.11479e-19)
(0.79191 -0.0611399 -3.80777e-19)
(0.791488 -0.0591657 -6.13022e-19)
(0.791013 -0.0570037 -9.44311e-19)
(0.790453 -0.0545799 -1.09607e-18)
(0.789816 -0.0519871 -5.38278e-19)
(0.789081 -0.049217 -1.21664e-18)
(0.78826 -0.0463272 -6.28724e-20)
(0.787347 -0.0433345 -9.40789e-19)
(0.786361 -0.040279 -9.98434e-19)
(0.785308 -0.0371825 -1.63617e-18)
(0.751669 -0.0649812 -2.61742e-19)
(0.748202 -0.0658452 -4.65155e-19)
(0.747038 -0.065334 -9.81281e-19)
(0.7445 -0.0652496 -6.71966e-19)
(0.742707 -0.06427 -1.69323e-18)
(0.740427 -0.0633355 -4.05994e-19)
(0.738333 -0.0618351 -8.96327e-19)
(0.736036 -0.0601913 -1.03498e-18)
(0.733727 -0.0581651 -1.40231e-18)
(0.731298 -0.0559442 -2.26091e-18)
(0.728791 -0.0534568 -4.07546e-18)
(0.72619 -0.0507975 -1.62063e-18)
(0.723504 -0.0479631 -4.8141e-18)
(0.720745 -0.0450127 -5.82868e-19)
(0.717925 -0.0419674 -1.89843e-18)
(0.715064 -0.0388694 -1.92024e-18)
(0.712183 -0.0357433 -2.67582e-18)
(0.697992 -0.0630897 -1.54509e-19)
(0.692024 -0.0639142 -2.9634e-19)
(0.689959 -0.063326 -4.981e-19)
(0.685497 -0.0632122 -9.27703e-19)
(0.682296 -0.0621788 -1.63604e-18)
(0.678251 -0.0611913 -3.6544e-18)
(0.674548 -0.0596378 -3.68697e-18)
(0.670527 -0.0579283 -4.35429e-18)
(0.666547 -0.0558426 -4.24395e-18)
(0.662422 -0.0535551 -3.98966e-18)
(0.658255 -0.0510094 -9.99818e-19)
(0.654008 -0.0482938 -2.56766e-18)
(0.649718 -0.0454144 -3.93297e-18)
(0.645393 -0.0424288 -7.75277e-18)
(0.641057 -0.0393638 -6.60629e-18)
(0.636732 -0.0362618 -6.65135e-18)
(0.632443 -0.0331511 -4.13077e-18)
(0.636217 -0.0602222 -5.03811e-20)
(0.627966 -0.0609683 -2.31443e-19)
(0.625104 -0.0602784 3.99294e-19)
(0.618991 -0.0600965 -1.26282e-18)
(0.614576 -0.0590078 2.32034e-19)
(0.609076 -0.0579449 -3.74455e-18)
(0.604045 -0.0563458 -1.74009e-18)
(0.598649 -0.0545695 -4.3918e-18)
(0.593348 -0.0524402 -1.71294e-18)
(0.587915 -0.0501025 -4.38065e-18)
(0.582486 -0.0475244 -5.81118e-19)
(0.577017 -0.0447815 -5.19251e-18)
(0.571555 -0.0418916 -2.10013e-18)
(0.566108 -0.038908 -7.35814e-18)
(0.560704 -0.0358628 -2.28076e-18)
(0.555365 -0.0327979 -6.14712e-18)
(0.550116 -0.0297439 8.20489e-19)
(0.568645 -0.0565006 2.57645e-19)
(0.558504 -0.0571779 8.51607e-19)
(0.554994 -0.0563707 1.28622e-18)
(0.547622 -0.0561123 1.06767e-18)
(0.542247 -0.0549839 1.15875e-18)
(0.535688 -0.0538461 -1.56867e-18)
(0.529669 -0.052223 -5.74462e-19)
(0.523303 -0.050397 -1.20187e-18)
(0.517072 -0.048251 -2.97487e-20)
(0.510751 -0.0458918 3.77459e-19)
(0.50448 -0.0433139 5.08415e-18)
(0.498217 -0.0405789 3.08879e-18)
(0.492012 -0.0377149 3.03783e-18)
(0.485873 -0.0347706 -2.84623e-18)
(0.479825 -0.031782 -3.47202e-19)
(0.47389 -0.0287893 -1.33321e-18)
(0.468088 -0.025825 1.61378e-18)
(0.497442 -0.0520899 1.46485e-20)
(0.485865 -0.052752 -1.07903e-20)
(0.481874 -0.0518189 9.24082e-19)
(0.473667 -0.0514985 -7.1651e-19)
(0.467604 -0.0503574 1.46891e-18)
(0.460389 -0.049162 -2.46757e-18)
(0.453725 -0.0475423 -1.8714e-19)
(0.446783 -0.0456947 -2.86996e-18)
(0.439997 -0.0435617 -7.40086e-20)
(0.433181 -0.0412143 -3.50349e-18)
(0.426451 -0.0386697 1.24335e-19)
(0.41978 -0.0359773 -4.21519e-18)
(0.413211 -0.0331729 -6.04269e-20)
(0.40675 -0.030301 -4.80281e-18)
(0.400423 -0.0273997 3.73295e-19)
(0.394245 -0.0245077 -4.25485e-18)
(0.388233 -0.0216582 2.48551e-18)
(0.424433 -0.0471638 -1.36716e-20)
(0.41185 -0.0479001 3.652e-20)
(0.407553 -0.0468416 2.97452e-19)
(0.398898 -0.0464891 3.04e-20)
(0.39241 -0.0453688 1.20773e-18)
(0.384898 -0.0441447 2.37283e-18)
(0.377905 -0.0425566 3.39663e-18)
(0.370729 -0.0407204 3.03378e-18)
(0.36372 -0.0386289 4.08101e-18)
(0.356739 -0.0363258 2.2485e-18)
(0.349877 -0.0338441 -6.42792e-19)
(0.343118 -0.0312249 -1.1473e-18)
(0.336495 -0.0285082 1.59446e-18)
(0.330017 -0.0257355 5.59696e-18)
(0.323704 -0.0229455 6.99906e-18)
(0.317567 -0.0201754 5.76717e-18)
(0.31162 -0.0174579 6.86804e-18)
(0.351051 -0.0418772 -1.99345e-19)
(0.337803 -0.0428033 -3.31033e-19)
(0.333365 -0.0416373 7.20842e-19)
(0.324582 -0.041293 -9.40952e-19)
(0.317904 -0.0402294 1.95607e-18)
)
;

boundaryField
{
    inlet
    {
        type            uniformFixedValue;
        uniformValue    constant (1 0 0);
        value           nonuniform 0();
    }
    outlet
    {
        type            pressureInletOutletVelocity;
        value           nonuniform List<vector> 
11
(
(0.856018 -0.0638648 1.59975e-20)
(0.846919 -0.0652054 1.84565e-19)
(0.826985 -0.0658778 -1.05935e-19)
(0.795144 -0.0658679 -1.18841e-19)
(0.751669 -0.0649812 -2.61742e-19)
(0.697992 -0.0630897 -1.54509e-19)
(0.636217 -0.0602222 -5.03811e-20)
(0.568645 -0.0565006 2.57645e-19)
(0.497442 -0.0520899 1.46485e-20)
(0.424433 -0.0471638 -1.36716e-20)
(0.351051 -0.0418772 -1.99345e-19)
)
;
    }
    polygon
    {
        type            fixedValue;
        value           nonuniform 0();
    }
    top
    {
        type            symmetryPlane;
    }
    bottom
    {
        type            symmetryPlane;
    }
    outside
    {
        type            zeroGradient;
    }
    procBoundary63to55
    {
        type            processor;
        value           nonuniform List<vector> 
18
(
(0.31039 -0.0390127 -1.30026e-18)
(0.303338 -0.0374822 9.13254e-19)
(0.296206 -0.0356907 -1.91824e-18)
(0.289246 -0.033666 8.03357e-19)
(0.282367 -0.0314361 -3.56779e-18)
(0.275633 -0.029042 -1.28518e-18)
(0.269037 -0.0265209 -5.08519e-18)
(0.262605 -0.0239141 -7.3847e-21)
(0.256346 -0.021261 -2.81496e-18)
(0.250274 -0.0185999 2.1016e-18)
(0.244397 -0.0159664 -3.16545e-18)
(0.238727 -0.0133925 2.62796e-18)
(0.278369 -0.0363525 -2.9069e-20)
(0.264685 -0.0375892 -9.59279e-20)
(0.260243 -0.0363695 7.98859e-22)
(0.251564 -0.0360839 -1.94882e-20)
(0.31039 -0.0390127 -1.30026e-18)
(0.244904 -0.0351112 8.09516e-19)
)
;
    }
    procBoundary63to62
    {
        type            processor;
        value           nonuniform List<vector> 10((0.917981 -0.0287928 5.89801e-19) (0.893905 -0.0332313 1.11187e-18) (0.847724 -0.0340557 -3.81052e-18) (0.784212 -0.0340716 -2.24295e-18) (0.709309 -0.0326174 -5.01631e-18) (0.628219 -0.0300612 6.55549e-20) (0.544984 -0.0267309 8.14783e-19) (0.462443 -0.022919 2.18152e-18) (0.382405 -0.0188803 1.17539e-18) (0.305873 -0.0148218 1.70991e-18));
    }
}


// ************************************************************************* //
