/*--------------------------------*- C++ -*----------------------------------*\
  =========                 |
  \\      /  F ield         | OpenFOAM: The Open Source CFD Toolbox
   \\    /   O peration     | Website:  https://openfoam.org
    \\  /    A nd           | Version:  7
     \\/     M anipulation  |
\*---------------------------------------------------------------------------*/
FoamFile
{
    version     2.0;
    format      ascii;
    class       volVectorField;
    location    "16";
    object      U;
}
// * * * * * * * * * * * * * * * * * * * * * * * * * * * * * * * * * * * * * //

dimensions      [0 1 -1 0 0 0 0];

internalField   nonuniform List<vector> 
125
(
(0.950077 0.0571383 -4.06812e-19)
(0.946519 0.0589366 -7.85193e-19)
(0.942764 0.0608599 -3.26207e-18)
(0.938932 0.062871 -4.87311e-18)
(0.93494 0.0649719 -1.78273e-18)
(0.930848 0.067139 -6.17019e-18)
(0.984185 0.0464154 3.78092e-19)
(0.979787 0.0474637 4.34774e-19)
(0.978648 0.047955 8.42987e-19)
(0.975114 0.0490213 1.77653e-19)
(0.973136 0.0498435 8.9987e-19)
(0.969915 0.0509812 -7.10915e-19)
(0.967409 0.0520622 7.43279e-20)
(0.964233 0.0533524 4.43583e-19)
(0.96135 0.0546929 7.27239e-19)
(0.958075 0.0562105 2.14835e-18)
(0.954882 0.0578293 3.11495e-18)
(0.951433 0.0596061 2.8151e-19)
(0.947961 0.0614905 2.75627e-18)
(0.944299 0.0635014 -2.71032e-18)
(0.940565 0.0655992 -8.32874e-19)
(0.936677 0.0677868 -7.27154e-19)
(0.932692 0.0700402 -1.04913e-18)
(0.984107 0.0480633 3.59624e-19)
(0.979929 0.0491718 4.15116e-19)
(0.978822 0.0497006 7.96672e-19)
(0.975435 0.0508384 1.57123e-19)
(0.973505 0.0517163 7.60082e-19)
(0.970389 0.0529292 -1.12433e-18)
(0.967935 0.0540765 -1.20589e-18)
(0.96484 0.0554448 1.19856e-19)
(0.962013 0.0568598 -7.90602e-19)
(0.958811 0.058459 2.56047e-18)
(0.95568 0.0601581 3.09176e-18)
(0.952304 0.062019 2.76871e-19)
(0.948903 0.0639865 2.56687e-18)
(0.945321 0.0660818 -3.53407e-18)
(0.941666 0.0682627 -3.68177e-18)
(0.937866 0.0705336 -8.52219e-19)
(0.933972 0.0728695 -3.85015e-18)
(0.983709 0.0496276 2.24537e-19)
(0.979758 0.0508076 2.60121e-19)
(0.978673 0.0513796 5.81582e-19)
(0.97543 0.0525998 1.84853e-19)
(0.973534 0.0535383 7.59221e-19)
(0.970514 0.0548336 -3.7796e-19)
(0.968098 0.0560499 5.48805e-20)
(0.965074 0.0574997 2.2897e-19)
(0.962288 0.0589895 4.97791e-19)
(0.959147 0.0606707 1.30636e-18)
(0.956063 0.0624487 2.41711e-18)
(0.952747 0.0643921 4.18017e-19)
(0.9494 0.0664404 2.43245e-18)
(0.945882 0.0686175 -1.27389e-18)
(0.942291 0.0708789 1.25747e-19)
(0.93856 0.0732303 1.28683e-19)
(0.934737 0.0756457 2.43783e-19)
(0.983072 0.0511019 -1.44141e-19)
(0.979364 0.0523668 -1.84304e-19)
(0.978287 0.0529881 -4.77159e-19)
(0.975189 0.0543051 -1.80156e-19)
(0.97331 0.055309 -7.20399e-19)
(0.97038 0.0566949 1.70699e-19)
(0.967987 0.0579822 -1.83213e-19)
(0.965024 0.0595167 -2.01866e-19)
(0.962266 0.0610813 -4.46846e-19)
(0.959173 0.0628445 -9.80182e-19)
(0.956123 0.0646999 -2.26025e-18)
(0.952853 0.066724 -5.62253e-19)
(0.949546 0.0688504 -2.61893e-18)
(0.946076 0.0711066 6.40899e-19)
(0.942532 0.0734453 -3.28805e-19)
(0.938853 0.075874 4.78807e-20)
(0.935084 0.0783656 2.83497e-19)
(0.982296 0.0524472 -9.90528e-21)
(0.978854 0.0538137 -1.03045e-20)
(0.977767 0.0544914 -4.53276e-20)
(0.974821 0.0559237 -5.44348e-21)
(0.97294 0.0569948 -1.10609e-19)
(0.970095 0.0584783 3.16585e-20)
(0.96771 0.0598365 -6.44549e-20)
(0.964799 0.0614568 -4.47297e-20)
(0.962057 0.0630948 -8.2102e-20)
(0.959002 0.0649382 -1.05541e-19)
(0.955974 0.0668682 -1.13551e-19)
(0.952737 0.0689698 2.04586e-20)
(0.949457 0.071171 -5.42585e-19)
(0.94602 0.0735028 -1.00876e-19)
(0.942508 0.0759154 -6.6514e-19)
(0.938866 0.0784179 -1.03711e-18)
(0.935133 0.0809823 -1.96728e-18)
(0.98147 0.0536836 6.29926e-20)
(0.978363 0.0552321 1.75774e-19)
(0.97723 0.0559747 8.7699e-20)
(0.974444 0.0575524 3.42726e-19)
(0.97254 0.058695 -1.23496e-19)
(0.969773 0.0602865 2.42014e-20)
(0.967384 0.0617201 -4.06496e-20)
(0.964516 0.0634314 -1.54821e-20)
(0.961781 0.0651466 2.51547e-20)
(0.958754 0.0670742 1.95629e-19)
(0.955738 0.0690829 5.88671e-19)
(0.952523 0.0712662 1.50754e-18)
(0.94926 0.0735466 -6.76693e-19)
(0.945845 0.075959 -2.35373e-19)
(0.942353 0.0784509 -4.83408e-19)
(0.938733 0.0810331 -6.80199e-19)
(0.935023 0.0836763 -8.53417e-19)
(0.980734 0.0550807 -5.68503e-20)
(0.978055 0.0570225 -1.3157e-19)
(0.976831 0.0578827 -1.2927e-19)
(0.974179 0.0596563 -2.9215e-19)
(0.972246 0.0609225 5.41578e-20)
(0.969534 0.062652 -8.15822e-20)
(0.967141 0.0642014 -1.0659e-19)
(0.9643 0.0660291 -1.85036e-19)
(0.961567 0.0678527 -3.50483e-19)
(0.958557 0.0698869 -5.37246e-19)
(0.955548 0.0719983 -1.0285e-18)
(0.952346 0.0742824 -1.94567e-18)
(0.949091 0.0766613 4.27468e-19)
(0.945688 0.0791704 -5.39705e-19)
(0.942206 0.0817569 -3.2225e-19)
(0.938598 0.0844318 -7.37977e-19)
(0.934899 0.0871659 -1.16435e-18)
)
;

boundaryField
{
    inlet
    {
        type            uniformFixedValue;
        uniformValue    constant (1 0 0);
        value           nonuniform 0();
    }
    outlet
    {
        type            pressureInletOutletVelocity;
        value           nonuniform List<vector> 7((0.984185 0.0464154 3.78092e-19) (0.984107 0.0480633 3.59624e-19) (0.983709 0.0496276 2.24537e-19) (0.983072 0.0511019 -1.44141e-19) (0.982296 0.0524472 -9.90528e-21) (0.98147 0.0536836 6.29926e-20) (0.980734 0.0550807 -5.68503e-20));
    }
    polygon
    {
        type            fixedValue;
        value           nonuniform 0();
    }
    top
    {
        type            symmetryPlane;
    }
    bottom
    {
        type            symmetryPlane;
    }
    outside
    {
        type            zeroGradient;
    }
    procBoundary7to6
    {
        type            processor;
        value           nonuniform List<vector> 7((0.928572 0.0723646 6.02081e-19) (0.929948 0.0752769 1.7926e-18) (0.930791 0.0781329 1.26458e-18) (0.931195 0.080929 1.27058e-18) (0.931284 0.0836182 -3.8922e-18) (0.931198 0.0863911 -1.10018e-18) (0.931087 0.0899697 -1.96965e-18));
    }
    procBoundary7to14
    {
        type            processor;
        value           uniform (0.926612 0.0693766 -1.19117e-18);
    }
    procBoundary7to15
    {
        type            processor;
        value           nonuniform List<vector> 
18
(
(0.948217 0.054605 3.8005e-19)
(0.944562 0.0563135 2.97774e-18)
(0.9407 0.0581455 -2.47599e-18)
(0.936759 0.0600658 -5.59357e-19)
(0.932649 0.0620758 -7.75068e-19)
(0.928434 0.0641525 -9.17764e-19)
(0.983888 0.0446828 1.82974e-19)
(0.979271 0.0456769 2.00126e-19)
(0.978093 0.0461359 1.75373e-19)
(0.974406 0.0471381 -1.15252e-19)
(0.972368 0.0479092 -1.73099e-19)
(0.969034 0.0489772 -1.00164e-18)
(0.966462 0.0499944 -1.5549e-18)
(0.963193 0.0512091 -5.98216e-20)
(0.96024 0.0524753 -1.49842e-18)
(0.956881 0.0539112 1.46072e-18)
(0.953613 0.0554477 2.4614e-19)
(0.953613 0.0554477 2.4614e-19)
)
;
    }
}


// ************************************************************************* //
