/*--------------------------------*- C++ -*----------------------------------*\
  =========                 |
  \\      /  F ield         | OpenFOAM: The Open Source CFD Toolbox
   \\    /   O peration     | Website:  https://openfoam.org
    \\  /    A nd           | Version:  7
     \\/     M anipulation  |
\*---------------------------------------------------------------------------*/
FoamFile
{
    version     2.0;
    format      ascii;
    class       volVectorField;
    location    "42";
    object      U;
}
// * * * * * * * * * * * * * * * * * * * * * * * * * * * * * * * * * * * * * //

dimensions      [0 1 -1 0 0 0 0];

internalField   nonuniform List<vector> 
175
(
(1.29013 0.183568 -1.07139e-18)
(1.28837 0.195176 2.09287e-18)
(1.28566 0.200294 3.39326e-18)
(1.28341 0.210029 7.21778e-19)
(1.28181 0.217943 -8.61046e-19)
(1.2809 0.227635 1.49354e-18)
(1.28087 0.237075 2.55649e-18)
(1.28177 0.247354 -2.32041e-19)
(1.29154 0.184549 6.99125e-19)
(1.2899 0.195953 2.16704e-18)
(1.28726 0.201009 3.11256e-18)
(1.28514 0.210653 6.91156e-19)
(1.28363 0.218475 -7.64533e-19)
(1.28285 0.228079 2.64729e-20)
(1.28294 0.237406 2.27862e-18)
(1.28399 0.247561 -1.70832e-18)
(1.29289 0.185494 7.88754e-19)
(1.2914 0.196699 2.24113e-18)
(1.28882 0.201696 2.83918e-18)
(1.28683 0.211246 4.85444e-19)
(1.28541 0.218977 -2.12385e-18)
(1.28476 0.228489 6.53384e-20)
(1.28498 0.237699 6.10664e-19)
(1.28618 0.247726 7.47013e-20)
(1.29421 0.186402 2.43703e-18)
(1.29288 0.197413 2.06036e-18)
(1.29035 0.202357 2.65814e-18)
(1.28849 0.211809 1.77735e-18)
(1.28717 0.21945 -4.3587e-19)
(1.28664 0.228866 1.36229e-19)
(1.28698 0.237958 5.17488e-19)
(1.28833 0.247851 1.79014e-19)
(1.29549 0.187272 2.3271e-18)
(1.29433 0.198096 1.90161e-18)
(1.29186 0.202991 3.98287e-18)
(1.29013 0.212343 1.53775e-18)
(1.28889 0.219894 -4.57235e-19)
(1.28849 0.229211 1.88901e-19)
(1.28894 0.238182 3.66681e-19)
(1.29043 0.247939 -1.56243e-18)
(1.29673 0.188103 2.21063e-18)
(1.29576 0.198746 1.80482e-18)
(1.29334 0.203598 3.73344e-18)
(1.29175 0.212847 1.36918e-18)
(1.29059 0.220311 -4.68848e-19)
(1.29031 0.229526 2.2453e-19)
(1.29087 0.238376 -1.45327e-18)
(1.29249 0.247992 -1.57853e-18)
(1.29794 0.188896 2.0466e-18)
(1.29716 0.199364 1.84765e-18)
(1.29478 0.204179 3.42658e-18)
(1.29334 0.213322 1.22755e-18)
(1.29226 0.220701 -5.6304e-19)
(1.29211 0.229811 -1.60575e-18)
(1.29277 0.238538 -1.34218e-18)
(1.29452 0.248011 -1.53801e-18)
(1.29912 0.189649 1.89293e-18)
(1.29854 0.199949 1.81217e-18)
(1.29621 0.204735 3.07594e-18)
(1.29491 0.21377 -6.09272e-19)
(1.2939 0.221065 -6.29228e-19)
(1.29387 0.230067 -1.56175e-18)
(1.29463 0.238672 -1.36312e-18)
(1.29651 0.247998 -1.39825e-18)
(1.30026 0.190361 1.65981e-18)
(1.29991 0.200501 2.19736e-19)
(1.2976 0.205266 2.78666e-18)
(1.29645 0.21419 -4.9075e-19)
(1.29551 0.221404 1.02912e-18)
(1.2956 0.230296 -1.52793e-18)
(1.29646 0.238776 -1.22299e-18)
(1.29845 0.247954 -1.22054e-18)
(1.30137 0.191032 3.33021e-18)
(1.30126 0.201023 -1.4667e-18)
(1.29896 0.205777 2.50059e-18)
(1.29797 0.214589 -4.55309e-19)
(1.29709 0.221728 -7.99855e-19)
(1.29729 0.230508 -3.1571e-18)
(1.29824 0.238867 -1.1555e-18)
(1.30034 0.247893 -1.04463e-18)
(1.35596 0.209084 -4.27461e-20)
(1.35485 0.208784 2.19483e-19)
(1.3534 0.20838 -4.27477e-19)
(1.35154 0.207856 -3.96124e-20)
(1.34922 0.20719 2.76762e-19)
(1.34639 0.20636 -1.23077e-19)
(1.34298 0.205338 -6.6753e-20)
(1.33892 0.204091 5.76024e-19)
(1.33413 0.202581 7.30332e-19)
(1.3285 0.200763 5.32183e-19)
(1.32191 0.198601 6.34815e-19)
(1.31429 0.196082 1.20936e-18)
(1.30592 0.193172 1.92683e-18)
(1.35619 0.210222 -4.88228e-19)
(1.3551 0.210264 4.86207e-19)
(1.35365 0.21025 -3.56092e-20)
(1.3518 0.21017 7.22022e-21)
(1.34949 0.210011 -8.73001e-20)
(1.34667 0.209755 -4.24248e-19)
(1.34327 0.209382 -3.05567e-21)
(1.33922 0.208861 1.2122e-19)
(1.33444 0.208154 2.52561e-20)
(1.32885 0.207216 -5.50263e-19)
(1.32236 0.206007 3.19816e-19)
(1.31495 0.204497 -6.59285e-19)
(1.30666 0.202586 -3.51812e-19)
(1.35627 0.210733 5.34741e-20)
(1.35519 0.210983 6.46382e-19)
(1.35374 0.211203 -5.44758e-20)
(1.35187 0.211385 -3.21647e-19)
(1.34953 0.211519 -2.67324e-19)
(1.34665 0.211592 1.44771e-19)
(1.34316 0.211585 -3.99242e-19)
(1.33899 0.211468 4.0371e-19)
(1.33406 0.211203 1.00799e-18)
(1.32825 0.210742 -1.09383e-19)
(1.32144 0.210031 1.52549e-18)
(1.31354 0.208961 1.56865e-18)
(1.30453 0.20728 1.82315e-18)
(1.35629 0.211399 -1.01619e-20)
(1.35532 0.21192 2.25341e-20)
(1.35393 0.212439 -2.82925e-19)
(1.3521 0.212957 -5.67963e-19)
(1.34977 0.21347 -6.69347e-19)
(1.34689 0.213974 3.82309e-19)
(1.34339 0.214458 3.86764e-19)
(1.33919 0.214904 -2.96678e-19)
(1.33421 0.215285 -3.59707e-20)
(1.32835 0.215572 2.05485e-19)
(1.32148 0.215732 -2.08131e-19)
(1.31344 0.215694 -4.22809e-19)
(1.3041 0.215265 -3.74438e-19)
(1.35593 0.211877 4.25011e-19)
(1.35524 0.212697 2.16851e-19)
(1.35407 0.213533 -4.88989e-19)
(1.35238 0.214391 -1.36818e-21)
(1.35014 0.215276 -1.42423e-19)
(1.34731 0.216191 3.95282e-19)
(1.34382 0.217131 -8.00812e-20)
(1.33961 0.218085 6.24031e-19)
(1.33457 0.219033 -5.8031e-19)
(1.32862 0.219946 -3.02682e-19)
(1.3216 0.220789 -8.14567e-19)
(1.31331 0.221497 -1.40032e-18)
(1.30351 0.221892 -7.95304e-19)
(1.35434 0.212018 2.49312e-19)
(1.35438 0.213233 2.34389e-19)
(1.35375 0.214464 -2.56065e-20)
(1.35247 0.215729 1.69673e-19)
(1.35054 0.217044 2.18651e-19)
(1.34792 0.218424 -4.60264e-19)
(1.34458 0.219879 -3.3083e-20)
(1.34046 0.22141 -8.62484e-19)
(1.33549 0.223018 -7.45314e-19)
(1.32957 0.224692 -3.7611e-19)
(1.32255 0.22642 -1.35454e-18)
(1.3142 0.228175 -1.39928e-18)
(1.30416 0.229845 -2.21048e-18)
(1.34962 0.211355 -6.9685e-20)
(1.3512 0.213129 1.46176e-20)
(1.35183 0.214896 -1.70556e-19)
(1.35153 0.216683 6.89434e-19)
(1.35035 0.218517 -2.81666e-19)
(1.3483 0.220426 1.55037e-19)
(1.34537 0.222434 5.98982e-19)
(1.34154 0.224558 -2.15556e-19)
(1.33676 0.226817 -2.5865e-19)
(1.33096 0.229228 -6.36174e-19)
(1.32403 0.231805 -1.26653e-18)
(1.31568 0.234557 -4.51388e-19)
(1.30546 0.237422 -9.87149e-19)
(1.338 0.209083 -8.08563e-20)
(1.34256 0.211689 -4.5954e-19)
(1.34572 0.214247 3.37887e-19)
(1.34753 0.216787 2.20682e-19)
)
;

boundaryField
{
    inlet
    {
        type            uniformFixedValue;
        uniformValue    constant (1 0 0);
        value           nonuniform 0();
    }
    outlet
    {
        type            pressureInletOutletVelocity;
        value           nonuniform 0();
    }
    polygon
    {
        type            fixedValue;
        value           nonuniform 0();
    }
    top
    {
        type            symmetryPlane;
    }
    bottom
    {
        type            symmetryPlane;
    }
    outside
    {
        type            zeroGradient;
    }
    procBoundary58to49
    {
        type            processor;
        value           nonuniform List<vector> 3((1.27877 0.227119 1.39645e-18) (1.27862 0.236681 2.87346e-18) (1.27941 0.247091 -3.28652e-19));
    }
    procBoundary58to50
    {
        type            processor;
        value           nonuniform List<vector> 
25
(
(1.28386 0.257867 1.30542e-18)
(1.28623 0.257914 1.40676e-18)
(1.2886 0.257912 -3.69172e-19)
(1.2909 0.257865 -1.53647e-19)
(1.29315 0.257776 5.34741e-20)
(1.29535 0.257648 -1.84163e-18)
(1.29751 0.257482 -1.74523e-18)
(1.29961 0.25728 -1.73815e-18)
(1.30165 0.257044 4.06828e-19)
(1.30363 0.256787 3.45017e-19)
(1.30795 0.245492 -1.11736e-18)
(1.34807 0.219343 -3.15169e-19)
(1.34738 0.221955 -2.84469e-19)
(1.34549 0.224663 -5.08289e-20)
(1.34244 0.227503 -2.20528e-19)
(1.33824 0.230514 -4.86363e-19)
(1.33286 0.23376 -7.10972e-19)
(1.32625 0.23731 -5.01908e-19)
(1.31815 0.241221 -3.72728e-19)
(1.30795 0.245492 -1.11736e-18)
(1.31303 0.203902 1.25134e-19)
(1.32267 0.207699 -1.70213e-19)
(1.3304 0.21141 -2.82221e-19)
(1.34807 0.219343 -3.15169e-19)
(1.33623 0.215056 2.65891e-19)
)
;
    }
    procBoundary58to57
    {
        type            processor;
        value           nonuniform List<vector> 5((1.28851 0.182464 6.73544e-19) (1.28667 0.194297 2.1105e-18) (1.28384 0.199484 3.71459e-18) (1.2815 0.209317 8.04855e-19) (1.27978 0.217332 -1.08624e-18));
    }
    procBoundary58to59
    {
        type            processor;
        value           nonuniform List<vector> 8((1.35675 0.209294 3.03786e-19) (1.35696 0.210133 2.66903e-19) (1.35701 0.210456 -4.86425e-20) (1.35688 0.210874 -1.00724e-19) (1.35612 0.211061 -4.19689e-20) (1.35362 0.210801 3.35801e-20) (1.34703 0.209549 -3.38909e-19) (1.33198 0.206403 -1.62131e-19));
    }
}


// ************************************************************************* //
