/*--------------------------------*- C++ -*----------------------------------*\
  =========                 |
  \\      /  F ield         | OpenFOAM: The Open Source CFD Toolbox
   \\    /   O peration     | Website:  https://openfoam.org
    \\  /    A nd           | Version:  7
     \\/     M anipulation  |
\*---------------------------------------------------------------------------*/
FoamFile
{
    version     2.0;
    format      ascii;
    class       volVectorField;
    location    "62";
    object      U;
}
// * * * * * * * * * * * * * * * * * * * * * * * * * * * * * * * * * * * * * //

dimensions      [0 1 -1 0 0 0 0];

internalField   nonuniform List<vector> 
125
(
(-0.389266 0.00101025 2.2694e-19)
(-0.388685 0.00150939 -8.05927e-20)
(-0.387845 0.00208923 -2.5311e-19)
(-0.386715 0.00273438 -1.34932e-19)
(-0.385268 0.00342886 2.0936e-19)
(-0.383488 0.00415709 1.58289e-19)
(-0.381366 0.00490446 -2.29304e-20)
(-0.378896 0.00565759 1.54424e-19)
(-0.376081 0.00640439 2.09438e-18)
(-0.372927 0.00713403 1.31987e-18)
(-0.369446 0.00783679 1.00839e-18)
(-0.365653 0.00850404 -1.17912e-18)
(-0.361567 0.00912804 5.84188e-19)
(-0.401176 6.6355e-06 -5.02497e-20)
(-0.401164 9.13479e-05 1.91291e-19)
(-0.40108 0.000259554 1.95143e-19)
(-0.400876 0.00051666 2.5388e-20)
(-0.400501 0.00086123 2.42786e-19)
(-0.399904 0.00128597 -5.1939e-19)
(-0.399044 0.00177981 -2.65554e-19)
(-0.397886 0.00232986 -1.58621e-19)
(-0.396405 0.00292259 5.20165e-19)
(-0.39458 0.00354476 3.02463e-19)
(-0.392402 0.00418387 -2.29558e-19)
(-0.389866 0.00482844 1.28939e-18)
(-0.386971 0.00546807 1.00725e-18)
(-0.383726 0.00609341 1.84816e-18)
(-0.380141 0.00669612 2.02232e-18)
(-0.376231 0.00726872 -7.91593e-19)
(-0.372015 0.00780457 2.55108e-18)
(-0.410653 5.58235e-06 -3.89853e-20)
(-0.41064 7.56839e-05 2.07419e-19)
(-0.410552 0.000214253 2.90095e-20)
(-0.410343 0.00042564 4.78158e-20)
(-0.409959 0.000708778 -2.94768e-19)
(-0.409351 0.00105791 -5.88555e-19)
(-0.408475 0.00146418 -3.19585e-19)
(-0.407296 0.0019171 -1.53156e-19)
(-0.405786 0.00240564 -2.0285e-19)
(-0.403926 0.00291889 4.30146e-19)
(-0.401703 0.00344656 -5.22428e-19)
(-0.399111 0.00397912 8.74543e-19)
(-0.396152 0.00450796 3.98125e-19)
(-0.392831 0.00502531 2.38543e-19)
(-0.389158 0.00552422 -2.15196e-20)
(-0.385151 0.00599849 -1.40655e-18)
(-0.380827 0.00644258 2.03398e-18)
(-0.418297 4.4159e-06 -4.04384e-20)
(-0.418283 5.94269e-05 1.83527e-19)
(-0.418194 0.000167793 -1.82021e-19)
(-0.41798 0.000332856 4.76469e-20)
(-0.41759 0.00055386 -4.67397e-19)
(-0.416973 0.000826472 -1.83516e-19)
(-0.416086 0.00114391 -4.11186e-19)
(-0.414891 0.00149809 -1.4276e-19)
(-0.41336 0.00188043 -9.56818e-19)
(-0.411472 0.00228244 8.46258e-19)
(-0.409214 0.00269602 -1.14827e-18)
(-0.406579 0.00311373 1.26715e-18)
(-0.403568 0.00352875 -1.2948e-19)
(-0.400187 0.00393498 -1.39325e-18)
(-0.396445 0.00432695 -2.29562e-18)
(-0.392359 0.00469975 -2.83756e-18)
(-0.387948 0.00504903 -1.50325e-18)
(-0.424068 3.2019e-06 -5.91127e-20)
(-0.424054 4.27804e-05 7.87162e-20)
(-0.423963 0.000120533 -2.28382e-19)
(-0.423746 0.00023883 8.306e-20)
(-0.423352 0.000397176 -3.25542e-19)
(-0.42273 0.000592558 2.15647e-19)
(-0.421834 0.000820196 -7.35121e-19)
(-0.420628 0.00107435 -2.18578e-19)
(-0.419082 0.00134891 -6.50301e-19)
(-0.417174 0.00163777 1.58353e-19)
(-0.414891 0.00193514 -4.68259e-19)
(-0.412224 0.00223564 3.52214e-19)
(-0.409175 0.00253437 -1.2987e-18)
(-0.405748 0.00282691 -8.30333e-19)
(-0.401955 0.00310932 -2.20753e-18)
(-0.39781 0.00337804 -1.50577e-18)
(-0.393333 0.00362993 -6.47241e-19)
(-0.427934 1.91636e-06 -5.84682e-20)
(-0.42792 2.58141e-05 1.90824e-20)
(-0.427828 7.26922e-05 -1.09216e-19)
(-0.42761 0.000143958 1.93559e-19)
(-0.427214 0.00023933 -3.96092e-19)
(-0.426588 0.000357031 -7.95127e-20)
(-0.425687 0.000494218 -6.11687e-19)
(-0.424474 0.000647462 -3.26689e-19)
(-0.422919 0.000813088 -6.858e-19)
(-0.420998 0.000987431 -3.19023e-19)
(-0.418697 0.00116699 -1.70518e-19)
(-0.41601 0.00134852 -3.56195e-19)
(-0.412936 0.00152906 -6.22211e-19)
(-0.409479 0.00170592 -6.90355e-19)
(-0.405651 0.00187673 2.7635e-19)
(-0.401467 0.00203933 -4.69065e-19)
(-0.396947 0.0021918 -9.02941e-20)
(-0.429874 7.34659e-07 -4.78871e-20)
(-0.429859 9.04273e-06 -2.32304e-20)
(-0.429767 2.50999e-05 -3.66656e-20)
(-0.429548 4.93881e-05 -7.69593e-20)
(-0.429151 8.18374e-05 -1.47737e-19)
(-0.428523 0.000121878 -3.87596e-19)
(-0.427621 0.000168578 -8.94493e-19)
(-0.426405 0.000220799 -5.27975e-19)
(-0.424844 0.000277309 -1.10395e-18)
(-0.422917 0.000336875 -7.81192e-19)
(-0.420609 0.000398307 9.56842e-21)
(-0.417912 0.000460497 -1.3122e-18)
(-0.414825 0.000522428 -4.00621e-19)
(-0.411353 0.000583174 -7.73516e-19)
(-0.407508 0.000641905 -7.01516e-19)
(-0.403305 0.000697871 1.30827e-19)
(-0.398763 0.000750402 2.12867e-19)
(-0.429874 -7.29767e-07 -1.9266e-20)
(-0.429859 -8.9995e-06 -7.49525e-20)
(-0.429767 -2.50005e-05 1.25405e-20)
(-0.429548 -4.92239e-05 7.99218e-20)
(-0.429151 -8.16063e-05 -1.62526e-20)
(-0.428523 -0.000121582 -1.75264e-19)
(-0.427621 -0.000168218 -6.37651e-19)
(-0.426405 -0.000220377 3.61019e-19)
(-0.424844 -0.000276826 -6.22377e-19)
(-0.422917 -0.000336328 -1.42417e-18)
)
;

boundaryField
{
    inlet
    {
        type            uniformFixedValue;
        uniformValue    constant (1 0 0);
        value           nonuniform 0();
    }
    outlet
    {
        type            pressureInletOutletVelocity;
        value           nonuniform List<vector> 7((-0.401176 0 0) (-0.410653 0 0) (-0.418297 0 0) (-0.424068 0 0) (-0.427934 0 0) (-0.429874 0 0) (-0.429874 0 0));
    }
    polygon
    {
        type            fixedValue;
        value           nonuniform 0();
    }
    top
    {
        type            symmetryPlane;
    }
    bottom
    {
        type            symmetryPlane;
    }
    outside
    {
        type            zeroGradient;
    }
    procBoundary39to31
    {
        type            processor;
        value           nonuniform List<vector> 
18
(
(-0.420609 -0.000397694 3.27379e-19)
(-0.417912 -0.000459813 -6.80353e-19)
(-0.414825 -0.000521666 -6.36965e-20)
(-0.411353 -0.000582332 -1.32593e-18)
(-0.407508 -0.000640979 1.86538e-18)
(-0.403305 -0.000696862 9.72414e-19)
(-0.398763 -0.000749313 8.12256e-20)
(-0.427934 -1.91139e-06 -2.21207e-20)
(-0.42792 -2.57707e-05 -1.68436e-19)
(-0.427828 -7.25927e-05 9.36382e-20)
(-0.42761 -0.000143794 2.98185e-19)
(-0.427214 -0.0002391 5.15979e-20)
(-0.426588 -0.000356735 -1.86681e-19)
(-0.425687 -0.000493858 -7.25003e-19)
(-0.424474 -0.00064704 3.25446e-19)
(-0.422919 -0.000812605 -8.84141e-19)
(-0.420609 -0.000397694 3.27379e-19)
(-0.420998 -0.000986884 -8.95438e-19)
)
;
    }
    procBoundary39to38
    {
        type            processor;
        value           nonuniform List<vector> 7((-0.357209 0.00970197 8.85294e-19) (-0.367516 0.00829776 1.73494e-18) (-0.376209 0.00685159 -1.71338e-18) (-0.383235 0.0053709 -1.49184e-18) (-0.388549 0.00386218 -2.13104e-18) (-0.392114 0.00233246 -4.20022e-18) (-0.393906 0.000798899 -4.06539e-18));
    }
    procBoundary39to47
    {
        type            processor;
        value           nonuniform List<vector> 
18
(
(-0.376314 0.0011548 3.59326e-19)
(-0.375753 0.00172692 2.10068e-19)
(-0.374939 0.00239089 -3.81706e-19)
(-0.373842 0.00312878 -1.34266e-19)
(-0.372438 0.00392214 6.2357e-20)
(-0.370712 0.00475311 4.64415e-20)
(-0.368655 0.00560506 6.47945e-20)
(-0.366264 0.00646279 -6.48868e-19)
(-0.363542 0.00731262 1.81898e-18)
(-0.360496 0.00814229 1.17996e-18)
(-0.357137 0.00894086 1.05001e-19)
(-0.35348 0.00969854 -2.483e-18)
(-0.349543 0.0104066 -6.21249e-19)
(-0.389915 7.49208e-06 -2.24789e-20)
(-0.389904 0.000106128 1.52319e-19)
(-0.389826 0.000303183 1.20389e-19)
(-0.38963 0.000605183 -2.23934e-21)
(-0.38963 0.000605183 -2.23934e-21)
)
;
    }
}


// ************************************************************************* //
