/*--------------------------------*- C++ -*----------------------------------*\
  =========                 |
  \\      /  F ield         | OpenFOAM: The Open Source CFD Toolbox
   \\    /   O peration     | Website:  https://openfoam.org
    \\  /    A nd           | Version:  7
     \\/     M anipulation  |
\*---------------------------------------------------------------------------*/
FoamFile
{
    version     2.0;
    format      ascii;
    class       volVectorField;
    location    "18";
    object      U;
}
// * * * * * * * * * * * * * * * * * * * * * * * * * * * * * * * * * * * * * //

dimensions      [0 1 -1 0 0 0 0];

internalField   nonuniform List<vector> 
115
(
(1.48322 0.25381 -1.73965e-18)
(1.47079 0.248283 8.01021e-19)
(1.4589 0.24292 -1.92855e-18)
(1.44762 0.237795 4.01705e-19)
(1.43698 0.232943 -5.83578e-19)
(1.42697 0.228391 4.60893e-19)
(1.41756 0.224139 4.67641e-20)
(1.40867 0.220173 -9.758e-19)
(1.40022 0.216464 -2.92097e-19)
(1.39209 0.212968 -1.2667e-18)
(1.38414 0.209633 -1.72029e-18)
(1.37625 0.206399 -1.26511e-18)
(1.36825 0.203195 -2.39577e-18)
(1.35999 0.19995 -3.51349e-18)
(1.35128 0.196592 -4.04912e-18)
(1.3419 0.193046 -3.88747e-18)
(1.47855 0.266748 1.14303e-18)
(1.46636 0.260654 3.03693e-18)
(1.45474 0.254642 5.8224e-19)
(1.44375 0.248828 4.63233e-19)
(1.43342 0.243293 -9.00773e-19)
(1.42373 0.238096 -8.66658e-19)
(1.41465 0.233274 2.70774e-19)
(1.40608 0.228836 -1.90564e-19)
(1.39794 0.224778 4.10029e-19)
(1.3901 0.221073 2.20432e-19)
(1.38241 0.217683 -6.84674e-19)
(1.37474 0.214556 -1.70847e-18)
(1.36694 0.211625 -2.87919e-18)
(1.35884 0.208818 -3.45596e-18)
(1.35025 0.206065 -2.50699e-18)
(1.34096 0.203293 -3.65492e-18)
(1.47289 0.274276 -8.37773e-19)
(1.46112 0.267923 4.03643e-19)
(1.44986 0.261581 -1.03488e-18)
(1.43923 0.255392 2.10795e-19)
(1.42923 0.249464 -1.35515e-18)
(1.41988 0.243883 4.84377e-19)
(1.41113 0.238704 -4.9179e-19)
(1.40288 0.233958 6.28962e-19)
(1.39504 0.229651 6.48638e-19)
(1.38748 0.225773 -7.00799e-20)
(1.38004 0.222296 5.8761e-19)
(1.37258 0.219173 -2.68128e-18)
(1.36494 0.216344 -2.31896e-18)
(1.35696 0.213737 -1.73875e-18)
(1.34844 0.211287 -1.80628e-18)
(1.33912 0.208921 -2.7592e-18)
(1.46507 0.282764 2.38574e-18)
(1.4542 0.276094 -9.3171e-20)
(1.44371 0.269346 1.22573e-18)
(1.43371 0.262702 -1.342e-18)
(1.42429 0.256312 -1.55266e-18)
(1.41544 0.250291 1.35916e-18)
(1.40715 0.244723 2.80746e-19)
(1.39933 0.239659 -4.49234e-19)
(1.39188 0.235126 5.42445e-19)
(1.38469 0.231124 1.09713e-18)
(1.37758 0.227636 -2.94635e-20)
(1.37041 0.224626 -7.27282e-19)
(1.36302 0.222036 -1.535e-19)
(1.35524 0.2198 -1.71732e-18)
(1.34688 0.217857 -1.42317e-18)
(1.33767 0.216151 -1.48155e-18)
(1.45288 0.290011 -2.36983e-19)
(1.44393 0.283242 1.06963e-19)
(1.435 0.276258 -6.34266e-19)
(1.4263 0.269289 -2.07432e-18)
(1.41794 0.262529 -2.23746e-18)
(1.41 0.256135 2.54432e-18)
(1.40246 0.250222 -1.51687e-18)
(1.3953 0.244871 -2.79767e-19)
(1.38842 0.240129 -4.35716e-19)
(1.38172 0.236013 6.79143e-19)
(1.37505 0.232519 2.69803e-19)
(1.36826 0.229619 7.0391e-19)
(1.36119 0.227263 2.91826e-19)
(1.35368 0.225385 -2.90311e-19)
(1.34555 0.223923 -1.61684e-18)
(1.33653 0.222839 -9.61065e-19)
(1.43225 0.295267 -8.30577e-19)
(1.42695 0.288746 1.36899e-18)
(1.42108 0.281822 2.54192e-19)
(1.41491 0.274775 -1.75942e-19)
(1.40865 0.267848 -6.19517e-19)
(1.40242 0.261242 -5.04893e-19)
(1.39629 0.255115 -6.51852e-19)
(1.39028 0.249582 -3.28077e-19)
(1.38436 0.244716 -4.52114e-19)
(1.37845 0.240558 1.20264e-19)
(1.37244 0.237119 8.47264e-19)
(1.3662 0.234387 -6.29728e-19)
(1.35958 0.232325 1.30635e-19)
(1.35245 0.23087 -8.05504e-19)
(1.34465 0.229967 -2.30804e-19)
(1.33593 0.229604 1.08147e-18)
(1.39686 0.296898 -2.79748e-19)
(1.39769 0.291149 -3.54671e-18)
(1.39716 0.284773 -4.97886e-19)
(1.39558 0.278084 -1.539e-19)
(1.39318 0.271369 -6.7947e-20)
(1.39018 0.264877 2.58988e-19)
(1.38672 0.258809 1.13248e-18)
(1.38289 0.253318 9.77305e-20)
(1.37873 0.248511 -7.92106e-19)
(1.37423 0.244454 -1.20779e-19)
(1.36935 0.241184 -3.01866e-20)
(1.36401 0.238708 -4.17661e-19)
(1.35811 0.237006 1.28583e-19)
(1.35154 0.236026 -1.96233e-18)
(1.34422 0.235725 -2.29497e-18)
(1.33594 0.236122 -1.28008e-18)
(1.33844 0.292884 3.72289e-19)
(1.34826 0.288491 6.78436e-19)
(1.35597 0.283276 -7.60012e-19)
)
;

boundaryField
{
    inlet
    {
        type            uniformFixedValue;
        uniformValue    constant (1 0 0);
        value           nonuniform 0();
    }
    outlet
    {
        type            pressureInletOutletVelocity;
        value           nonuniform 0();
    }
    polygon
    {
        type            fixedValue;
        value           nonuniform 0();
    }
    top
    {
        type            symmetryPlane;
    }
    bottom
    {
        type            symmetryPlane;
    }
    outside
    {
        type            zeroGradient;
    }
    procBoundary58to49
    {
        type            processor;
        value           nonuniform List<vector> 2((1.32585 0.229767 2.17095e-18) (1.32621 0.237275 -8.0033e-19));
    }
    procBoundary58to50
    {
        type            processor;
        value           nonuniform List<vector> 
17
(
(1.36177 0.277553 1.24023e-18)
(1.36587 0.271628 -1.49669e-18)
(1.36849 0.265781 9.77097e-19)
(1.36982 0.260248 1.25456e-18)
(1.37 0.255219 -8.04646e-19)
(1.36914 0.250832 3.49854e-19)
(1.36732 0.247183 -1.27005e-18)
(1.36459 0.244333 -3.80807e-19)
(1.36094 0.242315 2.56182e-19)
(1.35633 0.241132 -4.29893e-19)
(1.35076 0.240753 -1.24198e-18)
(1.34423 0.241156 -1.23933e-18)
(1.33664 0.242401 -3.88342e-18)
(1.24874 0.281361 -1.38801e-18)
(1.26968 0.278681 2.10236e-19)
(1.36177 0.277553 1.24023e-18)
(1.2883 0.275144 6.79193e-19)
)
;
    }
    procBoundary58to51
    {
        type            processor;
        value           nonuniform List<vector> 2((1.39437 0.301694 -6.63117e-19) (1.32639 0.296155 -1.65605e-18));
    }
    procBoundary58to57
    {
        type            processor;
        value           nonuniform List<vector> 5((1.33172 0.189228 -7.53709e-18) (1.3308 0.200386 -8.2955e-18) (1.3288 0.206506 -5.49195e-18) (1.32734 0.214579 -3.81702e-18) (1.32625 0.222064 -2.46952e-18));
    }
    procBoundary58to59
    {
        type            processor;
        value           nonuniform List<vector> 6((1.49608 0.259422 1.60734e-18) (1.49117 0.272795 6.43065e-19) (1.48504 0.280476 9.93816e-19) (1.47611 0.289144 -1.07094e-18) (1.4616 0.296304 -3.70669e-19) (1.43668 0.301081 5.33323e-19));
    }
}


// ************************************************************************* //
